0.0
0.0
0.0
0.0
0.0
0.0
0.0
0.0
0.0
0.0
0.0
0.0
30.0
34.0
32.0
26.0
29.0
31.0
25.0
16.0
18.0
29.0
31.0
28.0
30.0
19.0
23.0
19.0
27.0
19.0
16.0
17.0
20.0
17.0
14.0
20.0
25.0
26.0
13.0
18.0
21.0
36.0
18.0
20.0
22.0
16.0
17.0
19.0
19.0
13.0
22.0
24.0
19.0
28.0
35.0
26.0
20.0
30.0
16.0
25.0
20.0
29.0
27.0
27.0
25.0
21.0
21.0
23.0
28.0
16.0
14.0
16.0
13.0
24.0
11.0
16.0
19.0
16.0
15.0
12.0
19.0
17.0
14.0
16.0
12.0
10.0
9.0
16.0
13.0
12.0
9.0
6.0
7.0
9.0
11.0
9.0
23.0
43.0
46.0
36.0
23.0
21.0
17.0
19.0
16.0
20.0
40.0
58.0
159.0
374.0
678.0
867.0
662.0
365.0
159.0
164.0
233.0
361.0
468.0
406.0
293.0
209.0
156.0
129.0
90.0
111.0
129.0
98.0
56.0
43.0
28.0
31.0
41.0
49.0
50.0
28.0
16.0
13.0
19.0
17.0
18.0
15.0
21.0
22.0
9.0
6.0
11.0
5.0
7.0
6.0
8.0
11.0
5.0
2.0
8.0
3.0
4.0
6.0
6.0
7.0
5.0
6.0
1.0
5.0
4.0
7.0
6.0
6.0
3.0
3.0
3.0
7.0
2.0
7.0
2.0
5.0
5.0
5.0
8.0
2.0
4.0
5.0
6.0
3.0
10.0
5.0
4.0
1.0
3.0
4.0
4.0
4.0
2.0
5.0
6.0
4.0
8.0
4.0
5.0
11.0
6.0
4.0
6.0
6.0
9.0
7.0
11.0
5.0
8.0
6.0
6.0
3.0
5.0
4.0
4.0
3.0
5.0
1.0
5.0
2.0
5.0
9.0
3.0
4.0
3.0
4.0
7.0
7.0
4.0
6.0
6.0
6.0
5.0
5.0
3.0
2.0
4.0
3.0
9.0
12.0
13.0
12.0
19.0
10.0
8.0
2.0
2.0
7.0
4.0
7.0
4.0
2.0
0.0
6.0
4.0
6.0
3.0
3.0
5.0
3.0
4.0
3.0
6.0
2.0
1.0
5.0
5.0
2.0
3.0
5.0
6.0
2.0
5.0
10.0
9.0
7.0
6.0
3.0
2.0
4.0
9.0
4.0
2.0
5.0
2.0
5.0
2.0
8.0
5.0
6.0
7.0
6.0
3.0
4.0
5.0
5.0
9.0
3.0
6.0
3.0
4.0
3.0
8.0
4.0
8.0
9.0
7.0
6.0
3.0
4.0
2.0
2.0
4.0
3.0
10.0
12.0
15.0
13.0
22.0
22.0
14.0
11.0
6.0
4.0
7.0
5.0
3.0
3.0
4.0
10.0
2.0
3.0
5.0
5.0
2.0
5.0
3.0
4.0
3.0
3.0
0.0
3.0
5.0
7.0
8.0
5.0
4.0
3.0
4.0
4.0
5.0
6.0
12.0
5.0
6.0
5.0
2.0
2.0
4.0
3.0
7.0
3.0
7.0
6.0
4.0
4.0
2.0
4.0
3.0
3.0
3.0
5.0
5.0
6.0
5.0
9.0
3.0
4.0
5.0
1.0
5.0
5.0
4.0
4.0
0.0
2.0
3.0
6.0
2.0
4.0
8.0
0.0
6.0
8.0
1.0
5.0
6.0
7.0
2.0
3.0
4.0
6.0
3.0
3.0
5.0
4.0
2.0
6.0
3.0
5.0
2.0
4.0
4.0
5.0
3.0
5.0
3.0
1.0
2.0
3.0
3.0
1.0
3.0
7.0
6.0
0.0
4.0
9.0
6.0
5.0
4.0
4.0
6.0
3.0
5.0
2.0
5.0
4.0
4.0
6.0
4.0
4.0
4.0
6.0
7.0
3.0
6.0
6.0
2.0
3.0
6.0
5.0
3.0
2.0
1.0
3.0
1.0
2.0
3.0
3.0
6.0
6.0
3.0
1.0
2.0
5.0
4.0
3.0
7.0
6.0
3.0
2.0
2.0
6.0
3.0
3.0
2.0
4.0
6.0
6.0
5.0
5.0
1.0
2.0
5.0
2.0
3.0
3.0
6.0
3.0
6.0
4.0
6.0
4.0
3.0
7.0
8.0
3.0
1.0
4.0
2.0
4.0
8.0
2.0
4.0
4.0
3.0
8.0
4.0
1.0
7.0
5.0
5.0
4.0
5.0
5.0
7.0
2.0
3.0
3.0
7.0
2.0
2.0
5.0
5.0
5.0
8.0
3.0
2.0
2.0
2.0
3.0
1.0
3.0
9.0
1.0
0.0
3.0
2.0
6.0
5.0
1.0
3.0
3.0
4.0
1.0
4.0
3.0
6.0
4.0
4.0
7.0
3.0
3.0
5.0
2.0
4.0
3.0
1.0
2.0
2.0
5.0
3.0
3.0
1.0
4.0
4.0
4.0
5.0
7.0
5.0
3.0
3.0
3.0
2.0
3.0
2.0
3.0
2.0
2.0
9.0
5.0
1.0
4.0
5.0
4.0
3.0
7.0
8.0
3.0
5.0
3.0
2.0
2.0
2.0
5.0
6.0
2.0
0.0
2.0
5.0
5.0
3.0
7.0
5.0
6.0
1.0
8.0
4.0
2.0
5.0
7.0
6.0
3.0
5.0
4.0
6.0
0.0
2.0
6.0
3.0
5.0
8.0
5.0
2.0
3.0
3.0
4.0
7.0
4.0
2.0
6.0
7.0
3.0
3.0
4.0
3.0
4.0
3.0
3.0
2.0
2.0
2.0
7.0
6.0
3.0
3.0
2.0
2.0
8.0
2.0
5.0
3.0
3.0
5.0
5.0
3.0
7.0
2.0
5.0
1.0
1.0
2.0
5.0
3.0
6.0
4.0
4.0
1.0
4.0
5.0
1.0
3.0
1.0
3.0
3.0
3.0
7.0
7.0
2.0
7.0
10.0
4.0
5.0
5.0
7.0
4.0
4.0
4.0
1.0
3.0
4.0
1.0
4.0
2.0
3.0
4.0
7.0
3.0
3.0
6.0
5.0
2.0
7.0
4.0
4.0
4.0
3.0
1.0
7.0
6.0
6.0
6.0
9.0
6.0
4.0
10.0
7.0
8.0
5.0
4.0
10.0
5.0
6.0
9.0
8.0
4.0
7.0
3.0
11.0
9.0
7.0
8.0
14.0
13.0
7.0
13.0
14.0
9.0
16.0
10.0
13.0
12.0
9.0
11.0
13.0
9.0
16.0
11.0
15.0
10.0
13.0
18.0
18.0
12.0
24.0
17.0
15.0
15.0
14.0
9.0
8.0
14.0
8.0
15.0
13.0
14.0
12.0
28.0
13.0
13.0
14.0
10.0
11.0
9.0
12.0
9.0
13.0
5.0
8.0
7.0
9.0
6.0
12.0
6.0
8.0
8.0
7.0
11.0
5.0
9.0
12.0
14.0
18.0
14.0
18.0
29.0
43.0
48.0
84.0
141.0
241.0
344.0
504.0
582.0
776.0
824.0
972.0
994.0
1108.0
1147.0
1279.0
1359.0
1397.0
1357.0
1249.0
1204.0
923.0
691.0
424.0
309.0
179.0
117.0
61.0
43.0
22.0
14.0
16.0
10.0
10.0
5.0
11.0
9.0
14.0
8.0
3.0
2.0
8.0
6.0
4.0
4.0
6.0
8.0
4.0
10.0
5.0
7.0
10.0
7.0
3.0
7.0
6.0
3.0
2.0
7.0
8.0
8.0
4.0
4.0
8.0
6.0
7.0
9.0
8.0
4.0
6.0
7.0
4.0
4.0
3.0
4.0
6.0
4.0
5.0
4.0
1.0
5.0
2.0
6.0
3.0
2.0
3.0
2.0
6.0
4.0
6.0
4.0
1.0
5.0
8.0
6.0
9.0
7.0
3.0
6.0
6.0
7.0
4.0
9.0
3.0
4.0
5.0
3.0
6.0
5.0
10.0
13.0
22.0
22.0
41.0
50.0
75.0
102.0
167.0
175.0
196.0
230.0
222.0
238.0
209.0
185.0
128.0
111.0
80.0
57.0
36.0
17.0
10.0
14.0
23.0
7.0
10.0
21.0
31.0
31.0
43.0
44.0
47.0
42.0
45.0
45.0
26.0
24.0
29.0
14.0
13.0
6.0
6.0
4.0
5.0
4.0
1.0
2.0
3.0
2.0
1.0
2.0
4.0
7.0
5.0
5.0
0.0
4.0
3.0
3.0
4.0
4.0
3.0
3.0
3.0
2.0
1.0
1.0
1.0
3.0
3.0
3.0
4.0
2.0
5.0
1.0
3.0
4.0
4.0
3.0
3.0
2.0
2.0
4.0
2.0
2.0
7.0
4.0
1.0
2.0
2.0
2.0
6.0
3.0
4.0
2.0
3.0
2.0
6.0
4.0
2.0
5.0
4.0
3.0
1.0
4.0
2.0
5.0
5.0
0.0
2.0
4.0
4.0
3.0
6.0
1.0
2.0
2.0
6.0
2.0
1.0
6.0
3.0
5.0
1.0
2.0
6.0
3.0
7.0
3.0
4.0
4.0
4.0
4.0
2.0
0.0
2.0
5.0
5.0
3.0
6.0
3.0
2.0
7.0
5.0
2.0
4.0
3.0
2.0
6.0
3.0
3.0
3.0
3.0
1.0
0.0
2.0
3.0
2.0
1.0
3.0
2.0
5.0
5.0
4.0
4.0
3.0
1.0
5.0
4.0
5.0
1.0
5.0
3.0
3.0
1.0
1.0
3.0
3.0
1.0
6.0
1.0
1.0
4.0
1.0
5.0
6.0
0.0
3.0
2.0
1.0
4.0
4.0
3.0
4.0
5.0
1.0
5.0
2.0
2.0
0.0
5.0
4.0
3.0
1.0
1.0
4.0
4.0
2.0
3.0
3.0
1.0
2.0
2.0
3.0
4.0
2.0
3.0
2.0
5.0
5.0
3.0
3.0
2.0
1.0
4.0
1.0
1.0
4.0
2.0
1.0
2.0
3.0
3.0
2.0
2.0
3.0
3.0
0.0
2.0
1.0
2.0
2.0
4.0
8.0
3.0
3.0
6.0
3.0
4.0
7.0
5.0
1.0
3.0
3.0
1.0
1.0
6.0
2.0
6.0
1.0
6.0
2.0
3.0
3.0
3.0
6.0
3.0
3.0
3.0
2.0
2.0
3.0
5.0
1.0
2.0
0.0
5.0
4.0
3.0
4.0
2.0
4.0
4.0
3.0
2.0
4.0
3.0
4.0
2.0
6.0
4.0
2.0
2.0
2.0
8.0
1.0
5.0
2.0
1.0
5.0
4.0
5.0
4.0
2.0
0.0
4.0
1.0
2.0
1.0
6.0
2.0
1.0
2.0
2.0
5.0
1.0
4.0
3.0
5.0
2.0
3.0
4.0
1.0
2.0
2.0
7.0
3.0
3.0
4.0
3.0
3.0
2.0
1.0
2.0
2.0
3.0
2.0
4.0
8.0
2.0
9.0
2.0
4.0
7.0
1.0
2.0
4.0
2.0
0.0
3.0
2.0
4.0
0.0
1.0
3.0
1.0
2.0
2.0
0.0
5.0
1.0
4.0
5.0
2.0
5.0
2.0
2.0
1.0
4.0
4.0
1.0
1.0
1.0
4.0
3.0
5.0
2.0
1.0
2.0
7.0
3.0
3.0
3.0
5.0
4.0
4.0
3.0
1.0
4.0
3.0
6.0
2.0
3.0
3.0
3.0
4.0
4.0
3.0
4.0
3.0
4.0
2.0
7.0
4.0
2.0
9.0
5.0
1.0
6.0
4.0
2.0
3.0
3.0
4.0
2.0
1.0
4.0
3.0
4.0
3.0
0.0
7.0
2.0
1.0
5.0
3.0
1.0
4.0
1.0
2.0
2.0
2.0
5.0
0.0
5.0
4.0
3.0
3.0
4.0
5.0
1.0
2.0
1.0
5.0
0.0
6.0
3.0
2.0
3.0
2.0
2.0
2.0
7.0
3.0
7.0
3.0
3.0
5.0
6.0
5.0
3.0
1.0
3.0
4.0
6.0
0.0
3.0
3.0
3.0
5.0
4.0
1.0
2.0
2.0
2.0
2.0
1.0
1.0
1.0
1.0
5.0
5.0
4.0
5.0
3.0
2.0
3.0
2.0
6.0
2.0
3.0
2.0
6.0
5.0
2.0
3.0
2.0
4.0
1.0
4.0
5.0
4.0
1.0
3.0
2.0
2.0
4.0
5.0
5.0
3.0
4.0
4.0
3.0
2.0
1.0
4.0
1.0
2.0
4.0
1.0
5.0
1.0
5.0
2.0
4.0
5.0
4.0
0.0
3.0
3.0
1.0
5.0
6.0
3.0
2.0
6.0
6.0
3.0
3.0
5.0
1.0
3.0
2.0
4.0
3.0
1.0
0.0
3.0
3.0
3.0
1.0
1.0
4.0
0.0
2.0
0.0
3.0
2.0
5.0
2.0
1.0
2.0
3.0
6.0
1.0
2.0
4.0
4.0
2.0
5.0
5.0
4.0
4.0
4.0
2.0
2.0
5.0
6.0
1.0
3.0
1.0
1.0
4.0
6.0
1.0
3.0
4.0
2.0
5.0
5.0
5.0
0.0
4.0
2.0
2.0
6.0
5.0
3.0
4.0
2.0
3.0
0.0
1.0
2.0
2.0
3.0
4.0
6.0
3.0
3.0
1.0
4.0
3.0
4.0
3.0
2.0
4.0
3.0
1.0
3.0
0.0
3.0
3.0
6.0
6.0
4.0
1.0
2.0
5.0
2.0
2.0
2.0
3.0
2.0
1.0
2.0
5.0
4.0
1.0
3.0
7.0
3.0
6.0
5.0
4.0
4.0
3.0
1.0
2.0
2.0
4.0
4.0
5.0
2.0
2.0
6.0
3.0
3.0
0.0
2.0
3.0
2.0
4.0
3.0
3.0
1.0
1.0
5.0
3.0
4.0
2.0
1.0
4.0
2.0
3.0
4.0
2.0
5.0
2.0
3.0
2.0
2.0
2.0
2.0
4.0
1.0
2.0
5.0
3.0
5.0
5.0
2.0
1.0
2.0
2.0
2.0
3.0
3.0
2.0
4.0
2.0
3.0
6.0
2.0
3.0
1.0
5.0
1.0
4.0
4.0
2.0
3.0
2.0
5.0
1.0
5.0
3.0
1.0
4.0
1.0
2.0
3.0
2.0
3.0
6.0
3.0
4.0
1.0
1.0
4.0
3.0
6.0
6.0
5.0
2.0
2.0
4.0
6.0
3.0
1.0
2.0
2.0
2.0
5.0
5.0
0.0
5.0
4.0
4.0
4.0
3.0
1.0
4.0
6.0
5.0
2.0
3.0
5.0
4.0
3.0
1.0
2.0
3.0
2.0
6.0
5.0
0.0
3.0
3.0
2.0
3.0
3.0
4.0
4.0
8.0
2.0
5.0
5.0
5.0
1.0
2.0
4.0
5.0
4.0
3.0
6.0
1.0
4.0
3.0
3.0
4.0
9.0
4.0
5.0
4.0
3.0
5.0
1.0
6.0
2.0
4.0
0.0
1.0
4.0
3.0
3.0
3.0
0.0
2.0
3.0
2.0
4.0
3.0
2.0
2.0
5.0
2.0
5.0
3.0
3.0
4.0
1.0
4.0
5.0
3.0
2.0
3.0
1.0
1.0
3.0
3.0
0.0
3.0
5.0
3.0
2.0
3.0
2.0
7.0
1.0
3.0
2.0
7.0
3.0
6.0
4.0
5.0
5.0
5.0
3.0
1.0
1.0
4.0
4.0
3.0
3.0
2.0
2.0
3.0
3.0
4.0
2.0
2.0
5.0
2.0
9.0
4.0
4.0
4.0
4.0
4.0
3.0
3.0
5.0
2.0
6.0
2.0
1.0
5.0
2.0
3.0
3.0
2.0
4.0
1.0
2.0
4.0
3.0
6.0
4.0
4.0
2.0
2.0
2.0
2.0
3.0
4.0
3.0
4.0
2.0
4.0
3.0
7.0
0.0
4.0
4.0
3.0
2.0
6.0
6.0
7.0
3.0
0.0
4.0
2.0
3.0
3.0
2.0
5.0
1.0
1.0
5.0
5.0
4.0
4.0
4.0
2.0
3.0
0.0
4.0
1.0
5.0
4.0
7.0
3.0
3.0
4.0
5.0
2.0
2.0
6.0
3.0
3.0
5.0
9.0
3.0
5.0
10.0
4.0
9.0
4.0
2.0
2.0
4.0
0.0
8.0
6.0
6.0
3.0
5.0
2.0
3.0
3.0
6.0
3.0
3.0
3.0
4.0
2.0
1.0
3.0
3.0
4.0
2.0
6.0
5.0
6.0
2.0
4.0
7.0
4.0
1.0
4.0
2.0
4.0
4.0
0.0
0.0
3.0
0.0
2.0
7.0
3.0
2.0
9.0
7.0
3.0
6.0
1.0
3.0
4.0
5.0
8.0
8.0
4.0
7.0
4.0
6.0
2.0
2.0
2.0
2.0
3.0
2.0
2.0
3.0
2.0
2.0
2.0
3.0
4.0
1.0
6.0
2.0
0.0
1.0
2.0
1.0
4.0
7.0
3.0
0.0
6.0
1.0
6.0
3.0
4.0
4.0
3.0
2.0
1.0
4.0
3.0
7.0
2.0
2.0
3.0
1.0
2.0
2.0
1.0
4.0
2.0
0.0
2.0
2.0
1.0
0.0
6.0
4.0
1.0
2.0
2.0
2.0
3.0
1.0
3.0
3.0
2.0
1.0
1.0
2.0
8.0
2.0
2.0
4.0
3.0
1.0
0.0
2.0
2.0
4.0
2.0
6.0
2.0
7.0
1.0
1.0
3.0
3.0
1.0
0.0
2.0
1.0
5.0
3.0
5.0
2.0
1.0
2.0
2.0
4.0
2.0
1.0
4.0
3.0
2.0
0.0
0.0
1.0
4.0
2.0
2.0
3.0
2.0
0.0
4.0
2.0
2.0
3.0
2.0
3.0
2.0
3.0
4.0
3.0
5.0
3.0
3.0
5.0
2.0
0.0
3.0
5.0
2.0
0.0
0.0
3.0
2.0
2.0
2.0
5.0
