0.0
0.0
0.0
0.0
0.0
0.0
0.0
0.0
0.0
0.0
0.0
0.0
105.0
123.0
109.0
113.0
108.0
103.0
113.0
124.0
85.0
104.0
96.0
97.0
95.0
89.0
86.0
96.0
82.0
91.0
89.0
61.0
84.0
83.0
101.0
90.0
87.0
91.0
81.0
86.0
76.0
79.0
79.0
80.0
62.0
81.0
87.0
78.0
110.0
93.0
78.0
83.0
93.0
105.0
139.0
140.0
90.0
100.0
106.0
80.0
105.0
103.0
119.0
130.0
103.0
81.0
101.0
83.0
86.0
89.0
90.0
88.0
70.0
89.0
75.0
69.0
63.0
53.0
61.0
59.0
54.0
58.0
39.0
60.0
64.0
58.0
54.0
56.0
50.0
37.0
41.0
45.0
54.0
55.0
52.0
77.0
122.0
188.0
186.0
158.0
102.0
93.0
105.0
99.0
107.0
143.0
170.0
269.0
719.0
1803.0
3150.0
3780.0
2957.0
1609.0
840.0
616.0
1024.0
1676.0
2227.0
2073.0
1499.0
1021.0
704.0
461.0
397.0
549.0
496.0
434.0
267.0
155.0
149.0
143.0
181.0
217.0
175.0
148.0
84.0
60.0
58.0
82.0
84.0
92.0
88.0
75.0
62.0
44.0
30.0
36.0
29.0
22.0
27.0
20.0
19.0
17.0
21.0
29.0
26.0
20.0
18.0
32.0
18.0
21.0
19.0
17.0
21.0
25.0
15.0
24.0
16.0
25.0
25.0
24.0
24.0
24.0
27.0
31.0
33.0
28.0
18.0
22.0
18.0
21.0
16.0
17.0
13.0
16.0
21.0
22.0
22.0
25.0
25.0
19.0
16.0
16.0
13.0
14.0
14.0
17.0
25.0
17.0
14.0
15.0
23.0
27.0
37.0
42.0
51.0
51.0
30.0
22.0
20.0
13.0
19.0
20.0
28.0
18.0
28.0
16.0
22.0
12.0
12.0
14.0
16.0
26.0
20.0
27.0
22.0
19.0
30.0
23.0
22.0
16.0
27.0
20.0
26.0
29.0
25.0
30.0
40.0
51.0
57.0
59.0
48.0
43.0
21.0
25.0
16.0
23.0
24.0
15.0
18.0
11.0
14.0
21.0
20.0
21.0
22.0
16.0
21.0
25.0
23.0
22.0
28.0
20.0
36.0
21.0
24.0
19.0
21.0
25.0
15.0
27.0
22.0
18.0
15.0
19.0
19.0
20.0
14.0
12.0
15.0
19.0
9.0
20.0
18.0
12.0
13.0
17.0
23.0
9.0
18.0
16.0
18.0
14.0
19.0
24.0
14.0
19.0
19.0
22.0
20.0
11.0
18.0
17.0
19.0
23.0
19.0
11.0
22.0
21.0
10.0
17.0
26.0
36.0
29.0
58.0
55.0
69.0
80.0
80.0
59.0
42.0
37.0
27.0
19.0
20.0
18.0
13.0
14.0
15.0
15.0
9.0
14.0
16.0
23.0
17.0
27.0
17.0
13.0
19.0
33.0
22.0
22.0
20.0
18.0
16.0
23.0
16.0
20.0
17.0
16.0
22.0
21.0
28.0
32.0
29.0
19.0
27.0
28.0
16.0
17.0
18.0
17.0
15.0
25.0
21.0
15.0
16.0
15.0
12.0
15.0
18.0
22.0
16.0
17.0
25.0
15.0
13.0
8.0
24.0
15.0
21.0
22.0
18.0
25.0
19.0
21.0
13.0
23.0
20.0
27.0
22.0
12.0
17.0
13.0
16.0
9.0
19.0
19.0
17.0
18.0
23.0
13.0
22.0
23.0
12.0
18.0
15.0
18.0
14.0
15.0
15.0
7.0
10.0
19.0
13.0
13.0
13.0
12.0
14.0
15.0
20.0
17.0
17.0
18.0
15.0
16.0
16.0
17.0
10.0
18.0
18.0
11.0
18.0
26.0
20.0
11.0
16.0
16.0
12.0
14.0
17.0
18.0
11.0
26.0
15.0
13.0
23.0
13.0
12.0
13.0
15.0
15.0
15.0
22.0
19.0
22.0
11.0
16.0
23.0
14.0
20.0
22.0
15.0
17.0
19.0
11.0
18.0
19.0
13.0
20.0
15.0
15.0
15.0
13.0
21.0
11.0
20.0
11.0
17.0
14.0
18.0
8.0
12.0
17.0
14.0
16.0
28.0
17.0
11.0
20.0
12.0
22.0
21.0
27.0
14.0
14.0
17.0
19.0
15.0
19.0
21.0
16.0
28.0
12.0
20.0
20.0
20.0
17.0
19.0
19.0
9.0
17.0
14.0
14.0
16.0
16.0
16.0
20.0
12.0
17.0
13.0
16.0
18.0
18.0
16.0
19.0
18.0
11.0
14.0
20.0
17.0
23.0
15.0
15.0
20.0
22.0
17.0
17.0
20.0
12.0
12.0
24.0
10.0
12.0
14.0
13.0
21.0
14.0
21.0
18.0
12.0
13.0
15.0
17.0
21.0
17.0
26.0
18.0
18.0
24.0
17.0
17.0
8.0
16.0
16.0
10.0
14.0
20.0
11.0
25.0
19.0
25.0
18.0
18.0
12.0
16.0
16.0
18.0
17.0
15.0
16.0
15.0
15.0
19.0
16.0
15.0
18.0
12.0
18.0
14.0
10.0
15.0
22.0
16.0
20.0
12.0
26.0
15.0
17.0
28.0
21.0
18.0
13.0
15.0
21.0
16.0
11.0
12.0
14.0
16.0
15.0
14.0
13.0
21.0
15.0
12.0
14.0
19.0
21.0
19.0
17.0
15.0
19.0
9.0
13.0
17.0
18.0
15.0
10.0
19.0
13.0
15.0
19.0
20.0
18.0
14.0
16.0
12.0
9.0
24.0
17.0
12.0
18.0
16.0
14.0
21.0
25.0
14.0
17.0
11.0
22.0
17.0
16.0
11.0
16.0
22.0
15.0
15.0
13.0
19.0
23.0
19.0
18.0
15.0
16.0
18.0
13.0
23.0
15.0
9.0
13.0
18.0
20.0
17.0
25.0
14.0
15.0
19.0
19.0
17.0
20.0
12.0
20.0
10.0
18.0
24.0
19.0
19.0
29.0
14.0
10.0
21.0
19.0
18.0
18.0
16.0
23.0
26.0
24.0
24.0
29.0
33.0
17.0
29.0
24.0
24.0
22.0
29.0
23.0
16.0
20.0
15.0
29.0
21.0
24.0
26.0
24.0
35.0
26.0
30.0
34.0
30.0
31.0
22.0
32.0
33.0
33.0
42.0
32.0
51.0
35.0
44.0
51.0
47.0
43.0
43.0
50.0
53.0
55.0
51.0
53.0
55.0
52.0
54.0
63.0
75.0
48.0
71.0
57.0
56.0
53.0
70.0
67.0
60.0
47.0
69.0
66.0
52.0
60.0
50.0
57.0
48.0
57.0
57.0
56.0
59.0
66.0
49.0
67.0
82.0
63.0
54.0
50.0
41.0
33.0
38.0
34.0
35.0
40.0
37.0
39.0
35.0
35.0
40.0
46.0
49.0
51.0
53.0
49.0
48.0
47.0
40.0
49.0
66.0
82.0
127.0
172.0
253.0
407.0
655.0
1076.0
1527.0
2098.0
2774.0
3326.0
3737.0
4266.0
4507.0
4962.0
5354.0
5908.0
6244.0
6352.0
6341.0
5781.0
5015.0
4234.0
3129.0
2233.0
1487.0
905.0
560.0
287.0
178.0
102.0
81.0
58.0
43.0
41.0
41.0
42.0
27.0
33.0
28.0
30.0
30.0
41.0
29.0
29.0
23.0
19.0
28.0
27.0
20.0
21.0
22.0
27.0
27.0
27.0
26.0
22.0
21.0
24.0
22.0
34.0
33.0
16.0
16.0
30.0
22.0
25.0
25.0
28.0
22.0
20.0
14.0
25.0
19.0
35.0
26.0
20.0
26.0
22.0
22.0
19.0
23.0
15.0
22.0
27.0
21.0
16.0
21.0
19.0
25.0
23.0
22.0
17.0
21.0
29.0
25.0
19.0
22.0
27.0
19.0
30.0
18.0
29.0
28.0
20.0
22.0
28.0
31.0
28.0
30.0
38.0
46.0
64.0
121.0
153.0
247.0
399.0
521.0
691.0
836.0
959.0
1066.0
1095.0
1076.0
961.0
871.0
672.0
544.0
387.0
232.0
173.0
137.0
72.0
66.0
58.0
65.0
74.0
93.0
133.0
144.0
177.0
206.0
232.0
213.0
187.0
186.0
138.0
131.0
91.0
69.0
59.0
33.0
24.0
18.0
17.0
21.0
24.0
21.0
19.0
15.0
10.0
13.0
22.0
13.0
23.0
12.0
13.0
20.0
13.0
13.0
19.0
17.0
15.0
16.0
12.0
12.0
13.0
11.0
11.0
12.0
10.0
10.0
12.0
8.0
6.0
15.0
19.0
13.0
13.0
14.0
8.0
12.0
17.0
9.0
12.0
14.0
13.0
17.0
11.0
12.0
7.0
18.0
18.0
7.0
8.0
13.0
20.0
13.0
14.0
15.0
15.0
20.0
15.0
11.0
10.0
20.0
11.0
18.0
8.0
17.0
13.0
17.0
10.0
14.0
14.0
13.0
9.0
14.0
13.0
25.0
17.0
10.0
14.0
15.0
14.0
15.0
14.0
15.0
16.0
15.0
11.0
15.0
9.0
18.0
22.0
11.0
9.0
13.0
10.0
10.0
17.0
12.0
21.0
11.0
16.0
18.0
12.0
14.0
15.0
17.0
16.0
10.0
16.0
13.0
12.0
22.0
11.0
17.0
13.0
10.0
21.0
13.0
16.0
16.0
15.0
15.0
13.0
12.0
15.0
13.0
13.0
8.0
11.0
15.0
7.0
7.0
11.0
9.0
18.0
10.0
10.0
6.0
9.0
16.0
12.0
12.0
16.0
16.0
13.0
17.0
14.0
11.0
15.0
20.0
16.0
16.0
14.0
13.0
16.0
12.0
13.0
16.0
17.0
6.0
11.0
16.0
15.0
19.0
15.0
13.0
13.0
16.0
18.0
11.0
13.0
17.0
13.0
12.0
14.0
13.0
18.0
19.0
10.0
12.0
15.0
13.0
10.0
10.0
8.0
19.0
11.0
17.0
7.0
13.0
14.0
16.0
15.0
17.0
20.0
15.0
13.0
18.0
8.0
14.0
12.0
12.0
12.0
8.0
8.0
15.0
12.0
9.0
11.0
21.0
14.0
8.0
21.0
15.0
15.0
14.0
15.0
17.0
8.0
9.0
13.0
8.0
13.0
14.0
9.0
10.0
18.0
10.0
15.0
18.0
16.0
18.0
17.0
15.0
11.0
19.0
8.0
10.0
13.0
6.0
16.0
14.0
15.0
16.0
10.0
11.0
13.0
10.0
24.0
12.0
19.0
9.0
15.0
11.0
14.0
17.0
23.0
14.0
13.0
11.0
10.0
10.0
13.0
8.0
14.0
17.0
10.0
14.0
16.0
19.0
11.0
13.0
22.0
9.0
13.0
15.0
13.0
20.0
11.0
17.0
12.0
10.0
14.0
16.0
12.0
12.0
9.0
16.0
17.0
14.0
7.0
10.0
12.0
4.0
10.0
10.0
14.0
8.0
14.0
13.0
11.0
13.0
16.0
17.0
13.0
12.0
15.0
5.0
13.0
15.0
10.0
14.0
8.0
7.0
12.0
7.0
9.0
10.0
12.0
12.0
19.0
11.0
12.0
12.0
12.0
16.0
15.0
16.0
12.0
9.0
12.0
12.0
8.0
16.0
22.0
11.0
17.0
15.0
10.0
20.0
18.0
15.0
11.0
15.0
13.0
12.0
7.0
13.0
10.0
12.0
12.0
6.0
15.0
20.0
19.0
16.0
10.0
17.0
11.0
18.0
13.0
10.0
29.0
14.0
15.0
10.0
13.0
16.0
17.0
8.0
16.0
8.0
14.0
16.0
13.0
13.0
10.0
17.0
11.0
17.0
10.0
10.0
11.0
8.0
14.0
7.0
14.0
9.0
13.0
16.0
17.0
15.0
6.0
11.0
11.0
13.0
12.0
10.0
9.0
10.0
13.0
9.0
14.0
16.0
17.0
16.0
14.0
9.0
14.0
12.0
11.0
11.0
15.0
11.0
11.0
9.0
6.0
9.0
10.0
18.0
7.0
20.0
15.0
14.0
14.0
15.0
17.0
11.0
10.0
13.0
13.0
13.0
15.0
16.0
15.0
16.0
2.0
15.0
15.0
13.0
7.0
14.0
14.0
13.0
11.0
14.0
14.0
7.0
6.0
11.0
11.0
16.0
12.0
12.0
15.0
8.0
18.0
19.0
6.0
17.0
11.0
16.0
12.0
15.0
11.0
14.0
16.0
10.0
7.0
11.0
21.0
9.0
8.0
12.0
13.0
13.0
21.0
11.0
14.0
11.0
16.0
22.0
6.0
13.0
8.0
11.0
14.0
11.0
8.0
10.0
10.0
10.0
14.0
14.0
17.0
19.0
17.0
14.0
10.0
19.0
15.0
11.0
17.0
12.0
5.0
10.0
8.0
7.0
19.0
15.0
10.0
11.0
11.0
14.0
8.0
19.0
8.0
13.0
16.0
17.0
11.0
25.0
12.0
6.0
17.0
12.0
14.0
10.0
16.0
14.0
10.0
12.0
12.0
15.0
16.0
16.0
16.0
11.0
19.0
9.0
9.0
11.0
14.0
8.0
19.0
11.0
4.0
18.0
6.0
12.0
13.0
8.0
18.0
19.0
15.0
11.0
10.0
10.0
15.0
14.0
9.0
17.0
10.0
14.0
12.0
16.0
18.0
16.0
14.0
11.0
11.0
12.0
9.0
17.0
19.0
12.0
13.0
12.0
20.0
12.0
18.0
17.0
12.0
10.0
13.0
10.0
17.0
19.0
10.0
9.0
13.0
13.0
11.0
14.0
17.0
11.0
14.0
11.0
24.0
10.0
10.0
14.0
11.0
10.0
15.0
19.0
15.0
15.0
12.0
7.0
10.0
9.0
15.0
8.0
14.0
11.0
13.0
8.0
22.0
10.0
15.0
11.0
13.0
11.0
16.0
11.0
14.0
18.0
16.0
16.0
7.0
8.0
9.0
18.0
12.0
12.0
17.0
12.0
14.0
16.0
18.0
20.0
18.0
17.0
6.0
10.0
17.0
26.0
10.0
15.0
16.0
10.0
14.0
23.0
19.0
14.0
20.0
8.0
15.0
12.0
8.0
9.0
13.0
12.0
14.0
10.0
10.0
10.0
17.0
16.0
20.0
19.0
19.0
13.0
12.0
16.0
12.0
13.0
15.0
15.0
7.0
9.0
16.0
16.0
12.0
9.0
16.0
12.0
12.0
16.0
9.0
13.0
13.0
8.0
18.0
8.0
10.0
12.0
11.0
15.0
13.0
14.0
21.0
13.0
13.0
13.0
9.0
11.0
7.0
16.0
18.0
16.0
10.0
14.0
16.0
11.0
13.0
16.0
15.0
13.0
22.0
16.0
13.0
18.0
10.0
8.0
17.0
7.0
17.0
9.0
15.0
14.0
13.0
16.0
10.0
14.0
15.0
11.0
10.0
13.0
10.0
15.0
16.0
14.0
16.0
17.0
15.0
9.0
23.0
11.0
16.0
11.0
12.0
16.0
9.0
11.0
9.0
14.0
12.0
9.0
15.0
12.0
12.0
9.0
10.0
14.0
21.0
13.0
4.0
14.0
7.0
17.0
15.0
15.0
10.0
10.0
14.0
17.0
14.0
19.0
17.0
16.0
10.0
8.0
11.0
14.0
14.0
13.0
14.0
11.0
13.0
17.0
14.0
12.0
10.0
14.0
17.0
15.0
13.0
14.0
15.0
11.0
14.0
16.0
18.0
17.0
15.0
14.0
12.0
16.0
12.0
8.0
16.0
13.0
16.0
12.0
21.0
13.0
22.0
15.0
14.0
12.0
17.0
17.0
19.0
8.0
19.0
14.0
12.0
10.0
11.0
12.0
11.0
13.0
20.0
11.0
12.0
13.0
12.0
13.0
13.0
23.0
19.0
16.0
18.0
14.0
16.0
13.0
17.0
10.0
18.0
17.0
21.0
16.0
14.0
15.0
19.0
16.0
16.0
20.0
22.0
9.0
21.0
28.0
12.0
27.0
19.0
20.0
12.0
19.0
14.0
13.0
13.0
16.0
12.0
15.0
15.0
14.0
12.0
11.0
18.0
12.0
14.0
14.0
7.0
14.0
10.0
16.0
11.0
20.0
19.0
15.0
25.0
16.0
19.0
16.0
12.0
27.0
21.0
19.0
20.0
24.0
22.0
27.0
17.0
22.0
21.0
17.0
25.0
21.0
14.0
21.0
14.0
11.0
12.0
17.0
16.0
20.0
9.0
22.0
16.0
25.0
14.0
20.0
23.0
14.0
12.0
12.0
13.0
13.0
17.0
18.0
13.0
11.0
18.0
14.0
4.0
10.0
12.0
17.0
18.0
8.0
12.0
14.0
10.0
12.0
20.0
7.0
18.0
18.0
20.0
20.0
30.0
17.0
30.0
25.0
24.0
14.0
25.0
17.0
24.0
21.0
19.0
20.0
16.0
15.0
18.0
14.0
17.0
10.0
12.0
13.0
9.0
9.0
16.0
11.0
15.0
8.0
9.0
12.0
10.0
17.0
14.0
7.0
15.0
12.0
14.0
15.0
8.0
17.0
11.0
14.0
13.0
13.0
13.0
9.0
12.0
15.0
15.0
14.0
9.0
10.0
8.0
17.0
16.0
11.0
7.0
7.0
13.0
13.0
6.0
12.0
15.0
10.0
22.0
10.0
12.0
6.0
13.0
9.0
9.0
7.0
3.0
9.0
8.0
14.0
17.0
9.0
8.0
12.0
18.0
3.0
10.0
14.0
6.0
8.0
10.0
5.0
6.0
6.0
4.0
9.0
14.0
6.0
14.0
6.0
13.0
12.0
17.0
11.0
10.0
7.0
9.0
4.0
15.0
14.0
5.0
8.0
10.0
11.0
8.0
9.0
11.0
5.0
4.0
9.0
5.0
6.0
7.0
3.0
10.0
13.0
10.0
8.0
7.0
10.0
18.0
16.0
10.0
5.0
5.0
11.0
6.0
9.0
11.0
5.0
9.0
10.0
7.0
8.0
17.0
6.0
9.0
5.0
9.0
6.0
15.0
14.0
9.0
