0.0
0.0
0.0
0.0
0.0
0.0
0.0
0.0
0.0
0.0
0.0
0.0
8.0
7.0
10.0
10.0
6.0
3.0
14.0
12.0
5.0
6.0
5.0
6.0
5.0
5.0
5.0
5.0
5.0
7.0
6.0
5.0
9.0
2.0
3.0
2.0
5.0
8.0
6.0
3.0
1.0
3.0
3.0
7.0
4.0
6.0
4.0
3.0
7.0
2.0
5.0
6.0
6.0
5.0
4.0
9.0
8.0
7.0
5.0
8.0
7.0
7.0
6.0
8.0
2.0
6.0
4.0
4.0
9.0
8.0
6.0
4.0
5.0
3.0
5.0
3.0
2.0
6.0
2.0
4.0
1.0
4.0
6.0
7.0
5.0
4.0
5.0
2.0
4.0
6.0
2.0
2.0
3.0
3.0
3.0
7.0
4.0
7.0
13.0
9.0
4.0
3.0
7.0
7.0
6.0
9.0
19.0
17.0
35.0
132.0
177.0
200.0
169.0
85.0
42.0
44.0
59.0
83.0
118.0
98.0
82.0
56.0
39.0
22.0
36.0
28.0
26.0
16.0
11.0
7.0
8.0
9.0
7.0
12.0
9.0
7.0
10.0
4.0
4.0
5.0
7.0
6.0
7.0
8.0
5.0
2.0
0.0
1.0
3.0
1.0
1.0
1.0
0.0
3.0
1.0
1.0
0.0
2.0
0.0
1.0
1.0
3.0
2.0
4.0
2.0
1.0
2.0
1.0
2.0
3.0
1.0
3.0
2.0
3.0
4.0
5.0
2.0
2.0
2.0
4.0
1.0
1.0
0.0
3.0
1.0
3.0
2.0
3.0
1.0
0.0
1.0
1.0
2.0
1.0
0.0
3.0
1.0
0.0
2.0
0.0
1.0
3.0
0.0
3.0
4.0
4.0
2.0
4.0
3.0
1.0
4.0
1.0
0.0
1.0
0.0
1.0
1.0
1.0
2.0
1.0
3.0
2.0
0.0
0.0
0.0
1.0
4.0
1.0
0.0
0.0
3.0
2.0
2.0
2.0
1.0
1.0
1.0
3.0
2.0
3.0
4.0
1.0
2.0
9.0
1.0
1.0
0.0
3.0
0.0
3.0
1.0
2.0
2.0
5.0
2.0
2.0
3.0
1.0
0.0
1.0
4.0
1.0
1.0
1.0
1.0
1.0
1.0
0.0
1.0
0.0
3.0
2.0
1.0
2.0
3.0
0.0
2.0
3.0
1.0
2.0
1.0
1.0
2.0
0.0
2.0
0.0
1.0
1.0
0.0
3.0
1.0
0.0
0.0
0.0
0.0
2.0
4.0
1.0
1.0
3.0
5.0
0.0
0.0
1.0
1.0
1.0
1.0
0.0
2.0
0.0
0.0
0.0
1.0
3.0
4.0
4.0
5.0
6.0
11.0
1.0
3.0
1.0
2.0
1.0
0.0
3.0
0.0
0.0
1.0
1.0
0.0
1.0
1.0
0.0
1.0
3.0
0.0
0.0
1.0
3.0
0.0
1.0
0.0
1.0
0.0
0.0
3.0
0.0
3.0
0.0
1.0
1.0
1.0
1.0
1.0
0.0
3.0
0.0
1.0
2.0
0.0
1.0
2.0
4.0
0.0
0.0
1.0
1.0
0.0
1.0
1.0
1.0
2.0
1.0
2.0
0.0
0.0
0.0
0.0
5.0
2.0
1.0
1.0
0.0
1.0
0.0
1.0
1.0
1.0
1.0
0.0
2.0
1.0
0.0
1.0
1.0
0.0
0.0
0.0
0.0
0.0
1.0
3.0
0.0
0.0
0.0
2.0
3.0
0.0
1.0
1.0
2.0
0.0
0.0
2.0
3.0
2.0
0.0
1.0
0.0
0.0
0.0
0.0
2.0
2.0
0.0
0.0
0.0
1.0
1.0
0.0
2.0
2.0
2.0
0.0
1.0
1.0
2.0
2.0
0.0
0.0
0.0
0.0
0.0
3.0
1.0
1.0
1.0
1.0
0.0
3.0
0.0
1.0
1.0
1.0
1.0
5.0
0.0
2.0
1.0
1.0
0.0
1.0
1.0
0.0
1.0
0.0
1.0
3.0
1.0
2.0
1.0
0.0
1.0
1.0
0.0
1.0
0.0
1.0
1.0
1.0
2.0
1.0
0.0
1.0
2.0
0.0
1.0
3.0
1.0
1.0
2.0
1.0
1.0
0.0
2.0
0.0
0.0
2.0
3.0
3.0
3.0
0.0
0.0
2.0
1.0
3.0
0.0
0.0
0.0
1.0
0.0
1.0
2.0
0.0
1.0
1.0
2.0
0.0
1.0
2.0
1.0
1.0
3.0
3.0
1.0
2.0
3.0
0.0
1.0
0.0
0.0
1.0
0.0
0.0
1.0
2.0
1.0
1.0
0.0
1.0
0.0
0.0
3.0
1.0
1.0
0.0
2.0
3.0
2.0
0.0
1.0
1.0
2.0
1.0
0.0
1.0
1.0
1.0
1.0
0.0
1.0
0.0
1.0
0.0
2.0
0.0
1.0
1.0
1.0
4.0
1.0
2.0
1.0
0.0
0.0
1.0
1.0
3.0
2.0
2.0
0.0
1.0
2.0
3.0
0.0
0.0
0.0
1.0
2.0
1.0
2.0
2.0
3.0
0.0
0.0
1.0
1.0
1.0
3.0
0.0
2.0
1.0
0.0
0.0
1.0
0.0
1.0
2.0
2.0
1.0
0.0
1.0
2.0
1.0
2.0
2.0
0.0
1.0
2.0
0.0
2.0
0.0
0.0
0.0
3.0
1.0
3.0
0.0
1.0
0.0
2.0
0.0
1.0
1.0
2.0
1.0
0.0
2.0
5.0
2.0
3.0
1.0
2.0
2.0
1.0
1.0
0.0
1.0
2.0
0.0
0.0
1.0
1.0
0.0
1.0
0.0
0.0
1.0
2.0
3.0
1.0
3.0
1.0
2.0
0.0
0.0
3.0
1.0
0.0
2.0
1.0
1.0
2.0
1.0
2.0
0.0
3.0
1.0
1.0
0.0
1.0
2.0
1.0
0.0
2.0
2.0
2.0
0.0
5.0
0.0
1.0
0.0
0.0
1.0
1.0
2.0
1.0
1.0
3.0
0.0
3.0
0.0
2.0
1.0
1.0
1.0
2.0
0.0
2.0
1.0
2.0
2.0
3.0
0.0
3.0
2.0
4.0
2.0
1.0
0.0
1.0
2.0
1.0
1.0
0.0
1.0
3.0
0.0
1.0
1.0
1.0
2.0
4.0
3.0
1.0
3.0
3.0
2.0
8.0
2.0
8.0
1.0
4.0
2.0
5.0
2.0
6.0
4.0
1.0
10.0
1.0
1.0
3.0
3.0
2.0
3.0
5.0
2.0
4.0
2.0
0.0
1.0
4.0
5.0
5.0
1.0
5.0
4.0
4.0
3.0
5.0
1.0
4.0
4.0
3.0
7.0
2.0
2.0
2.0
1.0
6.0
2.0
4.0
1.0
0.0
2.0
1.0
3.0
0.0
1.0
2.0
2.0
3.0
5.0
3.0
2.0
12.0
13.0
25.0
30.0
60.0
115.0
139.0
155.0
182.0
220.0
246.0
251.0
269.0
300.0
310.0
304.0
341.0
327.0
314.0
240.0
230.0
158.0
135.0
68.0
37.0
25.0
13.0
10.0
6.0
1.0
3.0
3.0
0.0
1.0
2.0
2.0
1.0
1.0
2.0
0.0
0.0
3.0
1.0
0.0
5.0
2.0
2.0
0.0
0.0
0.0
2.0
2.0
4.0
2.0
1.0
1.0
1.0
3.0
0.0
1.0
2.0
3.0
0.0
1.0
6.0
2.0
1.0
1.0
4.0
0.0
3.0
1.0
1.0
2.0
3.0
2.0
1.0
1.0
4.0
1.0
1.0
3.0
3.0
1.0
1.0
0.0
2.0
1.0
0.0
4.0
0.0
3.0
1.0
0.0
0.0
2.0
2.0
1.0
0.0
2.0
2.0
3.0
1.0
1.0
0.0
0.0
0.0
4.0
2.0
1.0
5.0
1.0
11.0
11.0
22.0
25.0
33.0
55.0
69.0
42.0
53.0
56.0
58.0
48.0
26.0
34.0
31.0
15.0
11.0
2.0
3.0
5.0
3.0
4.0
2.0
14.0
6.0
7.0
11.0
8.0
13.0
10.0
12.0
9.0
10.0
3.0
7.0
4.0
2.0
0.0
2.0
1.0
1.0
2.0
2.0
2.0
0.0
0.0
0.0
0.0
2.0
0.0
1.0
0.0
2.0
0.0
1.0
0.0
0.0
0.0
0.0
2.0
1.0
1.0
2.0
2.0
0.0
0.0
0.0
0.0
0.0
0.0
0.0
1.0
0.0
2.0
3.0
1.0
0.0
0.0
1.0
0.0
1.0
0.0
0.0
0.0
0.0
1.0
0.0
2.0
0.0
0.0
1.0
1.0
2.0
2.0
0.0
1.0
1.0
1.0
0.0
0.0
1.0
1.0
0.0
0.0
0.0
1.0
2.0
0.0
2.0
2.0
1.0
0.0
2.0
2.0
1.0
0.0
1.0
1.0
0.0
1.0
0.0
0.0
2.0
0.0
0.0
2.0
0.0
0.0
1.0
0.0
0.0
0.0
1.0
1.0
3.0
0.0
3.0
0.0
1.0
1.0
1.0
0.0
0.0
0.0
0.0
0.0
1.0
1.0
1.0
1.0
0.0
0.0
3.0
0.0
1.0
3.0
0.0
0.0
0.0
0.0
4.0
1.0
0.0
1.0
0.0
0.0
0.0
1.0
1.0
1.0
0.0
2.0
1.0
1.0
1.0
0.0
1.0
0.0
0.0
0.0
0.0
0.0
0.0
1.0
1.0
0.0
1.0
0.0
1.0
1.0
0.0
2.0
0.0
1.0
1.0
1.0
0.0
2.0
1.0
1.0
0.0
0.0
1.0
4.0
0.0
0.0
1.0
1.0
1.0
0.0
1.0
0.0
0.0
0.0
0.0
1.0
0.0
0.0
0.0
0.0
0.0
2.0
2.0
0.0
0.0
2.0
3.0
1.0
0.0
3.0
1.0
1.0
0.0
0.0
0.0
0.0
1.0
1.0
0.0
1.0
1.0
0.0
0.0
1.0
0.0
1.0
1.0
1.0
0.0
0.0
0.0
1.0
0.0
1.0
2.0
2.0
0.0
1.0
0.0
0.0
0.0
4.0
0.0
1.0
2.0
2.0
2.0
1.0
1.0
1.0
1.0
4.0
0.0
1.0
2.0
1.0
1.0
0.0
0.0
2.0
0.0
0.0
0.0
1.0
1.0
1.0
1.0
0.0
2.0
0.0
2.0
3.0
1.0
0.0
1.0
0.0
0.0
0.0
0.0
0.0
2.0
1.0
0.0
0.0
1.0
0.0
2.0
0.0
1.0
2.0
0.0
0.0
0.0
2.0
0.0
0.0
0.0
0.0
1.0
0.0
1.0
1.0
0.0
3.0
2.0
0.0
0.0
3.0
0.0
0.0
0.0
0.0
0.0
1.0
0.0
1.0
1.0
0.0
2.0
3.0
1.0
1.0
1.0
1.0
0.0
0.0
0.0
1.0
0.0
1.0
3.0
1.0
2.0
0.0
1.0
0.0
1.0
0.0
1.0
1.0
2.0
1.0
1.0
0.0
0.0
0.0
1.0
2.0
1.0
0.0
0.0
1.0
1.0
0.0
0.0
1.0
1.0
1.0
2.0
0.0
0.0
1.0
2.0
1.0
1.0
0.0
1.0
1.0
2.0
1.0
0.0
0.0
1.0
0.0
1.0
0.0
1.0
1.0
0.0
3.0
0.0
0.0
1.0
0.0
1.0
1.0
1.0
0.0
2.0
0.0
0.0
2.0
2.0
1.0
0.0
4.0
1.0
0.0
1.0
1.0
0.0
1.0
0.0
2.0
0.0
2.0
0.0
0.0
0.0
1.0
0.0
0.0
1.0
0.0
0.0
1.0
1.0
0.0
0.0
2.0
3.0
2.0
2.0
0.0
0.0
0.0
1.0
2.0
1.0
0.0
0.0
0.0
2.0
0.0
1.0
0.0
0.0
0.0
0.0
1.0
2.0
0.0
2.0
0.0
1.0
1.0
0.0
0.0
0.0
0.0
1.0
1.0
1.0
1.0
0.0
1.0
3.0
1.0
0.0
2.0
1.0
0.0
2.0
1.0
2.0
0.0
2.0
0.0
2.0
1.0
1.0
0.0
0.0
2.0
2.0
1.0
0.0
0.0
1.0
0.0
1.0
1.0
0.0
2.0
2.0
1.0
2.0
3.0
0.0
1.0
0.0
1.0
1.0
1.0
2.0
1.0
0.0
1.0
0.0
0.0
1.0
1.0
0.0
3.0
0.0
1.0
0.0
0.0
3.0
2.0
0.0
1.0
0.0
2.0
0.0
0.0
1.0
1.0
0.0
0.0
0.0
1.0
1.0
1.0
2.0
1.0
0.0
4.0
0.0
0.0
0.0
0.0
1.0
2.0
1.0
3.0
1.0
1.0
0.0
0.0
2.0
1.0
0.0
0.0
1.0
3.0
2.0
1.0
1.0
1.0
2.0
0.0
0.0
0.0
2.0
3.0
2.0
2.0
2.0
1.0
3.0
1.0
1.0
0.0
0.0
3.0
3.0
0.0
0.0
0.0
0.0
0.0
1.0
2.0
0.0
1.0
1.0
1.0
1.0
1.0
1.0
0.0
0.0
0.0
1.0
1.0
1.0
0.0
2.0
0.0
0.0
1.0
1.0
1.0
1.0
1.0
1.0
1.0
0.0
1.0
0.0
1.0
0.0
1.0
0.0
2.0
0.0
1.0
1.0
1.0
1.0
0.0
0.0
0.0
2.0
0.0
1.0
0.0
2.0
1.0
2.0
0.0
1.0
1.0
0.0
2.0
0.0
1.0
0.0
0.0
1.0
1.0
0.0
0.0
2.0
2.0
0.0
1.0
0.0
2.0
1.0
0.0
2.0
0.0
1.0
1.0
0.0
1.0
3.0
0.0
0.0
0.0
3.0
1.0
4.0
2.0
0.0
1.0
1.0
1.0
0.0
1.0
1.0
0.0
0.0
1.0
1.0
1.0
1.0
2.0
1.0
1.0
4.0
2.0
1.0
1.0
0.0
0.0
0.0
3.0
1.0
1.0
0.0
2.0
1.0
0.0
0.0
2.0
0.0
1.0
1.0
1.0
2.0
1.0
1.0
0.0
0.0
1.0
2.0
0.0
1.0
0.0
1.0
0.0
0.0
0.0
0.0
1.0
1.0
2.0
1.0
0.0
2.0
0.0
0.0
0.0
0.0
0.0
2.0
0.0
1.0
0.0
1.0
2.0
0.0
0.0
0.0
1.0
1.0
0.0
1.0
1.0
0.0
2.0
1.0
3.0
2.0
0.0
2.0
0.0
0.0
0.0
2.0
2.0
1.0
0.0
1.0
0.0
0.0
1.0
0.0
0.0
1.0
0.0
0.0
2.0
1.0
0.0
0.0
0.0
1.0
0.0
1.0
1.0
0.0
1.0
0.0
0.0
1.0
2.0
1.0
0.0
4.0
0.0
1.0
1.0
0.0
2.0
1.0
0.0
1.0
2.0
1.0
0.0
1.0
0.0
2.0
1.0
0.0
2.0
1.0
1.0
0.0
0.0
1.0
0.0
0.0
1.0
0.0
3.0
1.0
3.0
2.0
2.0
0.0
0.0
1.0
1.0
0.0
0.0
0.0
0.0
1.0
2.0
0.0
0.0
0.0
0.0
0.0
0.0
0.0
1.0
0.0
1.0
0.0
1.0
1.0
1.0
0.0
0.0
0.0
2.0
0.0
1.0
1.0
1.0
0.0
1.0
1.0
1.0
1.0
0.0
3.0
3.0
0.0
1.0
1.0
1.0
1.0
0.0
3.0
0.0
0.0
2.0
0.0
0.0
0.0
1.0
0.0
2.0
0.0
0.0
1.0
1.0
1.0
1.0
3.0
2.0
1.0
2.0
2.0
0.0
2.0
0.0
0.0
1.0
0.0
1.0
0.0
1.0
0.0
4.0
1.0
0.0
2.0
1.0
0.0
0.0
0.0
2.0
0.0
3.0
1.0
1.0
0.0
1.0
0.0
2.0
1.0
1.0
1.0
0.0
0.0
2.0
1.0
1.0
0.0
0.0
1.0
0.0
0.0
0.0
1.0
0.0
0.0
2.0
1.0
3.0
1.0
1.0
3.0
3.0
1.0
0.0
2.0
0.0
1.0
5.0
1.0
1.0
1.0
0.0
0.0
0.0
0.0
0.0
0.0
0.0
0.0
1.0
2.0
0.0
0.0
1.0
2.0
1.0
0.0
0.0
0.0
0.0
1.0
0.0
1.0
1.0
1.0
0.0
1.0
0.0
0.0
0.0
2.0
1.0
1.0
0.0
0.0
0.0
1.0
0.0
0.0
1.0
1.0
0.0
2.0
2.0
3.0
2.0
0.0
1.0
0.0
2.0
1.0
1.0
0.0
1.0
3.0
3.0
2.0
1.0
1.0
0.0
0.0
0.0
0.0
3.0
0.0
0.0
1.0
0.0
0.0
1.0
0.0
1.0
1.0
5.0
0.0
1.0
0.0
0.0
1.0
1.0
0.0
1.0
1.0
0.0
1.0
2.0
1.0
0.0
1.0
0.0
0.0
1.0
1.0
0.0
0.0
1.0
0.0
0.0
0.0
2.0
0.0
1.0
0.0
0.0
1.0
2.0
0.0
0.0
0.0
1.0
0.0
0.0
0.0
0.0
2.0
0.0
1.0
1.0
1.0
1.0
1.0
0.0
0.0
0.0
0.0
2.0
1.0
1.0
0.0
1.0
1.0
0.0
0.0
2.0
1.0
2.0
1.0
0.0
0.0
1.0
2.0
2.0
1.0
2.0
0.0
0.0
1.0
0.0
2.0
2.0
0.0
1.0
1.0
0.0
1.0
1.0
1.0
1.0
1.0
1.0
3.0
0.0
0.0
1.0
0.0
1.0
3.0
0.0
1.0
0.0
0.0
1.0
1.0
0.0
1.0
0.0
0.0
0.0
0.0
0.0
0.0
0.0
2.0
0.0
0.0
1.0
1.0
1.0
0.0
