0.0
0.0
0.0
0.0
0.0
0.0
0.0
0.0
0.0
0.0
0.0
0.0
354.0
466.0
463.0
483.0
465.0
466.0
446.0
423.0
463.0
457.0
383.0
441.0
377.0
391.0
395.0
370.0
361.0
354.0
334.0
357.0
344.0
352.0
333.0
291.0
329.0
326.0
310.0
352.0
302.0
329.0
363.0
329.0
331.0
362.0
341.0
367.0
357.0
345.0
354.0
329.0
376.0
434.0
522.0
560.0
466.0
390.0
390.0
442.0
419.0
496.0
503.0
486.0
436.0
419.0
394.0
427.0
395.0
376.0
416.0
327.0
380.0
341.0
334.0
336.0
299.0
301.0
261.0
248.0
261.0
250.0
237.0
222.0
269.0
222.0
248.0
228.0
221.0
201.0
232.0
218.0
237.0
214.0
232.0
294.0
441.0
666.0
774.0
723.0
546.0
453.0
339.0
370.0
436.0
545.0
640.0
1005.0
2796.0
7311.0
13207.0
15540.0
12480.0
6922.0
3459.0
2642.0
4329.0
7383.0
9220.0
8519.0
6325.0
4231.0
2810.0
1948.0
1869.0
2162.0
2232.0
1633.0
1123.0
664.0
552.0
650.0
788.0
932.0
752.0
589.0
381.0
279.0
273.0
317.0
380.0
404.0
377.0
265.0
226.0
184.0
143.0
149.0
102.0
102.0
102.0
91.0
80.0
95.0
85.0
96.0
93.0
87.0
72.0
101.0
97.0
92.0
79.0
84.0
95.0
104.0
69.0
80.0
85.0
75.0
94.0
94.0
93.0
98.0
101.0
106.0
110.0
87.0
79.0
84.0
76.0
81.0
86.0
84.0
84.0
75.0
79.0
82.0
87.0
67.0
90.0
76.0
79.0
78.0
89.0
85.0
82.0
81.0
70.0
94.0
86.0
79.0
82.0
98.0
119.0
141.0
159.0
150.0
150.0
107.0
91.0
78.0
65.0
91.0
109.0
69.0
87.0
84.0
80.0
76.0
74.0
81.0
73.0
92.0
83.0
104.0
95.0
110.0
117.0
88.0
81.0
84.0
82.0
67.0
110.0
101.0
101.0
139.0
140.0
215.0
290.0
268.0
225.0
185.0
138.0
105.0
101.0
88.0
78.0
93.0
87.0
70.0
74.0
85.0
59.0
79.0
82.0
78.0
75.0
73.0
89.0
76.0
79.0
93.0
109.0
107.0
105.0
113.0
93.0
78.0
82.0
74.0
67.0
68.0
78.0
70.0
77.0
59.0
81.0
67.0
71.0
54.0
88.0
72.0
73.0
63.0
82.0
62.0
83.0
78.0
66.0
81.0
87.0
80.0
71.0
77.0
69.0
78.0
70.0
74.0
67.0
86.0
71.0
64.0
74.0
77.0
85.0
75.0
69.0
91.0
86.0
81.0
95.0
91.0
134.0
174.0
239.0
284.0
301.0
296.0
221.0
182.0
107.0
85.0
68.0
83.0
74.0
77.0
68.0
82.0
81.0
86.0
74.0
79.0
67.0
92.0
56.0
73.0
84.0
81.0
76.0
65.0
79.0
69.0
67.0
69.0
62.0
80.0
77.0
77.0
88.0
102.0
111.0
115.0
133.0
104.0
92.0
87.0
83.0
71.0
68.0
77.0
81.0
70.0
74.0
91.0
58.0
71.0
75.0
57.0
70.0
78.0
74.0
64.0
64.0
71.0
72.0
64.0
72.0
75.0
60.0
90.0
94.0
87.0
72.0
71.0
59.0
70.0
85.0
64.0
84.0
76.0
73.0
71.0
63.0
66.0
59.0
56.0
82.0
69.0
68.0
71.0
68.0
65.0
78.0
65.0
62.0
62.0
78.0
74.0
81.0
77.0
60.0
68.0
71.0
67.0
68.0
69.0
63.0
64.0
80.0
49.0
70.0
71.0
70.0
50.0
81.0
66.0
82.0
53.0
69.0
60.0
74.0
75.0
79.0
71.0
66.0
59.0
69.0
62.0
65.0
72.0
62.0
59.0
73.0
47.0
76.0
88.0
57.0
56.0
71.0
83.0
55.0
76.0
69.0
72.0
56.0
69.0
74.0
73.0
72.0
65.0
50.0
69.0
79.0
75.0
70.0
61.0
72.0
65.0
65.0
72.0
58.0
71.0
77.0
72.0
69.0
75.0
77.0
67.0
56.0
56.0
67.0
65.0
75.0
52.0
65.0
79.0
61.0
61.0
72.0
54.0
68.0
67.0
55.0
66.0
80.0
67.0
63.0
77.0
61.0
68.0
66.0
55.0
71.0
80.0
83.0
77.0
72.0
70.0
68.0
67.0
64.0
68.0
78.0
66.0
54.0
73.0
71.0
67.0
61.0
77.0
59.0
65.0
75.0
74.0
61.0
71.0
68.0
59.0
61.0
58.0
55.0
59.0
58.0
61.0
72.0
63.0
63.0
68.0
74.0
51.0
61.0
59.0
67.0
94.0
74.0
59.0
84.0
72.0
63.0
71.0
73.0
73.0
53.0
78.0
62.0
68.0
68.0
81.0
67.0
84.0
64.0
70.0
62.0
54.0
69.0
69.0
73.0
76.0
70.0
82.0
64.0
69.0
74.0
70.0
69.0
68.0
64.0
67.0
58.0
60.0
78.0
61.0
70.0
66.0
67.0
65.0
69.0
74.0
75.0
68.0
64.0
62.0
73.0
74.0
70.0
61.0
61.0
67.0
68.0
67.0
75.0
62.0
64.0
68.0
59.0
51.0
65.0
81.0
55.0
68.0
76.0
67.0
61.0
65.0
80.0
60.0
72.0
75.0
57.0
61.0
62.0
71.0
57.0
72.0
85.0
70.0
60.0
66.0
67.0
61.0
71.0
63.0
72.0
73.0
77.0
73.0
76.0
66.0
69.0
73.0
75.0
62.0
63.0
76.0
79.0
83.0
64.0
90.0
78.0
62.0
81.0
80.0
67.0
66.0
71.0
59.0
81.0
76.0
62.0
71.0
71.0
69.0
66.0
91.0
68.0
87.0
71.0
90.0
67.0
70.0
75.0
73.0
75.0
65.0
69.0
60.0
79.0
84.0
87.0
55.0
64.0
80.0
88.0
62.0
82.0
73.0
62.0
84.0
86.0
76.0
88.0
92.0
89.0
81.0
81.0
83.0
81.0
90.0
95.0
88.0
86.0
81.0
92.0
77.0
93.0
85.0
101.0
94.0
95.0
96.0
104.0
121.0
96.0
104.0
112.0
104.0
115.0
114.0
102.0
121.0
125.0
136.0
145.0
114.0
104.0
118.0
131.0
148.0
175.0
141.0
157.0
191.0
167.0
189.0
211.0
201.0
218.0
237.0
232.0
229.0
248.0
266.0
242.0
255.0
242.0
263.0
285.0
262.0
233.0
259.0
273.0
231.0
250.0
231.0
250.0
253.0
228.0
248.0
252.0
239.0
192.0
208.0
215.0
231.0
245.0
226.0
274.0
250.0
227.0
240.0
215.0
197.0
182.0
160.0
151.0
157.0
130.0
160.0
152.0
163.0
177.0
165.0
171.0
183.0
145.0
172.0
182.0
191.0
154.0
192.0
191.0
203.0
235.0
326.0
420.0
630.0
1054.0
1693.0
2716.0
4367.0
6414.0
8914.0
11688.0
13818.0
16236.0
18007.0
19767.0
21335.0
22956.0
25012.0
26897.0
27759.0
27632.0
25567.0
22297.0
18068.0
13873.0
9813.0
6568.0
3994.0
2394.0
1408.0
732.0
479.0
316.0
220.0
230.0
164.0
166.0
153.0
157.0
143.0
131.0
139.0
135.0
133.0
125.0
133.0
113.0
103.0
102.0
118.0
110.0
114.0
118.0
120.0
107.0
95.0
108.0
76.0
111.0
111.0
113.0
89.0
106.0
110.0
109.0
87.0
83.0
100.0
96.0
106.0
93.0
65.0
88.0
91.0
92.0
85.0
91.0
98.0
102.0
95.0
80.0
88.0
78.0
97.0
92.0
98.0
85.0
90.0
91.0
69.0
96.0
97.0
89.0
112.0
74.0
113.0
92.0
80.0
80.0
87.0
99.0
86.0
93.0
82.0
88.0
106.0
103.0
110.0
107.0
109.0
117.0
151.0
206.0
307.0
431.0
653.0
1062.0
1503.0
2183.0
2884.0
3688.0
4226.0
4718.0
4863.0
4636.0
4203.0
3655.0
3030.0
2147.0
1621.0
1115.0
706.0
443.0
355.0
273.0
253.0
303.0
356.0
408.0
596.0
792.0
813.0
931.0
996.0
965.0
954.0
776.0
708.0
542.0
406.0
302.0
179.0
133.0
127.0
82.0
77.0
72.0
80.0
50.0
52.0
66.0
75.0
54.0
61.0
62.0
60.0
56.0
51.0
58.0
63.0
46.0
58.0
54.0
59.0
61.0
49.0
66.0
63.0
54.0
53.0
45.0
75.0
47.0
51.0
60.0
68.0
52.0
62.0
68.0
56.0
54.0
45.0
48.0
52.0
52.0
67.0
67.0
47.0
69.0
59.0
48.0
59.0
54.0
55.0
54.0
64.0
51.0
72.0
62.0
66.0
49.0
53.0
47.0
71.0
53.0
62.0
65.0
55.0
47.0
54.0
57.0
53.0
51.0
66.0
68.0
53.0
57.0
50.0
56.0
52.0
49.0
56.0
52.0
43.0
56.0
59.0
50.0
51.0
61.0
58.0
47.0
56.0
49.0
60.0
48.0
57.0
63.0
51.0
60.0
78.0
48.0
51.0
50.0
50.0
61.0
57.0
57.0
51.0
65.0
47.0
68.0
62.0
55.0
51.0
58.0
51.0
49.0
55.0
57.0
50.0
72.0
63.0
47.0
64.0
49.0
57.0
56.0
56.0
57.0
53.0
43.0
72.0
45.0
60.0
55.0
53.0
55.0
65.0
70.0
43.0
64.0
67.0
43.0
69.0
49.0
62.0
51.0
54.0
43.0
49.0
66.0
68.0
68.0
44.0
60.0
62.0
51.0
71.0
65.0
61.0
71.0
68.0
47.0
62.0
56.0
47.0
64.0
51.0
54.0
59.0
51.0
42.0
51.0
51.0
59.0
40.0
59.0
58.0
54.0
51.0
52.0
50.0
51.0
53.0
48.0
59.0
54.0
62.0
55.0
67.0
63.0
64.0
55.0
57.0
49.0
49.0
51.0
59.0
58.0
53.0
48.0
54.0
68.0
63.0
49.0
61.0
59.0
64.0
56.0
55.0
53.0
59.0
54.0
63.0
63.0
43.0
62.0
55.0
62.0
61.0
57.0
55.0
61.0
62.0
54.0
60.0
49.0
48.0
58.0
60.0
62.0
58.0
54.0
53.0
50.0
61.0
51.0
61.0
66.0
59.0
41.0
54.0
78.0
47.0
53.0
49.0
50.0
55.0
53.0
50.0
54.0
63.0
47.0
56.0
64.0
46.0
42.0
61.0
73.0
57.0
56.0
51.0
49.0
64.0
54.0
60.0
54.0
59.0
71.0
49.0
71.0
49.0
55.0
59.0
50.0
56.0
62.0
50.0
61.0
52.0
50.0
45.0
59.0
60.0
46.0
48.0
64.0
56.0
46.0
55.0
53.0
55.0
54.0
44.0
60.0
54.0
62.0
62.0
49.0
55.0
40.0
45.0
54.0
58.0
59.0
55.0
56.0
58.0
63.0
79.0
57.0
51.0
60.0
63.0
50.0
55.0
61.0
56.0
53.0
53.0
56.0
46.0
56.0
61.0
49.0
51.0
50.0
53.0
62.0
57.0
64.0
61.0
57.0
56.0
48.0
57.0
69.0
68.0
50.0
61.0
57.0
46.0
41.0
52.0
53.0
55.0
57.0
51.0
61.0
52.0
52.0
60.0
56.0
54.0
47.0
55.0
52.0
60.0
53.0
49.0
51.0
55.0
50.0
60.0
60.0
45.0
60.0
62.0
52.0
51.0
62.0
47.0
68.0
50.0
48.0
46.0
52.0
58.0
46.0
55.0
70.0
41.0
39.0
58.0
60.0
59.0
66.0
65.0
66.0
62.0
60.0
54.0
53.0
55.0
53.0
59.0
59.0
66.0
53.0
54.0
48.0
68.0
63.0
58.0
55.0
47.0
55.0
50.0
67.0
62.0
62.0
56.0
69.0
53.0
55.0
50.0
54.0
46.0
48.0
60.0
49.0
53.0
63.0
49.0
52.0
52.0
46.0
57.0
52.0
60.0
60.0
61.0
61.0
68.0
60.0
52.0
59.0
58.0
67.0
54.0
61.0
52.0
56.0
52.0
65.0
63.0
63.0
56.0
58.0
65.0
51.0
55.0
57.0
56.0
54.0
54.0
54.0
50.0
55.0
43.0
55.0
62.0
65.0
56.0
63.0
62.0
50.0
63.0
57.0
62.0
42.0
46.0
56.0
54.0
51.0
54.0
48.0
62.0
64.0
55.0
53.0
51.0
59.0
44.0
54.0
76.0
51.0
49.0
46.0
44.0
50.0
56.0
50.0
60.0
53.0
46.0
63.0
53.0
53.0
60.0
62.0
56.0
49.0
57.0
80.0
58.0
58.0
47.0
39.0
42.0
47.0
58.0
66.0
64.0
65.0
58.0
60.0
54.0
46.0
66.0
57.0
52.0
56.0
68.0
55.0
53.0
61.0
64.0
59.0
57.0
61.0
61.0
55.0
54.0
52.0
55.0
56.0
61.0
58.0
60.0
50.0
61.0
50.0
59.0
62.0
60.0
63.0
47.0
63.0
58.0
58.0
38.0
60.0
61.0
70.0
61.0
59.0
75.0
57.0
46.0
48.0
55.0
59.0
62.0
53.0
64.0
50.0
66.0
56.0
52.0
58.0
64.0
59.0
51.0
46.0
51.0
66.0
61.0
52.0
51.0
61.0
52.0
51.0
49.0
64.0
60.0
56.0
51.0
55.0
50.0
45.0
52.0
49.0
50.0
48.0
56.0
49.0
61.0
73.0
66.0
55.0
51.0
72.0
56.0
38.0
55.0
65.0
48.0
63.0
61.0
59.0
58.0
57.0
64.0
58.0
74.0
48.0
62.0
52.0
53.0
61.0
56.0
62.0
45.0
66.0
64.0
64.0
62.0
55.0
44.0
70.0
59.0
56.0
50.0
69.0
51.0
69.0
53.0
65.0
40.0
64.0
49.0
62.0
62.0
60.0
65.0
51.0
60.0
59.0
51.0
43.0
58.0
65.0
48.0
63.0
47.0
66.0
75.0
59.0
66.0
66.0
66.0
45.0
63.0
57.0
62.0
43.0
64.0
58.0
65.0
62.0
61.0
54.0
74.0
80.0
62.0
52.0
77.0
63.0
56.0
69.0
65.0
70.0
66.0
62.0
66.0
50.0
44.0
56.0
58.0
65.0
49.0
58.0
52.0
67.0
56.0
52.0
60.0
52.0
50.0
52.0
49.0
54.0
59.0
53.0
56.0
70.0
71.0
61.0
58.0
52.0
55.0
57.0
64.0
57.0
54.0
60.0
53.0
56.0
57.0
54.0
70.0
48.0
69.0
74.0
71.0
61.0
55.0
58.0
58.0
55.0
61.0
67.0
58.0
55.0
56.0
52.0
57.0
62.0
53.0
48.0
61.0
45.0
81.0
53.0
64.0
66.0
48.0
63.0
55.0
66.0
61.0
47.0
65.0
56.0
64.0
72.0
54.0
56.0
49.0
51.0
58.0
55.0
62.0
52.0
53.0
74.0
66.0
59.0
60.0
51.0
57.0
72.0
54.0
64.0
65.0
67.0
56.0
56.0
57.0
56.0
56.0
59.0
61.0
59.0
61.0
57.0
62.0
65.0
67.0
57.0
54.0
56.0
58.0
72.0
71.0
52.0
56.0
68.0
47.0
52.0
55.0
59.0
75.0
72.0
41.0
55.0
67.0
64.0
56.0
55.0
74.0
67.0
60.0
71.0
63.0
49.0
56.0
65.0
54.0
60.0
63.0
64.0
66.0
57.0
53.0
53.0
59.0
67.0
45.0
69.0
73.0
58.0
77.0
84.0
54.0
61.0
78.0
59.0
48.0
53.0
38.0
62.0
65.0
57.0
62.0
66.0
72.0
77.0
66.0
61.0
56.0
69.0
57.0
54.0
52.0
66.0
56.0
59.0
75.0
67.0
69.0
84.0
54.0
83.0
76.0
84.0
77.0
88.0
71.0
74.0
72.0
79.0
85.0
76.0
69.0
71.0
52.0
67.0
75.0
54.0
48.0
63.0
75.0
61.0
66.0
62.0
56.0
60.0
70.0
55.0
71.0
57.0
66.0
68.0
55.0
59.0
70.0
90.0
75.0
90.0
86.0
87.0
74.0
79.0
99.0
79.0
100.0
119.0
83.0
81.0
83.0
90.0
91.0
78.0
79.0
72.0
63.0
78.0
71.0
89.0
63.0
68.0
79.0
64.0
70.0
59.0
66.0
65.0
63.0
77.0
61.0
67.0
69.0
59.0
47.0
59.0
65.0
64.0
61.0
66.0
61.0
66.0
61.0
55.0
61.0
67.0
50.0
63.0
55.0
62.0
61.0
79.0
63.0
72.0
60.0
82.0
75.0
79.0
77.0
69.0
81.0
85.0
83.0
87.0
78.0
108.0
60.0
77.0
81.0
70.0
70.0
80.0
61.0
76.0
60.0
57.0
49.0
60.0
57.0
57.0
78.0
49.0
59.0
58.0
64.0
52.0
58.0
58.0
48.0
62.0
45.0
41.0
50.0
64.0
51.0
44.0
59.0
49.0
53.0
40.0
58.0
55.0
42.0
41.0
63.0
51.0
48.0
49.0
54.0
34.0
54.0
51.0
49.0
46.0
42.0
40.0
44.0
52.0
48.0
50.0
44.0
34.0
33.0
44.0
39.0
41.0
37.0
38.0
50.0
42.0
42.0
40.0
45.0
37.0
35.0
42.0
41.0
35.0
46.0
35.0
34.0
54.0
41.0
49.0
40.0
38.0
37.0
40.0
39.0
53.0
46.0
46.0
27.0
42.0
42.0
30.0
53.0
45.0
44.0
35.0
42.0
40.0
38.0
44.0
52.0
49.0
41.0
46.0
43.0
40.0
32.0
59.0
39.0
42.0
35.0
43.0
32.0
37.0
41.0
30.0
41.0
52.0
38.0
47.0
38.0
44.0
36.0
41.0
46.0
42.0
42.0
39.0
42.0
42.0
33.0
39.0
47.0
39.0
33.0
46.0
30.0
29.0
31.0
