../2_Decay/DataFilesGe/Decay/415119G2.TXTBackgroundRemoved 
0
0
0
0
0
0
0
0
0
0
0
0
1
1
3
52
56
24
26
24
37
26
13
7
14
24
57
229
29
33
63
0
30
5
50
64
3134
650
43
472
429
20
13
0
18
3
18
7
8
8
19
12
30
23
7
7
5
11
31
13
41
14
15
28
17
25
3
29
14
15
2
6
7
7
7
7
18
18
18
18
9
9
9
5
5
5
1
33
10
10
10
10
10
0
4
4
10
10
10
10
5
5
22
11
5
5
11
3
3
3
9
32
13
25
7
16
10
14
14
8
25
25
22
14
3
24
24
24
56
56
12
14
3
3
25
15
14
25
25
22
36
21
13
13
23
0
28
28
28
17
17
6
10
10
10
10
9
9
6
9
4
23
2033
1751
1751
1751
16
11
11
3
12
1
1
17
17
17
13
36
4
21
1
1
1
2
2
24
254
58
0
44
51
51
51
51
16
16
0
22
11
11
9
14
14
14
3
6
6
6
12
12
12
12
3
0
0
2
2
2
9
8
8
0
2
2
13
13
13
6
18
9
9
21
21
21
21
13
12
12
5
5
9
17
17
4
2
2
2
2
2
2
4
1
1
11
5
5
0
0
0
0
0
0
0
1
1
2
18
1
0
0
0
0
8
11
11
7
7
7
4
13
2
22
10
10
1
10
2
0
0
2
2
1
11
17
17
1
1
1
0
2
2
6
5
5
5
5
1
1
2
7
9
2
2
2
10
10
10
1
1
2
2
2
2
9
1
0
0
0
0
5
5
12
4
4
0
0
7
7
10
5
5
5
5
8
5
7
7
1
1
1
5
2
4
4
2
0
0
13
5
5
5
10
2
8
4
8
1
1
3
4
4
2
5
3
4
5
3
4
0
0
0
1
1
0
3
3
3
3
6
6
2
4
10
10
10
1
1
3
0
13
13
2
1
1
1
1
6
1
1
0
5
5
3
1
0
0
2
6
6
0
1
2
2
5
5
5
5
0
0
0
0
2
13
4
4
2
5
0
1
10
10
10
10
10
0
1
0
0
4
4
4
4
4
9
9
6
6
2
0
12
1
5
0
0
4
9
1
3
2
0
0
4
3
3
0
4
3
0
0
0
7
2
3
3
3
3
0
2
1
0
0
7
7
1
1
12
24
17
26
1
4
0
4
4
4
4
4
4
0
0
0
0
0
5
3
3
3
1
1
4
3
3
3
6
6
6
0
0
0
0
2
4
4
6
0
0
2
4
4
4
2
1
0
3
0
0
0
0
0
3
3
3
3
3
3
2
3
3
3
3
3
1
1
2
1
0
0
8
2
0
0
3
3
0
0
0
4
4
3
3
3
3
3
3
3
3
1
1
1
2
2
0
0
0
5
5
1
4
4
4
4
0
3
4
4
4
6
0
2
2
1
1
5
4
4
4
6
6
2
2
2
1
2
3
3
3
3
3
2
2
2
2
2
1
6
4
4
4
4
13
0
0
0
2
2
2
3
1
1
0
0
0
1
0
1
1
1
2
2
4
4
4
3
3
3
3
2
2
6
0
0
2
2
3
3
2
2
2
0
0
0
0
0
0
0
0
0
0
0
0
3
0
1
1
1
1
6
0
3
3
1
1
0
1
1
0
2
1
1
1
1
1
2
1
1
1
1
1
1
1
4
1
1
3
3
0
1
1
2
1
0
1
1
6
6
6
0
0
0
2
2
2
2
1
1
1
3
3
3
0
1
4
1
1
6
1
1
3
3
3
3
2
2
2
2
2
2
1
1
1
0
0
2
2
0
0
0
0
0
3
2
2
0
2
2
2
0
0
0
0
0
0
1
1
0
0
0
0
1
1
1
1
3
3
0
1
0
2
2
2
2
2
2
1
1
1
1
1
1
1
1
2
2
2
1
0
4
4
4
4
1
2
2
2
2
3
1
3
1
1
1
1
1
1
1
1
0
0
1
6
1
1
0
1
1
1
1
1
2
2
2
2
2
0
0
0
2
2
2
0
0
1
2
1
1
4
1
1
1
1
1
1
1
7
1
2
2
1
1
4
0
2
2
2
1
5
1
1
6
0
0
0
0
2
2
2
2
2
2
0
0
0
0
0
0
0
0
0
1
0
0
2
1
1
1
2
2
2
2
0
1
1
7
0
0
3
1
2
2
2
2
1
1
1
1
3
3
2
2
1
1
1
3
1
0
0
0
1
0
0
3
1
1
2
0
0
0
0
0
0
0
2
5
5
5
0
0
1
0
0
0
0
0
1
1
1
1
1
1
1
1
1
1
0
0
0
4
0
0
0
0
1
0
0
0
0
1
1
1
2
2
0
0
1
1
1
1
1
3
3
0
0
2
2
