
 0   870 
 1   921 
 2   856 
 3   849 
 4   911 
 5   890 
 6   812 
 7   772 
 8   795 
 9   830 
 10   834 
 11   801 
 12   795 
 13   777 
 14   807 
 15   798 
 16   839 
 17   814 
 18   801 
 19   799 
 20   791 
 21   796 
 22   759 
 23   785 
 24   766 
 25   756 
 26   786 
 27   741 
 28   757 
 29   753 
 30   761 
 31   725 
 32   735 
 33   762 
 34   738 
 35   791 
 36   791 
 37   771 
 38   732 
 39   721 
 40   747 
 41   740 
 42   752 
 43   767 
 44   789 
 45   764 
 46   777 
 47   773 
 48   774 
 49   745 
 50   817 
 51   820 
 52   779 
 53   774 
 54   787 
 55   843 
 56   814 
 57   839 
 58   830 
 59   725 
 60   815 
 61   782 
 62   805 
 63   822 
 64   834 
 65   833 
 66   797 
 67   788 
 68   810 
 69   796 
 70   854 
 71   841 
 72   807 
 73   765 
 74   780 
 75   834 
 76   806 
 77   880 
 78   813 
 79   790 
 80   855 
 81   747 
 82   821 
 83   828 
 84   814 
 85   822 
 86   762 
 87   849 
 88   803 
 89   826 
 90   772 
 91   777 
 92   775 
 93   838 
 94   843 
 95   807 
 96   811 
 97   819 
 98   817 
 99   842 
 100   737 
 101   858 
 102   820 
 103   782 
 104   762 
 105   821 
 106   780 
 107   816 
 108   807 
 109   824 
 110   810 
 111   747 
 112   775 
 113   746 
 114   763 
 115   749 
 116   761 
 117   771 
 118   820 
 119   877 
 120   945 
 121   990 
 122   977 
 123   1004 
 124   909 
 125   802 
 126   763 
 127   710 
 128   684 
 129   676 
 130   630 
 131   624 
 132   616 
 133   616 
 134   605 
 135   607 
 136   638 
 137   611 
 138   571 
 139   598 
 140   585 
 141   625 
 142   703 
 143   857 
 144   1058 
 145   1140 
 146   1065 
 147   950 
 148   720 
 149   584 
 150   491 
 151   452 
 152   448 
 153   416 
 154   433 
 155   437 
 156   404 
 157   400 
 158   383 
 159   408 
 160   423 
 161   414 
 162   414 
 163   430 
 164   411 
 165   440 
 166   407 
 167   405 
 168   422 
 169   431 
 170   409 
 171   428 
 172   445 
 173   427 
 174   453 
 175   419 
 176   426 
 177   486 
 178   469 
 179   491 
 180   494 
 181   478 
 182   516 
 183   523 
 184   501 
 185   558 
 186   546 
 187   546 
 188   591 
 189   587 
 190   722 
 191   860 
 192   1205 
 193   1654 
 194   1884 
 195   1902 
 196   1640 
 197   1218 
 198   936 
 199   724 
 200   659 
 201   621 
 202   681 
 203   657 
 204   709 
 205   684 
 206   683 
 207   732 
 208   691 
 209   685 
 210   662 
 211   707 
 212   668 
 213   686 
 214   693 
 215   673 
 216   702 
 217   705 
 218   723 
 219   680 
 220   687 
 221   714 
 222   729 
 223   733 
 224   709 
 225   696 
 226   743 
 227   761 
 228   730 
 229   756 
 230   697 
 231   670 
 232   758 
 233   753 
 234   724 
 235   774 
 236   693 
 237   721 
 238   743 
 239   719 
 240   749 
 241   692 
 242   710 
 243   692 
 244   714 
 245   749 
 246   676 
 247   725 
 248   644 
 249   701 
 250   726 
 251   721 
 252   683 
 253   647 
 254   731 
 255   730 
 256   741 
 257   686 
 258   686 
 259   682 
 260   664 
 261   669 
 262   707 
 263   641 
 264   679 
 265   642 
 266   651 
 267   698 
 268   677 
 269   657 
 270   672 
 271   656 
 272   714 
 273   648 
 274   718 
 275   715 
 276   685 
 277   657 
 278   694 
 279   678 
 280   686 
 281   661 
 282   678 
 283   684 
 284   674 
 285   718 
 286   696 
 287   782 
 288   756 
 289   878 
 290   886 
 291   1015 
 292   1110 
 293   1148 
 294   1262 
 295   1289 
 296   1319 
 297   1301 
 298   1270 
 299   1327 
 300   1243 
 301   1185 
 302   1275 
 303   1327 
 304   1534 
 305   1937 
 306   2063 
 307   1857 
 308   1508 
 309   1008 
 310   813 
 311   662 
 312   650 
 313   547 
 314   637 
 315   593 
 316   602 
 317   579 
 318   587 
 319   554 
 320   602 
 321   617 
 322   617 
 323   662 
 324   815 
 325   1103 
 326   1565 
 327   2044 
 328   2095 
 329   1840 
 330   1359 
 331   859 
 332   637 
 333   670 
 334   944 
 335   1670 
 336   1934 
 337   1629 
 338   890 
 339   599 
 340   444 
 341   377 
 342   347 
 343   363 
 344   345 
 345   374 
 346   415 
 347   370 
 348   321 
 349   323 
 350   316 
 351   314 
 352   387 
 353   384 
 354   464 
 355   660 
 356   1092 
 357   2003 
 358   2966 
 359   3596 
 360   3570 
 361   2569 
 362   1537 
 363   868 
 364   576 
 365   630 
 366   1422 
 367   2270 
 368   2208 
 369   1312 
 370   727 
 371   352 
 372   256 
 373   242 
 374   243 
 375   218 
 376   238 
 377   242 
 378   228 
 379   210 
 380   260 
 381   216 
 382   227 
 383   228 
 384   211 
 385   239 
 386   199 
 387   204 
 388   210 
 389   239 
 390   234 
 391   255 
 392   230 
 393   241 
 394   266 
 395   288 
 396   437 
 397   1028 
 398   2745 
 399   6150 
 400   11536 
 401   16101 
 402   16542 
 403   12348 
 404   7094 
 405   3201 
 406   1269 
 407   505 
 408   282 
 409   238 
 410   234 
 411   240 
 412   251 
 413   258 
 414   293 
 415   333 
 416   310 
 417   317 
 418   287 
 419   315 
 420   283 
 421   255 
 422   196 
 423   201 
 424   210 
 425   188 
 426   186 
 427   155 
 428   168 
 429   183 
 430   151 
 431   154 
 432   183 
 433   136 
 434   139 
 435   146 
 436   153 
 437   152 
 438   186 
 439   174 
 440   191 
 441   189 
 442   201 
 443   209 
 444   261 
 445   273 
 446   382 
 447   554 
 448   940 
 449   2345 
 450   6160 
 451   15240 
 452   34028 
 453   62037 
 454   96259 
 455   128543 
 456   151560 
 457   162822 
 458   167693 
 459   167776 
 460   161845 
 461   137878 
 462   92509 
 463   45737 
 464   17008 
 465   5132 
 466   1249 
 467   333 
 468   184 
 469   81 
 470   45 
 471   19 
 472   10 
 473   6 
 474   3 
 475   1 
 476   3 
 477   4 
 478   0 
 479   1 
 480   3 
 481   2 
 482   2 
 483   2 
 484   1 
 485   1 
 486   4 
 487   4 
 488   1 
 489   2 
 490   2 
 491   1 
 492   0 
 493   5 
 494   2 
 495   1 
 496   2 
 497   2 
 498   4 
 499   1 
 500   1 
 501   0 
 502   4 
 503   5 
 504   2 
 505   3 
 506   1 
 507   0 
 508   4 
 509   5 
 510   3 
 511   4 
