radiacao de fundo
0
0
0
0
0
0
0
0
1
0
0
0
8
8
111
485
412
297
347
402
357
233
149
160
236
421
665
872
862
938
779
491
278
151
112
98
90
79
70
85
78
82
95
91
75
75
72
87
84
80
69
74
82
113
84
93
98
96
101
100
85
94
82
114
106
97
104
110
114
128
115
139
137
145
136
117
144
144
135
149
141
167
149
167
177
158
176
169
165
155
172
180
170
168
166
173
156
183
168
166
180
196
179
185
176
196
180
161
192
181
177
177
178
184
177
185
170
187
175
181
155
160
174
175
167
167
184
173
160
178
168
148
155
153
179
182
177
137
156
151
146
161
139
162
160
143
134
133
143
125
142
116
130
138
135
138
133
133
126
123
121
124
141
127
108
112
123
119
109
88
110
97
113
110
103
111
94
107
93
109
105
105
105
93
86
87
89
96
97
96
108
90
108
82
86
75
85
88
93
76
76
69
85
72
92
67
83
91
90
88
80
70
94
68
74
68
71
60
60
73
62
69
68
59
71
57
65
43
60
54
70
60
72
49
62
65
56
57
51
73
84
50
48
65
57
54
62
44
55
52
51
57
45
46
48
39
47
39
48
28
48
47
45
42
36
39
42
46
47
45
46
32
42
36
37
40
39
40
48
38
40
43
39
32
37
31
30
32
33
31
37
23
30
41
46
31
32
30
41
30
32
28
27
25
40
29
21
20
38
26
16
26
22
31
35
35
32
27
26
31
31
25
28
22
30
20
20
16
26
24
29
33
25
28
25
29
24
25
31
19
29
18
17
24
21
28
19
51
45
24
19
16
22
21
19
21
33
30
20
24
16
18
19
18
10
15
10
15
21
24
17
20
18
13
24
15
25
20
16
18
14
22
20
24
19
20
21
22
19
17
15
20
18
11
15
22
14
11
17
21
19
15
20
19
17
11
12
12
16
14
18
13
20
12
17
23
10
15
17
16
10
16
12
10
17
19
14
14
12
16
11
11
16
15
13
13
14
15
13
15
16
12
10
11
16
9
14
9
10
16
13
13
8
13
15
15
13
14
19
20
9
17
19
17
10
10
12
11
17
9
11
13
14
20
14
9
10
10
12
10
13
18
20
9
7
12
8
9
12
7
9
8
8
8
13
11
17
13
24
17
29
13
15
16
6
11
16
16
9
13
11
13
10
7
6
12
15
12
10
9
10
10
10
8
10
10
9
7
9
12
18
12
10
9
10
3
8
11
12
9
5
5
6
9
4
5
9
16
3
3
4
12
9
10
8
12
8
11
8
14
8
11
6
6
10
8
12
15
15
17
11
9
11
14
12
9
6
7
6
8
5
12
6
10
7
6
12
8
4
7
6
14
17
33
24
24
8
8
8
3
8
4
6
7
5
4
4
8
6
4
9
4
4
8
10
10
7
6
9
8
5
5
4
7
8
9
8
4
10
4
4
8
8
2
4
4
5
6
9
9
3
7
10
15
23
8
10
7
7
3
11
3
6
4
1
6
6
6
7
2
4
8
3
6
9
5
5
7
6
7
9
5
3
4
6
5
6
8
8
8
6
6
6
5
8
7
6
4
3
13
4
5
4
7
4
7
5
5
3
9
10
6
4
4
5
10
7
9
4
5
5
7
6
5
4
2
7
3
6
4
7
7
9
9
5
6
4
7
5
7
4
9
4
3
5
9
4
7
3
4
4
5
8
5
8
9
12
5
5
4
6
11
3
7
4
7
5
4
4
8
5
6
7
8
11
5
5
4
6
4
4
4
6
3
6
5
4
3
6
2
7
7
6
6
6
4
1
6
8
6
6
3
1
5
2
4
0
4
4
2
3
5
2
6
5
6
4
3
5
3
2
4
2
4
5
6
3
1
2
3
3
8
7
6
4
5
3
4
2
4
0
2
6
4
4
4
4
2
3
5
3
3
3
4
4
2
3
4
7
3
7
6
2
7
3
5
6
2
4
7
7
7
5
2
4
4
2
3
1
3
8
3
5
2
1
4
2
7
3
8
7
6
12
8
8
8
4
2
3
3
3
4
1
4
4
5
2
6
4
2
7
6
7
3
3
7
1
5
2
5
9
3
5
0
1
4
4
3
4
11
7
3
6
10
5
1
3
4
3
0
2
5
7
6
11
7
6
8
10
3
7
6
2
6
8
4
8
3
4
3
0
3
4
6
1
3
2
4
3
5
2
5
7
2
5
1
2
2
0
3
2
4
1
7
4
8
5
1
4
3
7
3
4
5
4
5
2
1
1
6
3
6
6
8
4
2
5
3
6
2
4
6
4
2
5
5
2
5
7
5
3
5
2
6
5
3
1
3
3
7
3
6
2016
4
