radiacao de fundo
0
0
0
0
0
0
0
0
0
0
0
0
0
1
40
220
133
114
102
104
108
127
106
102
94
88
104
110
130
162
161
174
143
110
93
76
84
73
61
58
87
75
78
70
67
71
80
67
81
58
68
77
73
73
60
93
79
89
86
88
116
77
81
95
102
108
96
93
84
113
111
120
129
123
120
118
126
130
123
121
127
119
138
146
173
158
150
120
163
154
165
139
171
161
154
172
164
162
162
150
172
135
157
157
165
149
141
152
155
186
148
156
167
165
173
172
149
153
146
160
167
177
147
156
141
163
146
135
135
139
152
141
138
143
146
140
146
129
159
129
152
129
129
136
123
125
126
119
137
123
106
128
116
117
111
107
89
119
117
126
91
116
102
97
112
112
113
102
97
87
94
90
97
98
93
106
92
86
86
90
85
85
82
71
85
79
74
80
90
99
72
83
89
73
63
88
79
74
87
86
65
81
94
76
76
53
65
75
65
73
56
60
63
82
64
51
62
50
50
49
53
57
56
61
71
58
56
41
59
47
68
37
48
49
44
65
44
55
61
71
47
64
61
46
35
38
52
27
40
50
39
36
36
41
44
32
37
35
35
34
36
43
42
34
39
40
35
38
32
36
25
30
34
28
40
35
38
34
38
38
31
31
32
32
41
29
38
27
36
25
43
26
28
40
36
15
24
29
29
22
35
30
26
26
25
21
23
18
27
19
21
18
21
17
22
25
24
17
15
34
23
23
19
21
19
25
20
20
23
24
34
26
17
19
30
16
23
23
27
20
20
20
25
27
13
15
34
39
27
16
18
15
21
21
22
23
17
18
22
18
21
25
22
14
19
18
13
15
9
19
12
18
17
19
16
12
18
12
17
17
22
13
19
16
17
19
18
17
11
11
17
11
18
15
19
22
16
17
10
14
19
10
20
21
20
8
20
19
12
13
9
14
15
8
16
15
12
14
15
14
11
6
15
17
13
15
13
17
14
17
9
11
17
3
11
12
14
14
11
5
9
9
5
9
8
8
16
12
7
9
10
13
12
11
20
12
7
18
9
13
9
9
15
5
10
11
12
6
9
8
10
12
5
6
5
6
11
8
5
7
12
10
4
7
8
11
9
10
9
11
10
3
6
7
9
12
10
20
21
25
18
7
9
6
7
9
11
6
6
6
10
7
12
12
8
8
6
11
7
5
11
7
10
15
12
5
7
3
9
10
13
3
12
3
14
10
8
9
7
8
7
9
2
13
5
5
8
14
10
6
15
10
12
10
5
6
8
10
8
2
10
9
11
7
6
10
9
13
21
16
15
2
18
5
8
10
7
5
9
6
6
8
7
5
5
4
6
6
15
8
6
14
23
40
20
4
4
6
8
13
12
7
3
4
3
4
7
4
11
10
8
6
10
3
8
9
7
8
5
8
11
7
9
6
2
8
7
5
4
4
9
5
7
8
7
3
9
6
7
6
6
16
14
17
10
6
6
8
9
7
7
6
6
8
8
4
5
3
5
5
3
3
4
9
2
3
5
4
3
5
9
6
5
4
8
5
10
5
9
5
6
6
8
8
8
2
5
5
8
5
8
2
3
3
6
5
11
8
2
3
2
3
3
2
10
9
5
4
3
8
5
5
7
3
5
2
7
7
5
8
11
2
9
2
3
4
4
9
6
7
6
3
5
6
7
6
4
5
6
10
3
3
6
5
2
6
3
5
6
8
2
5
7
4
7
8
4
4
6
10
8
6
2
6
5
3
5
5
3
4
6
2
3
3
6
5
8
5
4
2
3
6
7
6
3
4
4
3
5
1
4
9
4
2
5
3
4
1
7
5
1
4
4
6
7
4
2
11
7
3
4
5
6
5
7
1
2
3
5
2
5
7
3
1
3
6
2
4
4
5
7
3
4
4
4
8
5
5
2
1
5
5
3
6
3
3
3
5
2
5
1
7
1
3
8
6
7
5
7
3
4
4
3
3
5
3
1
2
1
6
3
5
5
7
1
4
2
4
8
16
10
12
9
2
4
4
0
2
3
3
4
2
3
1
2
4
2
7
5
2
12
6
4
5
3
3
3
6
3
6
7
0
5
1
3
4
1
4
4
6
4
2
2
5
5
2
2
1
1
4
9
7
6
6
8
14
6
8
7
5
0
0
2
0
3
4
3
4
3
3
5
4
1
3
2
2
4
1
8
2
2
3
5
3
4
5
2
5
1
4
5
1
3
1
4
3
2
5
4
3
3
4
3
2
3
2
4
6
2
6
2
1
4
2
3
5
0
4
3
5
2
2
4
4
4
3
3
2
7
3
2
3
5
4
3
4
6
3
2
4
2
2
1736
0
