radiacao de fundo
0
0
0
0
0
0
0
0
0
0
0
0
1
0
34
173
138
142
124
94
111
115
82
73
63
74
94
68
92
101
96
84
56
58
53
76
56
62
59
66
70
56
91
97
71
72
52
62
72
81
62
73
54
73
69
75
97
90
79
110
78
76
101
73
111
92
123
96
102
105
112
103
124
113
102
130
110
121
151
120
116
131
136
138
148
163
163
141
145
159
141
144
146
153
137
149
158
147
171
164
144
146
143
146
159
174
154
183
176
143
152
150
166
160
156
128
150
171
151
124
163
132
132
127
133
142
166
181
158
163
154
149
148
125
128
142
155
143
168
175
139
130
137
123
143
111
126
119
122
124
116
131
103
141
127
119
121
105
131
115
116
140
111
107
121
92
94
113
104
109
122
70
99
105
89
95
86
97
80
92
80
91
92
106
77
85
76
80
91
88
94
87
70
83
77
74
94
60
82
69
78
82
64
67
73
52
70
65
66
68
64
72
78
65
65
60
63
53
70
48
60
50
64
60
49
53
61
62
53
46
64
57
49
62
54
42
44
49
47
72
67
42
57
54
54
44
42
40
43
48
41
32
43
44
52
29
42
45
38
44
46
38
43
22
32
33
46
44
48
41
29
37
29
42
29
35
36
32
27
26
33
36
37
34
28
34
21
27
29
25
24
33
32
54
40
30
28
30
25
33
21
34
26
30
32
30
21
26
25
25
26
19
25
38
23
24
34
23
14
22
28
16
23
30
23
33
19
22
35
30
25
24
23
28
19
33
18
25
21
28
19
21
17
19
28
14
20
55
41
12
20
23
23
25
10
21
10
25
20
16
19
22
23
20
18
18
17
29
25
24
17
21
12
12
23
23
21
12
17
16
16
13
18
19
9
17
16
11
10
15
21
21
21
18
11
20
8
12
17
15
10
17
23
14
14
18
17
9
16
8
21
8
12
11
18
10
12
12
17
8
11
20
18
11
9
14
9
13
8
12
16
17
8
20
12
11
12
8
8
16
12
13
12
9
2
9
13
11
11
13
7
14
16
7
16
14
12
19
14
9
11
10
11
12
12
12
9
6
12
9
15
6
13
11
11
14
7
19
10
5
7
6
13
11
11
7
11
13
16
14
6
9
6
13
8
10
12
8
22
26
15
9
12
11
15
10
7
10
7
9
17
5
6
7
7
11
10
7
18
6
7
4
9
8
0
8
7
12
11
5
11
9
8
4
10
11
11
5
12
5
10
9
8
12
12
11
4
6
10
5
6
8
11
7
4
7
4
9
8
7
8
8
8
7
3
5
13
18
16
18
13
8
6
7
1
3
9
7
5
7
11
7
7
6
7
12
11
10
9
5
10
13
14
31
22
9
1
6
12
13
4
10
3
5
5
5
6
3
9
4
5
7
5
8
9
7
7
7
5
6
7
7
5
4
9
7
4
5
10
5
7
9
5
6
8
4
5
6
7
3
6
2
13
21
14
6
6
7
3
9
3
5
4
8
4
14
5
7
3
2
6
11
5
6
4
7
10
6
1
10
3
5
6
5
3
4
5
10
7
4
3
2
3
5
6
6
5
6
8
2
3
5
1
8
3
2
7
4
5
8
3
8
3
3
3
8
10
4
4
2
7
2
2
7
1
7
7
2
6
6
3
9
3
9
5
2
1
5
6
6
7
2
5
6
5
3
4
4
5
5
7
8
7
4
3
12
6
5
6
6
5
5
7
6
4
7
7
0
4
0
8
4
2
1
4
5
2
3
2
5
7
7
4
2
6
5
2
6
6
3
4
12
5
4
5
4
4
4
7
7
7
7
4
4
5
7
5
5
7
3
4
7
1
5
6
5
9
2
4
2
4
2
3
3
5
3
6
5
3
4
9
3
4
3
4
4
3
4
2
4
2
1
2
6
5
6
2
4
2
1
2
8
4
10
2
1
2
7
5
3
7
3
3
6
3
2
3
3
2
2
5
4
6
1
7
3
6
3
5
6
2
5
7
6
2
6
1
4
3
4
4
13
16
5
4
6
4
4
5
0
6
2
0
1
3
3
1
4
3
4
4
4
4
3
5
2
2
3
1
4
2
3
1
2
4
2
4
4
4
0
4
4
8
4
5
2
4
3
9
6
3
3
3
10
5
2
9
8
6
9
5
3
6
5
0
5
4
1
2
3
4
0
6
2
1
1
3
8
4
2
5
4
5
4
4
0
1
0
7
0
4
3
2
3
2
3
6
4
3
4
5
8
3
3
3
7
5
4
3
4
5
2
1
4
1
6
2
6
2
3
5
3
1
1
6
2
3
3
4
4
2
5
2
3
4
5
2
3
3
2
4
4
1825
0
