radiacao de fundo
1
0
0
0
0
0
0
0
0
0
0
0
1
2
58
250
182
111
90
107
105
91
84
71
77
68
89
85
78
68
81
74
81
76
65
72
61
64
74
77
72
59
78
90
73
68
71
79
68
66
69
61
66
65
86
88
76
84
93
78
97
82
75
97
89
94
91
94
107
118
127
133
96
113
134
138
146
129
140
136
112
141
149
148
171
141
166
138
133
153
145
153
163
190
139
149
168
147
161
145
154
157
137
165
142
174
168
165
165
148
152
166
159
160
135
141
169
171
156
169
157
149
143
166
143
153
164
138
148
130
146
137
129
148
140
119
145
152
109
136
125
171
129
120
118
138
119
133
108
124
122
147
111
111
110
137
123
106
116
120
133
124
111
120
93
131
102
109
97
81
78
90
100
94
97
95
80
101
96
93
79
87
83
80
84
91
76
86
82
100
81
90
67
95
74
72
85
81
71
66
82
74
71
65
64
63
64
70
72
49
72
72
75
66
52
56
60
63
59
50
60
62
61
55
63
60
59
46
60
33
47
63
47
56
55
49
52
35
47
73
77
52
63
54
50
57
35
51
40
38
42
46
48
38
45
49
46
32
38
45
50
41
41
42
31
38
30
24
37
41
30
41
29
27
31
38
30
34
45
31
31
44
30
34
42
29
25
27
31
30
38
39
28
49
31
31
24
23
30
29
31
30
24
23
27
35
23
29
28
30
25
13
28
25
23
12
15
18
26
23
22
23
18
28
19
30
25
17
21
26
23
30
23
26
31
16
17
28
24
18
11
16
22
13
16
15
22
62
37
19
15
16
15
15
15
19
16
17
20
18
14
20
14
17
14
13
17
12
17
22
14
16
9
23
15
17
15
9
14
14
21
14
13
11
20
15
14
22
19
17
14
19
17
16
14
12
13
11
17
9
14
16
21
18
10
16
15
16
9
11
9
12
15
15
7
17
14
13
12
15
13
8
6
15
12
10
12
5
6
8
11
24
17
12
12
12
8
6
13
10
15
11
22
14
11
16
11
13
19
9
17
7
12
16
14
14
14
16
11
8
7
9
12
14
20
9
16
9
7
8
18
10
9
15
14
10
6
4
10
14
11
12
8
7
18
6
13
12
11
5
11
5
11
16
11
11
8
19
20
14
17
13
1
3
13
3
6
10
8
9
6
6
14
12
9
12
4
8
10
11
8
10
4
8
13
6
10
5
6
8
8
8
10
4
9
8
6
8
7
8
8
17
7
8
6
12
4
5
5
4
9
10
8
5
7
10
10
12
6
6
8
3
7
2
5
11
8
14
18
11
11
10
7
4
14
6
6
11
7
6
8
7
12
6
7
5
9
6
5
9
6
15
12
32
25
3
6
6
3
2
6
8
10
7
2
8
5
4
6
2
4
6
4
6
7
9
6
6
7
8
10
6
12
6
2
1
10
8
6
7
7
6
5
9
4
5
2
6
8
5
4
5
23
20
15
10
4
6
7
5
9
8
5
6
5
3
4
5
3
4
3
5
6
7
10
6
6
3
7
2
7
3
4
4
7
7
2
2
5
5
7
3
5
5
7
5
1
6
2
4
5
12
8
1
8
5
4
3
4
3
0
2
7
4
9
5
5
4
5
6
4
4
5
5
4
1
4
7
4
5
5
3
6
6
4
4
6
1
9
3
7
4
5
10
6
6
8
3
3
7
7
5
6
6
2
5
1
3
4
2
3
5
6
9
6
4
3
4
4
5
5
10
8
4
5
6
2
4
2
1
4
3
7
1
4
4
4
5
4
5
6
3
0
7
2
6
4
5
7
6
4
5
5
5
5
1
6
6
7
4
3
4
4
2
4
5
2
6
6
2
5
6
4
6
5
5
3
1
9
4
0
4
2
7
3
7
4
6
2
1
1
5
6
6
8
2
3
2
5
6
3
4
4
5
3
5
5
2
8
4
2
1
2
5
5
2
4
6
3
4
6
1
6
1
7
8
3
3
4
3
4
2
5
3
2
6
8
5
5
4
5
12
8
10
5
2
3
1
2
3
5
6
5
3
5
2
8
3
3
3
7
3
4
3
6
3
1
6
3
7
1
1
4
5
3
6
3
5
6
6
4
3
2
3
4
5
3
1
1
3
4
1
2
2
5
6
4
12
4
5
6
4
4
3
5
4
5
0
1
2
4
2
8
3
6
1
3
2
6
3
4
3
4
4
2
1
5
3
1
2
2
2
3
5
7
3
2
2
6
0
4
7
1
2
6
4
3
3
2
6
2
1
2
1
2
5
5
3
2
2
6
1
6
2
8
3
5
3
4
4
2
3
4
2
2
1
2
1
5
2
9
3
1790
0
