radiacao de fundo
0
0
0
0
0
0
0
0
0
0
0
0
0
1
32
145
114
98
123
121
96
95
102
82
73
65
68
83
86
82
73
81
63
71
83
64
65
66
69
73
56
71
73
81
66
80
81
82
77
57
61
67
69
63
80
80
87
78
103
76
79
83
96
80
87
97
98
104
121
125
116
105
101
118
126
113
97
135
145
137
139
118
148
155
137
140
147
155
145
156
154
138
153
146
146
153
148
145
147
167
168
164
145
156
159
128
179
141
159
164
142
179
161
161
140
165
142
137
160
149
156
145
153
164
151
160
151
168
151
166
162
170
161
151
135
156
169
126
155
155
128
132
141
141
121
134
118
120
108
130
103
133
138
133
127
127
109
114
106
94
108
104
97
101
96
79
95
102
99
97
93
101
88
96
91
101
83
94
99
100
83
73
79
76
75
77
72
93
96
86
93
90
89
70
69
77
58
93
75
72
55
62
73
61
63
66
58
80
63
81
51
77
57
78
74
63
58
59
77
60
59
64
51
47
58
41
50
52
53
60
51
40
48
61
59
48
41
40
54
75
80
56
72
46
40
45
48
49
50
37
41
38
43
34
33
45
44
47
44
40
54
32
45
39
50
35
52
37
43
40
31
22
43
35
43
34
34
41
23
30
33
35
26
29
28
31
33
29
27
25
30
34
30
39
36
33
22
28
39
22
28
18
30
27
17
27
31
27
26
31
26
28
29
23
27
34
25
20
27
23
25
25
17
28
23
33
25
27
18
24
19
18
26
14
31
24
24
17
10
14
17
21
19
26
18
15
23
51
40
25
15
23
19
21
18
12
21
18
18
19
16
15
18
19
20
20
12
18
18
19
17
17
14
19
25
28
23
14
20
17
16
14
20
14
11
17
17
15
16
16
15
16
14
13
10
17
18
17
8
11
22
17
23
11
17
14
9
11
18
10
14
14
9
12
12
14
21
12
25
15
14
14
10
14
8
9
17
19
13
7
10
10
12
13
16
11
11
13
12
16
8
10
10
13
11
7
12
13
17
14
21
13
5
14
14
12
10
12
10
10
12
11
14
15
8
7
9
10
8
15
16
10
5
14
11
7
12
10
10
13
14
10
9
9
6
12
11
4
11
13
7
11
15
6
11
11
12
13
17
17
24
12
9
8
8
7
13
9
7
14
15
9
9
9
7
9
5
11
7
9
9
11
3
8
9
7
9
8
13
13
8
6
9
7
5
6
7
11
6
12
12
8
9
13
4
8
7
9
11
12
4
6
7
12
10
8
12
6
14
5
13
6
10
6
6
6
10
6
18
18
9
8
9
10
8
6
5
7
4
6
5
8
2
5
11
4
6
6
8
8
6
8
11
38
19
9
7
8
7
5
8
9
7
7
4
7
5
5
11
4
5
7
5
8
7
7
3
2
12
4
9
6
6
5
10
7
4
5
9
2
4
6
3
5
11
7
9
3
2
8
7
4
13
28
18
11
7
6
3
10
4
6
3
8
6
2
3
10
12
6
2
4
5
9
6
6
10
8
5
4
8
7
7
3
6
3
3
3
5
6
5
5
3
9
5
4
8
3
7
6
2
3
3
8
3
3
2
3
6
3
4
3
6
3
2
4
7
5
6
4
7
3
7
3
3
7
6
0
1
6
6
7
6
4
6
5
8
3
6
5
2
5
3
5
2
1
4
3
6
2
6
7
8
10
5
15
8
5
8
7
3
1
6
5
1
4
4
4
2
7
6
5
5
6
7
5
3
4
8
3
7
9
7
2
3
6
4
3
6
4
0
5
4
2
3
7
0
2
4
8
3
8
4
5
2
3
6
3
6
5
5
4
8
4
4
5
3
2
6
4
6
5
5
1
1
3
3
3
0
4
5
1
3
7
4
4
2
2
4
4
9
2
3
7
5
6
3
5
2
5
4
2
6
3
3
4
5
5
6
1
2
5
8
2
3
4
5
4
12
7
7
4
4
5
0
3
6
3
9
5
0
4
6
7
4
5
2
4
2
7
4
13
14
4
8
5
1
1
6
2
2
1
5
2
8
4
4
3
2
6
6
2
3
2
2
6
4
5
1
4
2
8
8
4
6
7
2
6
3
3
6
4
4
2
3
4
4
2
4
2
2
4
4
4
6
4
7
7
10
3
3
2
4
5
2
6
4
0
1
4
2
4
4
2
6
1
6
1
3
6
5
5
5
2
2
0
0
3
1
4
2
2
2
4
4
2
7
2
4
2
4
3
5
6
1
2
5
4
7
2
4
1
0
3
1
4
3
1
4
3
5
2
4
4
3
1
5
4
5
4
1
3
3
0
2
2
1
2
4
3
3
3
1843
0
