radiacao de fundo
0
0
0
0
0
0
0
0
0
0
0
0
1
2
68
283
223
120
104
166
148
148
80
75
79
78
67
74
81
70
79
103
64
78
74
71
75
85
73
73
69
72
78
85
63
56
70
84
74
63
73
71
71
74
60
80
81
79
89
87
96
82
101
102
106
98
112
107
102
119
119
124
114
91
130
130
131
118
140
97
127
125
135
144
160
140
151
150
151
144
146
130
164
131
161
175
161
146
170
170
180
162
178
167
147
148
160
165
169
148
163
132
155
164
167
149
148
162
156
140
162
155
143
143
152
136
147
150
143
172
150
131
141
130
136
138
127
134
119
153
111
134
125
135
131
152
131
140
126
128
124
117
116
143
132
111
115
129
111
120
93
117
90
89
110
89
91
97
114
97
106
97
105
100
89
97
91
97
96
87
88
98
100
78
96
105
81
87
81
71
74
71
84
71
77
96
54
70
76
89
73
63
57
59
68
63
64
60
60
79
64
60
53
59
65
67
58
75
66
38
69
53
53
58
74
46
58
58
50
43
64
62
50
58
39
44
58
57
48
60
52
48
57
59
53
35
43
41
34
47
43
36
35
42
46
38
40
50
40
29
36
37
49
42
40
49
49
37
41
44
51
38
31
40
29
53
51
38
26
22
30
36
32
29
28
40
30
28
27
28
28
39
27
36
44
34
27
29
33
24
21
26
23
31
27
18
18
17
28
23
30
28
20
24
40
17
31
24
22
29
27
28
26
26
25
27
20
21
17
19
23
28
17
30
20
28
29
23
22
22
21
20
22
26
23
22
23
35
45
19
13
20
18
16
33
12
15
19
23
18
20
18
21
16
11
16
11
22
18
21
14
25
14
18
16
13
18
24
9
14
16
14
11
12
16
12
17
21
17
16
10
12
15
12
20
17
16
19
18
13
11
14
10
13
14
13
18
18
8
12
11
14
13
15
7
21
16
14
9
14
10
11
12
11
13
14
11
14
17
13
9
15
5
13
7
8
10
10
16
19
16
14
14
14
13
12
16
7
13
7
15
14
11
14
10
6
8
10
15
8
13
6
12
7
11
8
12
11
11
5
9
8
8
11
11
7
14
14
2
7
6
15
8
11
8
7
7
14
4
15
10
12
13
5
9
9
13
6
15
12
10
10
5
5
14
9
9
12
10
10
4
10
12
10
17
11
11
9
6
6
7
7
9
12
13
4
8
7
13
5
2
7
7
5
9
10
13
12
11
9
3
5
10
14
10
6
8
11
7
3
6
10
12
11
3
7
12
9
1
13
7
9
11
9
11
10
8
7
17
14
17
10
8
10
8
10
4
5
9
9
7
5
7
8
15
13
11
10
9
8
8
11
14
29
18
6
8
12
7
12
6
4
5
8
5
1
5
12
8
10
6
3
7
7
6
7
4
4
3
9
3
8
7
5
4
5
13
2
9
10
5
8
11
7
10
6
4
5
6
8
7
7
5
20
10
10
4
8
5
7
5
4
11
10
6
6
3
15
4
7
9
3
9
6
8
5
10
5
7
6
13
4
5
3
2
5
7
6
8
4
3
1
9
4
6
5
3
1
6
6
6
5
5
3
1
4
6
3
5
6
7
4
9
8
7
5
9
7
8
9
5
6
3
10
5
4
2
6
2
5
2
4
4
5
5
4
4
1
3
6
7
4
6
6
5
11
4
5
4
5
1
5
4
5
7
5
2
4
6
4
8
5
5
4
7
5
0
2
5
8
4
3
5
5
9
5
5
3
2
6
5
2
12
9
5
5
6
4
10
4
6
5
8
9
4
5
2
7
6
3
4
4
4
7
3
3
8
2
6
7
3
4
3
5
0
1
5
2
2
3
4
1
4
3
4
2
7
3
8
3
5
5
2
3
5
0
6
3
4
3
4
5
3
2
4
7
6
6
3
4
8
5
5
3
3
8
5
3
4
4
5
5
5
5
5
6
7
5
3
4
5
4
6
3
3
7
6
6
2
3
9
4
6
8
6
3
0
4
8
4
3
7
11
9
8
4
3
5
3
3
5
6
6
3
2
3
5
5
4
4
2
2
4
7
6
4
6
3
2
4
3
7
6
2
6
3
6
3
9
3
2
2
8
7
7
5
3
4
4
7
4
6
9
5
6
5
3
7
3
4
9
3
9
6
6
3
5
2
4
2
4
4
1
2
3
2
3
2
6
4
3
4
7
3
0
6
1
5
2
5
4
9
0
3
3
6
4
1
2
3
6
5
3
4
5
5
4
6
4
2
3
2
2
1
2
5
1
5
2
2
3
4
4
3
3
4
5
2
1
3
1
5
5
6
2
5
4
3
2
3
4
6
1793
0
