
 0   5343 
 1   5229 
 2   5238 
 3   5179 
 4   5154 
 5   5086 
 6   5086 
 7   5089 
 8   5031 
 9   5007 
 10   5014 
 11   5019 
 12   5081 
 13   5093 
 14   5027 
 15   5006 
 16   5085 
 17   5115 
 18   5097 
 19   5050 
 20   5045 
 21   5052 
 22   5056 
 23   4995 
 24   5050 
 25   5057 
 26   5077 
 27   5172 
 28   5156 
 29   5084 
 30   5138 
 31   5014 
 32   5027 
 33   5088 
 34   5028 
 35   5015 
 36   5055 
 37   5065 
 38   5175 
 39   5121 
 40   5131 
 41   5150 
 42   5125 
 43   5066 
 44   5094 
 45   5014 
 46   5291 
 47   5177 
 48   5087 
 49   5102 
 50   5172 
 51   5284 
 52   5278 
 53   5263 
 54   5133 
 55   5127 
 56   5286 
 57   5248 
 58   5257 
 59   5260 
 60   5236 
 61   5192 
 62   5193 
 63   5293 
 64   5156 
 65   5243 
 66   5194 
 67   5175 
 68   5147 
 69   5112 
 70   5224 
 71   5242 
 72   5400 
 73   5350 
 74   5324 
 75   5345 
 76   5233 
 77   5396 
 78   5445 
 79   5437 
 80   5356 
 81   5426 
 82   5387 
 83   5378 
 84   5408 
 85   5262 
 86   5342 
 87   5304 
 88   5431 
 89   5333 
 90   5230 
 91   5517 
 92   5460 
 93   5338 
 94   5561 
 95   5408 
 96   5628 
 97   5788 
 98   6007 
 99   6008 
 100   6332 
 101   6552 
 102   6635 
 103   6506 
 104   6315 
 105   6061 
 106   5818 
 107   5773 
 108   5715 
 109   5717 
 110   5699 
 111   5648 
 112   5578 
 113   5619 
 114   5721 
 115   5602 
 116   5615 
 117   5533 
 118   5755 
 119   5765 
 120   5692 
 121   5551 
 122   5639 
 123   5629 
 124   5662 
 125   5557 
 126   5677 
 127   5635 
 128   5719 
 129   5600 
 130   5702 
 131   5600 
 132   5687 
 133   5647 
 134   5869 
 135   5848 
 136   5812 
 137   5565 
 138   5787 
 139   5733 
 140   5695 
 141   5692 
 142   5724 
 143   5790 
 144   5832 
 145   5858 
 146   5703 
 147   5691 
 148   5715 
 149   5745 
 150   5765 
 151   5687 
 152   5827 
 153   5889 
 154   5789 
 155   6012 
 156   5737 
 157   5731 
 158   5781 
 159   5682 
 160   5859 
 161   5797 
 162   5559 
 163   5786 
 164   5684 
 165   5760 
 166   5728 
 167   5753 
 168   5744 
 169   5819 
 170   5637 
 171   5693 
 172   5873 
 173   5676 
 174   5806 
 175   5697 
 176   5720 
 177   5655 
 178   5802 
 179   5740 
 180   5814 
 181   5879 
 182   5711 
 183   5870 
 184   5838 
 185   5816 
 186   5703 
 187   5758 
 188   5853 
 189   5775 
 190   5719 
 191   5812 
 192   5674 
 193   5789 
 194   5831 
 195   5703 
 196   5791 
 197   5875 
 198   5814 
 199   5780 
 200   5843 
 201   5766 
 202   5815 
 203   5849 
 204   5673 
 205   5726 
 206   5810 
 207   5665 
 208   5700 
 209   5670 
 210   5742 
 211   5716 
 212   5737 
 213   5674 
 214   5703 
 215   5570 
 216   5561 
 217   5560 
 218   5583 
 219   5639 
 220   5628 
 221   5544 
 222   5531 
 223   5623 
 224   5638 
 225   5617 
 226   5449 
 227   5341 
 228   5549 
 229   5379 
 230   5372 
 231   5406 
 232   5496 
 233   5383 
 234   5175 
 235   5270 
 236   5237 
 237   5349 
 238   5153 
 239   5168 
 240   5162 
 241   5236 
 242   5117 
 243   5008 
 244   4950 
 245   5021 
 246   4965 
 247   4953 
 248   5029 
 249   4936 
 250   4953 
 251   5101 
 252   5075 
 253   5118 
 254   4979 
 255   4925 
 256   4756 
 257   4717 
 258   4636 
 259   4601 
 260   4572 
 261   4295 
 262   4595 
 263   4550 
 264   4883 
 265   5371 
 266   6311 
 267   7317 
 268   8252 
 269   8887 
 270   8914 
 271   8408 
 272   7445 
 273   6254 
 274   5378 
 275   4648 
 276   4329 
 277   3962 
 278   3803 
 279   3663 
 280   3692 
 281   3480 
 282   3534 
 283   3465 
 284   3449 
 285   3480 
 286   3376 
 287   3493 
 288   3625 
 289   3670 
 290   4022 
 291   4253 
 292   4435 
 293   4325 
 294   4448 
 295   4351 
 296   3836 
 297   3634 
 298   3247 
 299   3152 
 300   2879 
 301   2942 
 302   2899 
 303   2788 
 304   2808 
 305   2647 
 306   2712 
 307   2645 
 308   2797 
 309   2671 
 310   2641 
 311   2654 
 312   2652 
 313   2603 
 314   2602 
 315   2585 
 316   2622 
 317   2628 
 318   2610 
 319   2585 
 320   2494 
 321   2589 
 322   2535 
 323   2586 
 324   2590 
 325   2656 
 326   2681 
 327   2717 
 328   3100 
 329   3876 
 330   5124 
 331   7038 
 332   9522 
 333   12040 
 334   13780 
 335   14000 
 336   12604 
 337   10454 
 338   8260 
 339   6528 
 340   5171 
 341   4401 
 342   4317 
 343   5248 
 344   7715 
 345   11675 
 346   15520 
 347   16122 
 348   13739 
 349   10035 
 350   6501 
 351   4710 
 352   3765 
 353   3340 
 354   3123 
 355   3317 
 356   3231 
 357   3262 
 358   3287 
 359   3655 
 360   4637 
 361   7059 
 362   11262 
 363   18321 
 364   27714 
 365   36869 
 366   42937 
 367   43435 
 368   39590 
 369   31579 
 370   22902 
 371   15583 
 372   10417 
 373   7269 
 374   5964 
 375   6208 
 376   8732 
 377   13973 
 378   19655 
 379   22255 
 380   19789 
 381   14658 
 382   9943 
 383   6787 
 384   4930 
 385   4134 
 386   3817 
 387   3632 
 388   3702 
 389   3763 
 390   3766 
 391   3661 
 392   3803 
 393   3742 
 394   3784 
 395   3888 
 396   3814 
 397   3951 
 398   3837 
 399   3994 
 400   3912 
 401   3975 
 402   4456 
 403   5128 
 404   6426 
 405   9406 
 406   14014 
 407   19545 
 408   25710 
 409   29773 
 410   32028 
 411   30367 
 412   25633 
 413   19780 
 414   14472 
 415   10130 
 416   7408 
 417   5788 
 418   5110 
 419   4638 
 420   4597 
 421   4534 
 422   4910 
 423   4913 
 424   4943 
 425   5139 
 426   4996 
 427   5263 
 428   5231 
 429   5647 
 430   5586 
 431   5588 
 432   5851 
 433   5918 
 434   5873 
 435   6054 
 436   5991 
 437   6203 
 438   6323 
 439   6580 
 440   6614 
 441   6909 
 442   7024 
 443   7314 
 444   7538 
 445   7888 
 446   7930 
 447   8559 
 448   8775 
 449   9384 
 450   10238 
 451   11045 
 452   12226 
 453   13926 
 454   17554 
 455   25043 
 456   42536 
 457   83590 
 458   174340 
 459   355982 
 460   686898 
 461   1222976 
 462   1987330 
 463   2946702 
 464   4007800 
 465   5031933 
 466   5902604 
 467   6555184 
 468   6970669 
 469   7216866 
 470   7329866 
 471   7378840 
 472   7345357 
 473   7173727 
 474   6693742 
 475   5727421 
 476   4310830 
 477   2791211 
 478   1555004 
 479   754852 
 480   321909 
 481   124545 
 482   46317 
 483   17877 
 484   7561 
 485   3389 
 486   1494 
 487   678 
 488   323 
 489   133 
 490   77 
 491   56 
 492   52 
 493   55 
 494   39 
 495   37 
 496   36 
 497   46 
 498   27 
 499   40 
 500   34 
 501   31 
 502   39 
 503   27 
 504   34 
 505   39 
 506   31 
 507   41 
 508   38 
 509   42 
 510   24 
 511   27 
