137Cs
0
0
0
0
0
0
0
0
0
0
0
0
0
0
1
246
229
130
149
163
194
228
189
165
161
132
167
149
165
161
184
182
191
313
187
156
205
179
183
233
377
354
1648
4050
210
174
237
1118
363
145
127
128
153
124
124
136
109
132
116
138
136
128
142
141
137
130
182
150
124
143
147
141
149
174
152
154
140
146
159
155
162
136
157
156
137
172
168
179
155
171
175
155
146
170
184
162
149
147
142
153
168
158
160
141
164
160
161
151
172
134
137
155
160
141
138
174
155
144
163
143
143
141
164
151
138
167
143
142
150
171
154
153
136
148
160
130
162
158
144
149
140
148
167
146
141
129
151
163
159
145
163
141
145
152
127
150
138
138
136
125
133
120
143
136
148
130
104
123
103
115
135
115
119
119
150
134
114
119
126
128
131
106
146
152
115
152
152
167
184
173
175
186
162
167
157
159
137
150
143
118
159
139
167
129
125
131
141
142
125
139
121
128
113
131
140
117
125
130
149
130
115
109
133
116
124
126
134
109
100
107
126
104
110
92
112
100
92
105
133
119
105
142
114
108
94
94
82
110
101
83
95
86
103
101
103
113
99
92
103
91
92
87
95
88
102
78
95
91
85
87
93
95
89
81
88
85
85
83
73
81
77
69
89
87
74
67
78
82
85
67
74
82
90
101
64
71
68
80
78
98
84
81
73
67
83
72
73
90
74
63
76
78
72
64
80
78
74
74
55
78
77
70
68
82
63
82
61
79
78
74
88
69
66
81
67
70
80
79
76
69
67
59
76
59
71
103
96
83
79
67
74
74
76
62
84
53
60
56
77
79
82
79
79
90
79
71
84
76
76
81
95
94
67
77
68
77
74
70
103
71
85
84
75
79
91
91
86
70
69
73
72
84
88
82
84
78
82
93
85
77
87
84
74
88
83
75
93
78
86
83
102
77
119
90
83
76
86
105
84
97
94
99
109
97
109
109
105
81
88
100
92
115
107
106
95
100
97
103
132
103
123
135
135
100
119
136
116
112
121
136
143
120
123
116
133
133
129
149
142
152
159
121
115
124
114
104
98
68
83
79
73
66
82
73
65
78
69
72
51
54
45
56
53
61
57
49
59
47
52
56
50
42
51
43
35
53
46
52
50
48
37
33
40
43
36
31
42
37
38
42
32
30
42
32
36
29
29
26
26
36
26
27
15
34
31
31
21
17
20
19
19
23
18
18
14
13
16
9
16
17
12
8
22
15
14
12
9
11
11
15
7
10
14
3
8
10
13
16
14
10
12
8
4
9
9
13
15
11
7
8
9
7
5
14
9
11
14
7
5
8
7
9
8
6
11
9
12
14
10
16
15
18
8
4
4
6
8
4
12
5
7
5
5
7
9
13
6
7
8
5
9
5
5
8
5
6
3
10
7
6
5
7
7
4
10
5
7
9
8
11
11
10
13
17
37
62
127
314
860
3176
4605
1789
336
18
1
2
4
4
1
2
3
3
3
0
3
4
7
1
0
2
3
2
2
4
0
1
2
1
5
4
6
4
1
2
3
1
5
4
4
1
2
0
2
0
3
3
2
3
0
3
2
3
2
1
1
3
3
2
0
1
3
3
2
3
5
3
2
0
4
1
3
1
2
7
2
2
1
2
1
3
3
1
3
1
0
1
2
1
4
3
1
3
1
4
1
1
2
2
1
3
8
1
1
0
1
1
1
5
2
2
1
1
2
1
1
1
1
0
6
2
2
1
3
1
0
1
0
2
2
2
3
2
3
1
3
0
1
0
5
2
2
1
1
2
0
2
0
3
1
0
3
3
4
2
2
2
1
2
0
1
2
3
0
4
1
1
0
2
3
3
0
0
3
0
1
3
2
4
2
0
3
0
1
2
2
5
1
2
1
5
2
0
2
0
4
0
2
0
2
1
4
0
1
1
0
1
1
1
1
0
3
1
1
1
2
0
2
1
2
1
0
1
1
2
5
2
2
1
3
1
4
1
1
3
1
3
4
5
3
4
2
1
1
0
2
1
2
2
1
1
1
1
0
1
0
4
1
0
3
1
1
3
1
0
0
2
3
2
1
2
2
1
3
1
2
0
1
2
0
2
2
0
3
5
4
3
2
2
1
2
0
8
3
2
1
5
1
0
0
3
2
2
1
1
1
1
5
1
1
0
2
1
2
0
1
2
1
0
1
1
5
0
2
1
1
3
0
1
2
2
2
0
3
0
1
1
2
1
2
4
1
3
0
0
1
1
1
3
0
0
3
2
0
2
2
0
2
1
3
1
1
4
2
3
3
3
0
2
2
0
2
2
3
0
3
1
0
1
1
5
0
3
18
704
