241Am
0
0
0
0
0
0
0
0
0
0
0
0
12
8
6
832
2478
285
439
1401
2503
2192
2081
2907
909
3623
13510
618
4132
21766
3667
568
6152
1577
213
142
154
2505
1849
157
130
124
218
127
322
138
159
106
113
132
109
127
112
167
241
151
144
206
344
662
512
353
339
309
313
382
423
560
9971
59706
242
101
107
91
118
92
102
109
97
127
125
113
165
112
122
206
140
92
122
128
100
99
97
114
112
106
93
109
94
124
106
110
98
110
107
103
133
89
99
110
142
100
100
81
95
85
80
113
120
88
102
106
110
92
86
87
96
90
116
107
85
81
97
99
96
98
85
91
84
79
89
90
90
99
75
88
80
78
81
64
79
71
101
94
71
75
78
73
72
75
69
60
77
59
55
71
63
81
68
66
58
60
68
65
61
60
49
54
55
56
75
68
55
65
62
66
57
76
55
59
52
49
52
55
51
29
58
59
56
46
52
60
39
51
44
44
55
42
48
50
41
39
39
51
50
41
38
43
32
43
34
30
33
38
41
47
40
38
30
29
40
48
42
30
36
45
22
46
56
41
40
36
31
42
31
22
21
34
28
15
21
31
23
30
28
25
24
29
24
20
19
26
25
20
20
27
23
23
34
21
19
19
31
25
18
27
19
26
21
24
27
19
17
24
16
26
21
20
22
32
22
31
28
20
14
24
20
21
26
21
23
18
16
19
16
26
16
19
17
18
25
25
17
9
21
18
13
18
9
15
14
22
8
16
13
18
14
16
19
14
15
16
21
19
14
15
10
18
17
13
18
21
16
17
9
43
27
15
11
13
15
17
16
12
13
18
7
11
14
15
16
10
6
11
15
11
8
21
13
14
15
10
5
19
11
14
9
12
13
11
15
10
8
17
11
12
13
19
9
9
9
19
13
16
11
17
6
10
13
12
12
6
9
9
10
8
21
12
8
10
6
9
12
14
11
15
10
13
6
8
17
11
11
12
17
9
11
13
15
16
10
11
7
11
11
19
18
11
7
4
9
2
13
9
11
12
16
11
16
9
15
19
16
12
10
14
12
7
13
6
13
7
9
11
9
13
6
7
12
6
6
6
8
4
5
4
3
7
4
13
5
9
8
9
4
8
6
8
10
5
6
5
4
5
11
10
13
13
10
6
6
5
5
12
9
3
9
12
4
7
4
7
2
10
6
4
7
5
6
7
2
2
6
5
6
5
7
8
4
6
3
8
5
5
5
7
10
7
7
6
2
6
7
5
4
1
4
9
2
9
6
8
6
6
7
8
3
6
4
4
3
3
14
7
5
12
12
2
3
2
5
5
7
3
3
4
3
2
5
6
4
6
6
6
5
6
6
4
5
15
20
10
2
7
7
4
4
5
2
7
2
3
2
2
2
5
5
5
0
1
6
5
4
3
3
7
6
4
1
4
0
4
7
5
6
1
10
4
4
1
2
6
4
3
1
3
7
11
36
119
144
35
11
5
2
3
4
5
2
7
2
7
2
3
3
6
2
1
5
1
4
3
7
1
4
4
4
4
6
4
1
7
1
7
3
3
2
3
3
1
5
4
4
5
3
2
2
5
0
1
5
5
2
1
2
0
2
3
4
3
4
2
4
2
3
4
6
3
1
6
7
3
4
2
3
3
2
2
6
2
2
3
3
2
3
2
4
2
1
3
3
2
7
1
2
3
2
1
3
4
3
5
4
2
4
1
6
2
3
1
3
6
2
1
2
6
3
2
1
3
1
4
3
0
2
1
5
1
4
1
2
2
2
4
1
6
2
2
4
2
0
1
4
1
2
3
3
2
2
2
2
7
3
2
2
1
0
2
1
0
3
1
5
2
2
3
3
5
1
2
0
5
4
1
3
6
1
5
3
3
1
7
0
6
6
0
1
2
2
2
7
1
1
2
2
2
4
0
1
2
1
1
4
1
1
1
1
5
2
2
2
2
3
1
0
3
2
0
3
1
3
1
0
0
2
3
1
1
4
4
3
4
1
5
2
5
3
7
4
2
4
2
3
1
4
3
5
2
4
1
0
4
3
1
4
2
3
0
2
3
3
3
1
3
4
4
3
0
3
1
2
1
3
0
3
1
3
2
3
2
0
0
0
1
0
3
1
1
2
3
3
4
3
2
2
0
3
5
2
0
1
0
2
2
2
5
1
3
0
1
3
2
0
1
2
1
3
2
1
3
3
1
0
1
3
0
2
2
3
3
2
3
3
0
1
3
3
1
3
2
1
2
3
2
0
3
1
0
0
1
0
1
0
0
2
2
2
1
1
1
2
0
3
3
1
4
2
3
1
1
0
1
1
2
2
1
3
3
3
1
4
2
34
987
