../2_Decay/DataFilesGe/Decay/415186G2.TXTBackgroundRemoved 
0
0
0
0
0
0
0
0
0
0
0
0
0
0
5
173
96
114
72
51
23
8
9
0
5
0
7
27
19
18
30
9
0
0
0
0
77
9
15
14
6
9
16
0
1
21
0
2
0
4
1
12
0
1
7
0
8
0
3
2
19
0
7
0
16
0
15
2
17
28
7
14
13
25
0
0
0
7
26
22
0
18
12
11
0
0
0
0
22
2
9
12
0
17
13
14
15
4
22
12
17
15
3
33
1
5
13
0
2
0
0
13
2
16
28
19
9
0
0
8
17
1
30
12
8
0
6
11
18
43
1
10
31
34
16
51
12
32
0
12
22
6
45
26
22
20
12
2
12
34
0
27
18
10
28
22
29
3
9
3
5
93
18
3
9
45
0
31
1
6
12
15
6
12
7
15
1
22
8
0
3
11
11
11
11
9
8
27
0
5
24
17
0
25
28
18
14
15
18
9
8
11
8
4
2
10
0
11
19
5
5
0
15
10
14
0
5
2
13
3
1
18
0
10
18
0
0
9
15
8
11
0
16
5
9
15
31
17
0
0
18
0
2
8
0
6
0
0
6
0
0
1
9
9
6
0
5
3
13
5
4
12
7
0
0
17
2
4
0
0
0
16
6
5
5
1
1
2
9
20
4
4
1
10
1
13
0
5
6
20
34
0
0
4
4
4
0
0
3
7
0
19
0
3
5
0
12
0
7
2
7
8
1
10
2
9
0
7
0
9
4
5
0
3
8
11
8
3
0
2
14
9
0
0
0
1
3
2
3
0
3
0
14
53
13
0
0
0
0
3
8
3
3
2
11
0
0
12
11
0
0
9
0
6
8
1
2
0
4
0
4
7
9
4
8
0
3
7
0
4
0
1
18
1
0
0
1
2
1
0
4
3
7
8
5
4
1
0
0
2
0
0
0
6
7
2
3
2
0
0
4
0
0
0
3
3
6
0
5
2
6
9
1
1
4
0
0
0
0
0
0
0
0
0
0
2
0
0
0
0
0
0
0
5
0
0
3
4
10
2
0
0
0
1
1
4
4
0
5
1
4
4
1
0
3
3
0
2
1
5
0
0
0
0
5
0
1
0
0
0
2
4
9
0
0
0
4
0
5
0
3
7
26
14
8
0
0
0
0
0
1
1
4
1
1
1
4
1
1
1
1
8
4
0
2
0
3
0
0
0
2
0
0
5
0
0
4
2
2
3
0
1
0
0
0
3
5
0
0
3
5
1
0
0
2
0
3
0
0
2
0
0
2
4
0
1
1
2
1
3
9
15
1
0
0
0
0
3
0
10
0
1
0
1
4
0
0
1
2
0
2
1
0
0
1
29
16
0
1
0
0
0
1
1
0
2
6
0
1
2
0
0
1
0
0
0
1
3
5
0
0
0
3
5
4
1
1
2
5
0
2
0
1
0
0
1
0
0
0
0
3
3
0
6
14
14
6
4
0
0
0
0
0
4
0
0
0
0
4
2
1
0
1
0
0
4
0
0
0
0
4
6
0
0
7
0
0
0
2
1
0
5
0
2
0
0
0
4
3
0
0
1
0
0
3
0
0
0
2
1
2
0
3
0
2
3
4
2
2
5
5
0
0
2
0
0
0
0
0
0
4
2
5
2
3
0
0
1
1
0
0
0
0
0
3
0
0
0
0
2
0
4
0
0
0
1
4
0
0
1
0
0
0
0
0
6
2
0
0
0
1
4
0
2
0
0
6
2
0
0
0
0
5
0
1
5
0
0
0
0
2
0
2
1
1
1
0
0
0
4
3
0
0
0
0
5
0
1
0
0
1
1
0
6
0
3
3
4
2
0
0
0
9
0
2
0
0
3
0
0
0
4
0
0
0
1
0
0
0
2
0
3
3
1
0
0
0
0
0
0
1
1
1
1
0
0
0
1
3
0
0
0
0
0
0
0
0
0
0
0
1
0
0
0
0
0
0
0
1
0
0
0
0
3
0
0
7
0
2
4
6
6
3
1
0
2
0
0
0
0
0
0
1
2
1
0
5
1
0
0
0
4
0
2
1
2
0
3
0
2
1
0
0
0
0
0
0
0
2
1
6
0
0
0
0
1
0
0
0
0
4
5
1
2
3
2
0
1
0
0
0
0
0
0
0
0
0
0
0
2
0
6
0
1
0
1
2
2
1
0
0
0
1
0
0
2
0
0
1
0
0
0
0
1
2
0
2
0
0
2
1
0
1
5
0
0
0
0
2
0
5
0
0
4
0
0
0
1
2
0
0
2
2
0
0
0
1
0
0
1
1
0
0
0
0
1
1
2
3
0
0
0
0
1
3
0
4
0
4
2
0
0
0
1140
