../2_Decay/DataFilesGe/Decay/415125G2.TXTBackgroundRemoved 
0
0
0
0
0
0
0
0
0
0
0
0
1
1
0
64
0
17
28
22
38
15
17
26
8
18
52
171
32
19
62
10
7
1
42
69
2192
513
33
326
300
17
18
0
25
14
14
6
8
14
12
4
9
33
17
8
11
17
0
14
34
0
9
22
19
17
20
0
13
18
0
16
0
10
1
0
10
15
7
0
0
0
6
0
0
0
0
10
25
19
16
2
22
0
0
0
14
16
0
0
14
22
1
18
15
2
53
0
12
15
38
32
0
0
13
25
27
19
10
15
6
11
21
12
21
4
0
0
29
0
0
21
33
9
1
15
11
29
5
22
26
2
36
25
45
20
16
8
9
6
2
9
22
0
25
7
34
0
0
3
10
11
1315
1260
4
0
3
6
9
2
24
12
7
20
20
0
18
18
6
7
4
15
8
19
0
23
162
59
16
50
22
5
9
12
2
8
0
4
0
2
0
5
0
2
14
9
0
0
8
0
21
5
18
8
7
0
0
0
1
25
0
5
0
0
14
8
0
11
14
1
5
2
6
10
13
3
0
0
23
3
4
2
6
7
17
0
0
5
17
3
0
5
2
9
0
4
7
5
1
9
0
4
0
3
3
6
10
4
14
4
12
4
0
12
3
1
0
5
0
12
2
9
7
0
0
19
12
0
6
7
3
8
12
9
0
0
0
5
0
0
0
9
0
4
4
4
0
0
2
3
14
2
2
3
5
0
3
1
7
4
2
0
10
13
9
8
0
0
4
0
9
6
3
6
3
5
4
7
0
4
0
1
2
2
0
2
0
0
2
1
0
0
0
5
5
3
0
8
0
2
0
9
2
5
14
5
2
1
5
11
1
2
0
9
2
0
10
10
0
0
0
5
0
5
1
7
4
6
1
1
13
2
8
0
0
0
0
0
3
3
5
12
0
4
0
0
6
0
3
0
4
0
0
8
0
6
4
1
8
4
0
2
0
0
0
7
0
4
0
0
0
0
0
7
0
1
1
0
0
0
4
0
0
0
3
0
0
4
5
1
2
3
1
4
2
0
0
2
3
4
5
4
1
5
3
4
2
6
0
5
0
0
0
0
1
0
1
2
0
0
2
8
0
1
1
1
0
0
0
2
0
0
0
0
1
0
14
42
15
0
0
3
4
1
0
3
2
4
1
1
4
4
9
7
1
2
4
0
6
2
1
2
6
2
0
0
0
0
0
0
2
1
0
1
1
3
0
6
4
4
2
3
1
0
5
0
2
0
4
1
5
1
0
2
3
0
0
0
0
2
0
0
0
0
4
8
8
5
5
4
7
6
0
0
0
0
9
0
2
0
0
0
0
0
3
2
0
1
0
0
0
10
1
0
0
0
6
8
0
0
0
2
2
0
0
0
2
4
0
0
1
1
2
0
1
0
4
0
0
0
0
1
2
0
0
0
0
0
0
0
0
1
0
7
3
0
3
1
0
0
3
0
0
0
2
0
3
3
0
1
3
7
0
0
0
2
6
0
3
2
3
0
0
0
3
2
0
0
7
1
0
2
0
0
9
0
2
0
0
1
1
0
2
0
4
0
0
0
0
1
3
1
1
0
2
0
0
0
0
0
1
0
0
10
0
2
1
1
0
1
1
1
0
1
0
2
0
0
6
6
0
0
0
1
0
1
0
0
0
3
2
0
0
4
0
0
0
0
0
3
3
4
0
0
0
0
5
1
0
0
0
6
0
1
0
0
1
1
0
0
0
0
0
0
0
0
0
1
0
0
4
4
0
0
7
0
3
0
0
1
5
0
0
0
0
0
0
0
1
1
3
0
5
1
0
5
1
1
0
0
1
0
4
2
0
0
0
1
0
0
2
0
0
2
0
0
0
1
2
0
0
0
0
1
1
3
1
0
0
0
1
2
0
1
0
0
0
0
0
0
0
0
0
0
0
0
0
0
0
0
4
0
0
0
0
0
0
0
0
0
1
0
0
0
0
1
3
2
0
1
1
5
0
1
0
3
1
1
0
3
0
0
5
0
1
0
0
0
3
0
2
0
0
4
6
0
0
3
0
0
0
0
2
0
2
3
0
0
0
0
6
0
0
0
0
1
0
0
0
0
0
0
0
0
0
1
2
1
0
0
0
0
0
0
0
0
2
1
0
0
0
1
5
4
2
0
1
0
0
5
0
0
0
0
0
0
0
4
0
0
0
0
1
1
3
0
0
0
0
0
0
0
0
0
3
0
0
3
2
0
1
2
0
0
0
1
0
2
0
0
0
0
0
0
1
0
0
0
0
2
0
0
0
0
1
0
0
0
0
1
0
2
0
0
0
0
0
0
0
3
0
0
0
0
