../2_Decay/DataFilesGe/Decay/415134G2.TXTBackgroundRemoved 
0
0
0
0
0
0
0
0
0
0
0
0
0
0
3
43
6
0
42
0
30
19
21
7
15
13
45
103
29
18
46
21
8
9
9
37
1269
279
10
207
176
16
27
8
13
0
6
0
0
0
0
19
9
15
22
0
7
0
0
14
8
12
0
33
15
12
6
32
0
18
9
0
10
4
0
0
0
21
0
0
0
5
0
17
0
0
11
6
0
14
0
0
10
22
0
0
0
5
0
0
8
26
0
31
0
0
19
0
0
0
20
17
8
15
4
20
0
14
31
21
27
18
6
28
6
7
4
4
18
13
0
0
17
0
0
21
23
13
0
65
17
4
32
8
16
0
24
12
22
3
31
27
14
0
20
23
37
0
31
27
10
25
772
831
0
0
14
5
16
13
18
13
44
40
28
4
7
17
8
17
3
17
3
12
11
7
118
33
6
27
33
7
1
24
18
4
13
0
0
4
3
0
1
4
15
9
0
7
14
1
2
0
11
18
8
0
1
15
31
0
2
0
0
0
6
9
0
8
6
5
0
6
0
21
5
15
24
9
34
12
17
0
0
24
10
3
0
1
12
2
5
8
10
0
3
0
5
9
0
9
5
6
6
5
17
4
1
0
2
2
2
3
5
14
0
0
7
0
3
12
17
8
7
16
0
16
0
4
1
0
9
0
12
11
8
6
6
0
4
0
5
22
6
8
9
13
0
0
0
15
2
14
0
12
0
11
2
0
2
8
12
1
0
0
0
11
0
0
2
0
0
9
0
11
2
4
11
3
0
7
1
5
0
2
9
9
10
0
0
1
4
9
0
0
4
0
0
8
6
0
0
12
0
6
3
4
6
2
1
0
1
11
0
5
7
0
0
8
4
0
12
2
6
5
6
0
3
0
6
1
1
0
0
1
0
0
0
0
1
8
0
0
0
2
4
0
1
0
0
0
0
4
7
0
0
2
4
7
0
0
0
6
0
0
0
3
0
3
0
0
3
0
0
0
0
3
2
0
0
1
4
0
0
0
1
0
0
7
9
0
0
0
0
0
0
5
0
6
2
0
6
7
7
0
1
5
2
3
5
0
0
2
4
0
0
0
0
0
1
0
3
4
4
0
7
0
5
0
0
3
0
0
1
1
0
9
11
28
17
1
6
8
0
1
3
2
0
6
2
1
0
3
0
8
5
1
5
4
0
0
4
1
0
0
5
0
0
8
0
0
0
0
0
0
0
0
0
0
0
2
1
0
2
0
1
0
0
1
0
2
0
6
0
5
0
0
1
0
0
4
3
4
10
7
3
0
2
6
1
3
0
2
0
0
0
0
0
0
1
0
0
0
0
0
1
0
5
0
1
1
0
12
1
4
3
0
1
0
2
0
0
0
2
0
0
0
3
2
0
0
0
6
0
0
0
1
2
0
3
0
0
0
0
0
0
1
0
0
0
0
0
5
0
4
7
0
1
2
3
1
2
8
0
2
0
0
0
2
0
0
0
5
0
0
0
0
1
0
0
0
4
2
4
3
1
0
0
0
2
1
0
1
5
0
0
3
3
0
0
0
2
0
0
0
4
0
0
2
2
0
0
0
2
0
3
0
4
4
0
0
2
0
1
4
0
3
2
0
6
0
4
0
1
2
0
5
0
1
0
0
0
0
0
0
1
0
2
0
0
0
0
2
2
4
0
0
2
3
4
4
0
0
1
1
3
2
5
1
0
0
0
3
0
1
6
0
4
2
1
6
0
0
0
1
2
2
0
0
0
0
3
0
0
0
2
0
1
8
0
1
0
2
2
0
0
0
3
1
0
3
0
2
0
0
0
0
2
3
1
0
0
3
1
0
3
1
1
1
2
0
3
2
0
2
0
0
1
1
0
0
0
3
1
2
0
6
0
0
0
4
1
1
1
2
0
0
4
2
0
1
2
0
3
0
0
8
0
0
3
0
0
1
3
0
0
0
0
0
3
0
0
1
0
0
3
0
0
2
2
2
0
2
0
3
0
1
0
0
0
0
0
0
0
0
3
1
0
0
6
0
0
0
0
4
5
3
2
0
0
1
3
0
3
0
0
0
0
0
6
1
3
0
2
0
0
2
1
0
0
0
0
0
0
0
0
3
0
0
0
3
1
0
3
5
2
0
0
0
0
3
0
6
0
0
2
0
1
0
3
0
0
0
2
0
0
0
0
1
0
0
2
0
7
0
2
0
0
0
0
0
0
1
1
3
3
0
0
1
0
0
1
0
0
0
5
0
0
0
0
2
1
0
2
1
0
0
2
1
0
0
0
0
3
0
0
0
0
0
4
2
1
2
0
0
0
1
0
0
0
0
0
0
0
0
