../2_Decay/DataFilesGe/Decay/415159G2.TXTBackgroundRemoved 
0
0
0
0
0
0
0
0
0
0
0
1
1
0
1
19
0
0
15
19
15
20
18
6
10
14
17
20
5
5
6
0
15
17
14
24
324
23
25
46
21
5
5
0
0
0
16
0
0
0
6
13
17
0
0
0
0
17
0
26
9
16
4
2
3
6
8
0
2
6
3
0
7
0
0
0
18
21
0
10
5
7
5
0
0
0
0
0
3
12
9
18
8
26
4
2
17
2
3
8
11
3
0
16
1
7
23
0
10
0
8
11
10
47
0
10
26
17
33
1
1
8
21
28
0
0
0
25
37
3
0
27
0
18
28
18
0
12
6
16
0
14
3
33
29
0
14
10
0
1
3
3
21
5
32
10
0
10
0
0
2
323
59
0
23
7
0
11
25
6
0
15
8
0
11
18
43
0
19
0
5
0
4
1
4
9
15
5
1
0
0
12
7
5
19
4
16
0
0
9
16
4
0
0
9
0
13
3
9
1
10
12
0
0
6
0
2
0
19
7
0
7
0
4
15
8
5
26
7
10
18
10
10
17
2
23
33
35
0
14
12
4
0
12
4
24
0
5
0
0
3
17
0
9
13
4
2
1
15
0
7
2
0
0
6
0
0
17
11
0
0
0
0
1
0
5
5
12
0
8
0
14
18
3
12
6
2
3
5
11
27
1
0
0
5
0
6
0
2
0
0
0
6
5
0
3
4
0
8
1
4
8
0
5
2
5
0
0
0
11
4
2
0
6
0
12
0
0
3
3
8
5
0
1
7
3
4
22
1
5
5
0
10
42
19
0
0
0
0
0
2
0
4
8
7
5
0
11
6
3
0
5
5
2
0
0
2
0
5
0
0
3
9
8
3
0
0
7
0
0
2
0
4
3
0
0
0
0
1
0
2
0
5
5
2
8
6
0
5
2
5
3
1
0
5
0
6
2
2
5
4
2
3
6
0
0
6
5
1
3
6
4
4
0
1
7
0
0
0
2
0
0
0
4
5
0
2
0
4
0
0
0
1
3
0
0
2
11
9
5
0
0
0
0
0
0
0
0
8
0
0
1
0
3
8
6
1
0
1
5
0
0
0
0
7
0
0
3
1
0
3
0
0
6
0
2
0
0
3
0
0
11
7
16
1
2
0
0
0
0
2
3
0
0
3
7
1
0
0
2
4
3
5
4
3
1
5
1
0
0
0
0
1
4
5
0
3
0
5
0
0
1
6
0
0
4
0
0
0
7
0
1
0
5
0
0
0
3
0
1
0
4
4
3
0
3
0
1
6
5
14
14
1
0
0
0
0
0
0
2
0
1
2
3
0
0
3
0
4
0
1
0
6
0
9
18
23
4
0
0
0
0
0
0
0
0
0
0
0
0
1
1
0
2
0
0
1
0
1
2
2
0
0
1
0
1
0
0
0
0
0
0
1
0
0
0
0
0
0
0
0
0
0
5
10
20
2
2
0
0
0
0
0
0
0
0
2
3
0
0
0
2
0
0
0
0
1
2
0
3
1
5
0
0
0
0
0
1
3
0
1
1
0
0
4
5
1
1
0
0
0
0
1
0
0
0
0
0
3
0
4
3
1
0
3
0
1
4
1
5
4
0
0
0
0
0
0
0
0
0
0
4
2
0
0
1
0
0
3
4
5
0
0
0
4
0
0
2
3
4
1
2
3
0
0
0
4
0
0
1
2
0
0
0
0
5
0
6
1
0
0
0
3
0
3
0
3
5
1
2
1
0
0
1
1
1
0
0
0
0
0
0
0
0
0
0
0
0
0
1
0
0
0
3
2
4
4
1
0
4
0
0
0
0
1
0
3
1
4
0
0
2
0
0
0
1
0
0
3
0
0
0
0
1
0
0
7
0
0
0
1
0
0
0
3
2
0
0
0
0
0
0
0
4
3
2
0
1
1
2
1
1
1
1
1
0
0
1
0
0
0
0
0
2
0
1
1
0
8
2
1
0
1
0
1
0
0
0
2
6
11
3
0
1
0
4
3
0
0
0
0
0
0
3
5
0
2
3
0
2
4
0
0
2
1
1
2
0
0
0
0
0
1
0
0
0
0
0
0
0
1
2
0
0
0
1
0
2
3
0
4
4
0
0
1
2
1
3
0
0
0
0
0
0
2
0
0
0
2
2
0
0
0
0
0
0
1
0
0
1
0
0
1
0
0
1
0
0
3
0
0
0
0
1
2
0
0
0
3
0
0
0
0
1
0
0
0
2
0
0
0
0
0
0
1
1
1
3
0
0
0
0
0
0
2
0
3
0
0
0
0
2
3
0
0
1
0
6
0
0
0
0
2
3
1
1
0
0
0
0
0
3
2
1127
