../2_Decay/DataFilesGe/Decay/415129G2.TXTBackgroundRemoved 
0
0
0
0
0
0
0
0
0
0
0
0
0
0
4
79
22
51
31
27
18
27
29
0
28
16
38
152
19
17
37
13
15
7
39
39
1685
424
29
238
248
25
26
0
0
0
0
6
0
14
10
0
13
12
0
0
20
11
20
6
34
10
27
24
38
0
3
6
17
0
0
0
0
0
0
0
0
11
0
0
0
0
8
0
0
0
9
0
3
0
4
0
6
3
6
0
0
0
20
1
0
19
0
16
0
22
26
0
0
10
20
6
0
16
0
30
14
16
0
17
15
0
3
0
10
4
3
7
27
0
0
28
0
30
11
27
8
18
22
20
12
31
32
35
27
6
20
1
15
0
16
3
9
0
28
9
21
0
7
12
12
18
876
1157
0
0
0
0
0
17
0
16
15
21
33
1
15
17
16
4
0
16
12
32
0
12
147
54
12
37
47
17
0
24
11
17
10
6
11
3
7
3
8
0
7
3
0
2
20
0
0
0
13
18
11
0
0
0
0
13
2
11
1
0
10
0
0
0
21
13
0
16
0
6
1
8
3
0
1
8
7
0
0
4
12
11
0
9
0
0
7
3
7
1
0
0
0
2
3
0
9
2
0
0
0
11
5
6
5
0
1
2
8
9
21
7
1
1
1
7
4
14
6
11
12
19
13
9
1
1
3
0
15
28
7
0
0
0
0
0
4
2
0
0
12
3
0
0
0
15
0
4
0
8
0
16
0
5
8
10
0
0
1
9
15
0
1
2
15
0
9
12
3
2
3
0
0
4
2
0
0
2
0
0
5
0
7
6
0
0
0
4
8
6
8
2
0
2
3
5
0
8
6
3
3
0
8
0
0
9
0
2
0
4
9
0
0
7
6
9
0
0
5
0
0
1
0
7
0
0
0
0
6
0
0
0
1
0
3
3
0
0
0
0
12
0
0
4
0
0
0
5
0
0
0
6
4
0
3
1
5
0
0
5
0
1
0
0
0
0
4
0
6
0
0
7
0
3
0
3
7
0
0
0
0
0
6
0
2
7
0
0
3
0
0
12
0
0
8
0
1
0
0
0
1
0
3
8
1
4
0
2
1
0
0
0
0
0
0
0
3
0
5
0
3
1
2
0
0
0
2
0
4
4
5
8
4
23
14
2
4
0
8
0
0
2
3
6
0
4
0
10
0
5
0
0
2
0
0
0
5
0
0
3
0
0
0
8
4
0
0
6
3
0
0
0
0
5
0
0
1
0
0
0
0
0
0
0
0
0
0
0
4
2
0
6
0
0
0
0
3
1
3
1
0
1
0
8
4
3
0
1
1
0
1
1
1
0
1
0
0
7
0
0
3
4
4
3
6
3
7
8
4
7
0
3
0
1
0
0
0
1
0
3
1
0
1
0
1
3
3
2
0
0
0
0
3
3
2
7
3
0
0
0
0
0
0
4
0
0
0
3
4
1
7
0
0
5
0
2
0
3
7
0
0
3
7
0
0
0
2
2
0
0
0
8
0
2
0
3
1
0
0
0
0
0
0
2
1
0
0
3
0
2
3
6
0
1
0
1
0
8
4
0
0
0
0
0
0
0
1
0
0
0
2
1
1
0
0
3
6
0
0
3
1
4
1
0
0
0
2
0
0
0
4
0
0
3
0
0
0
0
0
0
1
0
0
2
0
0
1
2
0
0
5
0
2
0
0
0
2
3
0
0
1
0
0
0
2
0
0
3
0
0
0
0
1
0
0
6
0
0
0
1
6
0
0
1
0
0
0
2
4
0
4
0
0
0
0
6
0
1
4
0
1
0
0
2
0
0
0
0
0
3
4
1
0
0
0
0
0
1
0
2
0
4
0
1
1
0
2
2
0
1
0
0
0
2
0
1
2
2
0
0
3
0
1
0
0
0
0
2
0
1
0
1
0
0
0
2
0
0
9
0
0
0
0
0
0
0
2
1
0
0
0
0
0
0
2
0
0
0
0
0
0
0
1
0
0
0
2
1
0
1
1
1
0
0
0
2
0
0
0
0
5
1
3
0
0
1
1
0
0
0
3
0
0
0
2
0
0
0
0
0
2
1
0
0
0
0
0
0
0
4
0
0
0
3
0
0
0
3
1
1
2
2
0
0
0
0
1
0
0
1
4
0
0
5
0
2
0
1
0
1
0
0
0
0
0
0
0
0
1
4
0
0
0
1
0
1
1
0
2
4
0
0
0
0
0
0
0
2
0
4
0
0
0
1
0
0
1
2
0
0
0
0
0
2
0
0
1
0
0
1
0
1
3
0
0
0
3
0
0
0
0
2
2
0
1
0
1
0
0
3
0
0
0
0
1
0
0
0
0
0
