../2_Decay/DataFilesGe/Decay/415193G2.TXTBackgroundRemoved 
0
0
0
0
0
0
0
0
0
0
0
0
0
0
13
667
301
49
27
19
0
0
9
0
0
15
4
25
0
16
15
2
7
0
16
4
48
0
12
32
0
30
15
6
12
0
0
2
5
6
17
18
6
5
0
15
0
0
3
6
16
21
0
7
18
0
17
7
16
26
7
0
20
4
13
3
5
0
0
0
1
27
2
5
0
6
0
4
31
18
21
2
0
12
0
14
50
0
8
13
10
4
0
24
24
0
28
23
5
13
11
27
21
38
45
28
5
19
27
31
28
14
34
7
22
30
7
22
28
0
0
35
18
5
31
23
25
24
13
25
29
0
35
14
7
7
22
0
29
1
31
20
0
0
17
1
6
11
15
17
18
72
14
16
0
10
8
11
16
0
11
12
34
12
11
28
11
6
3
10
22
0
0
31
14
2
9
24
1
10
4
9
9
8
32
21
6
1
9
13
0
14
3
11
20
17
19
4
1
11
16
4
4
17
25
0
9
0
9
4
0
11
7
10
0
0
0
14
11
1
10
15
9
11
7
12
47
33
0
0
23
0
6
0
21
10
0
5
0
6
0
21
0
13
3
11
0
5
9
3
1
5
0
15
0
14
10
18
7
2
2
16
0
6
11
8
1
0
9
1
0
13
10
11
0
12
1
0
10
9
30
3
0
4
6
0
0
10
4
0
0
13
16
2
0
0
5
0
5
4
11
13
0
10
8
1
1
0
13
14
8
4
1
1
1
0
0
6
0
0
21
10
0
5
0
5
7
0
0
0
0
8
13
43
6
0
0
0
2
11
2
0
0
0
17
2
0
1
3
2
0
9
2
0
2
4
10
0
2
2
0
4
0
4
0
0
8
0
6
0
0
0
5
0
0
0
1
0
0
0
5
3
17
5
0
9
0
0
2
2
3
0
0
2
4
0
0
4
0
1
7
0
7
5
7
2
6
0
7
0
6
0
0
1
1
0
0
5
0
0
4
4
0
0
0
0
2
0
0
2
0
7
0
4
6
2
0
2
11
0
0
0
0
0
0
2
0
0
3
17
3
0
1
0
3
0
0
4
4
2
5
10
4
4
1
0
0
0
0
3
0
2
3
1
7
1
0
0
3
0
0
15
11
14
0
0
0
0
0
0
0
1
0
1
1
0
1
6
4
0
0
0
6
2
2
2
1
3
0
3
1
8
2
0
0
0
4
0
0
0
2
0
2
3
0
0
0
0
0
0
9
8
3
1
0
10
1
5
0
2
0
2
4
1
0
7
0
0
1
2
4
14
9
1
2
0
0
0
6
7
1
4
0
5
2
1
0
0
3
0
0
0
1
0
2
30
28
8
0
0
0
0
0
3
1
1
7
0
1
2
0
3
0
1
0
0
2
2
0
0
0
0
2
1
0
0
4
0
3
0
2
2
1
3
0
0
0
3
3
1
3
4
0
4
6
10
5
0
0
0
0
0
0
0
0
0
0
1
0
0
0
2
1
0
0
5
3
5
3
2
2
0
0
4
0
0
0
2
1
0
0
5
1
3
0
4
1
0
1
0
0
0
2
5
0
0
1
0
2
2
7
0
6
0
1
2
0
0
1
0
0
0
0
3
2
1
1
3
0
0
1
1
5
0
0
0
0
0
2
2
0
0
0
2
2
5
0
6
2
0
1
2
0
0
0
2
3
0
1
0
3
0
0
1
4
0
1
0
0
4
0
6
0
1
0
1
7
1
0
2
4
0
0
0
0
0
0
3
0
0
2
0
0
1
0
0
0
0
0
0
1
0
1
0
1
0
1
3
1
3
0
4
0
0
3
0
0
0
2
2
1
0
3
1
2
5
0
2
1
0
1
2
0
0
0
0
0
0
0
0
0
4
1
3
2
2
0
0
0
2
0
1
0
3
0
0
0
0
0
0
1
3
2
0
2
0
0
3
0
1
0
9
0
0
0
2
0
2
0
1
0
0
0
0
0
0
2
0
5
5
6
4
0
1
0
0
0
0
0
0
0
3
0
0
3
0
1
0
0
0
1
1
0
1
0
0
1
0
0
0
1
1
4
0
1
2
0
0
6
2
0
6
0
1
0
2
1
0
1
0
3
2
0
3
8
11
7
0
0
0
0
0
0
0
2
0
0
2
0
2
0
1
3
0
0
0
4
0
1
0
3
0
0
0
0
0
0
3
1
0
3
0
2
0
0
0
2
0
1
0
0
3
1
0
0
0
0
0
4
4
1
0
0
0
0
1
0
0
0
5
6
0
1
0
0
0
0
0
0
0
1
2
1
0
1
4
0
0
0
0
0
1
0
0
0
0
0
1
1
1
0
0
0
1232
