../2_Decay/DataFilesGe/Decay/415189G2.TXTBackgroundRemoved 
0
0
0
0
0
0
0
0
0
0
0
1
3
4
3
65
6
70
56
6
22
11
11
0
15
5
6
1
11
5
16
0
19
9
10
23
53
5
9
9
10
16
23
3
0
9
17
5
7
26
24
8
3
0
4
0
13
0
0
5
16
0
0
0
16
0
5
20
0
8
4
7
22
9
23
0
8
0
0
4
0
18
3
13
4
0
28
3
24
13
0
12
5
32
25
0
6
4
10
15
0
0
0
3
0
24
36
0
0
14
19
4
15
20
11
8
13
0
43
14
0
12
6
13
20
3
17
11
21
0
42
12
18
4
19
7
20
10
31
12
16
17
29
55
27
1
37
5
37
17
0
1
6
5
4
2
1
11
19
24
7
78
46
0
3
4
14
27
10
6
16
40
22
13
39
16
14
6
10
12
9
4
0
31
0
5
15
33
0
25
0
0
2
23
10
15
9
0
3
0
12
2
0
0
13
15
7
1
17
23
4
0
4
11
2
12
0
11
7
1
2
19
0
0
3
0
0
3
0
21
7
22
19
9
11
24
12
28
0
0
25
0
0
0
11
10
0
4
0
0
1
13
16
11
9
0
4
2
0
8
0
0
5
4
6
15
11
0
0
0
0
1
0
10
1
1
0
0
0
8
0
10
7
6
0
14
2
9
7
11
30
7
0
6
0
3
0
0
11
0
10
5
2
0
16
0
3
0
9
5
4
2
0
3
9
7
3
0
12
4
0
1
5
0
0
6
0
0
8
0
17
6
0
0
2
3
0
2
8
9
0
0
5
28
25
0
0
0
0
3
6
0
6
0
3
8
0
4
0
5
0
5
0
7
2
1
4
2
0
5
2
0
9
0
1
6
0
10
3
7
0
0
3
0
0
5
0
0
0
0
0
0
9
0
0
2
0
5
7
3
0
0
0
0
0
0
0
0
7
0
5
2
0
5
0
2
8
6
0
0
6
2
0
0
0
4
4
3
0
0
0
4
3
7
0
4
3
0
5
2
1
0
0
1
10
0
0
7
0
1
0
0
0
0
2
2
2
0
3
4
1
0
3
4
3
0
7
0
0
6
2
3
5
0
4
0
3
4
0
0
5
0
1
0
0
4
2
7
5
0
0
9
11
12
2
4
1
0
0
0
1
0
0
0
0
1
3
4
0
8
0
0
9
4
3
1
0
0
0
0
0
3
2
3
0
0
0
3
0
0
0
3
0
0
0
5
0
7
4
0
0
0
6
6
5
0
0
0
0
0
0
2
3
0
1
0
1
2
7
6
8
19
9
3
0
0
0
5
13
2
0
4
0
1
0
0
4
1
0
0
0
2
0
0
0
27
21
7
1
0
0
0
2
0
0
3
1
0
4
0
4
2
0
3
0
0
1
6
3
4
4
0
0
0
0
0
0
0
0
0
0
0
2
1
0
2
0
0
1
0
3
2
2
6
10
12
4
6
0
0
0
0
0
0
0
2
3
0
0
2
0
0
5
0
0
3
2
7
0
1
0
1
3
0
0
5
0
3
5
0
0
2
0
2
0
6
9
0
3
4
1
0
2
0
0
0
0
0
2
0
0
0
7
0
3
2
5
2
0
0
1
0
0
5
0
0
0
0
0
0
0
0
0
4
3
2
0
0
0
0
0
0
2
5
2
5
2
1
0
0
0
3
2
0
0
6
7
9
3
1
0
0
0
1
2
0
0
2
5
3
0
0
0
2
4
0
1
1
1
5
2
0
5
4
0
1
0
1
1
0
0
2
2
0
0
2
4
1
0
0
4
0
0
0
0
3
0
1
1
0
0
0
1
0
2
0
0
0
0
1
2
0
2
1
3
3
0
0
0
0
0
5
2
0
0
4
1
2
0
0
1
3
1
1
0
0
0
0
0
0
0
1
1
0
0
0
0
4
1
0
2
1
5
1
0
0
0
0
2
0
3
0
3
0
0
0
0
2
2
0
0
0
0
0
0
0
2
4
7
1
5
10
3
3
0
0
0
0
0
2
3
2
0
0
2
0
2
1
0
4
0
4
0
0
0
0
0
0
4
0
0
1
4
0
1
3
0
2
0
0
0
1
0
0
0
0
1
2
0
1
2
4
2
0
2
9
2
0
2
0
0
0
0
0
0
1
0
0
3
2
0
0
0
0
0
0
1
0
4
2
0
0
0
0
2
0
0
2
3
0
3
0
0
3
0
0
0
0
0
0
1
0
1
1
3
2
0
3
4
1
2
0
5
0
0
0
1
0
0
0
2
4
3
0
0
0
1
0
0
2
2
0
2
0
3
0
0
0
0
0
0
0
0
0
3
0
0
0
6
1
0
1
0
1225
