../2_Decay/DataFilesGe/Decay/415143G2.TXTBackgroundRemoved 
0
0
0
0
0
0
0
0
0
0
0
0
5
1
0
31
7
10
12
13
19
44
20
0
13
3
33
71
10
21
16
11
3
8
24
15
732
200
6
128
105
18
1
0
0
0
6
0
3
5
11
11
12
0
0
0
11
5
13
0
10
0
10
0
1
21
0
10
0
0
6
0
0
17
0
0
0
7
0
13
13
10
0
23
0
0
0
7
10
12
0
2
28
5
28
0
9
0
0
0
2
12
0
29
0
0
17
9
0
12
11
33
12
0
11
10
3
14
12
18
34
11
26
11
36
18
0
0
50
0
0
0
1
2
28
2
32
9
6
25
0
0
21
6
9
11
13
15
11
3
8
0
4
9
37
0
5
10
12
20
18
7
477
443
12
10
7
33
5
4
0
15
25
45
18
5
15
9
11
2
0
6
8
34
0
12
64
7
0
27
19
10
17
38
17
0
4
0
5
6
8
0
0
0
12
15
8
0
21
0
13
9
18
0
0
0
3
3
19
5
0
5
0
5
3
1
5
3
0
12
3
13
1
10
0
17
14
1
17
8
16
0
10
9
6
9
10
0
4
17
12
9
12
14
0
11
1
7
14
0
9
0
0
7
0
16
8
0
0
5
0
22
0
16
0
0
0
0
9
6
19
10
8
3
2
11
10
0
7
2
13
2
15
2
9
0
0
1
0
5
1
13
0
11
8
5
1
1
4
7
5
9
6
0
7
0
8
3
10
0
0
0
0
8
0
19
0
0
12
0
0
7
0
17
1
4
2
8
2
7
1
0
4
0
0
2
21
0
4
1
9
0
0
4
2
14
5
4
9
4
0
9
0
4
6
0
9
1
0
0
3
6
0
10
0
0
1
2
9
0
1
6
7
3
0
0
4
1
0
8
0
0
7
2
0
2
0
0
0
10
0
2
0
0
3
0
1
0
1
0
0
2
4
7
2
0
0
2
9
2
0
6
1
3
0
0
0
5
0
2
2
6
2
0
3
4
0
1
0
0
0
7
0
7
2
0
0
0
0
2
5
3
7
2
5
0
1
0
1
0
4
7
0
0
7
7
3
1
3
5
1
3
5
0
7
0
0
0
0
0
1
2
3
0
0
2
1
0
5
2
1
0
0
3
2
3
19
16
7
0
0
1
8
0
0
0
4
3
1
3
0
5
9
0
4
0
0
3
0
0
2
0
3
2
4
1
1
1
6
0
0
2
4
3
1
0
0
0
0
2
3
0
6
2
0
0
4
0
0
0
1
1
1
4
0
1
0
0
2
2
1
0
0
0
1
0
0
3
4
6
0
2
1
0
1
0
7
2
0
3
4
4
0
0
1
0
3
1
2
1
5
0
2
0
1
5
5
0
1
0
5
3
0
1
0
0
1
0
2
0
0
3
0
1
0
0
8
4
0
0
0
0
1
0
0
0
0
3
1
0
6
0
0
2
6
0
0
2
0
7
0
0
0
1
0
0
0
6
0
1
1
5
0
3
0
0
0
0
0
2
0
0
1
3
1
1
2
3
4
0
0
0
0
4
0
0
0
0
0
0
0
1
1
3
2
0
0
0
2
0
3
1
3
1
3
0
1
0
3
1
0
4
0
0
0
0
0
0
0
0
0
0
1
3
1
3
3
1
3
3
1
0
0
3
3
2
0
3
0
5
0
3
6
0
0
0
3
0
0
5
0
5
0
0
0
0
2
1
0
0
3
4
0
0
4
3
1
1
2
1
2
0
0
1
0
4
0
0
0
0
1
0
0
0
0
2
6
0
1
0
0
0
0
0
0
3
0
0
6
0
2
0
3
0
2
3
2
2
1
0
1
1
2
2
0
5
0
0
0
0
1
2
0
1
0
0
1
0
0
1
2
1
0
3
0
0
4
0
0
0
0
0
0
3
1
4
0
3
0
4
0
0
1
0
0
0
0
0
0
3
7
2
0
4
0
0
0
0
2
2
0
0
0
0
3
0
0
0
0
5
2
2
0
0
0
3
0
0
5
0
4
0
0
0
1
0
1
0
0
0
1
0
1
1
0
2
0
0
0
0
4
2
0
0
4
3
0
0
1
0
0
4
0
0
0
1
0
2
0
1
2
3
0
0
0
1
0
0
0
2
1
0
2
1
0
0
0
3
1
1
0
4
0
0
0
0
4
1
0
0
0
0
0
0
0
0
0
2
0
0
0
0
1
0
0
0
3
0
1
0
2
3
0
0
0
0
1
0
2
0
0
0
0
1
0
2
3
4
0
0
0
0
0
2
1
0
2
0
0
0
2
0
0
0
2
0
0
0
0
0
0
0
0
0
2
0
2
0
4
0
0
2
0
1224
