../2_Decay/DataFilesGe/Decay/415169G2.TXTBackgroundRemoved 
0
0
0
0
0
0
0
0
0
0
0
1
0
0
2
17
0
21
7
17
5
5
0
0
12
0
10
4
4
9
13
3
13
7
10
15
192
27
7
46
17
23
20
0
2
0
7
9
12
1
13
13
0
0
1
0
0
0
18
18
0
16
14
12
4
0
7
0
0
0
5
1
13
2
14
5
0
4
0
4
0
0
25
4
0
0
11
4
9
0
17
6
27
6
0
0
33
0
3
20
32
25
0
24
6
42
0
0
0
0
6
6
10
0
6
25
18
0
7
16
0
8
3
8
17
14
1
9
26
0
7
20
3
1
8
10
6
0
1
23
22
15
14
29
28
31
28
0
33
9
18
7
22
1
38
14
21
0
0
16
3
167
46
0
1
14
0
0
0
8
16
16
0
29
7
13
0
14
4
18
3
0
3
15
2
34
1
24
2
0
10
0
0
22
12
2
3
11
20
7
5
18
4
0
0
5
5
0
13
7
6
0
15
19
9
11
8
6
13
0
0
17
0
0
4
1
0
0
10
9
1
1
8
0
15
17
32
45
0
0
18
0
15
0
9
2
4
0
5
7
9
4
8
1
0
8
0
0
14
7
3
0
6
1
0
4
0
2
0
1
0
4
4
9
13
7
0
2
0
5
19
5
14
5
10
18
11
2
12
8
14
1
0
0
5
0
1
2
10
0
5
0
1
0
5
4
0
0
14
9
10
11
16
3
6
0
4
4
10
1
3
0
0
2
0
0
0
0
5
8
2
7
0
1
3
5
1
3
0
9
0
1
2
41
8
0
0
0
0
0
0
1
3
3
0
5
5
6
2
0
0
1
0
9
0
0
2
0
0
5
0
13
1
6
4
2
0
1
0
0
0
0
1
0
0
2
2
0
0
1
3
3
4
0
4
0
0
0
10
4
0
3
7
6
7
0
5
0
0
0
4
0
7
7
0
11
0
10
7
0
0
12
3
5
0
3
0
0
0
0
0
1
0
7
0
0
2
2
2
0
1
4
0
0
0
0
1
0
11
0
4
0
3
1
0
6
4
4
1
5
0
0
2
0
3
4
1
1
0
3
2
3
1
0
6
0
0
0
0
0
0
0
1
1
0
0
5
4
0
4
7
4
9
7
9
0
0
0
0
0
0
0
0
0
0
0
0
5
1
0
0
7
0
0
0
0
6
0
0
0
5
0
0
0
4
0
0
1
0
7
0
3
0
0
0
3
0
6
1
0
3
0
1
2
3
0
4
0
0
3
1
0
0
0
0
4
0
1
6
1
6
9
1
2
0
0
0
3
0
1
0
5
0
2
0
0
7
0
0
0
0
1
1
3
3
26
23
10
1
0
0
0
0
0
5
0
3
0
2
0
1
3
0
5
0
0
0
0
4
1
0
0
0
3
0
0
0
3
4
0
0
0
0
6
0
0
0
0
0
1
0
0
0
6
10
12
4
1
0
0
0
0
0
2
0
0
2
4
0
3
0
3
2
0
1
2
0
2
0
3
3
0
2
0
2
4
0
0
4
0
0
2
2
2
0
0
0
1
0
2
1
1
2
1
0
3
0
0
1
0
4
0
0
0
1
0
2
3
0
0
0
0
0
0
5
0
0
7
1
3
0
1
4
0
0
1
0
1
2
0
0
0
1
0
0
2
0
2
0
1
0
0
0
0
0
7
2
4
0
2
1
0
0
0
3
2
0
0
3
0
0
1
0
1
0
0
4
0
0
3
0
4
2
0
0
4
0
2
0
2
0
2
5
3
0
1
0
0
0
1
0
0
0
0
0
4
0
0
2
3
0
2
1
0
4
0
4
1
0
0
0
0
3
1
0
2
0
0
2
0
0
0
0
0
0
0
0
1
1
0
0
0
1
1
0
4
1
0
0
0
0
0
2
7
0
0
0
0
1
0
0
6
0
0
0
0
3
2
0
2
2
0
0
0
3
0
0
3
3
0
0
0
0
2
0
0
2
1
1
11
7
1
3
2
1
0
0
0
0
2
0
0
0
1
1
0
0
0
5
1
0
2
6
4
0
1
0
2
0
1
0
2
3
0
1
2
0
0
1
0
0
0
0
2
0
1
1
0
2
2
0
2
0
1
2
9
11
0
0
0
0
0
0
0
1
0
0
0
3
0
0
3
0
0
1
1
3
0
4
0
0
0
0
0
1
0
0
1
0
0
0
0
0
2
9
0
0
0
0
0
1
1
0
0
0
0
0
3
0
0
0
0
1
1
1
0
0
2
1
3
1
0
0
1
1
0
0
3
0
3
3
0
0
1
0
0
1
0
0
0
6
0
0
0
0
0
0
0
1
1
0
0
39
1064
