../2_Decay/DataFilesGe/Decay/415177G2.TXTBackgroundRemoved 
0
0
0
0
0
0
0
0
0
0
0
0
0
0
4
0
0
16
12
7
4
0
9
0
0
2
15
19
6
20
22
9
0
2
0
20
119
6
14
32
19
13
21
17
7
0
0
4
9
0
7
9
4
34
0
0
2
5
2
13
11
21
3
3
17
16
5
0
27
1
15
0
4
0
2
0
0
8
0
9
0
0
0
23
28
0
19
0
24
0
23
19
0
19
12
0
2
0
0
21
0
0
0
27
0
0
0
19
0
10
13
1
0
3
2
33
8
7
0
0
0
0
8
8
21
25
12
16
21
0
0
24
3
14
22
0
22
2
18
24
0
10
25
28
20
31
20
0
29
13
6
24
12
0
18
17
8
15
16
9
24
105
37
0
0
0
16
17
8
8
9
16
10
19
7
16
13
22
8
17
0
4
0
7
0
8
7
13
0
0
19
0
9
11
23
18
10
1
16
0
3
7
0
5
15
14
9
6
25
0
16
4
20
7
5
9
5
0
17
0
0
9
7
0
0
0
9
2
0
6
4
6
0
14
8
16
38
18
0
0
19
0
8
0
15
3
0
0
3
0
0
12
12
12
2
0
11
3
3
4
0
4
5
3
0
6
3
9
0
0
4
12
5
13
4
1
0
0
0
12
0
13
6
6
0
7
1
0
0
26
19
0
0
0
1
0
0
0
8
0
6
10
0
15
2
0
2
0
9
2
9
3
0
2
0
0
2
0
0
11
1
1
0
3
2
0
9
0
0
0
11
12
4
0
2
0
6
7
2
12
0
8
13
45
8
0
0
0
0
0
6
1
5
4
7
0
0
7
0
1
0
3
1
5
3
1
1
2
10
5
1
0
8
3
3
0
9
7
2
0
0
0
8
5
5
2
0
0
0
2
0
0
7
3
0
5
6
1
1
0
6
0
0
1
3
1
7
2
0
0
4
0
11
2
3
0
3
2
0
0
3
3
2
3
0
5
0
4
0
0
0
0
0
4
0
0
1
1
0
4
0
6
0
0
0
0
0
0
8
0
0
0
6
0
3
4
0
0
5
0
3
7
0
4
6
1
5
0
0
3
0
4
0
0
11
4
2
0
3
0
6
0
2
0
0
0
0
0
0
5
0
10
11
24
9
0
0
0
0
0
0
0
7
0
3
2
3
0
2
3
2
0
3
4
1
1
0
4
0
0
4
0
0
0
0
0
7
0
6
2
0
0
1
0
0
0
0
5
0
0
0
0
0
0
0
0
0
0
0
1
0
0
0
0
1
0
0
3
7
0
8
12
0
0
0
0
0
1
0
5
0
0
0
2
2
0
2
0
3
0
0
1
1
0
4
20
24
5
0
0
0
0
0
0
1
2
0
1
0
0
1
0
3
5
0
0
1
2
0
5
7
1
6
0
2
5
3
1
2
0
0
0
0
6
0
1
0
0
0
0
0
0
1
6
12
20
5
2
0
0
0
0
0
3
0
0
0
2
0
0
4
0
3
0
0
0
5
2
0
0
1
1
4
0
0
0
0
0
4
0
0
3
4
1
0
6
0
0
0
0
0
0
0
0
0
0
0
0
3
0
2
0
3
0
3
0
1
4
3
3
1
0
0
3
0
0
0
0
0
0
5
6
4
0
0
3
2
2
4
0
0
0
1
0
3
1
0
7
0
0
1
1
0
7
0
2
3
4
0
1
0
0
0
0
1
0
0
0
0
0
0
0
0
0
0
1
2
2
2
1
0
0
4
0
0
1
0
0
0
0
2
2
3
2
3
0
0
0
0
0
3
0
0
1
0
3
0
5
0
0
2
0
4
0
0
4
5
0
4
0
7
2
0
0
0
1
0
2
0
0
1
0
0
1
0
1
0
0
0
0
1
5
0
1
3
0
5
0
1
0
0
1
0
4
1
3
0
0
4
0
0
1
0
6
0
0
0
0
0
1
0
0
0
0
0
2
1
1
3
0
0
0
0
0
0
1
4
0
2
3
18
0
1
0
0
3
0
0
0
0
3
4
0
0
2
0
7
0
2
2
2
2
0
2
4
1
0
0
2
0
1
0
1
0
0
2
1
3
2
0
0
0
0
0
0
0
1
0
7
0
0
3
2
7
3
6
0
1
0
0
0
0
0
0
1
0
3
0
2
0
2
1
0
0
3
1
0
0
0
0
0
0
0
0
1
0
0
1
0
0
2
1
5
1
0
3
0
0
1
1
0
0
0
1
0
0
0
4
0
0
2
1
2
0
0
0
1
0
0
2
1
2
0
4
0
1
1
2
1
1
0
0
0
0
1
2
0
2
0
0
0
1
0
0
0
0
0
0
4
3
0
1
101
1087
