../2_Decay/DataFilesGe/Decay/415152G2.TXTBackgroundRemoved 
0
0
0
0
0
0
0
0
0
0
0
0
1
0
0
15
5
14
7
13
15
10
30
2
10
7
5
34
9
23
13
4
11
6
0
13
523
17
22
110
32
9
10
2
0
0
7
2
0
0
10
22
3
0
11
0
0
1
15
0
15
15
15
0
21
0
0
16
0
19
3
4
20
0
13
0
3
4
0
12
12
0
15
26
0
0
0
25
0
8
14
29
0
21
30
0
1
4
0
13
12
18
0
7
2
17
35
10
3
1
15
17
25
1
27
24
23
15
20
1
24
0
28
47
2
11
0
7
24
8
32
24
4
33
13
21
19
21
0
11
14
0
23
4
24
4
23
9
9
10
0
0
8
0
1
0
0
0
7
3
26
397
147
0
16
0
18
6
0
19
0
22
0
11
22
0
14
6
14
9
7
4
0
17
0
49
3
15
18
3
0
4
0
6
16
3
12
3
0
21
0
16
0
8
12
2
0
1
30
22
6
0
17
0
12
0
0
4
2
0
0
13
0
5
8
0
0
2
0
0
2
13
16
17
0
10
34
37
0
0
27
0
0
4
8
3
9
0
17
11
7
1
1
15
1
10
11
0
0
0
9
23
8
10
0
0
5
5
9
4
8
7
9
15
0
12
4
4
6
7
0
0
3
5
0
10
0
5
10
4
31
0
0
3
8
8
1
0
1
0
7
6
3
3
7
3
0
0
13
1
10
6
8
11
1
2
7
11
12
7
3
0
0
0
10
12
0
4
0
1
10
20
0
6
0
5
6
1
9
10
3
9
1
31
20
0
0
0
0
5
4
0
5
5
4
1
0
8
7
1
0
0
0
1
0
0
0
2
3
1
0
3
0
10
5
0
0
0
0
0
1
0
6
3
8
1
2
0
4
0
0
4
0
3
0
9
0
0
0
1
3
6
1
2
6
0
5
0
0
0
6
0
10
0
0
0
6
6
0
4
0
4
2
8
4
10
1
4
0
0
0
0
2
0
3
6
0
0
0
0
0
7
5
0
1
0
0
4
8
6
5
0
0
0
0
8
3
0
4
8
3
2
7
2
8
0
2
4
0
7
0
1
2
1
1
0
0
5
0
0
6
3
0
5
0
0
0
1
1
4
2
4
13
15
17
0
0
0
0
0
0
1
1
7
4
1
3
5
0
6
0
0
4
2
0
5
3
0
0
0
0
4
1
3
3
1
2
0
0
0
0
0
0
3
0
0
0
3
0
0
2
1
0
0
0
0
0
0
0
0
2
3
2
0
0
1
2
5
3
0
11
15
9
1
0
0
0
4
3
5
3
5
0
4
2
0
0
1
0
0
0
0
7
0
0
27
24
3
0
0
0
0
0
2
3
0
0
0
1
1
2
6
0
7
0
2
0
1
6
2
0
0
0
0
1
0
7
10
0
0
3
0
0
1
2
1
0
0
1
0
1
4
0
2
7
10
8
5
0
0
0
0
0
0
6
0
0
0
0
0
0
1
4
0
0
0
2
1
0
0
4
2
2
2
3
0
0
0
4
0
0
7
1
7
0
5
0
0
0
0
0
3
2
0
6
0
0
0
2
0
0
6
6
0
4
5
3
7
0
0
0
1
0
0
0
0
1
0
0
0
2
2
0
0
0
2
1
6
2
3
1
0
0
0
2
0
1
0
0
0
0
6
0
2
0
1
7
3
0
0
5
0
0
5
0
1
3
0
0
0
0
0
3
0
0
0
0
2
0
0
0
0
8
0
2
0
0
2
0
0
0
1
1
0
3
3
3
0
0
1
2
2
0
0
0
0
1
1
0
0
0
2
3
0
2
2
6
3
5
0
1
0
2
0
4
3
0
2
0
0
0
0
0
0
0
0
0
1
0
1
0
0
0
3
1
2
0
0
0
0
0
1
0
0
5
1
0
0
0
0
0
0
1
0
0
3
0
0
0
3
0
3
3
2
0
0
2
0
1
3
0
0
0
0
0
0
2
0
1
1
8
9
0
6
2
4
3
0
0
0
0
0
3
2
1
0
0
0
0
2
0
2
3
3
4
1
0
0
1
0
2
1
0
0
6
2
0
0
0
1
3
4
0
0
0
3
3
1
1
0
2
3
1
2
17
5
4
0
0
0
3
0
0
6
0
0
0
2
0
1
2
3
0
0
1
0
1
0
0
0
1
0
3
0
0
2
0
4
0
2
0
4
2
1
1
0
0
0
2
2
2
2
0
0
1
1
0
1
4
0
0
1
0
0
0
0
0
0
0
2
0
0
1
1
1
2
1
3
0
0
3
3
0
0
3
0
0
2
2
0
0
0
1
0
0
0
1
0
0
4
0
1
0
1178
