../2_Decay/DataFilesGe/Decay/415136G2.TXTBackgroundRemoved 
0
0
0
0
0
0
0
0
0
0
0
0
0
0
2
81
29
27
29
36
39
29
24
0
14
10
43
81
25
33
28
11
13
0
7
32
1155
249
16
185
138
8
10
0
0
0
14
16
19
0
6
0
10
0
0
0
0
0
7
0
16
5
0
12
0
16
9
23
5
4
0
0
3
0
5
0
0
4
0
0
0
16
1
0
12
3
0
16
27
35
0
0
27
0
5
13
12
0
0
1
5
20
0
19
0
18
7
23
6
20
9
14
12
16
1
17
0
26
0
16
16
6
23
28
14
0
12
3
29
16
26
26
0
17
0
16
42
5
8
36
13
40
24
0
9
3
38
7
35
26
0
22
16
14
10
3
40
11
13
18
17
18
703
711
11
0
11
8
24
11
4
19
5
27
21
0
23
10
10
25
0
0
0
18
0
12
108
37
4
32
15
3
11
22
11
13
6
18
9
8
0
20
18
0
0
11
0
3
19
0
14
0
27
2
10
6
0
11
0
0
0
20
4
1
18
0
2
6
3
17
0
13
6
4
0
8
2
7
9
14
11
0
19
2
16
3
0
0
6
0
1
12
10
1
4
0
10
5
0
3
24
9
10
3
0
6
3
20
0
7
3
14
4
6
6
3
0
9
2
4
5
22
20
15
1
14
6
7
0
0
3
9
14
2
4
4
0
4
1
5
0
2
0
16
8
2
10
0
4
3
3
13
3
6
10
3
11
0
2
9
0
3
8
0
11
8
9
5
0
6
12
0
1
2
3
0
1
0
0
0
0
0
5
0
2
0
1
0
0
2
0
3
1
7
2
3
0
2
0
5
0
3
1
0
1
1
4
0
4
0
0
2
6
4
1
0
1
8
6
0
0
0
4
0
5
0
0
4
0
0
0
1
0
6
0
10
4
0
0
0
0
6
0
0
7
0
7
0
1
0
1
3
2
7
2
7
0
4
5
2
4
2
0
0
0
0
0
10
0
5
4
0
3
0
0
5
15
4
0
0
0
0
7
2
6
3
0
0
4
0
0
5
3
0
0
3
0
0
6
0
0
0
0
0
4
3
1
0
3
2
0
0
3
0
3
0
0
0
0
0
9
4
3
3
0
5
2
3
2
2
2
2
0
5
2
3
11
18
13
3
0
0
1
4
0
3
7
0
1
3
4
3
1
0
0
3
0
0
0
0
7
2
3
4
0
0
1
0
0
0
0
6
0
0
0
3
3
6
1
0
4
0
0
0
0
1
0
0
0
4
0
0
0
0
0
1
0
0
1
7
0
0
2
4
3
0
2
0
3
5
0
2
0
0
1
0
0
0
0
0
1
0
0
0
0
0
3
0
2
0
14
4
0
2
6
0
6
0
6
1
0
4
0
5
0
0
0
0
0
5
0
1
2
3
0
1
2
1
1
0
0
0
4
0
0
0
0
0
4
1
2
2
1
2
0
2
0
0
3
0
0
4
0
0
0
1
0
0
0
0
0
3
4
0
3
0
3
0
0
0
1
0
2
4
0
0
0
3
2
1
0
2
0
1
0
5
1
3
0
0
0
0
0
0
1
0
0
0
4
0
5
0
2
0
0
0
2
1
1
0
1
2
3
4
1
4
0
2
0
0
0
0
3
3
0
3
0
0
1
6
0
1
2
2
3
1
0
0
0
4
1
2
2
2
3
0
0
3
0
0
4
0
0
5
0
2
0
0
0
0
1
5
1
2
0
0
2
1
1
1
0
0
3
3
0
1
0
3
0
0
4
2
0
3
1
2
2
0
0
0
3
0
4
5
0
1
0
5
6
0
0
0
2
4
0
0
0
1
0
0
2
2
3
0
0
1
0
2
0
0
0
0
1
0
0
1
0
1
0
0
2
1
0
1
0
0
2
0
0
0
0
0
2
0
0
1
1
0
2
2
2
2
1
0
0
0
3
5
0
4
4
3
3
5
1
0
0
0
2
0
2
0
0
0
0
0
4
0
0
2
0
1
0
0
0
3
0
8
0
0
0
3
0
0
1
0
0
5
0
0
1
3
0
0
0
3
0
0
1
1
0
0
2
0
3
3
0
0
3
0
1
0
0
4
0
3
0
1
2
5
1
0
4
0
0
1
2
0
0
0
0
2
1
0
5
0
0
0
0
0
2
2
0
2
0
3
1
0
4
1
2
0
0
0
3
0
0
0
0
2
0
1
2
1
0
1
0
0
0
0
0
1
5
0
0
0
0
0
0
3
0
0
0
1
1
0
3
0
4
1
0
0
2
1
3
0
1
0
6
0
0
0
0
0
0
1
2
0
0
0
0
1
1
5
2
1
0
0
2
0
0
0
0
1086
