../2_Decay/DataFilesGe/Decay/415154G2.TXTBackgroundRemoved 
0
0
0
0
0
0
0
0
0
0
0
1
0
0
0
20
0
12
17
17
0
0
4
0
5
0
15
49
20
19
26
15
27
0
0
9
458
30
11
102
17
9
5
0
0
0
9
0
0
13
3
6
7
7
0
10
1
0
26
25
2
7
13
8
16
0
8
0
11
16
0
0
13
0
0
0
14
9
18
0
4
8
0
0
1
0
0
15
12
0
0
16
20
8
6
0
0
28
0
26
0
0
6
27
17
17
12
0
0
21
10
11
23
8
1
45
0
12
6
11
0
0
9
7
0
0
0
6
33
0
0
19
0
16
0
25
10
0
3
2
0
0
25
25
31
18
13
1
20
27
25
11
10
8
26
0
31
4
16
4
7
371
130
8
0
10
2
2
0
3
5
33
0
22
26
29
4
12
8
9
0
7
9
0
6
36
11
17
13
0
32
10
24
5
22
11
0
0
19
7
0
21
6
0
11
8
7
6
8
10
9
0
10
5
10
0
18
0
12
17
0
6
0
12
24
0
4
3
6
0
17
10
11
15
3
9
25
32
0
0
3
0
3
5
15
5
0
3
16
0
0
13
3
0
0
0
1
4
0
5
17
6
0
0
0
3
21
5
2
0
0
17
0
8
5
0
0
4
7
11
0
5
8
1
6
10
0
1
13
22
26
2
0
1
2
0
9
0
3
3
0
3
0
9
0
2
2
4
5
7
2
5
0
6
3
6
4
1
12
0
0
8
0
0
0
0
0
4
5
4
14
3
0
2
0
0
0
0
3
9
0
9
11
48
14
0
0
0
0
1
2
0
5
3
10
1
0
1
7
7
0
2
5
14
8
9
7
0
4
2
3
5
0
0
0
0
0
3
0
9
0
1
5
3
0
0
0
0
0
0
1
0
5
0
4
3
10
0
3
0
0
0
0
0
5
1
2
1
0
3
5
0
17
1
0
0
2
11
2
4
3
1
2
1
0
7
0
0
0
0
0
0
5
1
2
0
7
1
0
0
1
0
0
0
1
0
2
8
2
3
0
0
0
0
0
0
3
0
5
1
2
3
5
0
2
0
3
1
4
2
4
0
4
2
3
0
0
0
0
0
6
5
0
3
0
0
2
1
0
0
0
10
6
22
16
0
0
0
0
0
0
0
0
6
2
3
2
6
1
0
0
2
2
5
0
0
0
0
2
0
8
0
0
0
5
0
0
2
4
0
0
4
0
2
0
0
0
2
0
1
0
0
0
0
2
0
0
0
0
2
3
0
4
0
0
0
0
0
0
4
0
23
7
0
0
0
0
0
3
0
0
0
0
1
0
0
1
0
0
6
0
1
0
1
2
12
28
7
0
0
0
0
0
1
2
0
0
0
0
0
6
0
0
1
0
0
2
0
0
3
2
1
0
2
2
0
2
2
0
0
2
0
4
0
0
0
3
3
3
2
0
0
0
7
5
21
3
0
0
0
0
0
0
2
0
0
0
3
0
3
2
3
0
2
5
13
1
0
3
0
0
6
1
0
2
0
0
0
0
0
0
8
1
1
0
2
0
0
0
0
0
4
1
0
1
0
0
0
0
0
2
0
5
0
6
0
5
1
2
0
0
0
0
3
0
3
2
0
1
0
1
0
0
0
0
2
0
0
0
0
0
0
0
0
0
1
1
3
0
0
0
3
7
0
0
5
0
3
0
0
7
0
0
1
0
0
0
0
1
0
0
0
0
1
0
0
4
2
0
0
5
0
5
0
0
0
0
3
0
0
3
0
0
1
0
2
5
4
0
0
5
1
0
0
0
1
0
1
1
1
2
0
0
2
1
0
0
0
0
0
0
6
2
0
1
3
1
0
1
0
2
0
0
1
0
0
1
0
1
0
0
0
1
0
2
0
1
1
1
3
0
0
0
0
2
0
0
2
2
0
0
0
0
0
3
0
4
0
0
0
3
0
0
0
0
5
0
0
0
0
0
0
1
0
3
0
1
0
5
3
3
13
0
7
0
4
0
0
0
0
1
1
1
1
0
1
0
3
0
2
2
0
4
3
0
0
1
2
0
0
0
2
0
0
2
2
0
0
2
0
1
4
0
0
0
0
2
0
0
0
0
1
0
1
5
9
0
0
0
0
0
0
0
0
0
0
0
2
0
3
0
0
0
0
0
0
0
1
0
2
0
1
1
0
1
1
0
1
0
0
0
3
0
1
0
0
0
0
1
0
0
2
0
0
0
0
0
4
2
0
0
2
0
2
2
0
0
3
0
0
3
4
0
1
0
0
0
3
0
0
1
0
1
1
1
0
0
0
1
0
0
0
1
1
0
0
2
0
2
0
1
0
0
1113
