../2_Decay/DataFilesGe/Decay/415142G2.TXTBackgroundRemoved 
0
0
0
0
0
0
0
0
0
0
0
0
2
3
0
33
0
27
0
26
7
30
4
2
0
8
26
66
5
29
23
8
0
5
0
20
777
216
31
136
111
13
11
1
7
0
0
16
8
4
18
22
13
11
10
19
0
0
22
10
34
10
23
36
0
4
0
11
22
4
7
0
10
5
15
0
0
6
0
0
16
18
27
0
4
6
11
9
7
6
4
10
18
0
2
0
7
21
11
0
12
0
0
17
7
4
37
15
0
36
0
39
0
15
0
18
0
11
0
7
46
1
29
4
7
6
0
0
38
7
15
6
17
19
0
9
35
4
3
36
19
16
30
18
21
0
29
0
5
18
19
2
12
15
0
9
13
16
0
5
25
32
468
496
28
0
10
13
7
0
22
13
0
14
15
20
8
9
17
15
1
11
1
0
12
3
76
25
6
32
21
12
13
4
25
4
15
8
19
10
2
18
9
0
8
11
0
0
12
4
5
0
12
14
10
5
0
4
1
3
1
4
0
0
8
4
1
7
1
0
0
7
0
4
1
20
20
12
14
11
6
0
5
12
3
15
0
1
3
0
0
5
14
18
7
0
14
0
0
7
1
5
8
0
7
6
0
0
7
5
3
3
7
14
13
0
3
0
15
4
0
8
11
11
1
0
4
6
2
3
0
6
14
5
15
6
1
4
6
10
2
15
0
2
10
5
0
0
5
4
4
5
0
4
11
0
3
5
18
0
0
11
5
0
8
8
0
4
0
0
5
12
0
0
2
2
0
0
2
7
0
0
9
6
3
0
14
0
5
0
4
5
8
0
5
3
0
0
1
4
0
4
0
4
14
0
4
0
8
1
3
7
5
9
8
6
0
2
1
6
0
0
0
5
6
0
0
0
0
0
2
0
0
4
0
7
5
0
2
0
0
0
0
0
4
0
3
0
0
0
9
2
4
3
0
1
2
1
0
4
0
3
2
0
0
4
0
0
0
0
0
7
0
7
1
3
0
1
3
0
0
3
0
4
0
0
0
6
2
1
0
0
0
2
0
5
4
0
1
4
0
1
2
0
3
4
4
4
3
2
6
0
0
3
2
0
0
2
0
0
6
4
5
0
3
0
7
2
0
0
0
0
0
0
3
9
5
14
6
5
3
2
0
2
4
0
1
0
4
1
1
3
3
3
6
0
0
0
0
0
3
2
0
8
3
0
0
0
0
0
0
0
3
3
0
0
0
6
0
0
0
0
1
2
0
0
5
0
0
4
1
1
2
3
0
0
0
0
1
0
6
0
0
2
6
0
2
0
1
0
0
2
0
2
4
0
0
0
3
3
0
0
1
0
5
2
2
3
3
5
0
9
0
0
2
0
1
1
1
0
1
0
3
1
0
1
0
2
3
0
0
3
0
1
0
0
1
1
6
1
0
0
0
0
3
0
0
1
0
0
0
0
0
2
0
0
0
4
2
0
0
2
0
3
0
2
0
6
0
2
0
3
0
0
0
3
0
2
1
5
0
2
0
1
0
0
4
0
3
0
0
5
2
4
4
1
4
1
6
0
0
0
0
0
7
1
1
0
0
0
0
0
0
0
2
0
4
0
3
0
4
0
0
2
0
0
0
2
0
0
2
0
0
0
2
4
0
1
1
0
0
2
0
0
3
2
0
1
1
5
0
0
0
0
0
0
0
0
0
4
3
0
0
4
1
2
2
3
0
0
0
1
0
1
0
0
3
0
0
1
0
1
0
6
0
0
0
0
3
0
2
3
0
0
1
1
0
2
0
6
0
0
3
0
0
2
1
5
2
3
1
0
6
1
1
5
2
2
0
0
2
0
2
0
0
1
0
0
3
0
3
2
0
0
0
0
0
0
4
1
0
1
0
0
1
2
2
0
3
3
0
0
3
0
1
2
0
2
0
0
2
0
0
1
1
0
1
0
0
4
3
1
0
0
0
1
0
1
0
0
0
0
0
0
2
0
5
2
2
0
0
4
1
0
2
10
0
3
0
0
0
0
1
1
2
0
3
2
0
1
0
1
0
0
4
0
0
0
3
1
0
0
2
0
2
0
0
0
2
0
0
0
0
0
0
0
1
1
0
0
0
1
4
3
0
5
4
1
0
0
5
2
3
2
2
0
4
0
0
0
0
3
0
0
0
0
0
0
0
0
2
4
2
1
0
0
0
0
3
0
0
1
0
0
0
0
0
0
0
0
1
1
0
1
0
0
0
7
0
0
0
0
0
1
2
0
2
0
1
0
1
0
4
0
0
0
3
2
2
0
2
0
0
0
1
0
0
1
0
1
0
4
0
0
0
0
0
0
0
0
0
2
1
1213
