../2_Decay/DataFilesGe/Decay/415174G2.TXTBackgroundRemoved 
0
0
0
0
0
0
0
0
0
0
0
1
0
0
2
32
4
11
41
23
10
0
1
0
9
13
14
16
24
30
28
6
16
3
12
8
145
23
12
26
26
8
5
0
13
9
6
0
12
7
11
0
0
0
2
2
0
7
0
0
9
0
16
11
17
15
12
1
0
22
0
8
15
0
0
0
0
2
10
14
16
25
4
0
0
0
9
0
9
0
7
5
0
33
0
8
6
0
0
0
18
18
0
25
0
22
12
18
0
18
0
7
0
37
16
11
29
34
29
34
45
24
31
45
0
35
46
93
58
26
28
36
33
44
37
16
6
0
29
9
0
8
42
8
28
0
16
0
8
5
14
7
0
0
9
5
6
15
0
7
6
123
28
0
0
15
7
8
3
11
18
19
8
4
28
16
12
13
24
1
4
12
0
27
0
20
0
30
0
0
16
13
0
1
24
21
0
22
11
8
4
12
21
0
12
10
0
0
9
8
5
0
10
5
5
0
1
0
18
0
0
13
0
1
7
10
0
11
2
11
1
22
9
0
0
11
39
31
0
0
15
0
0
3
4
0
0
4
0
11
0
0
1
10
0
0
3
9
0
0
11
8
0
0
4
10
10
5
0
3
5
17
9
3
2
5
1
1
13
0
0
14
12
11
3
7
0
6
2
15
31
0
0
2
15
4
5
1
3
0
6
8
5
7
6
13
1
0
13
4
3
3
3
6
7
7
6
0
15
12
0
2
0
0
0
0
0
0
1
8
13
5
0
0
13
6
0
0
0
17
0
0
13
33
6
0
0
0
1
1
3
0
2
0
8
4
0
7
9
0
0
4
0
4
5
1
0
5
0
0
0
2
1
11
11
0
5
5
1
0
0
0
10
7
10
0
5
6
5
0
0
1
9
6
0
3
0
0
0
0
0
0
0
2
7
0
10
3
0
5
1
2
7
7
3
1
2
5
1
0
0
2
6
0
0
2
6
5
0
1
0
4
7
1
0
3
5
0
0
2
5
3
3
0
6
3
0
0
0
0
0
0
0
0
0
12
1
0
3
0
2
3
0
4
8
3
6
7
6
4
5
0
0
0
0
0
0
6
0
0
0
2
3
2
0
3
1
1
2
1
2
8
18
13
4
0
0
0
0
0
4
0
1
7
3
2
0
2
5
7
2
0
5
4
0
6
0
4
0
0
3
0
0
1
2
0
2
0
0
0
0
0
0
3
0
0
0
0
0
3
0
0
3
0
0
0
1
1
0
0
3
3
0
0
5
9
0
0
1
0
13
8
9
1
0
0
0
0
0
0
0
0
4
0
0
1
0
0
7
1
0
1
0
0
11
24
18
4
0
0
0
0
0
0
0
0
0
1
2
0
2
0
0
1
0
0
0
2
3
0
0
0
2
0
0
0
2
0
0
3
1
0
2
0
0
0
0
0
0
1
0
2
3
5
15
13
7
2
2
0
0
0
0
0
0
0
0
2
0
0
3
0
0
6
2
0
0
0
0
3
2
0
3
1
0
0
2
0
2
0
0
0
4
5
5
0
0
2
0
0
1
0
1
0
0
0
0
0
0
1
0
0
2
0
3
0
5
3
6
2
3
0
1
0
0
0
0
1
1
0
0
0
0
3
0
0
0
0
0
3
0
2
0
0
0
6
2
0
0
0
4
4
3
2
4
0
2
0
2
0
0
4
0
0
0
4
3
0
0
2
0
0
0
1
0
1
3
0
0
0
0
0
3
0
0
0
0
0
0
0
2
4
0
1
0
0
2
1
0
3
0
0
3
1
2
0
1
2
3
0
0
0
5
4
0
3
1
0
0
0
0
1
7
0
0
2
0
0
0
0
4
0
1
0
0
0
1
0
0
4
2
0
0
0
0
2
0
0
0
0
0
1
0
3
0
0
0
2
4
3
0
0
1
0
0
0
2
0
0
0
1
0
1
0
1
0
0
0
1
6
0
0
0
0
0
0
3
0
4
0
10
3
2
2
0
5
0
0
0
0
0
0
0
2
2
1
1
0
0
3
0
3
1
3
0
0
1
0
3
0
0
2
0
0
2
0
3
0
1
0
2
0
0
0
0
0
1
0
0
0
0
4
5
1
4
5
0
0
0
0
0
0
0
0
0
0
0
1
0
2
2
2
0
0
0
0
1
0
0
0
0
0
2
0
0
3
0
1
0
0
4
0
0
5
3
0
0
0
1
1
0
0
2
0
0
2
2
0
0
1
2
0
0
0
2
0
2
1
3
2
1
0
0
0
0
3
5
0
0
2
3
1
0
0
1
1
1
3
0
0
3
0
0
0
1
0
0
0
3
0
0
3
616
565
