../2_Decay/DataFilesGe/Decay/415191G2.TXTBackgroundRemoved 
0
0
0
0
0
0
0
0
0
0
0
0
1
1
1
23
29
41
37
19
10
14
7
0
0
19
30
12
5
20
34
19
10
2
0
11
41
10
15
14
26
12
13
0
15
11
0
3
0
27
15
8
4
15
17
13
20
1
26
6
22
21
19
15
9
4
7
18
3
16
0
1
39
7
4
0
14
22
5
2
0
11
19
10
0
3
11
4
22
17
28
13
25
20
13
33
14
0
9
21
10
15
13
15
40
10
32
46
47
8
36
54
45
27
61
38
68
39
56
45
47
0
23
28
34
32
7
17
22
0
0
0
0
17
25
4
50
18
22
11
9
25
16
38
18
13
19
23
13
20
12
2
28
11
11
0
7
31
0
8
24
66
35
30
0
5
11
0
8
0
16
34
9
16
24
5
22
8
4
1
0
14
16
16
0
1
17
24
0
0
20
5
23
13
27
8
0
0
17
1
3
6
14
4
11
14
0
16
20
3
7
5
16
3
2
3
0
0
11
8
2
9
4
6
10
3
0
0
15
5
6
26
0
10
10
15
28
37
0
3
20
0
3
19
0
5
5
3
18
6
4
19
0
7
0
13
7
10
2
0
9
3
0
2
0
8
6
3
11
1
2
18
4
7
4
5
0
0
0
2
18
11
11
5
3
15
0
0
3
19
37
0
0
0
16
1
1
0
5
5
0
9
19
8
0
9
0
2
7
5
8
13
5
9
0
4
2
1
11
2
7
12
1
0
1
7
0
0
7
4
7
17
0
1
3
6
8
0
6
3
0
6
16
42
4
0
0
1
2
9
2
0
4
5
6
0
0
10
4
0
0
8
4
12
3
0
15
2
11
6
0
7
1
2
3
3
3
3
0
2
2
0
13
7
1
0
9
0
5
0
2
0
0
0
0
9
1
1
2
2
0
0
7
0
5
0
3
4
0
0
7
0
4
5
1
0
2
2
8
5
0
6
0
8
0
6
2
0
0
1
1
1
2
0
1
2
1
0
0
0
3
1
0
0
1
0
0
3
6
7
1
0
0
0
0
0
0
0
1
3
2
2
0
0
0
0
0
5
1
2
4
10
2
0
0
0
0
2
1
0
2
7
5
0
0
0
3
0
0
4
7
8
13
18
5
2
0
0
0
1
0
0
3
0
3
0
3
7
0
5
0
0
3
3
0
2
0
0
4
0
4
0
4
3
0
4
3
0
3
5
1
0
0
4
0
2
0
1
0
3
0
3
0
3
6
0
2
0
3
0
0
1
5
0
0
0
0
2
3
8
0
6
2
4
2
0
0
1
3
3
3
8
0
0
3
1
6
1
0
8
2
0
0
0
3
21
31
7
2
0
0
0
0
0
1
0
0
1
0
0
0
2
0
1
0
0
0
0
0
1
5
0
0
1
0
2
2
0
1
0
0
0
1
2
0
0
0
0
1
0
3
3
0
9
5
20
8
3
0
0
0
0
0
2
0
0
5
3
0
0
0
5
1
0
0
2
1
0
3
3
3
0
1
0
2
3
1
0
0
6
0
3
0
0
0
1
2
0
0
0
0
0
6
0
0
0
0
0
6
1
1
0
3
0
2
0
3
0
0
9
1
0
5
3
0
0
2
0
0
0
0
3
5
3
0
5
0
0
1
6
3
0
0
0
0
3
0
4
0
3
1
4
1
3
0
0
2
3
0
4
1
0
0
4
3
1
1
1
0
1
0
1
0
0
0
1
1
0
0
0
1
0
8
0
0
5
0
0
0
0
1
1
0
2
1
0
1
0
0
2
0
0
0
3
0
0
1
3
0
0
0
2
2
5
1
3
1
0
0
1
5
2
0
0
0
2
4
0
0
0
1
0
0
0
0
0
0
2
1
3
0
6
0
2
0
0
0
0
1
0
0
0
0
1
0
0
0
0
0
0
0
0
0
0
0
0
2
0
0
0
0
5
0
1
0
1
0
0
1
1
3
1
0
2
2
0
3
0
4
0
11
4
3
0
0
3
0
0
0
0
3
0
0
0
0
0
1
0
0
0
6
2
0
1
2
2
0
1
1
0
2
2
0
0
1
1
3
0
0
0
0
0
0
0
0
2
0
1
0
3
2
2
2
2
5
9
8
0
0
0
0
0
0
0
0
0
0
3
2
2
0
2
0
2
0
1
0
0
2
1
0
0
4
1
0
0
0
1
3
0
4
2
0
2
0
0
0
0
0
2
0
3
0
0
1
2
0
0
0
2
0
0
0
0
2
1
1
1
0
4
0
0
1
0
0
0
0
0
0
0
2
2
4
0
0
0
1
0
1
0
0
0
0
0
0
0
0
0
3
2
0
0
0
1213
