../2_Decay/DataFilesGe/Decay/415158G2.TXTBackgroundRemoved 
0
0
0
0
0
0
0
0
0
0
0
0
0
0
0
18
18
18
7
3
38
38
19
19
26
8
12
43
12
18
0
11
0
24
1
9
349
36
2
76
12
18
22
0
3
3
5
5
5
1
22
9
7
34
6
3
9
2
11
0
19
4
4
4
22
22
22
10
15
15
15
0
28
0
14
14
3
3
3
13
13
11
11
9
9
9
14
14
13
13
4
4
4
2
27
27
8
8
6
7
6
6
6
21
19
19
2
9
1
8
4
29
3
3
1
2
5
5
5
19
45
0
13
22
22
22
22
8
23
5
16
7
10
21
30
18
12
27
36
17
14
14
10
14
21
21
9
7
16
7
5
5
1
1
14
8
14
0
0
0
8
295
96
0
0
16
19
19
4
17
3
11
13
24
26
11
6
16
16
9
9
19
19
20
20
38
12
24
0
0
6
11
5
9
6
4
4
12
12
18
20
13
13
13
10
10
10
10
26
3
12
12
12
5
5
5
5
22
22
8
8
9
7
7
18
22
22
22
14
5
5
23
9
9
9
8
49
36
0
0
5
5
5
2
6
4
4
3
7
0
6
16
2
1
6
6
6
6
6
6
5
5
5
2
2
7
7
3
3
11
6
8
6
9
9
9
9
13
9
9
9
9
11
9
5
10
9
9
9
17
28
8
8
2
19
4
4
4
5
5
13
13
13
18
1
1
0
0
0
7
10
10
1
16
2
1
7
3
13
8
0
11
4
7
7
5
5
2
2
1
9
6
6
1
1
0
4
7
7
7
3
3
7
35
20
20
20
20
9
6
6
4
4
0
1
1
1
8
8
12
12
3
3
0
0
1
3
3
3
7
6
6
2
1
1
3
3
7
7
2
2
2
9
4
0
0
3
3
7
7
10
0
1
1
7
5
9
2
1
2
2
5
3
1
8
8
8
10
2
2
0
1
4
5
5
5
1
0
4
4
4
7
7
7
4
8
3
3
1
2
0
4
4
4
4
4
4
8
8
3
2
2
3
3
2
2
2
2
13
13
13
13
13
13
0
2
2
2
4
1
1
4
4
0
0
1
1
1
4
4
4
5
0
0
2
2
2
10
10
10
8
8
8
4
3
0
3
0
0
0
1
15
12
21
10
1
1
1
1
1
1
1
1
1
3
3
3
3
3
3
3
0
1
3
2
2
2
2
0
0
7
5
3
3
3
3
3
3
3
0
0
0
5
1
1
2
2
3
3
1
4
1
1
1
2
2
1
1
2
4
4
0
1
1
1
0
0
0
5
10
4
14
10
3
3
3
3
2
7
6
6
0
0
2
8
1
5
5
4
4
4
1
7
7
5
17
29
7
7
7
7
7
7
7
7
7
7
7
7
3
0
0
4
1
1
1
1
6
0
1
1
1
2
1
1
1
3
3
0
0
1
1
1
4
4
4
4
4
4
4
4
1
1
0
10
9
11
3
3
3
3
3
3
1
1
1
0
1
1
0
0
0
1
0
3
0
0
2
0
0
2
6
6
1
2
6
6
6
2
2
0
0
0
5
0
0
4
4
1
2
2
4
0
0
2
0
0
1
0
0
0
0
2
2
1
1
5
2
4
3
3
3
3
3
3
1
1
1
0
0
0
5
3
3
3
3
3
0
0
0
0
2
0
2
4
4
4
4
0
0
0
4
4
3
6
6
6
2
0
2
8
8
8
8
3
5
1
1
5
0
0
1
1
0
0
2
0
4
4
4
2
3
1
1
1
0
1
1
1
1
0
3
1
2
3
0
1
5
5
5
0
0
5
5
2
1
1
0
2
1
1
1
3
0
0
3
3
4
4
4
1
2
2
2
3
2
2
2
2
2
1
0
2
0
0
0
2
1
1
1
5
1
1
4
4
4
4
1
0
0
2
2
2
0
0
0
0
1
0
0
2
2
4
1
1
1
0
3
4
0
1
1
0
1
1
1
1
4
1
1
1
1
1
0
0
0
6
2
2
1
12
8
1
1
1
2
2
2
2
2
2
2
0
1
0
2
3
3
3
0
0
1
2
1
1
1
1
1
1
1
1
2
1
1
1
1
2
3
3
0
0
0
0
0
1
1
2
1
0
1
1
1
4
2
3
10
5
5
1
1
1
1
1
1
1
2
2
2
2
0
0
3
3
3
3
3
3
0
0
0
0
1
1
1
1
1
1
3
3
0
1
2
5
1
2
2
2
2
2
2
2
3
1
1
1
1
3
3
3
1
3
3
3
1
1
1
4
6
6
1
1
1
6
6
1
2
4
4
4
0
0
0
0
0
0
3
0
2
2
1
2
2
2
2
4
0
1
0
0
0
0
0
0
1119
