../2_Decay/DataFilesGe/Decay/415149G2.TXTBackgroundRemoved 
0
0
0
0
0
0
0
0
0
0
0
0
0
0
0
35
16
11
4
25
27
17
14
0
15
4
29
50
11
0
14
12
2
5
7
14
524
167
2
79
88
1
14
15
3
2
0
4
0
10
14
0
0
0
12
3
1
12
5
4
32
12
3
0
18
0
10
0
27
13
5
0
4
1
1
0
0
11
5
0
0
0
3
0
0
21
20
4
20
0
1
0
7
1
1
6
3
8
17
0
5
0
0
4
11
2
12
5
8
33
0
31
0
5
38
0
0
19
0
7
11
0
23
4
2
6
0
5
25
24
9
0
0
7
14
0
4
0
15
0
10
32
22
15
23
0
41
0
15
25
0
6
0
23
3
16
20
0
32
7
19
33
244
409
2
12
0
3
27
2
7
7
7
14
25
5
2
14
12
5
2
11
3
10
0
1
44
29
0
25
17
1
10
11
10
11
4
18
19
22
0
2
13
2
8
0
16
2
28
0
0
10
7
7
26
2
0
8
12
5
0
24
7
9
27
12
0
3
2
11
0
24
0
3
0
3
13
0
10
13
7
0
8
0
21
12
2
12
6
0
13
11
7
11
12
1
2
0
6
5
3
10
2
0
0
12
0
10
9
4
7
4
0
5
0
4
4
8
7
17
1
6
4
8
7
8
2
5
4
15
4
1
4
9
5
4
1
6
7
1
9
5
6
4
0
8
2
0
2
1
11
4
2
3
4
0
0
5
17
0
0
3
0
0
5
2
0
1
3
0
0
7
15
7
11
1
6
6
2
0
0
0
1
6
3
0
7
6
5
8
7
7
6
5
9
0
0
4
3
5
0
5
3
9
0
0
8
0
2
0
0
1
3
0
8
3
4
7
0
0
0
2
0
2
0
0
2
2
0
0
0
4
4
2
4
0
2
0
0
13
0
0
1
8
0
0
1
4
0
3
0
0
0
0
0
9
5
4
3
0
0
6
4
2
0
0
9
7
0
2
3
0
0
2
5
0
10
2
0
0
7
6
5
0
0
0
0
0
2
6
0
0
0
0
0
6
6
2
3
1
0
0
8
1
0
0
0
6
5
2
2
1
0
0
5
0
0
1
0
1
0
6
0
0
0
3
4
0
0
0
0
2
0
2
8
4
0
8
6
5
0
0
6
0
0
0
2
1
0
0
2
0
8
3
2
0
0
1
0
0
4
0
1
0
2
4
0
0
0
0
0
4
0
7
1
0
1
3
0
1
4
2
1
1
3
0
0
0
0
5
1
0
6
4
0
0
0
1
7
5
5
4
0
7
5
0
11
4
4
3
0
1
0
0
1
0
0
0
0
10
3
2
1
0
0
3
0
1
0
0
0
27
5
1
5
0
0
0
8
1
1
1
0
5
0
0
0
5
6
1
0
0
0
0
3
0
4
0
0
0
0
0
5
3
0
0
0
0
2
3
0
2
0
1
0
0
0
6
1
1
0
10
0
0
0
0
0
4
0
3
0
3
5
2
0
5
1
3
0
4
4
1
0
1
2
5
0
0
0
0
0
0
1
0
2
4
2
0
4
2
0
4
0
0
3
0
0
0
0
3
0
0
1
0
1
3
0
0
4
3
0
0
5
1
0
2
0
1
0
0
1
0
3
0
0
0
0
0
3
0
0
0
0
0
1
1
5
2
0
0
2
0
3
1
0
0
4
0
0
0
3
3
0
2
0
0
1
0
0
0
0
2
0
0
3
4
1
2
2
0
1
0
0
0
4
0
0
0
0
0
0
0
0
0
1
4
3
0
0
0
0
1
0
0
1
0
0
2
3
2
1
0
1
0
0
4
5
4
2
1
6
1
0
0
0
4
0
1
1
0
2
0
0
0
0
0
0
0
5
2
1
1
0
0
0
4
0
0
0
0
4
3
0
0
3
3
0
2
0
0
0
1
3
0
0
0
1
0
0
1
1
0
0
0
0
0
0
2
3
0
3
0
1
4
5
0
7
0
0
0
0
3
0
1
0
0
1
0
3
3
4
3
0
0
7
0
2
0
0
0
3
0
0
0
6
0
0
0
2
1
1
0
0
0
4
0
0
0
3
0
4
0
0
1
0
2
1
0
0
0
0
0
1
1
0
8
0
0
0
3
1
0
0
0
0
2
0
0
0
0
1
2
3
0
2
0
2
4
0
0
0
0
3
1
1
0
0
2
0
3
0
0
2
6
2
0
2
1
0
0
0
1
1
0
0
0
2
0
1
0
2
0
0
0
0
1
0
0
0
1
2
0
1
0
0
0
7
0
0
2
0
0
0
0
0
1
0
2
1
0
0
1
0
0
0
0
0
0
2
0
0
0
1
1230
