../2_Decay/DataFilesGe/Decay/415128G2.TXTBackgroundRemoved 
0
0
0
0
0
0
0
0
0
0
0
0
2
0
57
2974
1592
1216
810
495
275
102
83
49
51
52
67
167
30
46
44
6
15
10
35
243
1748
340
47
335
174
39
25
0
6
18
14
15
14
15
22
25
10
4
13
0
11
29
2
33
44
24
32
29
19
26
26
5
16
15
2
1
9
39
6
7
0
8
0
12
0
12
18
0
0
0
1
0
35
0
9
27
22
21
25
9
19
9
0
8
0
10
0
23
15
19
40
36
0
17
24
0
2
37
18
14
37
1
3
23
23
1
47
9
26
28
23
6
40
0
9
20
0
15
0
31
24
0
17
14
0
32
25
32
13
1
29
11
18
14
7
0
21
23
23
21
0
15
447
292
23
34
661
894
3
13
23
1
3
3
5
11
18
4
18
18
0
13
19
29
8
45
25
22
13
10
119
39
13
23
16
7
3
0
22
13
0
0
0
24
12
2
7
15
11
7
0
0
20
8
15
4
2
18
7
7
0
17
0
0
0
14
0
9
36
9
7
7
0
1
0
12
24
15
12
13
0
8
7
3
9
0
0
20
14
23
0
3
1
2
11
18
0
0
0
0
6
0
8
0
0
12
3
0
0
12
10
3
1
2
0
18
0
14
0
0
2
5
6
15
6
3
10
7
7
10
7
0
1
11
8
0
13
5
4
0
0
0
1
0
3
1
0
6
0
0
6
0
11
3
5
8
0
2
9
1
3
1
12
7
0
6
12
12
9
5
5
5
0
0
0
4
0
7
5
6
4
10
2
3
2
0
1
5
2
0
0
0
4
0
0
6
1
0
7
0
3
5
8
0
0
5
0
0
0
0
7
2
7
0
0
3
1
0
6
5
0
1
2
0
0
0
11
7
3
4
0
0
0
0
7
1
3
2
1
5
0
0
0
3
0
0
0
1
3
0
1
1
0
0
2
0
10
0
1
0
2
3
4
1
1
5
0
2
0
2
1
1
1
0
0
2
0
2
0
5
5
0
5
10
3
1
1
0
1
2
0
0
6
5
0
4
0
7
2
8
0
1
6
2
1
4
1
2
9
0
5
7
2
8
7
4
0
0
1
0
0
4
2
4
8
2
4
11
3
2
11
2
1
2
4
4
2
4
0
5
13
17
17
0
5
2
7
0
2
6
0
0
6
2
0
1
5
8
1
1
0
3
0
0
3
0
4
3
5
1
2
4
1
0
2
7
0
4
0
3
1
1
0
0
0
0
0
0
1
0
0
0
0
6
5
1
1
0
3
7
0
5
0
0
5
0
0
3
0
0
0
8
0
4
0
1
0
5
2
0
0
0
2
0
0
0
0
0
2
3
0
2
0
0
0
0
0
0
4
0
2
5
1
1
2
0
1
1
2
0
3
0
1
0
2
0
0
1
0
5
2
3
0
0
2
0
3
1
0
1
0
0
3
0
8
4
0
0
8
4
0
4
0
0
0
0
2
2
1
0
3
1
0
0
0
0
0
2
0
0
0
4
3
2
6
4
0
3
0
1
4
1
8
1
3
5
0
0
2
0
9
2
1
0
0
1
4
0
2
0
2
0
0
0
2
0
1
0
0
0
2
2
0
0
3
4
6
2
0
0
0
0
0
0
3
0
0
0
2
0
0
2
4
2
0
3
0
1
0
6
0
1
2
1
0
1
4
0
1
0
1
0
0
4
3
0
0
3
2
1
4
1
0
1
1
3
0
2
1
2
6
1
0
0
0
0
6
0
0
1
0
0
0
0
0
2
4
2
1
0
0
0
0
4
3
0
3
4
0
1
0
2
0
0
1
0
3
5
0
1
0
0
4
1
3
1
1
0
0
1
2
1
0
0
2
1
0
3
0
0
0
4
0
0
1
0
0
0
0
0
0
0
0
2
0
1
0
3
3
3
0
0
3
2
0
0
2
3
2
0
2
0
0
0
0
0
0
5
0
0
6
0
2
0
0
1
1
0
0
0
5
0
2
0
0
0
0
1
0
3
1
0
0
0
1
0
0
4
0
0
0
0
3
2
2
0
0
0
1
0
0
0
2
0
2
0
0
0
2
1
4
1
2
1
3
0
0
0
0
1
0
0
6
0
0
0
0
0
0
1
2
0
0
0
0
0
0
0
1
0
0
0
0
0
0
0
0
0
0
0
1
1
0
1
0
0
1
0
0
0
0
3
1
0
0
2
1
3
1
0
1
0
0
0
0
0
0
2
0
0
0
3
0
0
3
1
1
0
2
0
0
0
0
3
1
0
0
3
0
0
0
0
0
0
1
1
0
1
4
0
1
2
0
0
0
0
0
3
3
0
0
0
3
0
0
0
5
0
