../2_Decay/DataFilesGe/Decay/415194G2.TXTBackgroundRemoved 
0
0
0
0
0
0
0
0
0
0
0
1
0
0
4
38
17
10
30
16
24
21
1
6
2
0
0
21
11
36
14
19
10
8
0
27
33
6
23
9
12
13
31
0
0
0
8
0
14
16
17
0
0
11
1
0
0
1
12
5
11
12
10
5
7
10
5
4
0
0
5
16
19
30
29
3
2
18
4
4
8
10
14
11
0
10
35
1
27
0
13
11
1
17
20
0
0
0
24
21
0
20
0
14
23
8
18
0
0
10
21
0
0
14
15
26
16
0
41
28
23
19
12
17
0
44
0
18
7
0
27
28
22
17
6
22
26
7
14
35
41
0
42
38
29
17
24
15
13
17
8
15
10
9
35
9
18
8
9
0
29
38
10
12
10
11
8
15
8
6
28
23
17
15
28
2
33
0
8
27
13
0
0
4
5
1
16
16
0
15
15
0
0
29
22
15
0
4
0
21
4
0
6
15
11
11
12
19
13
18
3
0
3
12
3
0
1
16
18
3
0
18
8
3
4
15
0
5
18
0
5
15
5
21
15
14
36
20
0
0
12
0
11
16
10
16
4
16
0
1
11
21
3
17
5
2
13
2
0
1
4
9
0
8
3
8
1
8
9
3
0
0
16
1
2
4
5
2
4
2
9
6
13
1
0
6
8
0
2
2
19
0
0
0
5
0
0
2
10
1
0
7
0
0
0
0
8
0
0
8
0
10
0
4
0
2
10
0
7
10
5
0
13
4
7
1
0
7
7
0
13
8
1
0
7
5
1
5
2
1
1
0
19
55
16
0
0
0
0
10
9
0
5
16
1
0
0
2
5
0
0
11
0
0
3
0
11
0
0
0
0
0
7
5
1
1
1
5
0
0
0
2
3
0
13
0
0
0
4
0
0
0
6
1
4
10
0
0
4
8
0
8
2
2
5
0
18
0
0
3
4
0
2
4
3
3
5
11
5
2
0
5
5
4
2
0
0
0
2
4
0
6
0
1
0
0
2
0
2
4
2
2
0
0
0
2
1
9
10
3
0
0
0
0
5
8
7
0
6
0
1
3
5
1
5
0
0
1
3
4
5
0
2
0
2
0
0
4
0
6
0
0
3
0
4
0
5
1
0
0
1
14
11
16
1
4
0
0
0
0
0
0
2
0
0
0
2
4
0
2
0
0
7
9
0
0
0
0
3
1
2
1
3
5
0
2
0
0
0
0
0
1
2
1
1
0
0
2
1
0
0
1
4
5
0
0
1
0
0
0
0
0
1
2
0
2
0
0
3
4
10
19
7
0
1
0
0
1
0
6
3
4
2
0
0
0
0
2
1
0
3
2
1
2
6
22
33
12
2
0
0
0
0
4
1
5
4
0
2
0
1
2
3
0
0
0
5
0
4
1
3
0
0
2
2
0
5
0
0
0
0
0
0
9
0
0
0
0
8
0
1
0
0
5
8
24
0
2
0
0
0
0
0
0
1
0
0
0
0
3
0
0
1
1
0
4
1
0
0
3
2
0
0
0
1
0
0
1
4
4
0
0
1
5
7
0
5
6
0
0
1
6
4
0
0
0
4
0
0
0
0
0
9
0
0
0
3
1
0
0
0
2
0
0
0
3
0
0
0
0
3
4
0
2
4
0
10
5
1
2
0
0
0
0
0
7
0
2
0
4
0
0
5
0
0
2
7
2
1
3
1
0
0
5
0
2
4
1
0
0
0
5
0
0
0
0
4
0
0
1
0
0
2
1
2
2
0
0
0
3
0
1
0
0
0
0
0
3
0
4
1
0
0
0
0
0
0
4
1
3
0
0
4
0
0
5
3
0
2
0
1
7
3
1
0
2
0
2
0
0
0
0
2
0
0
0
0
1
0
0
0
4
0
1
4
0
2
0
0
0
2
2
1
0
0
1
0
1
0
2
0
2
4
0
0
0
1
4
0
3
4
0
0
5
1
1
0
0
2
0
0
0
0
0
2
0
2
2
3
8
16
9
5
4
0
1
0
0
0
0
2
2
0
2
1
4
1
3
3
6
0
2
0
1
1
3
1
0
0
0
0
0
3
0
1
1
0
4
0
2
2
1
0
3
0
3
0
0
1
0
0
6
0
1
1
6
0
0
0
0
0
0
0
0
0
0
0
3
0
0
0
1
2
1
0
2
1
0
1
0
0
3
3
4
3
1
0
0
0
0
0
0
0
3
0
0
0
0
0
0
5
0
0
2
0
1
1
0
2
1
3
2
0
0
0
3
2
1
0
0
1
0
0
0
0
0
1
0
0
0
1
0
3
0
0
0
0
0
0
0
0
0
0
0
1
0
0
0
2
0
0
2
2
1247
