../2_Decay/DataFilesGe/Decay/415153G2.TXTBackgroundRemoved 
0
0
0
0
0
0
0
0
0
0
0
1
0
0
0
17
0
6
18
19
16
22
3
0
15
21
12
34
18
19
28
9
4
0
0
20
475
19
0
91
37
5
17
0
16
0
6
0
11
0
12
7
0
0
1
0
0
2
11
0
10
19
5
0
11
6
9
16
22
0
0
0
0
4
0
11
7
1
6
10
0
18
0
0
0
0
0
9
18
0
7
11
17
32
6
0
42
0
0
4
2
23
0
17
5
6
26
0
0
19
3
2
0
9
20
6
3
26
26
10
0
12
22
9
10
23
0
18
43
0
5
24
8
22
0
14
38
0
21
29
0
13
29
25
0
28
35
8
11
16
25
5
18
15
40
25
25
0
1
10
0
354
143
0
13
25
4
1
0
19
0
11
15
16
6
21
0
32
5
18
0
14
7
37
0
51
24
26
14
10
15
0
9
21
22
22
0
8
3
19
0
3
2
3
5
18
9
12
9
9
13
6
14
0
2
5
18
1
20
3
13
16
4
0
6
1
9
0
2
0
8
3
13
2
3
23
40
37
0
0
29
0
11
9
6
3
0
10
22
8
3
13
9
3
6
0
6
4
0
9
0
14
5
4
1
4
1
0
2
0
4
3
9
2
0
9
7
5
11
7
0
9
16
14
6
21
5
0
0
13
26
0
0
2
0
13
0
0
10
5
8
3
1
6
0
0
4
0
3
1
7
9
2
0
3
0
0
5
15
6
7
4
4
14
4
10
1
3
6
0
17
13
0
2
0
0
5
4
0
3
4
0
4
37
12
0
0
0
9
7
2
0
0
0
0
5
0
0
8
3
0
5
1
0
7
0
2
5
0
4
6
10
3
2
0
2
0
3
0
0
0
0
2
2
5
0
0
5
5
0
0
7
5
8
0
1
6
0
0
0
1
2
0
0
2
0
1
0
0
4
0
0
4
6
2
1
0
5
1
0
3
9
0
2
0
2
0
1
1
1
0
0
3
0
1
1
0
0
8
4
0
9
1
0
7
0
0
2
3
6
0
0
0
1
3
0
1
9
0
0
0
0
0
0
4
1
0
0
4
3
1
0
6
0
0
0
0
2
0
0
4
7
12
0
0
0
2
0
1
0
5
6
11
22
14
0
0
0
0
0
0
0
3
0
0
0
5
3
0
5
0
4
3
6
0
2
2
0
5
0
3
0
1
0
0
0
2
0
0
0
2
0
0
1
0
0
0
4
0
1
2
2
0
2
0
1
0
1
0
0
0
2
4
0
0
6
1
4
1
1
4
7
11
2
0
0
0
3
2
6
0
3
0
4
3
0
6
2
5
0
0
5
9
0
4
25
48
7
5
0
0
0
0
0
0
1
1
3
0
1
1
7
5
5
0
1
4
0
2
3
0
1
2
2
3
0
2
0
0
0
0
0
2
0
3
1
1
0
0
0
0
0
3
6
11
8
6
7
0
0
0
0
0
1
3
0
0
0
0
0
3
0
0
0
0
0
0
4
0
3
0
7
0
0
2
0
0
0
2
1
0
0
0
1
0
1
5
0
0
0
1
0
0
0
2
0
0
3
0
0
5
0
4
0
2
7
3
4
3
6
2
0
0
2
0
1
0
0
2
0
0
0
2
0
0
3
0
2
4
5
0
0
0
0
0
2
0
0
0
0
0
0
0
0
0
5
7
2
0
0
0
0
0
1
0
1
2
2
0
0
2
0
2
0
0
0
0
0
0
2
0
3
8
0
1
0
0
0
0
0
3
1
6
0
0
0
0
1
0
2
2
4
3
0
0
1
3
4
1
2
0
1
2
2
1
4
0
0
2
0
1
0
1
1
0
2
0
3
2
0
0
6
1
4
0
0
1
0
1
1
0
2
0
13
0
4
0
2
1
0
0
1
6
4
2
0
0
4
2
1
2
0
0
4
0
0
0
0
2
2
0
0
1
1
0
0
0
2
1
0
0
0
0
0
0
0
0
0
0
3
11
5
0
2
1
0
0
0
0
0
0
0
0
1
0
0
1
0
1
0
0
0
0
5
0
0
2
0
0
0
1
0
2
1
3
1
1
3
2
0
3
2
0
0
0
0
4
0
0
1
1
0
1
5
3
7
6
0
2
0
2
0
0
0
1
0
0
2
0
2
0
0
4
0
0
0
4
0
0
0
0
1
0
0
0
0
0
0
1
5
0
0
0
3
0
0
0
0
0
1
0
0
0
2
1
4
0
1
0
3
0
0
0
0
0
0
1
0
0
0
1
0
2
0
0
3
3
0
0
0
0
4
1
0
0
0
1
0
0
0
2
0
1
0
0
0
0
0
0
2
0
0
3
1172
