../2_Decay/DataFilesGe/Decay/415166G2.TXTBackgroundRemoved 
0
0
0
0
0
0
0
0
0
0
0
0
0
0
0
14
9
15
0
16
25
0
12
0
3
0
19
10
17
2
5
3
2
0
11
0
214
30
7
53
29
15
20
0
6
2
0
5
3
11
0
3
4
5
10
0
2
15
0
12
8
26
25
11
25
10
1
24
11
11
0
0
0
6
1
11
3
24
0
2
0
41
10
0
0
0
4
10
37
0
1
0
0
5
15
0
0
15
0
8
1
11
0
31
20
0
10
0
18
8
17
0
1
0
0
23
25
9
5
0
21
5
4
17
9
17
0
0
26
19
0
7
0
0
3
21
10
6
0
4
0
1
7
0
19
0
37
0
22
15
5
0
15
7
19
12
9
12
0
6
11
203
39
6
8
5
8
19
24
7
18
6
13
7
30
10
5
3
11
0
0
0
0
29
5
41
7
3
0
4
0
17
3
18
8
8
0
0
0
1
2
0
4
2
19
34
0
14
25
0
2
0
0
6
0
0
0
0
25
4
9
8
4
3
19
5
0
3
0
8
0
13
0
6
8
11
28
30
0
0
11
0
2
0
4
0
0
0
6
0
9
10
0
0
0
0
1
6
0
0
0
11
1
3
4
9
6
10
10
1
4
3
0
5
0
0
2
6
0
13
5
10
15
0
0
10
1
1
5
33
26
0
0
7
0
2
0
0
3
0
11
0
2
9
0
7
0
0
7
2
0
15
0
5
1
4
0
0
3
2
14
2
11
0
3
6
0
4
0
3
9
7
0
0
2
1
4
0
7
5
0
5
0
44
14
0
0
4
1
3
1
0
0
3
15
0
8
8
0
9
0
15
0
12
2
2
4
0
0
3
0
0
11
0
0
1
0
7
0
0
0
0
3
1
0
3
0
0
4
0
0
3
10
6
0
2
7
2
0
6
0
0
3
0
3
0
7
1
0
0
1
0
9
3
7
2
6
3
6
0
0
4
0
0
4
6
0
9
0
0
0
0
1
3
0
2
0
9
5
0
0
3
0
1
8
0
0
1
3
0
2
0
0
0
0
8
8
0
4
4
0
0
10
1
0
6
1
0
3
7
1
4
7
0
1
0
4
0
1
0
0
3
0
0
1
0
0
1
0
4
0
5
10
10
16
0
0
0
0
0
0
0
6
1
0
0
0
0
3
0
0
5
9
2
0
0
0
0
0
2
0
3
2
1
0
0
0
0
0
7
0
0
0
2
0
0
1
0
5
0
0
2
0
3
1
2
0
0
1
1
1
0
0
3
0
0
0
0
0
9
6
14
2
1
2
0
0
0
2
4
0
3
0
1
4
0
3
5
3
0
2
0
3
0
4
38
31
2
1
0
0
0
2
0
2
0
0
0
3
0
0
1
0
5
0
0
5
5
4
3
1
2
0
1
0
0
1
0
5
0
0
0
0
2
2
0
5
0
0
0
0
0
0
5
16
11
8
3
0
0
0
0
0
1
0
0
0
0
0
1
3
3
0
2
0
4
3
0
0
1
1
1
0
5
0
0
1
0
2
4
0
1
0
4
1
1
1
1
1
0
3
0
0
0
0
1
1
0
0
0
0
3
3
0
0
0
5
3
1
2
0
0
0
2
0
1
0
0
2
0
2
1
2
0
2
0
0
0
0
0
0
0
0
0
5
0
0
0
0
0
1
5
1
2
0
0
5
5
0
2
1
2
0
3
0
1
4
2
0
2
0
0
2
0
1
0
4
0
0
0
3
0
0
2
2
1
0
0
0
1
0
0
4
4
0
0
0
4
0
2
0
0
1
0
0
0
2
6
3
0
0
0
6
1
0
2
0
5
1
1
1
0
1
0
0
0
0
0
0
0
4
3
0
2
0
0
0
0
1
0
4
3
0
1
5
3
3
0
2
0
0
0
3
2
0
0
0
2
0
1
0
0
3
0
0
0
0
0
0
2
0
1
0
0
1
0
0
0
0
0
1
0
7
0
0
0
1
2
5
4
14
11
0
1
0
2
0
0
0
4
1
5
0
2
2
0
0
3
1
3
0
1
0
3
0
1
0
0
0
0
0
2
0
0
1
0
0
0
0
0
2
2
0
0
0
1
0
0
1
0
0
3
0
3
2
3
0
0
3
0
0
0
0
0
0
0
0
0
0
0
0
0
1
0
0
0
4
4
4
0
1
1
3
0
0
1
0
1
0
0
0
1
2
0
0
0
0
1
1
0
0
0
0
2
3
0
0
0
0
0
2
0
5
0
0
0
5
0
0
1
2
0
0
0
0
0
4
0
4
0
2
5
0
0
0
0
0
0
0
3
0
0
0
0
0
0
0
0
0
1
0
0
38
1070
