../2_Decay/DataFilesGe/Decay/415145G2.TXTBackgroundRemoved 
0
0
0
0
0
0
0
0
0
0
0
0
0
2
0
30
5
27
9
3
18
1
0
15
0
2
29
67
21
0
27
21
13
7
21
20
630
177
15
112
102
20
20
0
9
14
7
17
0
0
6
6
4
9
0
0
4
0
9
31
25
4
9
8
0
0
36
3
17
13
0
0
20
8
12
0
5
0
0
1
0
8
2
2
0
5
0
6
13
0
0
9
3
9
4
0
0
4
0
28
15
14
0
36
0
27
33
15
0
0
5
8
3
5
23
11
0
19
20
10
14
0
2
21
18
5
15
22
36
29
18
17
13
0
16
10
22
21
2
8
12
25
29
0
33
2
14
0
22
40
28
0
27
0
3
11
10
2
1
23
8
32
353
528
5
9
16
0
17
4
2
14
0
5
44
0
8
15
9
23
0
0
17
22
2
7
53
34
0
26
27
0
14
22
10
13
0
3
7
0
8
0
6
0
12
12
12
3
16
0
15
0
0
13
13
12
11
0
6
15
0
0
0
15
13
14
4
7
17
4
0
12
5
19
0
14
22
0
14
25
10
0
5
0
11
12
0
4
16
0
13
10
12
11
6
6
1
1
1
0
2
13
9
5
7
0
7
0
4
0
0
16
3
5
0
9
0
14
7
4
8
10
1
6
3
18
7
0
4
1
9
0
2
16
4
0
3
3
0
0
3
16
0
8
7
9
0
5
0
7
0
9
0
14
1
0
2
2
1
3
3
0
0
2
0
3
4
7
11
0
3
1
0
8
3
0
0
5
7
9
0
1
0
4
2
0
10
1
0
7
3
4
0
0
4
1
0
8
0
11
0
13
5
11
0
0
10
0
8
0
1
5
6
0
0
0
0
4
10
0
0
0
0
0
2
0
2
1
0
2
5
0
4
12
0
6
0
0
0
3
1
5
0
0
0
1
11
3
0
3
5
0
1
5
1
3
0
8
4
0
0
3
0
4
0
4
1
0
0
0
0
0
0
2
0
5
0
0
0
0
0
0
0
0
5
0
0
3
6
0
1
0
0
0
1
11
0
3
0
0
5
0
1
0
1
5
4
10
9
1
0
6
0
3
0
0
0
0
5
1
1
1
8
3
0
0
6
3
0
0
0
4
0
0
0
2
14
21
11
0
0
0
1
0
0
3
0
1
4
6
0
4
6
0
2
0
0
1
0
0
3
3
0
1
3
0
5
0
0
0
0
0
1
0
10
0
0
0
0
0
0
0
1
0
0
0
3
0
0
0
0
2
1
2
0
2
1
0
0
0
4
0
2
0
0
0
0
1
5
0
0
0
0
0
3
0
0
0
0
0
1
2
2
0
0
3
2
0
1
0
4
9
3
0
5
1
2
0
1
2
2
1
0
4
3
0
4
2
2
6
6
0
0
0
0
0
7
0
1
0
1
0
0
1
0
0
0
1
0
0
0
0
0
0
6
0
0
1
0
0
0
0
6
0
3
0
0
2
1
0
0
2
2
5
0
0
2
5
0
5
2
4
0
1
2
1
0
0
5
0
0
4
0
0
5
0
0
0
2
0
0
1
5
0
2
0
0
0
0
0
3
0
0
2
0
0
1
0
2
0
1
0
2
6
0
2
0
0
0
0
0
2
4
3
0
4
0
0
0
0
0
0
0
0
0
1
0
0
0
2
0
0
0
1
0
0
0
2
0
0
1
0
0
5
5
2
5
1
0
0
0
0
0
0
2
0
2
3
0
1
3
2
1
0
0
4
0
0
0
0
0
1
0
0
2
0
0
2
0
0
1
0
0
0
0
2
2
1
5
0
0
2
4
0
0
1
0
3
0
0
0
0
3
0
0
0
2
0
1
0
3
0
0
0
0
0
0
3
0
0
0
2
0
2
0
3
0
0
0
1
2
1
0
0
0
0
0
1
8
0
0
4
0
2
0
1
0
0
0
0
1
0
2
2
2
3
0
0
0
0
3
2
0
3
3
2
0
0
0
2
0
1
3
0
0
1
0
0
6
2
0
0
0
1
2
0
1
1
0
1
2
0
0
3
1
1
1
0
0
0
0
0
1
0
0
0
0
1
0
0
1
1
0
0
0
2
5
0
1
0
0
2
0
0
0
3
0
0
3
0
0
0
0
4
1
0
0
1
1
0
0
1
0
0
0
1
2
2
1
0
0
0
1
0
0
0
0
0
0
0
0
1
8
2
2
0
1
0
1
0
0
0
0
0
3
0
0
0
0
0
1
0
0
1
0
0
0
0
0
5
3
0
2
0
1
0
3
0
0
0
2
0
0
0
0
0
3
1
2
0
1
3
0
0
0
0
0
0
1
0
2
0
0
1246
