../2_Decay/DataFilesGe/Decay/415197G2.TXTBackgroundRemoved 
0
0
0
0
0
0
0
0
0
0
0
0
0
0
2
37
6
29
27
17
8
0
12
0
11
15
18
8
16
11
0
17
2
12
7
2
24
24
15
4
8
12
15
4
4
0
1
3
7
10
4
12
15
0
0
0
7
3
7
0
24
37
18
12
0
18
20
10
0
35
0
0
8
0
15
18
19
32
15
4
8
35
0
13
4
0
0
13
0
0
0
13
16
13
14
12
14
7
0
0
4
9
0
7
13
4
26
34
0
14
15
33
0
15
10
24
0
36
15
29
10
0
36
18
0
22
7
22
25
17
11
7
2
54
16
15
22
5
8
17
17
22
36
27
31
9
49
8
15
18
18
25
25
14
0
10
17
0
11
16
1
0
13
27
6
0
1
38
13
12
33
25
21
23
26
23
6
26
0
12
0
13
10
0
3
3
5
5
0
4
3
19
4
10
3
10
17
14
18
1
4
7
0
0
9
16
1
11
19
9
0
0
11
7
19
21
0
10
11
6
0
9
2
12
14
7
5
3
12
13
7
13
0
18
14
9
14
4
0
25
9
9
7
0
2
22
0
1
3
0
6
14
3
12
4
18
0
12
3
6
17
12
6
5
4
2
5
5
3
0
0
10
14
0
0
0
0
11
12
10
3
4
8
2
3
14
12
1
1
6
1
8
0
16
3
6
6
0
11
3
0
11
9
8
23
0
0
1
12
2
2
9
7
11
0
4
3
7
1
7
5
1
0
13
8
7
0
3
14
0
13
2
11
4
4
0
14
0
5
0
4
6
0
0
1
7
17
0
4
0
9
2
3
0
4
1
0
5
7
0
0
11
1
13
2
5
9
6
2
0
5
12
1
13
11
0
0
3
5
1
0
4
0
0
2
0
2
0
7
0
2
5
7
0
0
2
0
0
1
8
2
0
0
0
11
2
3
0
0
6
3
0
2
11
0
0
3
6
0
6
3
1
3
0
0
5
3
6
0
0
0
0
2
0
0
4
2
0
0
9
7
0
2
0
6
2
0
0
3
0
1
3
4
0
3
5
9
0
6
1
0
7
0
1
8
2
5
0
0
5
5
1
0
0
4
0
0
0
0
0
2
0
2
0
0
0
1
2
0
3
3
2
0
0
0
0
4
0
5
0
0
0
6
0
3
0
4
0
7
4
3
2
7
3
3
1
2
1
0
0
5
0
4
0
3
0
9
1
0
2
0
2
4
0
0
2
0
7
0
0
0
0
0
0
0
4
0
0
0
0
1
0
0
5
0
3
0
1
0
7
3
3
2
5
0
3
7
6
1
3
4
5
3
2
0
0
2
0
0
0
1
0
0
0
0
0
2
3
3
0
0
6
6
0
0
0
0
0
1
1
0
2
0
1
0
2
5
0
0
2
1
2
2
1
0
0
2
0
0
0
1
0
0
0
0
0
2
0
1
1
9
0
6
0
5
0
2
0
0
0
3
0
1
0
0
0
0
2
0
0
0
0
3
0
0
0
4
1
0
0
4
0
2
0
1
0
0
0
2
0
0
2
1
3
1
0
2
8
0
0
0
0
0
0
4
1
3
3
0
0
0
0
3
2
0
3
4
2
2
3
3
4
0
3
0
4
2
4
0
1
1
0
6
0
0
5
0
5
3
4
0
0
1
1
0
1
1
2
2
7
0
4
0
0
0
0
1
2
0
0
0
4
0
4
4
4
0
2
4
0
0
0
0
0
0
2
2
3
5
1
0
1
1
5
4
5
0
0
3
1
2
0
2
0
2
0
0
0
1
0
0
0
2
6
0
0
0
0
3
0
0
1
3
4
0
0
3
2
0
0
2
0
0
0
1
5
0
1
0
1
1
0
0
0
0
0
0
2
2
0
0
5
0
1
0
1
1
0
2
0
7
2
1
4
1
0
0
1
1
2
1
0
3
0
0
2
0
0
0
4
0
0
0
2
5
0
2
1
0
4
1
0
0
0
0
0
0
0
0
0
0
0
0
0
0
0
0
1
0
2
0
1
0
2
0
1
0
0
0
1
3
0
0
2
0
2
0
0
2
0
0
0
0
0
1
0
1
0
3
0
2
1
0
3
0
5
5
1
0
2
0
1
0
0
2
7
0
0
1
0
1
0
0
5
4
0
0
0
0
3
1
1
2
0
1
0
0
1
0
2
2
0
0
0
0
0
0
5
0
0
3
0
2
1
4
1
0
0
0
1
0
0
0
0
0
0
1
3
3
0
0
0
0
0
0
0
3
1
0
0
0
0
0
0
0
4
3
0
0
1
2
1
3
0
3
0
3
3
0
0
0
3
0
3
0
2
0
1
2
0
0
0
1
1279
