../2_Decay/DataFilesGe/Decay/415146G2.TXTBackgroundRemoved 
0
0
0
0
0
0
0
0
0
0
0
0
2
0
2
10
6
0
34
22
28
8
9
8
14
14
32
31
21
15
32
4
10
0
20
20
619
183
10
102
105
19
7
0
0
0
12
0
4
5
5
0
4
5
0
12
0
0
5
8
20
0
0
6
25
8
23
18
0
2
0
0
25
3
0
5
21
1
4
12
16
0
16
0
0
0
0
0
0
17
0
0
4
23
28
0
0
0
0
5
7
18
0
7
9
0
6
3
9
21
26
0
0
19
29
41
7
8
10
23
0
0
29
7
2
30
11
0
19
9
1
35
12
2
10
32
6
10
10
23
32
17
4
22
16
14
27
10
7
19
6
17
28
0
15
0
21
17
28
23
35
20
352
458
16
1
0
7
28
5
14
11
4
7
30
7
4
21
8
0
13
12
1
0
3
0
46
26
12
44
20
13
9
27
4
0
13
2
11
7
0
0
2
8
18
11
0
0
13
0
3
0
17
0
14
0
0
2
2
3
15
0
1
1
20
14
0
0
14
5
8
7
11
10
0
6
0
0
31
9
12
8
6
7
0
3
11
0
0
14
10
10
15
19
6
14
9
0
10
11
1
12
10
0
5
0
6
2
4
4
0
3
0
10
0
10
0
0
7
6
7
6
10
14
3
4
1
3
1
4
2
6
0
20
3
0
6
4
3
8
4
6
1
0
17
8
2
0
1
8
8
7
0
6
13
3
6
2
3
7
0
0
2
0
2
6
0
0
1
4
14
0
0
9
1
4
0
0
7
10
0
8
0
1
0
6
12
9
6
1
8
0
4
10
3
4
4
7
4
0
0
8
0
13
8
4
3
3
0
2
0
5
1
0
0
8
5
4
8
0
2
8
5
0
4
0
0
0
11
6
1
4
0
1
0
0
0
0
8
9
0
0
0
0
0
0
14
0
0
4
5
0
7
1
3
0
6
8
7
0
4
1
8
5
0
1
1
8
0
0
2
1
0
4
1
8
5
3
0
9
3
4
4
0
3
0
0
6
3
9
6
0
0
2
0
12
6
0
2
0
0
0
2
1
11
8
2
1
7
6
6
0
3
2
0
2
0
1
0
0
2
0
2
2
0
0
3
0
5
5
0
3
5
3
3
6
7
10
6
0
0
0
7
0
0
0
3
0
2
5
0
4
0
4
2
0
0
5
0
0
6
6
0
0
1
3
4
0
0
6
0
8
3
0
2
0
3
11
0
0
0
3
0
1
0
0
2
0
0
0
0
2
0
0
1
3
2
0
0
0
7
0
2
3
2
1
3
3
3
0
0
5
0
3
0
0
1
0
0
0
0
6
0
0
0
0
6
0
0
0
1
9
0
0
0
0
1
0
1
0
1
0
2
2
0
0
0
5
3
3
0
0
0
2
0
0
0
0
3
0
8
0
2
2
0
4
0
0
0
0
3
0
6
6
0
0
4
2
2
5
3
1
0
0
0
0
0
0
0
0
1
1
3
0
0
5
0
0
0
0
0
0
0
1
1
1
0
0
1
0
0
5
1
1
7
6
1
0
4
0
0
1
4
0
0
0
1
0
0
0
4
0
3
0
0
2
1
0
2
3
0
0
3
5
1
1
4
0
2
0
3
3
0
0
0
0
1
0
4
0
0
6
0
0
2
4
0
1
0
3
2
0
1
3
0
2
2
0
0
5
6
1
0
2
0
1
3
2
0
0
0
4
0
0
0
0
0
0
2
3
0
1
3
0
0
4
0
1
0
0
0
3
1
4
7
0
0
5
0
2
3
2
0
0
3
0
0
1
8
0
0
0
0
1
2
2
2
0
4
0
0
4
0
1
1
3
3
5
0
0
5
0
0
0
0
2
2
3
0
0
0
0
0
1
6
3
1
4
0
1
5
1
0
3
0
0
2
3
0
0
0
0
0
0
0
1
0
0
0
0
0
2
0
7
0
6
0
0
3
3
2
0
1
0
2
0
1
0
0
3
0
3
1
1
0
0
0
0
0
1
0
3
0
1
3
0
1
1
2
0
0
0
0
0
0
2
3
0
0
3
0
0
1
0
0
0
1
0
4
1
1
0
0
1
0
0
0
0
0
0
0
0
0
0
0
1
1
0
0
2
0
0
5
0
4
1
0
4
0
2
2
1
1
0
0
1
0
0
0
0
2
1
0
0
0
0
0
0
4
3
1
1
0
2
5
0
3
0
5
0
2
0
1
0
0
2
0
0
2
0
1
0
1
0
0
0
0
2
0
3
2
0
4
0
2
0
1
0
1
0
0
2
0
1
0
1
0
0
0
2
0
0
5
0
0
1
1
0
1
1
0
1
0
1178
