../2_Decay/DataFilesGe/Decay/415190G2.TXTBackgroundRemoved 
0
0
0
0
0
0
0
0
0
0
0
0
0
0
4
47
17
19
33
51
19
3
19
8
14
8
10
26
12
7
17
0
8
0
20
1
70
19
13
7
13
28
18
0
0
8
1
6
0
11
3
7
17
4
20
0
15
12
0
14
1
4
25
22
8
13
0
0
4
23
7
15
4
16
11
7
4
0
18
3
0
25
11
0
0
0
0
17
42
0
0
21
0
9
0
0
12
15
0
0
17
6
0
17
46
0
34
18
16
13
22
11
23
46
13
14
32
46
20
19
40
25
31
30
1
24
0
27
19
0
20
15
0
23
10
25
4
14
5
36
17
9
29
22
9
0
32
38
15
9
23
0
12
4
29
8
12
9
30
0
4
58
17
0
0
2
11
24
23
29
14
20
34
36
21
9
0
11
0
13
4
5
0
5
0
0
28
22
0
12
12
1
21
13
16
19
1
0
3
13
18
0
12
0
15
19
16
14
15
10
14
6
10
20
11
0
12
0
11
11
0
14
3
0
24
7
10
4
7
7
11
11
10
5
0
15
26
37
0
0
21
0
8
10
10
11
0
5
9
5
0
24
5
2
0
15
0
0
0
6
1
6
0
0
1
7
3
0
10
0
0
1
0
5
6
14
2
0
2
0
5
6
13
6
0
10
0
6
6
15
35
0
0
0
12
2
2
0
0
0
0
3
0
13
0
3
5
0
7
14
4
7
5
5
10
1
0
2
9
11
0
5
6
2
6
16
6
0
2
0
18
14
2
0
0
0
7
5
0
9
4
2
14
34
23
0
0
0
2
4
10
0
0
0
7
6
0
5
3
2
0
3
0
7
13
0
0
2
4
6
7
6
7
1
1
0
1
8
11
5
0
0
1
7
2
2
0
0
1
1
0
1
13
8
0
0
0
8
3
6
0
3
0
0
1
0
7
4
0
0
6
0
5
0
12
7
7
4
9
0
0
2
0
4
0
6
0
4
0
1
1
4
0
1
0
3
5
0
0
1
0
6
0
0
1
0
0
2
4
1
0
0
0
0
0
3
1
1
0
0
4
0
2
0
6
0
0
3
1
1
0
0
0
9
5
0
3
0
0
2
2
0
0
0
0
0
4
4
0
4
3
2
25
19
8
4
0
0
0
0
0
0
2
0
0
0
5
0
1
0
0
0
8
2
0
0
2
0
0
0
2
2
4
0
1
0
0
2
0
3
3
0
2
0
0
0
4
1
3
0
5
0
0
4
0
1
0
2
0
6
0
0
3
0
0
1
6
0
2
4
7
18
9
1
2
0
0
1
10
2
0
6
0
2
0
0
0
1
1
1
0
0
3
1
6
13
24
3
1
0
0
0
0
0
2
0
1
0
1
2
0
1
0
3
0
0
3
9
5
0
2
0
4
1
0
1
2
0
0
2
0
1
5
1
0
0
0
2
2
2
0
0
1
2
17
11
2
3
0
0
0
0
0
0
0
0
0
4
0
1
4
3
2
1
4
4
1
4
2
1
0
0
0
1
3
1
3
0
0
2
0
0
2
4
7
4
0
0
1
0
0
0
0
0
0
0
0
6
3
0
6
0
3
0
4
1
4
7
3
3
0
0
2
2
0
0
1
0
1
0
5
1
0
0
3
4
0
0
6
0
0
3
0
0
2
0
0
3
0
2
2
4
0
0
3
4
2
0
0
0
1
0
0
3
4
0
3
2
5
0
0
0
0
2
2
0
1
5
2
0
2
0
7
0
0
1
0
0
0
0
3
1
2
0
2
0
0
0
1
0
2
0
1
0
0
5
0
1
7
1
2
0
6
0
0
2
2
0
1
0
1
3
6
0
0
2
0
2
0
0
0
0
0
0
0
3
2
3
0
0
0
2
0
0
0
3
0
0
0
0
0
0
6
6
0
0
0
5
1
0
3
0
2
0
0
0
0
0
0
0
2
0
0
0
0
0
1
0
2
2
0
0
0
0
2
0
4
0
3
1
8
8
0
0
2
2
0
0
0
0
0
5
0
0
1
0
4
0
0
5
0
1
0
0
0
0
0
0
0
0
0
0
3
0
0
2
0
0
0
0
0
0
1
0
0
0
2
0
0
0
0
2
0
4
3
11
1
0
0
0
0
0
0
0
0
0
0
0
0
0
0
3
4
2
0
0
2
0
3
1
0
0
1
0
2
2
0
3
0
0
3
0
0
4
0
0
0
1
0
0
0
0
1
0
0
2
0
3
2
1
3
0
0
0
0
0
0
0
0
0
1
2
0
1
1
0
0
0
0
0
2
2
1
0
0
0
2
2
4
0
0
1
0
0
0
0
0
1
2
0
0
0
0
1239
