../2_Decay/DataFilesGe/Decay/415151G2.TXTBackgroundRemoved 
0
0
0
0
0
0
0
0
0
0
0
0
2
0
1
26
0
13
5
21
14
9
9
11
0
0
22
47
17
12
24
2
13
20
4
11
501
123
15
84
70
0
8
4
0
0
1
18
2
5
22
24
10
3
4
24
0
18
5
10
36
0
0
4
11
0
0
22
0
16
0
0
12
10
15
11
18
18
0
0
0
13
1
0
0
7
14
11
44
1
0
0
15
0
7
17
16
10
24
3
25
0
0
24
15
9
13
0
6
18
33
9
19
16
40
28
9
15
23
17
15
0
42
41
21
7
10
46
23
2
8
1
4
0
5
6
16
6
0
16
0
12
28
22
37
18
40
2
0
28
0
7
1
16
12
17
11
0
26
2
1
196
197
241
14
0
10
0
0
15
0
12
12
22
14
29
10
24
0
9
6
4
0
2
12
30
43
38
0
28
18
16
0
17
19
8
0
20
12
15
1
5
20
0
1
18
0
5
24
6
22
0
12
19
0
11
6
9
25
0
0
0
0
6
8
0
0
8
5
3
0
7
10
8
2
4
15
4
0
0
15
6
2
4
5
6
0
11
13
0
5
15
22
10
0
0
2
0
1
3
13
14
0
1
1
7
4
2
17
0
0
4
12
0
6
9
10
1
6
6
12
10
9
0
10
16
6
0
6
15
19
0
5
15
6
25
1
0
2
0
3
10
5
0
0
6
4
0
4
0
4
2
0
2
1
0
6
0
18
2
0
0
0
0
0
0
1
2
2
3
14
14
0
0
0
4
0
0
4
4
9
6
6
11
11
0
0
0
0
2
7
4
5
5
2
0
0
4
4
0
0
0
1
6
10
6
15
0
0
2
0
3
0
0
7
0
0
7
2
0
0
0
7
0
10
0
3
0
8
0
3
0
7
7
2
4
0
0
0
3
2
1
1
1
9
0
0
3
0
0
14
0
1
10
2
0
1
5
4
0
3
0
1
3
0
0
0
0
0
0
8
0
7
5
0
1
4
3
3
8
3
1
0
2
6
0
3
3
5
5
0
0
0
0
5
5
4
2
0
0
0
2
2
2
0
0
0
0
0
4
2
2
0
3
2
5
0
0
2
0
3
8
3
6
0
0
0
0
8
6
0
11
13
10
2
0
0
1
0
0
1
0
6
0
3
2
2
2
1
1
3
7
9
6
0
4
1
4
0
0
2
1
0
1
5
2
1
0
0
3
0
1
0
3
4
0
0
4
0
0
0
0
0
3
4
4
6
2
2
0
0
7
8
9
0
2
2
0
0
5
2
3
1
1
1
0
0
3
4
2
3
4
2
6
3
0
1
0
3
4
0
2
0
0
0
19
10
15
2
0
0
0
0
1
5
2
0
0
2
0
5
4
0
2
0
0
0
1
0
0
0
0
0
0
0
2
5
0
0
0
1
0
0
1
0
4
0
0
0
0
1
6
0
1
3
6
5
2
2
0
0
10
0
1
3
0
0
0
0
1
0
5
1
0
0
0
2
1
1
0
2
0
6
0
2
2
3
2
0
0
3
6
6
2
2
5
0
3
4
0
2
0
1
0
0
0
0
0
0
1
1
0
3
0
1
2
0
0
2
0
4
6
3
6
2
0
1
0
0
0
1
3
3
6
0
0
5
0
3
4
0
4
0
0
0
5
0
0
3
0
4
1
3
0
3
0
2
0
0
0
0
0
1
0
4
0
0
3
0
2
0
1
0
1
0
0
6
0
3
1
0
2
6
0
4
5
0
0
0
6
0
5
0
2
0
0
2
0
0
4
3
4
1
0
3
1
0
2
2
0
0
0
4
0
0
0
4
0
0
0
1
0
4
0
0
7
0
0
0
0
1
5
0
0
0
0
2
0
0
0
0
5
0
3
0
2
1
0
0
0
0
1
3
2
3
3
0
6
4
2
0
0
4
0
1
0
2
0
2
2
0
2
0
0
0
3
0
2
6
0
0
2
0
0
0
0
3
1
0
4
3
0
2
0
3
1
2
0
1
2
0
1
0
2
0
0
5
4
2
1
0
0
1
0
4
1
0
0
0
0
0
0
6
0
0
0
0
2
0
5
0
0
0
1
0
4
2
0
0
1
3
3
1
0
1
3
0
5
0
0
0
0
0
2
0
0
1
4
0
4
0
3
2
0
0
0
0
2
3
1
0
0
0
0
1
0
0
1
0
0
0
0
1
0
0
0
1
1
3
0
1
0
0
0
0
0
0
0
1
4
1
2
0
0
0
0
0
0
0
0
3
2
0
0
0
0
2
1
0
0
2
2
1
0
2
0
1
5
0
0
0
2
4
0
0
1
0
1
1
0
0
0
3
1129
