../2_Decay/DataFilesGe/Decay/415176G2.TXTBackgroundRemoved 
0
0
0
0
0
0
0
0
0
0
0
0
0
0
3
36
8
0
13
10
10
6
12
0
2
0
10
14
6
5
24
0
13
0
0
1
133
40
0
33
5
18
1
0
0
6
6
14
7
2
0
16
15
0
5
0
8
14
6
3
18
15
9
0
21
7
4
26
4
0
0
7
0
0
1
8
5
32
0
24
0
11
15
0
1
0
0
12
1
8
0
18
0
52
0
0
35
3
12
9
0
0
2
0
0
18
13
19
16
1
13
0
13
12
0
14
0
5
29
0
2
0
34
5
5
23
14
16
13
31
9
16
21
35
7
14
25
2
5
24
9
14
45
36
25
0
44
16
13
4
6
11
9
49
14
35
27
26
13
4
8
112
45
10
3
0
0
17
7
2
1
12
0
14
28
10
3
0
0
10
0
0
2
7
0
27
12
21
14
12
22
11
0
16
13
0
14
3
12
10
21
11
13
0
9
12
12
6
15
11
24
7
10
7
0
0
0
0
6
17
0
10
11
0
7
0
2
3
3
0
0
0
5
1
12
0
40
36
0
0
8
0
0
0
14
8
0
0
0
7
0
16
7
8
3
3
1
6
0
0
1
10
10
6
1
7
10
5
1
0
4
13
12
0
1
6
15
5
10
5
13
6
18
9
6
4
0
3
1
13
27
4
0
1
10
4
0
0
4
0
0
0
7
12
0
2
0
0
0
0
9
16
0
10
0
4
3
3
12
3
4
4
0
0
9
0
4
0
2
1
12
0
0
0
0
10
0
0
0
13
0
2
9
35
9
0
0
0
3
0
10
7
0
12
7
0
0
3
3
10
0
9
1
8
0
4
7
0
2
0
3
9
0
0
3
1
5
0
0
0
0
0
5
0
2
0
0
0
8
4
2
8
7
3
0
0
0
0
1
9
0
0
0
0
0
1
1
0
0
2
0
0
3
0
0
3
2
8
2
0
0
2
0
5
0
1
0
4
0
0
0
4
2
1
0
6
0
0
0
0
0
1
0
0
6
0
0
2
6
7
0
1
0
0
0
8
0
7
8
0
3
0
4
7
0
0
1
3
0
3
0
0
4
0
0
1
0
8
0
0
6
6
0
0
0
0
4
1
0
1
0
11
16
16
7
7
0
0
1
0
0
0
3
0
4
2
0
0
0
5
0
8
3
7
2
2
0
3
0
0
6
0
0
1
3
1
0
3
0
7
0
3
0
0
2
0
0
0
5
0
1
0
0
0
0
3
5
0
0
2
0
4
0
4
1
1
0
0
4
1
9
17
2
0
6
0
0
0
2
0
0
0
0
8
2
0
0
5
0
1
0
0
0
8
5
20
31
5
0
0
0
0
0
0
1
1
2
0
3
0
0
0
0
1
0
0
1
6
0
0
0
0
1
0
0
0
2
0
0
0
0
0
0
2
0
0
0
0
5
4
0
1
1
3
12
19
5
0
0
0
0
0
0
0
0
0
0
4
0
2
2
3
0
2
2
3
0
0
0
1
0
0
2
4
5
4
0
1
6
1
0
1
3
3
0
0
4
0
0
0
0
0
1
0
1
0
2
0
1
0
1
0
0
0
1
0
1
0
3
6
1
0
0
1
0
3
0
0
0
0
1
0
2
0
0
0
0
4
0
0
0
0
0
0
0
2
0
0
0
0
0
6
2
0
0
3
9
4
0
0
2
0
0
0
0
0
6
0
0
2
0
3
0
5
0
4
1
2
1
0
0
1
1
2
0
0
0
0
0
0
0
5
0
0
0
0
2
1
0
2
2
5
0
1
0
0
2
0
1
2
0
0
0
0
0
3
4
1
4
0
0
0
0
0
1
3
0
0
0
0
0
0
0
2
0
0
2
0
0
3
5
3
4
2
2
2
0
0
0
1
0
0
3
3
0
0
0
6
2
0
0
0
1
2
0
1
0
1
0
0
0
0
0
0
0
4
0
0
5
0
0
0
0
0
0
0
2
0
0
5
9
6
2
0
0
0
0
0
0
0
0
0
0
1
1
0
1
1
0
0
1
4
0
3
0
1
0
0
1
0
2
1
0
0
3
1
3
0
0
2
0
0
0
0
0
0
4
0
0
0
0
4
0
3
6
6
3
1
0
0
3
0
0
0
0
0
2
0
0
0
1
2
1
0
1
1
0
3
2
0
0
0
1
0
0
5
0
2
0
1
1
2
2
0
1
0
0
0
0
0
0
0
0
0
0
4
0
3
1
3
0
0
0
0
5
0
3
0
0
0
0
0
1
3
0
2
1
0
0
1
2
1
0
0
0
1
0
1
0
0
0
0
4
1
0
0
0
0
1
1
0
0
401
697
