../2_Decay/DataFilesGe/Decay/415164G2.TXTBackgroundRemoved 
0
0
0
0
0
0
0
0
0
0
0
0
0
2
31
2465
1560
1089
732
475
283
167
85
49
57
81
54
50
31
32
39
17
29
16
23
35
229
14
27
49
16
15
19
0
0
0
0
1
11
0
9
32
12
1
19
0
9
20
11
8
12
0
8
12
18
7
13
20
6
9
3
0
0
12
9
9
11
0
9
5
10
28
11
14
22
6
15
30
33
14
20
0
16
25
0
0
26
15
5
0
8
0
6
28
19
11
23
33
26
0
0
16
0
21
8
21
19
28
30
0
18
0
35
26
28
0
9
3
14
0
9
11
1
0
17
21
58
22
10
27
13
1
21
28
30
0
32
13
16
2
16
0
26
0
29
4
19
16
77
33
11
111
32
5
0
20
0
0
6
0
20
19
0
20
5
10
0
0
3
11
12
4
0
23
0
15
12
9
0
12
13
0
0
15
7
0
0
9
8
7
0
9
7
12
14
5
0
2
17
10
6
5
30
4
2
0
0
0
14
18
4
18
0
0
32
0
6
7
1
5
13
7
17
7
9
14
23
29
0
0
22
0
4
2
19
14
2
6
10
0
13
12
19
15
0
12
3
5
7
0
2
8
10
2
0
7
0
7
15
4
0
3
9
6
0
4
0
0
10
0
0
10
16
16
24
10
8
0
4
28
28
0
0
6
1
7
0
2
6
4
0
3
0
8
5
6
4
6
8
0
10
8
1
2
0
5
1
0
2
13
1
6
3
0
6
7
2
7
0
0
11
0
0
0
9
9
16
13
2
5
0
0
12
32
4
0
0
0
5
0
8
1
4
5
4
3
7
8
0
8
0
6
1
1
0
6
0
1
1
1
2
7
1
8
6
0
0
4
5
0
5
0
3
7
0
0
3
1
4
0
5
5
3
0
0
6
3
2
0
0
5
1
0
0
10
0
0
1
0
4
6
0
1
3
0
0
0
0
9
0
0
7
0
6
0
1
6
0
0
4
0
0
7
0
4
1
7
5
3
1
0
0
0
0
10
0
0
4
9
0
6
0
0
2
5
10
2
2
3
4
0
0
3
1
3
0
7
4
5
0
0
0
7
3
3
0
0
7
0
3
5
1
3
9
4
1
1
0
0
2
1
4
6
3
6
4
0
0
0
0
5
3
0
0
0
1
1
2
7
0
6
1
4
3
0
0
9
0
2
0
3
0
0
0
0
4
2
3
2
0
2
1
2
3
3
1
0
3
0
0
0
3
4
0
0
0
0
2
1
1
2
2
0
0
4
0
2
0
4
6
2
7
0
2
0
0
0
1
4
4
3
1
2
5
0
1
6
0
4
0
0
0
0
0
6
18
18
8
3
0
0
0
4
0
1
5
0
0
5
1
2
2
0
3
0
0
2
0
4
0
1
2
6
1
0
1
2
0
2
0
0
0
3
2
4
4
0
0
0
2
1
2
3
3
7
20
5
8
0
0
0
0
0
2
1
0
3
0
0
3
0
2
0
0
0
2
0
0
0
0
2
1
3
3
1
0
2
6
1
0
0
1
3
0
9
1
2
1
2
0
0
2
0
1
0
1
0
0
4
0
0
0
3
0
6
0
5
0
7
0
0
0
1
0
0
3
0
0
0
0
0
0
3
2
2
1
1
1
3
0
0
1
6
0
2
5
0
1
0
0
3
4
0
2
0
3
4
0
0
0
1
0
0
0
0
2
4
4
0
0
0
5
7
0
0
4
0
0
6
0
0
1
3
0
2
1
0
2
0
0
0
1
0
3
1
0
1
2
0
3
1
1
0
0
0
0
0
0
1
0
1
1
0
0
0
4
3
0
0
1
1
0
0
2
0
6
0
0
0
0
0
0
0
0
0
0
0
0
0
0
0
0
0
0
0
2
0
0
0
0
0
0
3
0
0
3
3
1
4
4
0
0
1
1
0
6
0
0
0
0
4
1
0
2
2
1
0
0
4
0
0
2
0
2
0
0
1
0
0
4
1
7
0
1
2
3
0
0
0
0
0
0
0
0
0
0
0
3
1
3
0
3
0
1
0
0
0
0
0
0
6
1
2
0
2
0
0
5
0
4
0
0
4
0
0
0
1
0
0
0
0
4
2
0
1
3
2
1
0
1
0
0
0
0
1
0
2
0
0
0
0
2
1
0
0
0
3
3
1
0
2
0
0
0
0
0
0
3
0
0
1
3
2
0
1
0
1
0
0
0
0
0
2
1
2
0
0
0
1
2
0
0
0
0
0
0
1
1
0
0
2
0
6
0
0
1
3
1
0
0
3
0
3
0
1
0
3
0
0
0
0
0
1
0
0
0
0
0
0
3
0
0
4
1087
