../2_Decay/DataFilesGe/Decay/415179G2.TXTBackgroundRemoved 
0
0
0
0
0
0
0
0
0
0
0
0
0
0
15
630
187
87
51
22
29
19
2
0
7
24
17
9
19
4
26
17
14
3
14
6
120
0
22
33
8
26
19
0
2
0
21
16
11
5
7
10
16
11
14
0
19
28
14
3
19
15
32
38
42
31
19
1
0
1
0
0
0
0
25
0
7
9
0
0
18
0
3
0
0
0
29
14
27
9
26
24
6
29
0
1
9
21
11
4
18
18
0
20
16
6
22
0
0
13
7
3
2
0
12
15
50
0
36
7
26
6
18
3
0
0
8
6
33
0
12
15
0
8
22
0
18
40
11
30
0
20
14
14
9
13
1
14
11
22
12
16
0
0
14
16
0
0
11
18
20
92
35
5
16
5
17
4
7
10
3
30
24
21
21
0
1
22
10
24
0
16
0
4
0
14
0
14
0
4
0
0
2
21
26
0
20
10
14
13
1
14
10
0
16
33
0
13
15
3
22
0
3
10
13
9
7
10
4
0
0
8
16
5
18
12
0
0
3
0
2
8
5
8
0
10
65
34
0
0
10
0
0
4
1
0
2
4
14
0
11
11
4
9
11
0
11
2
0
9
0
6
4
9
0
7
12
7
5
1
0
5
0
17
0
7
5
5
11
0
15
10
13
8
6
8
4
0
4
19
26
5
0
1
7
0
2
0
0
10
2
2
0
3
8
7
0
1
0
6
5
10
8
6
5
9
6
0
3
9
0
4
1
0
5
0
8
11
0
3
9
2
0
0
3
3
0
6
0
10
6
0
17
48
11
0
0
0
0
2
7
0
7
6
6
0
0
0
0
0
2
8
0
6
0
0
0
0
5
7
0
0
1
4
3
5
5
4
2
0
1
1
3
0
3
0
1
3
0
0
3
5
4
7
0
7
0
0
6
2
0
0
2
5
0
5
0
3
0
0
2
0
3
9
0
3
5
2
5
0
0
5
10
1
1
3
0
1
0
0
0
0
7
0
0
15
2
0
11
2
5
3
0
0
0
0
0
0
9
1
0
0
0
0
0
11
1
0
5
0
0
4
1
1
0
0
7
1
1
4
3
3
7
1
0
0
0
0
0
0
2
2
4
0
7
1
8
0
0
2
2
10
20
16
6
1
0
0
0
0
0
0
3
0
4
5
2
6
0
0
0
3
3
1
0
0
0
0
0
0
1
1
0
6
3
1
2
0
0
2
0
1
0
11
0
1
0
12
0
0
7
1
2
0
0
1
0
1
0
1
5
0
1
0
1
5
0
1
5
7
15
13
6
0
0
0
0
5
3
2
0
0
0
0
2
0
4
0
4
1
0
0
4
0
3
31
16
4
0
0
0
0
0
2
6
0
0
1
0
0
0
5
2
5
0
0
3
4
0
2
1
4
6
0
0
7
6
0
0
0
3
0
1
3
0
0
0
0
0
2
1
0
2
0
12
17
4
0
0
2
0
0
0
2
0
0
0
0
0
2
1
7
0
0
0
0
1
0
0
5
1
0
0
2
0
1
0
0
2
0
0
0
0
0
2
2
0
0
0
0
0
3
0
0
3
2
0
0
0
0
5
0
0
0
5
7
5
3
0
1
2
0
0
1
0
5
2
0
2
0
2
0
5
0
2
3
0
0
2
0
0
0
0
0
0
0
0
0
0
0
0
1
5
0
3
3
8
2
0
0
0
0
0
2
1
1
0
2
1
1
0
3
0
1
0
0
2
2
0
0
2
5
0
0
3
3
0
3
0
0
3
0
0
0
0
0
5
3
0
4
0
2
0
0
0
2
4
1
1
0
0
1
2
0
4
2
0
6
3
0
0
1
0
1
4
3
1
0
0
0
0
1
0
0
0
0
0
0
0
0
0
4
0
2
0
0
3
0
0
0
0
2
0
0
0
0
0
2
7
8
0
0
2
0
0
0
0
1
0
0
0
0
0
1
0
0
0
0
3
0
0
0
0
1
4
0
4
2
7
5
9
6
1
0
0
2
0
0
0
2
0
4
0
4
0
1
1
1
2
0
0
0
0
1
0
1
0
0
0
0
0
0
0
0
3
2
0
0
0
0
0
0
0
2
6
2
0
0
0
0
3
5
0
6
2
1
4
1
0
0
0
0
0
0
0
0
0
0
3
0
3
0
3
0
0
1
0
0
2
0
3
0
0
0
1
0
0
5
2
1
0
6
3
0
0
0
0
1
0
0
0
0
0
0
0
0
0
1
1
0
0
1
0
1
1
1
0
0
0
0
2
0
3
0
6
2
1
0
0
0
1
4
0
4
1
0
0
1
0
2
0
1
2
0
0
2
0
0
0
0
0
0
10
1141
