../2_Decay/DataFilesGe/Decay/415147G2.TXTBackgroundRemoved 
0
0
0
0
0
0
0
0
0
0
0
0
5
2
3
44
0
5
12
4
10
0
5
0
11
2
3
66
35
18
15
0
6
14
14
25
626
91
19
110
65
8
5
10
19
25
22
4
13
4
17
5
0
0
13
0
0
9
0
5
19
10
0
27
0
0
16
1
13
13
11
1
6
9
3
0
7
10
13
0
10
2
0
0
0
0
8
25
29
33
0
1
16
0
0
7
13
0
13
2
10
29
14
15
5
17
28
10
15
2
6
16
15
4
0
40
0
3
39
0
17
20
22
12
2
17
0
13
27
8
13
0
11
18
0
8
14
12
0
7
0
22
13
33
26
16
19
0
12
2
23
1
5
0
11
0
8
8
6
18
23
189
307
261
13
13
19
1
0
0
4
0
21
18
17
4
5
11
23
21
28
0
8
14
13
15
37
25
7
0
17
23
0
13
7
3
1
1
8
15
0
0
12
0
15
22
0
12
31
0
26
0
16
5
0
9
3
0
14
3
0
9
0
1
5
3
0
6
0
2
0
11
6
32
20
8
2
16
4
17
14
7
11
10
14
9
0
0
0
0
4
0
6
16
1
3
1
13
1
7
4
1
1
15
0
5
17
5
0
0
0
3
14
11
2
0
2
5
4
0
8
11
18
7
0
7
0
12
0
2
11
2
0
13
4
0
0
0
13
6
7
9
0
1
4
13
0
4
2
14
5
8
4
4
2
6
0
3
8
16
5
0
4
1
6
5
6
0
5
0
8
16
0
4
3
2
4
0
6
0
0
0
0
3
10
0
0
0
0
0
6
0
0
0
6
2
0
2
5
1
0
0
6
3
11
1
6
0
0
0
9
5
0
2
6
7
0
6
0
0
3
0
8
3
1
0
0
0
7
3
0
1
6
0
0
3
0
0
4
0
2
0
0
0
11
0
4
0
0
0
4
0
1
2
4
2
15
1
4
1
6
0
0
0
0
4
0
0
0
2
0
0
0
0
0
1
7
0
3
0
2
5
0
0
2
0
0
0
4
4
2
0
0
0
1
8
8
0
5
0
4
4
2
1
3
8
0
7
4
1
3
2
2
0
4
0
1
0
0
0
0
2
2
0
0
3
2
2
6
1
7
0
12
12
5
0
0
2
1
0
0
2
4
1
3
6
11
0
1
0
0
0
3
4
0
1
3
0
6
2
5
5
0
1
1
2
4
0
0
2
0
1
0
0
0
0
1
0
0
0
0
0
0
3
0
0
0
0
0
1
2
1
0
1
0
3
1
6
3
3
7
3
9
5
3
1
0
1
6
4
0
0
0
0
0
0
3
0
2
4
0
2
0
1
0
5
13
12
4
1
0
0
5
0
0
0
4
0
0
0
0
7
2
1
0
0
4
5
1
0
4
0
0
0
0
2
0
4
0
0
2
1
1
0
3
0
0
0
0
0
0
0
0
2
5
7
9
8
2
0
0
7
0
3
0
0
6
2
0
0
0
3
0
1
4
1
3
0
1
3
0
0
0
1
1
0
3
0
2
2
0
2
1
0
0
4
2
5
1
3
0
1
3
0
3
0
0
1
0
0
2
0
0
0
0
0
1
6
3
1
0
5
1
3
0
0
0
0
0
0
1
0
2
0
0
0
0
2
0
3
2
0
0
4
0
0
0
5
0
0
1
0
2
0
0
0
4
0
0
0
2
1
2
3
0
0
0
0
0
2
0
5
4
0
2
0
0
0
0
0
0
0
0
3
0
0
0
0
0
0
4
2
0
1
3
6
0
3
0
0
2
2
0
0
1
1
0
0
0
0
0
3
0
0
0
0
2
0
0
0
1
0
0
0
0
2
2
0
0
0
0
0
0
1
1
0
0
2
0
0
7
0
0
0
0
0
1
1
0
0
5
0
0
0
0
0
1
0
0
2
0
0
4
2
0
0
0
0
0
1
2
2
0
4
0
2
0
0
3
0
2
0
2
0
0
0
4
0
0
0
2
3
4
1
0
3
0
0
0
2
3
2
2
0
1
0
0
1
3
0
0
0
0
1
2
3
0
0
3
2
0
1
0
0
0
0
1
0
2
0
0
0
0
0
0
5
1
0
0
0
0
1
1
2
0
0
1
0
1
0
0
0
0
3
0
0
0
1
0
1
1
3
0
2
0
0
2
0
0
0
1
0
2
2
0
0
0
1
0
0
0
1
0
0
0
0
3
0
0
0
0
2
0
1
3
0
0
1
0
0
0
4
0
0
0
0
0
0
0
2
1
0
1
0
0
0
0
0
0
0
0
1
0
0
0
0
0
0
0
0
0
0
2
4
0
3
0
2
1
0
0
0
3
1252
