../2_Decay/DataFilesGe/Decay/415165G2.TXTBackgroundRemoved 
0
0
0
0
0
0
0
0
0
0
0
0
0
0
0
22
0
4
1
21
5
8
11
13
12
7
24
42
0
3
25
0
7
2
0
25
234
0
4
52
19
10
19
0
7
1
0
1
0
9
8
20
5
0
14
10
3
15
0
5
0
12
0
7
11
3
3
30
17
9
0
0
20
0
1
0
7
5
0
4
0
24
18
18
18
6
0
0
8
0
0
4
0
0
0
3
15
0
0
13
0
8
0
0
11
12
43
30
5
0
4
0
0
8
19
7
6
20
2
9
9
0
11
5
6
4
0
0
37
7
7
7
18
1
11
14
18
18
0
10
13
5
36
20
20
10
46
0
24
19
0
22
3
0
25
10
0
4
8
39
0
223
55
0
0
21
5
0
8
0
18
14
24
0
42
24
2
18
17
19
22
0
5
1
13
29
0
22
4
14
3
0
6
27
17
8
3
0
14
14
15
7
0
6
4
17
8
0
13
16
4
2
9
2
9
6
0
7
0
12
0
21
0
0
9
0
0
5
8
9
12
4
14
14
5
22
32
29
0
5
19
0
0
0
9
11
1
3
5
0
7
7
0
0
4
7
5
10
5
0
0
2
0
8
0
3
7
2
0
2
6
0
5
4
17
0
9
0
4
3
4
2
13
0
0
7
3
0
7
15
43
0
0
3
0
0
4
0
0
9
0
0
2
0
8
1
1
0
2
10
0
9
0
6
11
4
0
16
7
5
10
1
3
0
6
0
5
1
3
2
24
9
0
0
4
0
6
3
0
2
9
13
1
40
13
0
0
0
0
0
2
6
1
7
0
1
0
5
2
0
2
6
0
4
6
12
8
0
2
6
0
1
6
8
0
5
0
5
0
0
0
0
7
3
3
0
0
0
1
0
0
0
0
3
0
0
2
11
1
1
0
1
0
0
6
0
2
0
0
0
0
0
6
6
0
4
0
5
0
0
6
0
0
0
0
5
7
0
0
0
0
2
0
0
0
1
5
2
10
6
1
3
6
4
0
0
0
5
11
0
0
0
0
2
3
3
1
0
8
0
1
0
0
0
9
0
1
4
0
8
6
0
4
3
0
1
0
0
0
0
3
4
0
0
3
0
4
2
0
1
2
8
13
15
20
3
0
0
0
0
0
5
3
0
0
0
0
0
1
2
0
4
4
1
0
3
1
0
0
0
2
0
0
2
3
2
0
6
0
0
0
2
0
4
0
1
3
4
3
0
0
0
0
0
0
0
1
0
0
1
7
8
2
2
0
0
0
0
3
4
3
8
13
6
0
0
0
0
3
1
1
0
0
1
4
0
0
1
2
0
0
0
3
0
0
12
18
14
0
0
0
0
2
2
3
0
0
0
0
0
0
1
0
0
0
1
3
6
0
0
3
0
5
0
0
3
0
5
4
1
1
0
3
3
0
0
0
0
4
0
1
2
1
8
12
8
9
3
5
0
0
0
0
6
0
0
1
2
0
3
0
1
0
0
0
4
4
8
1
0
5
0
0
2
0
4
0
3
6
1
0
0
1
3
0
0
4
0
0
0
0
0
0
0
0
0
1
0
0
1
0
3
1
2
2
4
4
5
0
0
0
0
3
3
1
4
0
0
0
0
1
0
4
0
1
4
4
0
0
6
0
0
1
0
1
0
0
0
0
3
0
2
2
0
2
1
8
5
0
2
0
0
0
3
5
0
0
1
0
0
0
3
0
2
0
0
0
1
1
0
0
1
5
1
0
2
0
0
0
1
1
1
0
0
0
0
0
1
0
0
0
0
0
2
0
0
3
0
0
5
0
0
2
2
0
3
3
0
0
3
3
3
1
0
3
4
0
0
0
0
0
2
2
4
0
0
1
0
0
0
4
0
0
5
0
1
0
0
0
0
0
0
0
1
1
1
0
7
1
3
0
0
3
1
0
0
0
2
0
0
0
2
0
0
1
5
0
0
1
1
4
0
0
0
1
2
4
0
0
3
9
8
0
1
0
1
0
0
0
0
6
0
0
0
3
0
3
1
0
3
0
2
2
2
3
0
0
0
0
0
0
2
2
0
0
1
1
0
0
1
1
0
0
3
0
0
0
0
0
0
2
4
1
0
3
7
0
2
0
0
0
0
0
0
0
0
6
0
0
0
0
1
0
0
0
0
3
0
1
0
2
0
0
0
1
0
0
0
3
0
3
0
0
3
2
0
3
0
1
0
0
0
0
0
4
0
0
1
2
2
1
0
2
0
0
0
3
0
0
1
0
0
0
0
0
2
0
1
0
6
1
2
0
0
0
0
0
0
0
2
0
2
1
3
0
0
0
0
3
0
0
0
7
1116
