../2_Decay/DataFilesGe/Decay/415178G2.TXTBackgroundRemoved 
0
0
0
0
0
0
0
0
0
0
0
0
0
0
20
827
211
113
71
39
42
17
8
9
15
0
16
19
13
32
10
13
8
0
9
3
95
19
0
18
17
15
11
0
8
0
2
13
0
22
9
10
0
0
11
10
30
7
42
33
17
18
3
14
33
2
27
6
0
0
7
0
36
10
26
0
4
5
0
0
20
9
25
8
17
0
13
0
35
0
22
18
0
9
4
0
15
14
14
0
13
12
0
18
0
14
10
0
0
22
7
7
11
17
6
5
1
29
44
6
38
24
30
10
18
55
31
9
21
0
0
14
2
45
14
0
23
22
2
25
14
27
13
0
34
0
5
21
2
21
15
36
16
6
4
0
0
22
0
20
17
92
17
0
0
10
11
0
11
9
10
13
0
0
27
22
0
36
0
8
0
0
17
21
5
3
18
38
0
7
12
0
7
18
1
16
8
8
3
5
4
0
14
7
3
15
8
12
10
15
12
6
5
0
13
8
0
8
0
12
0
1
0
8
3
16
0
6
10
0
0
23
9
6
4
13
33
23
0
5
21
0
0
0
12
7
0
1
0
1
7
11
7
0
0
0
8
0
0
1
16
0
4
4
0
4
1
14
0
0
0
9
8
7
11
0
0
0
4
4
0
6
26
14
11
8
0
0
0
28
29
0
0
6
7
0
0
3
0
0
0
9
1
7
0
7
0
1
9
4
10
2
3
5
10
7
0
12
6
8
7
15
5
6
11
5
0
4
0
0
14
7
0
3
4
0
4
0
3
6
0
0
12
50
9
0
0
0
3
0
1
1
2
5
13
5
0
9
0
6
0
10
0
3
6
0
9
0
6
0
7
1
0
2
6
0
0
0
5
1
0
0
9
0
1
0
0
2
1
0
0
7
0
3
3
0
1
0
2
8
0
2
0
2
1
0
6
4
0
0
6
0
0
7
0
0
0
11
2
2
0
5
0
0
1
6
0
2
0
0
0
2
2
0
0
4
5
0
0
6
0
0
3
0
0
0
0
4
8
0
0
1
0
0
5
0
4
0
10
1
7
5
0
0
2
5
3
6
2
6
0
0
7
3
0
0
0
0
0
0
5
3
2
0
0
0
1
5
1
0
4
7
12
17
5
0
0
0
0
0
1
0
1
0
0
6
3
1
1
3
0
0
5
3
0
5
2
1
1
0
4
0
0
5
2
0
4
1
2
0
0
3
0
0
0
0
5
5
2
0
1
2
3
0
0
11
3
0
1
0
0
2
8
0
0
0
2
1
2
2
13
14
7
4
0
0
0
0
5
1
0
1
0
2
0
1
4
0
2
0
1
4
0
3
3
24
17
2
0
0
0
0
0
0
0
0
0
0
0
0
4
2
5
0
0
0
2
4
6
1
0
0
0
0
0
0
6
0
1
0
3
0
1
0
0
1
0
0
0
0
0
4
1
6
14
17
1
8
0
0
0
0
0
2
0
0
0
3
0
3
0
1
2
2
0
2
0
0
0
5
5
0
0
1
3
0
0
5
3
0
0
0
0
1
0
0
3
2
0
0
0
3
0
0
2
0
0
0
0
3
1
0
2
0
1
0
4
3
1
5
3
0
0
3
0
0
0
0
0
1
0
2
1
4
0
0
0
2
5
0
3
0
0
0
6
0
0
0
0
0
0
4
0
0
6
3
2
0
0
1
0
1
0
5
0
0
0
5
3
0
2
2
0
0
2
2
0
2
0
1
0
0
0
1
2
1
0
0
0
3
1
0
1
1
0
0
2
0
0
0
0
0
0
0
0
2
0
3
2
1
0
1
2
2
0
5
5
0
0
0
0
0
1
0
0
0
0
3
0
0
0
0
1
4
0
1
4
0
0
0
0
0
1
2
0
2
0
0
0
0
5
0
2
4
0
0
0
0
2
4
0
0
4
2
0
0
0
1
2
3
0
0
3
0
0
0
0
0
3
0
0
0
4
0
0
0
2
0
0
3
10
5
0
0
0
6
0
0
0
0
0
0
0
0
3
0
0
2
0
1
3
3
0
5
1
0
0
0
0
0
3
0
2
0
3
0
0
3
3
2
0
0
0
3
0
1
2
0
4
0
2
2
0
1
6
3
1
0
0
0
0
0
0
0
0
2
0
1
0
0
0
0
2
0
3
0
1
1
2
0
0
2
0
0
0
0
0
0
2
2
0
3
0
2
0
0
0
0
1
0
0
1
0
0
0
0
0
0
4
0
1
0
1
0
3
0
1
0
0
0
1
0
0
0
0
0
6
3
0
0
0
4
0
0
1
0
1
0
0
2
0
0
0
0
0
1
2
0
0
0
0
0
8
1263
