../2_Decay/DataFilesGe/Decay/415162G2.TXTBackgroundRemoved 
0
0
0
0
0
0
0
0
0
0
0
0
0
0
0
11
0
0
16
2
20
0
3
0
14
11
0
15
6
22
22
0
0
1
4
12
294
19
14
34
24
36
1
4
4
0
6
0
0
1
21
2
0
2
5
0
0
2
0
0
18
3
16
12
7
0
0
16
21
12
0
0
7
0
4
0
0
17
0
0
0
6
0
11
2
0
1
18
0
5
4
0
18
2
15
0
16
23
0
15
0
9
0
2
13
27
19
8
0
19
28
0
23
5
1
16
22
4
0
0
18
0
17
0
0
13
0
13
41
10
9
24
25
21
6
28
7
0
0
12
30
21
11
13
21
19
15
0
11
27
7
0
14
3
5
3
1
22
0
0
16
255
66
6
0
9
8
0
0
0
25
8
0
19
16
3
18
1
6
0
0
21
6
0
0
30
0
9
0
1
11
5
0
34
7
10
4
0
0
7
10
0
5
5
8
4
4
0
9
10
22
0
0
9
0
11
0
2
15
7
0
15
5
0
9
0
0
11
0
11
0
2
7
7
10
12
22
23
0
0
15
0
5
6
10
11
0
0
2
0
10
6
12
10
4
11
11
0
1
0
5
5
2
1
0
0
3
16
0
0
8
15
0
18
0
7
0
1
0
3
10
4
6
1
0
5
0
5
5
5
18
0
0
4
12
2
0
1
6
5
0
0
0
11
0
18
0
3
5
0
14
11
0
20
0
0
0
3
3
9
0
0
2
1
3
10
0
0
21
3
9
15
3
0
4
6
2
3
0
0
3
0
7
42
18
0
0
0
0
7
0
0
2
0
0
0
0
7
2
2
0
4
4
4
8
1
6
3
2
0
0
1
1
3
3
0
4
3
0
0
0
0
7
0
3
12
0
0
0
0
1
8
0
0
0
6
0
0
0
0
0
0
0
4
0
0
7
15
3
4
0
0
5
4
1
0
4
2
0
0
9
7
1
7
0
6
4
7
0
9
7
0
0
0
0
3
0
0
5
1
6
2
0
0
0
0
0
2
9
0
0
0
0
0
0
0
2
0
0
0
1
3
0
0
4
2
1
3
3
1
0
3
2
0
2
0
0
0
0
2
1
0
3
1
1
4
0
0
0
3
2
10
17
15
6
0
0
0
0
0
0
0
4
0
1
5
2
1
6
0
0
1
7
5
0
0
6
0
0
0
2
3
0
1
2
0
3
0
0
0
0
1
1
0
5
2
0
3
0
0
1
2
0
3
3
0
2
0
0
3
0
6
0
0
0
5
0
3
6
0
5
20
11
1
0
0
0
1
1
0
7
2
0
0
2
0
1
0
0
0
0
0
0
0
0
21
22
7
0
3
0
0
0
4
3
0
0
0
5
1
2
0
0
1
0
0
4
0
0
0
3
2
2
0
2
0
2
0
0
0
1
4
0
0
0
1
0
0
0
0
0
0
0
3
9
13
7
3
0
0
0
0
0
0
0
0
3
0
0
4
1
1
0
4
0
0
0
0
0
2
4
0
0
0
3
0
1
0
5
0
0
1
0
5
1
3
1
0
0
1
0
0
0
1
3
0
0
0
0
0
4
0
4
0
0
0
3
5
0
2
2
0
0
1
0
0
0
0
7
0
2
2
1
0
3
0
0
2
3
2
0
0
0
0
0
1
2
0
0
0
0
5
1
0
0
0
5
2
3
0
1
0
0
2
0
0
5
0
2
0
0
0
2
0
0
0
4
0
0
3
3
2
3
2
0
0
0
0
0
1
0
1
0
1
4
0
1
2
0
0
1
0
1
1
0
1
2
1
0
0
1
0
0
0
0
0
2
0
1
0
0
0
0
0
0
0
1
0
0
0
0
1
0
0
0
0
0
2
0
1
0
4
1
2
3
2
2
1
0
0
0
0
3
2
0
2
0
0
0
5
0
0
1
0
0
0
0
0
0
1
0
0
0
0
0
0
5
0
1
0
0
3
0
0
0
0
4
0
0
7
8
6
3
1
0
2
0
0
0
0
0
0
1
0
1
0
0
0
1
1
0
0
0
3
3
3
1
0
1
0
0
4
2
0
1
2
1
2
0
0
0
1
0
0
0
2
0
0
0
0
5
0
4
2
3
5
0
0
0
0
0
0
0
0
0
0
0
0
0
0
0
0
1
0
0
0
0
1
4
0
0
0
0
0
2
3
0
2
4
1
2
2
0
3
0
0
2
0
0
0
0
2
2
0
0
0
0
0
1
0
2
0
1
0
4
1
3
1
0
0
4
0
1
1
2
0
0
1
0
2
2
0
0
0
0
2
1
0
0
0
0
0
0
0
1
0
0
0
7
0
0
0
0
1132
