../2_Decay/DataFilesGe/Decay/415160G2.TXTBackgroundRemoved 
0
0
0
0
0
0
0
0
0
0
0
0
0
0
0
12
0
14
17
22
28
0
0
0
0
16
21
23
5
27
3
0
2
0
0
9
311
37
10
56
28
17
10
0
0
0
7
7
6
4
11
21
0
29
15
0
0
7
3
6
28
0
8
4
22
6
13
33
4
0
0
0
0
7
0
0
0
11
4
0
0
0
6
3
17
0
0
5
18
0
14
10
0
16
6
0
40
0
5
0
2
9
0
43
19
13
13
0
0
0
16
15
3
10
31
1
10
0
8
16
23
0
37
0
20
25
11
9
48
16
7
9
0
18
27
19
4
22
17
11
7
19
36
25
21
0
8
0
11
6
2
14
8
0
1
27
14
0
0
9
6
290
89
0
0
0
7
0
4
0
9
34
13
21
16
16
17
1
0
10
12
2
1
2
2
24
25
37
21
7
5
14
0
0
22
12
0
13
13
11
2
1
10
3
16
10
0
5
5
17
11
4
0
21
0
0
9
0
13
8
0
0
0
4
1
4
0
0
1
0
0
12
11
9
7
22
42
27
0
1
22
0
7
3
0
0
0
2
14
0
13
17
10
5
0
3
4
5
0
2
1
0
3
8
11
13
12
18
0
0
0
15
19
10
16
11
0
0
1
10
7
9
6
14
9
26
10
5
0
13
28
0
0
1
0
0
0
0
9
3
4
0
0
7
0
1
9
0
0
6
8
13
0
0
4
5
0
0
3
0
6
0
0
1
0
5
1
0
2
3
23
3
0
0
0
0
4
4
7
11
11
8
10
40
6
0
0
0
3
4
10
3
0
2
5
7
0
6
0
5
0
8
7
0
6
0
9
3
5
0
0
3
3
4
5
0
0
8
1
0
0
3
6
3
5
2
4
0
12
0
6
2
0
1
0
0
10
0
8
7
0
0
0
0
0
0
5
0
2
0
9
0
10
8
0
0
0
9
4
4
4
0
0
0
3
3
0
3
0
7
0
0
0
3
0
1
6
1
0
0
4
4
0
2
0
0
0
1
3
2
0
0
0
2
0
2
2
0
1
1
0
0
0
0
6
6
2
3
6
1
0
0
0
0
0
0
5
6
0
1
0
0
0
3
0
6
3
3
0
5
1
0
20
9
15
7
0
0
0
4
0
0
6
0
0
0
0
0
0
3
2
3
6
4
1
0
5
0
0
0
2
0
0
0
0
0
1
1
0
0
0
1
6
1
1
3
1
3
0
0
2
0
2
0
2
3
3
0
0
1
2
0
0
0
0
3
0
0
3
1
8
11
4
1
0
0
0
0
0
4
0
3
0
0
0
2
4
0
1
3
0
0
0
3
4
26
24
10
0
0
0
0
5
4
3
0
0
0
0
1
5
2
0
4
2
1
4
1
0
7
2
0
0
0
0
3
2
7
0
0
1
0
2
1
2
0
0
2
3
1
1
4
1
9
5
14
5
0
0
0
0
0
0
0
0
0
0
0
0
5
2
5
0
0
0
3
2
0
1
3
5
0
0
0
3
2
0
1
5
0
0
2
1
4
0
0
4
1
0
0
0
0
1
0
4
0
0
3
6
2
3
0
1
4
2
0
0
7
1
0
5
5
1
0
0
0
0
5
0
0
0
0
0
1
0
1
0
3
6
0
0
0
0
0
0
0
0
3
1
0
0
1
0
0
0
0
3
0
0
0
4
0
0
0
1
4
0
0
2
0
0
3
0
0
0
2
3
1
1
0
0
0
0
0
0
1
0
1
0
1
0
4
0
3
1
0
1
2
0
0
0
7
4
0
3
0
1
7
0
0
0
3
1
0
0
5
1
1
0
0
3
0
5
1
0
3
0
0
1
0
0
0
0
2
0
0
2
1
0
2
2
0
0
0
0
1
4
0
0
0
0
0
0
4
0
0
2
0
2
6
0
1
0
0
0
1
0
0
0
0
0
2
0
0
0
0
0
1
0
3
2
0
0
1
0
1
3
0
3
4
11
3
0
3
0
0
0
0
0
0
0
0
0
0
0
2
0
0
0
2
2
1
0
4
0
4
3
0
0
2
3
0
0
0
0
1
5
0
3
1
0
1
0
0
0
5
0
0
1
1
0
3
1
0
6
2
0
0
0
0
1
0
1
0
1
0
0
0
0
0
0
5
1
1
1
1
0
0
1
0
1
0
0
0
0
0
0
0
0
1
0
0
5
2
3
1
0
2
2
0
0
1
0
0
0
0
0
0
2
2
2
0
0
0
0
3
1
0
0
0
3
1
3
0
2
0
3
0
0
1
1
6
0
0
0
0
1
4
0
0
0
0
0
1
0
2
0
0
0
0
0
1
0
1178
