../2_Decay/DataFilesGe/Decay/415123G2.TXTBackgroundRemoved 
0
0
0
0
0
0
0
0
0
0
0
0
0
0
0
38
5
18
17
34
34
29
19
19
8
18
64
188
14
16
74
1
21
21
33
57
2525
483
30
419
317
27
18
5
19
19
10
10
0
25
19
30
10
22
8
10
8
1
1
26
60
16
13
14
15
8
21
31
21
40
40
40
1
1
1
1
22
22
22
9
8
5
5
5
9
9
9
9
11
11
10
10
24
1
1
5
5
1
10
19
17
26
26
26
26
16
49
3
0
6
1
1
2
18
24
20
29
3
8
8
25
25
18
18
44
8
6
6
20
0
17
9
6
18
30
26
40
4
21
8
18
11
14
38
10
25
11
15
15
14
33
33
18
15
4
21
2
13
5
2
2
31
1861
1252
5
1
6
6
35
4
4
25
19
20
43
16
8
9
23
8
1
1
7
11
10
9
214
35
10
40
32
18
18
10
16
31
1
16
11
18
18
0
12
2
14
7
7
9
18
18
33
33
33
10
10
10
10
10
3
3
3
6
5
0
2
3
4
4
1
1
1
1
1
14
14
11
0
0
26
26
7
7
7
20
0
8
0
0
2
2
6
0
14
16
10
6
6
6
6
6
8
6
6
4
1
7
6
2
2
2
2
6
4
3
2
7
7
7
7
12
14
8
13
7
6
18
8
8
8
19
8
8
14
5
5
5
0
2
1
1
2
4
4
0
0
2
0
0
6
5
5
11
11
11
11
11
11
4
1
11
11
5
7
10
9
2
8
8
5
5
9
10
10
11
0
3
5
5
5
0
4
4
3
9
2
5
5
7
4
12
7
7
10
10
10
4
0
1
6
2
0
2
3
3
16
3
3
8
8
0
0
4
2
14
0
3
3
5
1
2
2
2
2
2
1
1
1
1
3
3
1
3
3
3
1
1
6
1
1
2
2
3
4
4
4
4
8
4
4
3
4
4
4
0
2
10
7
2
2
2
0
3
3
8
8
8
8
8
8
8
0
6
6
2
2
5
4
4
0
0
5
1
4
0
0
0
0
5
3
3
3
3
4
3
3
3
4
4
3
3
1
0
4
4
4
11
2
2
1
0
0
4
2
1
5
6
1
1
1
0
6
0
0
0
3
3
1
3
1
1
1
1
1
1
1
8
20
20
12
8
3
3
1
1
2
2
1
1
4
2
2
1
2
8
8
8
0
0
0
0
8
0
7
1
1
4
4
4
3
3
2
6
3
5
5
0
0
6
2
1
0
0
1
1
2
2
2
0
0
0
0
2
3
3
4
8
8
8
2
4
0
1
1
8
7
5
1
3
2
2
2
2
2
2
3
3
3
0
0
1
1
3
3
1
1
1
6
6
2
2
2
2
2
2
2
2
2
2
1
1
2
3
3
4
4
0
5
8
8
8
8
1
1
1
2
2
4
4
2
3
3
3
6
6
6
6
6
6
6
6
4
0
2
1
4
4
4
7
1
11
7
0
2
0
0
0
4
3
3
0
0
4
4
3
2
2
2
2
3
0
0
0
1
2
0
2
2
0
2
2
2
2
2
0
0
5
0
0
0
1
1
2
2
2
3
3
3
3
3
1
1
1
4
0
2
3
2
2
2
2
2
2
2
3
3
3
0
0
1
1
1
2
0
3
1
3
5
1
1
1
1
1
1
1
1
2
2
0
0
0
0
0
0
0
0
0
5
5
0
1
2
2
2
3
3
3
0
3
3
3
3
3
3
1
4
0
0
5
5
5
4
4
7
0
0
0
0
2
2
2
2
2
1
1
1
2
1
1
1
1
0
1
1
2
2
0
0
3
3
4
3
3
0
0
1
1
1
0
0
0
0
1
8
2
2
3
3
4
2
2
2
0
0
3
3
3
3
2
1
1
0
1
1
1
1
2
2
2
3
3
2
2
3
2
0
0
1
0
3
5
2
2
3
3
3
2
2
2
2
3
2
0
0
0
0
0
2
2
0
0
0
0
3
3
3
3
2
2
2
2
1
1
1
1
1
3
4
0
0
0
0
0
3
3
0
0
0
3
2
2
1
1
2
0
0
0
0
1
6
0
0
0
0
0
4
0
0
0
0
0
2
0
0
0
0
1
1
0
0
0
0
0
0
0
0
3
0
0
2
1
1
1
1
1
3
3
3
3
0
0
2
2
1
1
1
1
1
4
4
3
3
3
2
2
2
1
1
3
3
2
2
2
2
0
0
0
0
0
0
0
0
4
4
0
0
0
4
0
5
5
3
0
0
0
0
0
0
0
0
5
5
5
1
1
1
1
0
7
7
0
0
1
1
8
8
1
1
0
1
1
1
1
3
4
4
4
0
0
4
4
4
4
2
2
