../2_Decay/DataFilesGe/Decay/415133G2.TXTBackgroundRemoved 
0
0
0
0
0
0
0
0
0
0
0
0
0
0
1
38
7
12
13
15
20
24
29
8
18
5
35
97
17
9
51
13
8
4
36
43
1366
318
28
218
218
24
11
12
1
6
0
16
3
21
18
25
16
10
30
0
8
21
6
5
28
12
15
27
0
0
6
18
22
0
8
8
10
0
2
0
19
21
0
5
8
26
8
0
0
0
2
0
31
13
10
0
3
0
2
0
31
0
26
0
3
14
0
23
10
11
33
18
0
17
0
18
8
24
0
24
4
20
0
13
0
8
35
5
9
15
26
0
41
6
7
26
9
21
10
18
16
20
8
0
4
21
43
33
18
15
28
17
17
13
5
0
18
0
9
9
2
0
0
3
20
9
857
762
2
0
0
1
0
1
9
23
13
7
11
22
27
10
11
0
0
17
0
21
0
16
110
57
8
30
26
14
13
13
29
0
0
5
0
5
7
6
0
0
26
46
11
13
17
0
8
0
22
6
14
0
2
0
9
5
6
13
0
0
13
0
0
18
0
8
0
12
5
0
0
23
6
17
8
17
4
0
17
17
8
24
0
0
0
1
16
1
1
6
0
0
0
2
3
3
3
14
0
0
4
16
0
5
8
6
0
0
6
12
0
3
3
4
5
12
13
10
4
17
0
18
0
1
6
14
0
0
31
15
2
0
12
5
10
0
8
6
1
4
6
10
3
0
7
0
5
2
3
0
0
0
1
6
8
5
0
3
3
8
0
1
0
9
2
0
0
0
0
1
3
10
0
7
9
0
4
10
0
8
3
0
8
2
2
0
1
0
0
5
4
0
0
15
0
5
1
7
0
10
0
9
8
0
6
0
0
15
0
0
4
0
0
3
3
0
0
8
6
0
4
10
0
0
2
0
2
3
0
3
0
3
3
3
7
2
0
0
0
1
0
0
5
4
0
4
7
0
6
3
0
0
1
8
7
0
0
2
1
0
2
4
0
0
0
0
1
0
0
0
0
2
0
3
0
2
0
0
1
0
6
0
0
1
4
0
1
0
0
0
1
2
1
1
1
8
0
6
1
0
6
3
0
0
6
3
0
1
4
0
2
0
0
0
0
3
2
6
1
2
0
0
0
5
0
4
0
3
0
3
0
3
7
17
6
0
0
4
0
0
3
8
4
2
1
5
3
5
2
9
0
0
2
1
0
0
4
2
4
1
0
3
0
0
0
0
0
0
8
5
0
0
0
5
1
0
1
4
2
0
0
0
2
0
1
2
1
3
0
0
0
0
1
0
8
0
2
2
5
0
0
0
0
0
4
0
0
2
0
2
0
0
1
0
4
0
6
0
0
0
0
0
1
0
0
1
0
0
0
1
0
0
0
0
0
0
2
0
0
2
0
3
0
2
5
8
0
0
6
3
0
0
3
0
0
0
0
0
1
2
0
0
0
0
1
4
3
2
0
0
0
0
7
3
7
6
1
0
0
0
0
0
2
0
0
0
0
0
0
0
0
0
2
0
0
3
0
0
3
2
0
0
0
0
7
0
0
1
0
4
0
3
0
0
0
0
0
0
0
0
0
0
0
0
0
0
0
0
3
0
0
0
5
3
2
3
5
2
9
5
2
0
0
2
0
0
0
0
1
2
0
0
0
0
1
2
0
1
0
0
0
2
0
2
0
4
0
5
1
1
0
0
3
2
0
2
2
1
0
0
0
0
0
1
2
0
4
2
0
0
7
0
1
1
1
1
0
0
2
1
0
0
0
0
0
0
6
2
3
0
0
0
0
1
0
3
0
0
2
0
0
0
0
0
1
0
0
0
4
1
0
2
3
0
0
0
0
0
1
0
0
4
0
3
0
0
2
0
0
2
0
0
0
0
2
0
0
0
0
1
4
1
2
0
4
1
0
3
3
0
1
0
0
3
3
1
1
0
0
0
0
0
5
0
0
1
0
0
0
0
0
6
0
1
0
0
2
0
0
0
0
0
0
0
0
0
1
0
0
1
0
9
7
5
0
0
0
0
0
1
0
1
1
0
0
3
0
1
1
0
0
3
0
0
5
2
0
1
2
0
7
1
1
1
1
0
1
3
0
1
0
2
0
0
0
5
0
2
0
0
1
1
0
0
0
0
3
0
2
0
2
0
1
0
0
0
0
2
0
0
0
0
2
1
0
0
0
0
0
0
0
1
0
1
0
3
0
3
0
1
0
0
4
0
0
0
4
3
0
2
0
4
0
0
3
0
3
1
2
2
2
4
0
0
0
0
1
0
1
2
0
0
6
1
0
3
0
0
0
0
0
3
0
0
0
0
0
1
0
0
0
1
0
1
5
4
0
0
5
0
