../2_Decay/DataFilesGe/Decay/415148G2.TXTBackgroundRemoved 
0
0
0
0
0
0
0
0
0
0
0
0
0
0
0
25
10
4
16
28
0
25
15
0
3
11
12
45
20
10
28
12
21
10
6
14
551
151
0
57
65
6
16
6
1
0
2
2
14
0
17
16
8
16
13
0
0
15
1
5
0
19
24
7
6
22
0
15
18
26
0
0
10
0
0
0
5
0
0
15
0
0
0
0
0
0
4
0
34
0
0
0
10
7
0
21
7
6
15
9
0
15
6
2
13
22
9
6
0
37
12
14
22
25
18
5
0
25
27
6
35
0
0
11
11
20
0
7
33
13
16
0
6
16
26
21
7
15
22
20
0
17
9
25
13
10
14
10
8
0
16
4
30
0
31
24
7
0
13
1
18
0
227
430
0
0
13
7
0
14
27
28
16
22
19
19
14
8
0
11
0
11
0
4
0
0
43
30
2
5
10
9
6
29
10
5
3
3
9
2
4
4
0
0
0
21
21
0
11
0
24
0
0
1
0
0
0
6
14
0
0
16
0
5
15
8
14
0
13
0
10
10
16
17
14
11
4
0
2
38
5
7
2
15
3
11
0
6
4
0
3
8
6
12
2
0
13
14
10
0
15
11
0
0
0
2
7
0
0
0
2
3
0
5
0
19
0
8
0
4
11
18
4
0
1
11
6
3
0
1
4
5
20
10
10
0
1
1
6
0
0
14
0
7
2
0
0
0
2
4
2
3
3
4
8
14
0
0
12
9
3
0
0
0
0
15
0
3
5
0
12
13
2
12
3
2
1
0
2
4
0
5
1
0
1
0
0
0
0
0
9
5
2
3
11
0
5
4
1
1
0
0
4
1
10
3
4
3
11
3
0
6
2
1
3
0
1
5
6
0
3
0
4
0
0
9
4
7
6
0
0
0
13
2
3
9
0
1
0
3
0
5
2
0
4
0
8
5
0
0
0
0
4
11
4
0
11
1
0
0
2
0
0
1
0
0
2
1
0
0
3
0
0
0
0
0
1
1
3
0
2
1
0
4
0
0
0
0
5
0
1
0
6
0
0
0
0
0
6
0
0
3
2
0
6
2
0
0
5
0
0
1
0
1
0
0
0
0
0
0
4
3
0
0
0
0
1
4
3
2
1
5
2
3
3
0
2
6
15
6
6
0
0
0
0
3
2
5
4
0
0
4
4
6
2
2
0
0
2
0
2
5
2
3
2
0
4
1
0
0
0
5
0
0
0
2
0
4
0
2
0
4
0
0
6
0
2
0
0
0
0
0
0
1
0
5
0
0
5
0
0
1
2
1
1
0
1
8
2
0
0
2
0
0
6
0
0
0
3
3
0
0
1
0
0
0
5
0
4
0
0
8
10
0
0
0
0
0
5
0
0
1
2
4
3
0
1
2
2
7
1
0
1
1
0
0
0
0
1
0
0
0
0
5
0
0
0
2
1
0
1
0
0
4
3
0
0
1
1
0
0
10
6
5
2
3
0
0
0
5
0
1
0
4
0
0
5
1
0
3
5
0
0
3
0
0
0
0
4
5
0
0
0
0
0
0
0
0
0
0
0
0
0
0
0
0
0
0
0
0
3
0
6
1
2
0
3
5
0
0
0
0
0
0
0
2
0
0
0
0
0
1
0
0
4
0
0
1
2
5
0
0
0
0
1
1
1
0
0
0
6
0
2
3
0
0
6
0
1
3
1
0
0
4
0
3
4
0
0
4
0
1
0
0
0
1
0
3
0
2
2
0
1
0
0
2
0
0
0
0
0
0
1
1
1
3
0
0
0
2
3
1
5
0
1
3
0
1
2
0
0
2
1
0
0
3
3
0
0
0
0
0
4
2
0
4
0
0
0
0
0
1
0
2
0
0
0
0
0
0
0
2
0
5
0
3
2
0
0
0
0
0
0
1
1
1
0
0
1
0
0
0
0
0
0
0
0
1
2
4
0
3
0
3
0
0
0
0
2
0
0
0
0
1
1
1
3
1
3
0
1
5
4
0
0
1
0
0
0
2
0
3
2
1
3
3
0
0
0
1
0
0
0
0
0
0
2
0
0
0
0
0
0
0
1
2
0
1
0
0
1
2
0
0
0
1
0
4
0
0
0
0
1
0
0
2
1
0
0
4
0
0
1
3
1
1
0
2
1
0
0
3
0
0
0
1
4
0
2
0
0
0
0
0
0
0
0
0
0
0
2
0
0
0
2
0
0
0
0
0
1
0
0
0
1
0
2
0
2
0
2
0
2
2
0
0
0
0
0
0
0
0
0
0
0
0
2
2
0
0
3
3
0
0
0
1
0
2
2
0
0
0
0
1
0
0
0
0
0
0
0
1
2
1194
