../2_Decay/DataFilesGe/Decay/415119G2.TXTBackgroundRemoved 
0
0
0
0
0
0
0
0
0
0
0
0
1
1
3
52
56
24
26
24
37
26
13
7
14
24
57
229
29
33
63
0
30
5
50
64
3134
650
43
472
429
20
13
0
18
3
18
7
8
0
19
12
30
23
7
0
5
11
31
13
41
14
15
28
17
25
3
29
14
15
2
6
7
0
0
0
18
0
0
0
9
0
0
5
0
0
1
33
10
0
0
0
0
0
4
0
10
0
0
0
5
5
22
11
5
0
11
3
0
0
9
32
13
25
7
16
10
14
14
8
25
0
22
14
3
24
0
0
56
0
12
14
3
3
25
15
14
25
0
22
36
21
13
0
23
0
28
0
0
17
0
6
10
0
0
0
9
0
6
9
4
23
2033
1751
0
0
16
11
0
3
12
1
0
17
17
0
13
36
4
21
1
0
0
2
0
24
254
58
0
44
51
0
0
0
16
0
0
22
11
11
9
14
0
0
3
6
0
0
12
0
12
0
3
0
0
2
0
0
9
8
0
0
2
0
13
0
0
6
18
9
0
21
0
0
0
13
12
0
5
0
9
17
0
4
2
0
0
0
0
0
4
1
0
11
5
0
0
0
0
0
0
0
0
1
0
2
18
1
0
0
0
0
8
11
0
7
0
0
4
13
2
22
10
0
1
10
2
0
0
2
0
1
11
17
0
1
0
0
0
2
0
6
5
0
0
0
1
1
2
7
9
2
2
0
10
0
0
1
0
2
0
0
0
9
1
0
0
0
0
5
0
12
4
0
0
0
7
0
10
5
0
0
0
8
5
7
0
1
0
0
5
2
4
0
2
0
0
13
5
0
0
10
2
8
4
8
1
0
3
4
0
2
5
3
4
5
3
4
0
0
0
1
0
0
3
0
0
0
6
0
2
4
10
0
0
1
1
3
0
13
0
2
1
0
0
0
6
1
0
0
5
0
3
1
0
0
2
6
0
0
1
2
0
5
0
0
0
0
0
0
0
2
13
4
0
2
5
0
1
10
0
0
0
0
0
1
0
0
4
0
4
0
0
9
0
6
0
2
0
12
1
5
0
0
4
9
1
3
2
0
0
4
3
3
0
4
3
0
0
0
7
2
3
3
0
0
0
2
1
0
0
7
0
1
1
12
24
17
26
1
4
0
4
0
0
4
0
0
0
0
0
0
0
5
3
0
0
1
1
4
3
0
0
6
0
0
0
0
0
0
2
4
0
6
0
0
2
4
0
0
2
1
0
3
0
0
0
0
0
3
3
0
0
0
0
2
3
3
0
3
0
1
0
2
1
0
0
8
2
0
0
3
0
0
0
0
4
0
3
0
0
3
0
0
0
3
1
1
0
2
0
0
0
0
5
0
1
4
0
0
0
0
3
4
0
0
6
0
2
2
1
0
5
4
0
4
6
0
2
0
0
1
2
3
0
0
0
0
2
2
0
0
0
1
6
4
0
0
0
13
0
0
0
2
0
0
3
1
0
0
0
0
1
0
1
0
1
2
0
4
0
0
3
0
0
0
2
0
6
0
0
2
0
3
0
2
0
0
0
0
0
0
0
0
0
0
0
0
0
0
3
0
1
0
0
0
6
0
3
0
1
0
0
1
1
0
2
1
1
1
1
0
2
1
0
1
0
0
0
1
4
1
0
3
0
0
1
1
2
1
0
1
1
6
0
0
0
0
0
2
0
0
0
1
0
1
3
3
0
0
1
4
1
0
6
1
0
3
0
0
0
2
0
0
0
0
0
1
0
0
0
0
2
0
0
0
0
0
0
3
2
0
0
2
0
2
0
0
0
0
0
0
1
0
0
0
0
0
1
0
0
0
3
0
0
1
0
2
0
0
0
0
2
1
0
0
1
0
0
0
0
2
0
0
1
0
4
0
0
0
1
2
0
0
2
3
1
3
1
0
0
0
0
1
0
1
0
0
1
6
1
0
0
1
0
1
0
1
2
0
0
0
0
0
0
0
2
0
2
0
0
1
2
1
0
4
1
0
0
0
0
1
1
7
1
2
0
1
0
4
0
2
0
0
1
5
1
1
6
0
0
0
0
2
0
2
0
0
0
0
0
0
0
0
0
0
0
0
1
0
0
2
1
0
0
2
0
0
2
0
1
0
7
0
0
3
1
2
0
2
2
1
0
1
0
3
0
2
2
1
0
0
3
1
0
0
0
1
0
0
3
1
0
2
0
0
0
0
0
0
0
2
5
0
0
0
0
1
0
0
0
0
0
1
0
0
0
0
0
0
1
0
1
0
0
0
4
0
0
0
0
1
0
0
0
0
1
0
0
2
0
0
0
1
0
0
0
0
3
0
0
0
2
0
