../2_Decay/DataFilesGe/Decay/415161G2.TXTBackgroundRemoved 
0
0
0
0
0
0
0
0
0
0
0
0
0
0
0
1
0
13
6
37
0
7
3
0
0
12
18
28
2
13
4
1
14
0
14
20
325
9
11
66
27
5
19
0
0
0
0
0
8
0
17
0
13
0
1
0
8
0
0
17
25
9
7
27
22
8
22
20
10
0
4
0
12
0
0
0
6
0
3
14
0
7
37
8
0
2
0
20
30
7
11
11
34
0
0
0
10
17
17
0
0
35
0
4
12
45
11
4
0
12
14
0
11
3
8
6
14
3
0
0
26
10
10
12
0
11
0
8
3
0
0
0
8
39
17
15
2
9
0
21
17
7
31
2
31
16
41
0
7
8
14
12
21
3
3
2
14
7
18
1
13
271
74
11
0
0
0
6
21
19
6
0
0
4
26
9
20
4
9
12
0
14
5
7
0
31
23
22
15
8
0
7
1
12
2
5
0
0
1
10
3
0
0
0
24
24
0
5
21
5
7
0
13
18
22
0
0
15
9
0
0
17
0
0
18
4
4
0
3
14
0
5
0
15
9
13
44
31
0
0
14
0
0
16
5
14
3
1
6
1
0
8
0
0
0
6
0
9
11
0
2
0
12
0
7
8
1
5
0
0
0
9
5
8
9
4
0
0
7
4
9
10
11
21
0
2
3
0
0
13
29
0
0
0
20
0
0
1
1
8
7
2
0
3
3
8
4
0
3
2
2
8
0
4
8
0
6
0
1
1
2
2
9
0
0
11
1
1
0
1
10
15
0
0
1
4
0
0
4
6
2
5
13
37
12
0
0
0
2
0
0
0
6
1
8
1
0
0
2
1
0
0
0
2
0
0
13
2
4
1
0
2
2
6
6
0
0
8
4
4
2
0
0
4
2
0
0
0
2
0
0
0
7
0
0
7
0
0
0
8
0
0
0
0
4
0
1
2
0
0
2
0
9
0
0
0
0
1
3
0
1
0
0
10
1
0
8
5
0
0
0
0
6
5
1
5
0
0
7
0
0
3
1
6
2
0
0
1
18
0
0
0
0
1
0
5
2
0
3
0
4
3
5
0
3
5
1
0
3
5
0
0
1
0
4
0
2
0
3
0
1
5
5
10
0
2
7
1
3
0
1
11
21
17
3
0
0
0
0
0
1
4
7
0
7
0
1
0
5
7
0
0
9
7
0
3
1
4
0
0
2
0
4
0
0
7
3
0
0
1
0
4
3
0
0
4
0
2
0
1
0
0
0
0
1
2
1
1
0
6
4
0
0
0
1
0
0
2
1
5
8
12
2
2
5
0
0
0
0
3
0
5
0
3
1
0
0
0
2
0
2
0
1
0
3
34
20
4
0
0
0
0
0
0
0
0
1
0
9
0
0
2
0
2
0
0
5
0
3
3
0
3
7
4
0
0
1
2
2
0
0
0
5
0
0
1
5
0
0
0
0
3
1
6
11
16
6
6
6
0
0
0
0
0
0
0
4
1
0
1
3
0
0
0
0
2
0
5
0
0
2
0
0
3
3
0
0
0
0
0
0
5
0
3
2
3
1
0
5
0
0
1
0
0
1
0
0
0
1
4
0
0
2
0
6
0
6
0
0
2
0
0
0
0
2
1
0
1
0
0
0
0
0
4
0
1
0
3
0
1
2
0
3
0
2
2
0
0
1
0
0
2
6
0
4
0
5
1
0
1
0
0
0
6
0
0
1
0
0
0
0
1
0
0
0
0
2
0
0
0
4
0
1
1
0
0
0
0
0
3
3
1
7
0
0
0
4
5
0
0
3
0
0
0
0
0
1
2
0
0
0
1
2
0
1
2
5
0
2
3
0
1
0
0
1
2
0
1
0
0
1
1
0
0
0
1
0
0
0
0
0
0
0
3
0
0
0
0
2
0
0
0
1
0
1
2
0
3
0
4
0
0
0
1
0
0
0
0
2
2
0
0
0
2
0
4
1
3
0
0
1
0
4
2
0
0
1
1
2
4
13
6
1
1
0
2
0
0
0
1
1
0
2
0
1
0
0
1
3
0
0
4
0
0
0
1
0
0
0
0
0
0
0
0
5
0
0
0
0
0
2
0
0
0
0
4
1
0
0
0
4
2
3
0
0
7
2
0
6
0
0
0
0
0
2
0
0
0
0
0
0
0
0
0
2
0
2
1
0
0
1
0
0
1
3
1
0
0
0
0
1
1
0
1
2
0
0
0
1
0
0
2
0
0
0
0
0
2
1
1
1
0
1
0
3
0
0
0
0
1
2
0
0
0
0
1
1
0
0
0
4
4
3
0
0
0
1
0
1
0
0
0
0
1
0
6
0
0
4
3
0
0
0
1156
