../2_Decay/DataFilesGe/Decay/415167G2.TXTBackgroundRemoved 
0
0
0
0
0
0
0
0
0
0
0
0
0
0
4
12
0
16
9
28
1
0
0
14
0
6
31
12
1
9
15
0
12
0
3
0
200
30
4
30
5
0
5
16
9
0
5
7
2
22
1
8
12
17
5
0
11
6
17
0
16
12
25
7
11
0
0
11
12
20
0
0
12
3
1
0
0
13
21
0
35
1
15
31
0
9
0
0
43
1
21
22
3
0
2
5
7
6
28
31
0
14
0
4
4
0
24
0
8
10
11
22
1
11
2
12
16
13
1
17
10
12
37
10
2
25
0
26
35
4
15
2
10
13
21
0
18
7
12
6
5
0
24
23
2
0
29
0
24
0
0
5
5
17
20
9
0
25
4
25
23
188
44
0
0
0
11
0
13
3
15
6
7
8
30
0
19
11
0
1
12
13
0
20
6
42
14
15
10
1
17
10
0
9
42
30
6
10
8
5
0
2
5
12
16
19
0
6
38
9
7
0
2
7
0
6
7
10
0
1
0
16
0
9
4
1
4
13
8
0
5
0
7
0
5
0
23
49
0
0
4
0
4
11
14
11
4
8
6
5
0
0
14
5
4
14
16
8
0
15
11
4
0
9
4
3
14
5
1
7
3
9
2
7
3
9
11
0
0
0
14
7
10
20
2
8
10
8
10
12
6
0
2
2
11
0
0
2
5
0
0
12
0
0
0
1
1
0
2
5
8
10
0
3
0
12
0
0
7
7
1
10
1
0
0
2
0
0
1
4
18
11
1
0
0
3
3
6
0
0
15
11
7
55
1
0
0
0
4
2
0
0
0
0
4
5
0
1
1
0
0
2
0
5
2
3
9
0
0
2
0
5
0
13
5
0
0
6
2
3
3
3
7
6
6
0
0
0
6
1
11
6
5
0
0
0
0
0
0
4
0
3
0
10
9
0
0
6
0
0
3
0
3
5
6
2
6
2
0
1
0
6
0
0
0
0
0
0
1
0
0
0
7
0
0
0
8
0
0
0
0
0
4
0
0
0
0
9
9
0
0
0
3
6
0
1
3
0
16
0
0
0
4
0
3
0
4
0
0
0
3
3
1
1
1
2
0
1
0
0
2
0
1
2
6
0
1
0
0
0
0
10
8
2
12
0
0
0
0
0
0
0
0
0
0
1
3
0
0
3
0
0
1
3
1
3
0
2
0
0
0
4
4
5
0
0
7
3
4
1
0
0
1
1
0
0
2
1
1
0
3
3
1
0
0
2
0
0
0
3
3
3
3
0
0
0
4
0
0
3
5
19
6
0
0
0
0
4
5
0
0
8
0
3
3
0
0
1
0
2
0
0
0
2
1
25
30
8
0
0
0
0
0
0
0
0
3
0
1
0
0
0
1
2
0
2
0
1
4
0
7
0
6
0
0
3
2
0
3
0
6
0
0
0
0
6
0
3
0
2
0
4
0
3
11
17
0
0
2
0
0
0
5
5
0
0
0
0
0
0
3
5
1
0
0
4
0
0
0
0
3
0
3
3
0
3
0
2
7
0
0
3
0
6
4
1
0
0
0
0
0
0
0
0
0
0
0
0
0
4
0
0
2
0
5
0
0
10
0
1
0
5
0
1
0
0
0
0
1
1
0
0
0
0
0
0
1
0
3
1
0
0
0
0
1
1
0
1
0
0
4
1
4
0
0
1
4
0
0
0
2
0
0
0
0
0
1
1
0
1
2
1
0
0
0
0
1
0
1
0
0
0
7
1
1
0
0
0
0
0
0
6
4
0
0
0
3
0
0
1
1
0
0
0
0
0
1
3
3
7
2
1
4
0
1
0
0
0
0
0
2
0
0
0
0
0
0
4
1
0
6
0
0
0
0
0
0
0
0
2
0
5
0
2
1
0
0
0
3
0
0
4
1
1
0
0
0
0
0
1
1
0
3
1
0
0
0
0
0
1
0
0
0
0
3
0
0
0
3
0
1
0
0
1
0
0
2
2
0
6
17
7
0
0
0
0
0
0
0
1
0
0
3
0
3
0
0
0
0
0
0
2
0
4
0
2
2
0
3
0
0
0
2
0
1
0
2
3
0
0
0
0
0
1
0
0
2
0
4
3
0
8
2
0
5
9
3
3
0
0
2
0
0
0
0
0
0
2
1
0
2
2
0
0
0
2
0
2
0
1
1
0
5
0
1
0
0
0
0
0
2
0
1
3
3
0
0
0
0
0
0
0
0
0
1
3
2
0
2
0
0
0
0
0
1
0
0
0
0
1
0
0
1
0
3
0
2
0
0
4
0
4
0
1
0
0
2
0
0
0
4
1
3
1
0
0
0
0
3
1
0
1
59
1036
