../2_Decay/DataFilesGe/Decay/415172G2.TXTBackgroundRemoved 
0
0
0
0
0
0
0
0
0
0
1
0
0
0
3
19
0
6
18
17
21
0
1
1
10
14
8
0
12
0
17
0
14
0
0
21
166
16
4
19
1
38
14
0
8
0
4
5
9
12
4
3
0
6
13
0
10
6
1
0
10
14
23
6
0
5
10
0
5
20
0
0
0
3
0
11
0
0
19
0
20
14
26
0
0
7
44
30
20
0
29
17
10
19
0
13
35
0
16
0
0
9
10
45
0
34
4
15
6
41
0
11
0
6
0
10
0
14
7
2
14
11
17
0
0
12
0
12
22
0
24
4
1
12
8
22
21
3
0
26
0
5
16
5
29
4
17
0
30
0
0
7
0
0
7
0
0
6
19
8
7
121
22
1
0
15
14
0
6
0
3
32
5
21
26
25
22
27
13
7
14
13
0
15
0
9
10
25
7
20
1
0
23
18
23
5
0
8
0
1
15
9
2
0
10
12
0
1
14
3
3
9
5
16
3
0
0
0
14
7
4
14
6
3
15
7
0
0
13
13
0
16
0
7
6
17
36
18
0
3
15
0
1
4
13
9
0
0
8
4
0
20
4
14
2
3
0
1
5
4
2
25
0
0
3
11
19
0
3
5
0
1
1
1
0
5
0
2
8
1
0
2
1
3
0
13
3
0
0
7
22
0
0
3
13
0
0
0
3
0
0
0
3
18
1
0
8
1
4
9
0
0
0
0
0
5
4
2
5
0
0
0
3
0
0
3
1
0
0
9
19
0
0
0
0
0
0
0
4
11
0
0
8
31
4
0
0
0
0
1
10
0
4
4
6
6
0
5
0
2
0
0
2
5
3
3
1
0
4
0
2
8
3
0
4
0
0
4
1
3
1
0
7
1
0
0
6
2
4
5
0
4
3
2
0
9
3
0
4
6
0
0
3
0
5
0
1
2
6
0
3
11
2
0
1
0
10
4
3
0
0
2
1
1
4
8
0
0
0
0
0
5
0
7
0
5
0
6
0
1
0
2
2
0
4
0
2
2
6
0
0
0
3
4
1
11
0
0
0
0
1
4
4
6
1
3
0
1
2
1
0
9
6
0
0
0
3
1
4
0
3
6
0
1
0
0
3
0
4
4
3
5
6
12
5
6
0
0
0
0
3
0
7
0
0
1
4
1
2
4
1
1
11
2
0
4
3
5
0
0
3
5
1
2
0
2
0
1
0
0
0
3
6
0
0
0
0
4
1
9
1
0
0
0
0
0
1
0
0
0
0
0
2
0
2
1
0
1
0
4
8
16
3
0
0
0
0
0
3
0
0
0
0
2
0
0
3
0
0
5
0
2
0
0
1
32
26
2
0
0
0
0
0
4
2
1
1
0
1
0
0
0
0
2
0
0
2
0
1
2
2
0
0
0
0
0
0
0
0
0
0
0
0
1
0
0
0
1
2
0
0
2
0
1
11
14
4
2
0
0
0
0
0
0
0
1
1
0
0
2
0
1
0
1
0
0
1
3
0
0
3
1
0
5
0
4
0
2
2
0
2
4
0
0
0
1
0
0
0
0
0
0
6
0
0
0
0
0
2
0
9
0
5
0
3
0
7
1
5
1
1
0
0
1
0
5
0
0
0
0
0
1
0
0
0
0
0
1
6
9
0
3
0
0
0
0
0
0
0
2
0
1
3
0
0
0
2
0
0
4
1
0
0
0
0
3
0
0
0
0
0
0
1
1
0
0
0
1
1
1
0
2
3
0
0
2
0
6
0
0
0
0
1
4
3
1
2
0
0
0
2
0
0
0
2
0
4
1
0
1
0
0
2
4
0
0
1
5
0
0
0
1
2
2
0
5
0
0
1
0
0
0
0
0
0
0
1
2
0
0
2
2
0
0
0
1
0
0
0
0
0
5
0
1
0
0
0
0
2
3
0
0
0
0
3
1
0
1
0
1
2
2
0
2
0
1
0
0
2
0
3
0
0
0
0
0
0
3
0
6
11
10
2
0
0
0
0
0
0
0
0
1
0
0
0
0
1
1
0
1
3
2
0
6
0
0
0
2
0
2
0
2
3
0
1
0
0
0
4
0
3
0
0
4
0
2
0
0
0
4
2
3
3
1
2
3
1
0
0
0
0
0
0
0
0
0
1
1
0
0
0
4
0
0
1
0
2
2
1
1
1
2
0
5
0
1
0
2
0
0
1
0
0
1
1
0
0
0
0
0
1
2
0
0
2
0
0
2
1
1
0
0
0
0
0
0
1
0
0
4
1
0
1
0
0
0
2
0
0
3
3
2
0
0
0
0
0
0
2
0
1
0
0
0
0
1
0
0
2
0
0
0
126
944
