../2_Decay/DataFilesGe/Decay/415180G2.TXTBackgroundRemoved 
0
0
0
0
0
0
0
0
0
0
0
0
0
0
50
2535
845
179
67
41
37
4
21
6
0
20
8
0
6
7
12
4
18
0
2
13
122
13
14
22
28
18
7
3
3
14
0
25
7
6
22
8
21
0
18
0
4
18
0
3
12
16
14
17
29
6
4
0
6
10
11
6
0
0
0
4
0
20
0
3
21
6
5
0
15
0
22
23
19
24
42
15
31
24
25
0
22
17
5
1
0
19
0
19
0
27
29
15
11
18
9
4
14
0
0
0
0
18
2
16
0
10
24
12
15
3
0
5
30
0
6
14
11
11
9
42
2
0
21
0
11
0
18
27
15
17
25
16
0
48
9
0
13
0
20
4
12
0
30
17
21
104
13
0
3
21
19
13
5
26
4
29
2
33
16
21
6
25
0
0
22
0
0
13
27
15
23
31
0
10
10
7
0
14
30
0
0
7
0
22
0
20
0
11
13
15
15
0
18
0
32
0
0
8
0
0
0
0
16
0
0
16
1
23
17
0
0
13
7
2
10
16
13
14
9
20
50
16
0
0
14
0
7
5
11
17
0
1
2
1
11
16
8
1
7
13
0
0
3
2
0
13
0
3
0
7
14
4
2
3
5
16
0
3
1
0
0
1
8
5
4
5
13
6
7
13
1
4
14
11
34
5
0
8
0
2
0
3
0
0
0
4
0
4
4
0
0
0
3
8
0
11
0
5
5
1
0
0
9
2
10
0
0
1
0
4
0
0
0
3
14
12
0
1
0
2
0
0
0
12
0
2
9
36
5
0
0
0
7
6
7
9
0
1
8
7
2
9
0
5
0
7
0
7
7
0
6
3
0
5
1
4
5
8
0
1
1
0
0
0
0
0
3
6
0
5
6
0
9
0
1
6
2
0
0
0
0
0
4
6
0
2
0
5
3
0
0
1
0
0
5
0
11
8
5
3
1
10
0
3
7
0
9
3
6
9
6
5
0
0
0
2
0
0
0
9
2
5
1
0
2
0
0
0
3
3
8
0
5
3
0
0
3
0
9
9
6
1
5
1
5
1
0
0
5
4
0
0
0
0
0
1
0
2
4
0
0
0
0
2
5
1
0
4
5
0
4
1
6
0
6
5
11
21
6
13
0
0
0
0
0
0
0
0
7
1
8
4
0
0
0
1
7
0
10
0
3
0
0
0
4
2
0
8
0
0
3
0
2
2
0
3
3
6
1
0
0
5
0
0
0
4
0
0
0
1
0
0
0
0
0
2
2
1
0
3
0
2
3
5
8
27
4
4
0
0
0
0
6
5
0
3
0
0
0
2
0
1
0
0
0
0
2
4
5
32
30
1
0
0
0
0
0
0
0
1
3
0
0
1
3
4
2
0
0
0
7
4
3
4
3
0
4
0
0
4
0
0
2
3
1
0
0
2
2
0
1
4
3
1
0
0
0
5
7
17
6
3
0
0
0
0
0
0
1
0
1
0
1
5
0
5
0
5
0
0
7
3
0
3
1
0
0
2
2
0
0
2
1
0
0
5
0
6
0
0
1
0
2
0
1
0
4
0
0
0
0
0
0
0
1
0
0
0
2
0
0
4
4
2
0
0
0
2
2
0
0
2
0
0
0
2
0
0
0
2
0
5
0
4
2
0
0
0
4
5
4
0
0
0
0
1
5
2
3
8
7
1
0
5
1
2
0
5
0
0
0
1
3
0
0
2
0
2
0
0
2
3
0
0
0
1
3
0
2
1
0
0
0
0
2
0
0
3
0
0
1
4
0
3
0
0
1
0
0
4
1
1
3
0
0
1
0
2
2
5
1
0
0
0
2
1
3
0
3
1
0
0
1
0
0
0
2
0
0
0
0
1
1
0
0
2
0
2
0
3
0
0
0
0
0
3
3
0
2
2
0
2
0
3
1
2
3
0
0
1
4
0
4
2
0
0
0
3
0
0
2
0
0
0
2
3
0
1
1
0
5
1
3
5
12
5
0
0
0
0
0
0
0
0
0
1
1
0
8
0
1
0
2
2
2
0
0
0
1
0
0
0
0
0
0
3
1
0
0
4
0
3
2
0
0
1
0
2
0
0
2
0
0
0
4
2
0
2
0
4
2
0
0
0
0
0
0
0
0
0
0
0
3
0
0
2
0
0
2
0
0
1
3
2
0
0
0
0
0
2
0
0
0
0
0
1
0
0
0
0
2
0
3
0
0
3
4
0
0
0
1
0
0
0
0
0
0
0
0
0
3
0
0
0
2
0
0
0
0
1
0
0
0
1
4
3
0
0
0
0
4
0
2
0
0
0
0
0
1
1
0
0
2
3
0
0
1
1162
