../2_Decay/DataFilesGe/Decay/415150G2.TXTBackgroundRemoved 
0
0
0
0
0
0
0
0
0
0
0
0
0
0
0
48
0
23
32
18
22
26
0
8
0
6
5
41
0
48
16
0
13
6
15
25
487
133
4
77
80
14
18
5
0
9
0
0
9
0
10
16
15
2
0
0
0
0
9
5
6
24
13
8
5
2
16
0
0
5
0
9
23
0
0
16
0
2
0
0
0
29
0
0
0
0
19
0
2
3
0
1
0
18
19
5
41
0
22
0
9
3
0
13
8
0
14
22
0
0
0
0
15
24
0
15
1
0
12
18
59
0
56
25
24
3
0
14
27
0
7
32
13
30
0
9
23
29
11
31
0
21
34
19
7
2
12
6
20
0
39
16
35
0
24
14
0
19
13
10
28
0
302
370
0
9
8
0
0
0
12
19
17
17
11
39
12
7
6
5
0
1
7
19
6
0
46
18
0
21
17
23
4
8
16
6
1
13
5
9
4
17
0
0
9
17
0
1
22
5
11
2
6
15
12
0
2
10
11
3
0
9
17
13
7
11
0
9
0
1
0
0
13
0
0
9
10
1
14
15
13
0
4
12
22
7
0
4
5
7
4
4
7
14
4
16
7
8
13
8
3
6
0
0
0
0
0
4
6
8
0
12
0
13
9
4
4
5
9
0
7
7
1
11
3
15
3
0
11
11
1
0
5
10
13
0
2
1
5
6
0
8
0
0
5
0
0
0
5
1
15
3
6
15
0
7
0
1
6
17
0
0
0
10
8
7
0
13
4
0
13
2
0
7
4
1
0
9
0
1
0
0
6
0
0
0
20
10
0
0
7
0
0
1
6
0
0
0
3
0
0
6
2
6
0
4
10
6
2
0
1
5
0
6
8
0
3
5
8
0
0
6
10
0
3
0
5
2
7
4
0
2
5
7
6
1
1
2
1
4
0
12
3
0
0
0
3
0
0
0
5
0
1
3
0
2
3
9
0
1
1
0
6
5
0
0
1
0
0
3
9
0
1
0
5
0
0
2
2
0
0
9
2
0
0
0
0
8
7
3
0
1
4
0
4
2
0
0
2
0
0
6
11
2
5
0
1
2
2
0
0
0
2
0
1
0
0
0
0
0
4
2
3
0
2
0
3
2
3
4
3
0
1
6
0
4
12
14
11
2
6
0
0
0
6
3
2
5
2
5
0
0
4
12
4
0
0
0
0
0
2
0
2
2
1
0
1
0
0
0
0
0
4
3
0
1
3
5
1
4
0
4
0
0
1
9
2
1
1
0
3
1
4
3
0
2
0
0
2
0
1
4
0
1
5
0
6
5
2
0
0
0
4
3
1
0
0
0
0
0
3
0
0
0
0
0
1
0
3
4
1
9
0
0
0
0
2
0
0
0
5
1
0
0
0
0
0
0
4
0
0
0
0
0
0
0
0
2
2
0
10
5
1
6
0
0
2
0
0
1
0
0
0
0
0
0
0
0
0
5
0
4
3
0
0
0
2
2
0
3
0
0
1
0
0
1
0
0
0
0
5
0
3
0
0
1
0
0
4
0
0
0
0
3
0
0
3
0
1
0
0
0
0
0
0
0
0
0
0
0
1
3
4
1
3
0
1
4
3
3
3
3
1
7
0
3
4
4
0
1
3
6
0
2
0
5
0
0
3
1
1
0
0
0
0
1
4
0
2
1
0
3
4
0
0
1
6
3
0
2
1
3
0
0
0
0
2
0
0
1
0
0
0
3
0
0
3
3
6
0
0
0
1
1
1
0
0
2
3
3
2
0
0
0
0
1
0
5
0
2
4
2
0
0
0
0
0
4
1
0
0
0
1
0
0
0
3
0
1
0
3
0
1
0
0
4
0
1
0
0
2
0
0
3
0
0
0
0
0
2
0
0
0
0
1
4
0
0
6
0
2
0
0
2
1
0
2
3
2
4
0
0
4
0
0
1
0
0
2
0
0
0
0
0
2
0
0
1
2
0
0
0
4
0
0
0
1
0
0
0
2
0
0
2
0
2
0
1
1
0
2
0
0
2
2
0
2
2
0
0
0
0
0
0
0
0
1
0
1
0
0
0
3
1
0
1
0
1
0
2
4
1
0
0
0
0
0
0
0
0
0
0
2
0
0
0
0
0
0
1
2
0
4
0
2
0
0
0
1
0
0
0
0
0
0
2
1
0
0
0
0
0
0
0
0
0
0
0
0
2
1
0
1
0
0
0
0
0
2
0
0
0
0
0
0
1
0
0
1
0
0
0
0
0
0
2
0
4
0
0
0
0
4
0
0
0
1
0
0
0
0
1
0
0
1
0
1
1
1
0
0
0
4
0
0
0
1
0
1
0
0
0
0
1319
