../2_Decay/DataFilesGe/Decay/415124G2.TXTBackgroundRemoved 
0
0
0
0
0
0
0
0
0
0
0
0
0
2
1
36
25
25
24
39
40
24
6
22
32
24
70
180
29
38
37
9
7
17
22
65
2272
498
31
371
308
9
19
0
0
14
3
5
16
11
21
37
11
19
8
15
10
7
12
19
47
5
5
18
39
15
5
1
0
18
7
0
33
3
0
6
11
3
18
0
0
31
3
0
0
0
0
0
10
1
0
1
21
19
9
2
8
5
26
0
25
28
0
10
19
2
16
24
1
28
0
13
19
6
27
12
0
19
14
16
9
27
0
15
15
1
12
4
41
29
5
15
30
9
18
16
19
6
3
30
0
27
39
8
9
25
14
15
5
0
1
0
17
0
3
14
42
24
19
5
15
19
1580
1334
11
14
29
14
12
0
1
4
4
21
17
10
13
18
2
22
16
6
0
22
0
16
176
52
38
45
26
12
4
7
21
3
10
8
6
4
0
0
14
1
13
14
5
7
13
0
7
0
8
7
15
2
1
8
14
11
0
0
0
9
7
2
0
18
6
2
0
14
10
7
2
2
18
0
20
5
0
2
7
2
0
11
0
0
0
0
9
31
1
0
1
4
0
5
0
3
5
5
3
5
9
4
5
7
12
6
1
13
0
9
8
6
0
4
0
16
10
14
17
4
5
2
0
0
7
2
2
5
11
0
0
0
0
0
2
0
11
0
1
8
0
15
0
0
0
0
8
7
2
4
0
7
1
6
0
5
1
0
0
0
0
0
0
5
0
6
4
9
4
1
5
2
7
0
6
3
3
0
4
7
0
8
16
5
6
0
5
0
2
0
11
0
0
2
5
0
0
6
7
5
2
0
3
3
0
1
4
2
0
0
2
0
0
11
0
5
0
0
9
1
13
0
1
2
0
0
3
2
3
0
0
12
4
0
0
0
5
3
0
5
7
0
9
2
1
0
1
1
11
0
0
0
1
6
5
5
0
3
0
2
0
6
3
0
4
4
3
1
6
3
3
2
1
2
0
4
1
6
1
0
0
0
0
3
8
8
0
1
0
4
0
7
6
0
4
4
0
1
0
4
5
5
0
6
0
7
11
2
8
0
0
0
0
0
0
0
1
0
2
0
4
4
0
2
1
0
2
3
0
0
3
11
17
27
5
0
0
0
2
1
5
0
4
0
3
2
0
7
0
0
4
0
1
0
4
2
5
0
0
0
5
0
0
3
0
0
0
3
0
0
0
0
0
1
0
3
0
6
0
0
5
0
0
0
1
1
0
1
5
3
0
1
0
5
0
3
3
0
2
8
1
4
3
4
0
0
2
1
0
0
0
0
5
0
0
0
0
0
0
0
0
1
1
0
4
0
8
6
3
0
0
1
0
4
1
7
1
0
0
1
0
0
0
0
0
3
1
0
5
3
2
0
7
0
0
1
0
1
0
0
0
0
0
0
3
4
0
1
0
0
2
0
0
0
6
6
5
2
0
2
0
0
2
0
0
0
0
2
0
0
0
0
0
2
0
2
0
7
0
5
6
0
2
1
2
0
0
4
0
0
0
1
5
0
6
1
0
0
0
0
0
3
0
0
1
0
3
0
3
0
1
0
0
0
0
2
2
2
3
4
0
4
1
0
6
2
4
1
0
0
0
0
0
4
0
4
0
0
0
0
0
2
0
3
3
0
2
1
0
3
0
0
6
2
3
3
1
0
0
0
0
1
0
4
0
0
0
2
0
1
0
0
1
1
1
4
1
0
3
4
0
1
0
2
0
0
4
0
0
0
1
0
3
0
0
3
0
3
5
0
0
3
2
4
3
0
0
0
5
3
1
2
1
0
0
0
0
2
0
4
0
1
2
0
2
0
0
0
0
1
0
0
0
3
0
0
5
1
0
0
2
1
0
0
0
0
2
1
2
3
3
0
0
0
0
4
1
0
2
0
0
0
2
0
1
1
2
0
0
0
1
1
0
2
0
0
0
0
0
2
5
0
1
3
0
2
1
0
0
0
0
2
0
0
0
0
0
0
0
1
3
0
2
0
1
0
0
0
2
3
0
2
0
1
2
0
0
3
3
1
2
4
0
0
1
0
1
0
0
0
5
0
2
0
0
0
0
1
0
2
0
0
0
0
0
0
0
0
0
3
3
0
0
0
0
1
0
0
0
0
3
0
1
0
0
1
2
3
1
1
0
0
0
2
1
0
0
0
1
2
2
0
1
0
0
0
2
8
1
0
0
2
3
0
0
2
2
0
0
0
1
2
0
0
0
0
0
0
0
0
2
0
0
0
0
0
0
0
0
0
0
0
0
1
0
0
0
2
2
0
0
0
0
3
1
0
0
0
1
0
