../2_Decay/DataFilesGe/Decay/415120G2.TXTBackgroundRemoved 
0
0
0
0
0
0
0
0
0
0
0
0
0
0
0
3
15
22
29
16
19
38
11
15
25
23
67
193
18
22
63
14
21
5
59
75
2974
625
19
469
371
22
21
2
5
18
8
0
18
4
14
25
8
1
18
1
19
0
17
38
37
10
18
31
10
7
26
20
27
14
9
12
29
0
7
18
0
1
0
0
0
31
0
0
0
0
0
0
21
0
0
0
0
11
11
0
0
11
0
0
0
0
0
20
0
8
0
28
6
0
0
28
4
7
28
0
9
9
12
11
14
35
28
19
5
1
0
14
42
14
0
0
18
9
18
17
10
6
13
7
9
0
32
0
37
5
32
14
19
15
6
3
10
0
18
0
0
0
0
15
3
17
1976
1540
5
5
0
11
2
1
0
1
3
19
27
6
16
27
0
11
1
17
0
10
0
10
245
46
0
53
41
0
0
4
12
0
0
28
12
13
0
8
0
1
20
16
0
3
25
16
13
0
4
11
2
13
0
0
0
7
1
2
0
0
13
2
13
0
15
2
0
7
4
16
3
9
0
8
14
0
4
8
0
7
4
4
0
0
5
3
5
5
0
20
0
0
6
0
16
8
1
8
7
0
0
0
0
2
0
1
0
3
0
0
6
0
0
0
2
4
13
7
2
11
1
21
5
5
3
15
5
5
18
13
2
0
1
9
0
0
0
3
1
1
8
1
3
3
4
8
0
8
0
5
6
10
12
0
3
8
0
0
3
2
2
8
0
3
0
2
3
0
0
10
5
5
5
9
5
4
5
1
6
2
8
20
10
0
6
0
0
0
8
0
3
0
0
7
6
5
0
5
3
0
4
0
0
0
4
0
0
0
0
0
2
0
0
8
3
5
0
0
2
0
0
1
0
0
0
0
4
0
5
0
2
0
0
0
3
6
0
0
3
0
2
0
1
7
0
0
6
4
6
3
0
1
0
2
3
0
0
0
0
2
0
0
0
0
0
0
0
0
0
0
0
3
0
1
12
4
2
2
0
0
0
0
1
2
7
0
2
6
0
0
0
3
0
0
3
0
0
1
0
1
0
9
0
0
0
0
0
0
3
0
1
0
1
0
0
0
0
6
0
0
3
0
0
0
0
0
0
4
0
1
1
20
16
34
21
0
1
0
0
0
2
0
4
0
0
0
6
6
1
0
0
0
1
1
5
0
1
0
2
3
0
1
0
2
0
3
0
1
3
0
0
0
0
0
0
8
0
0
0
6
0
0
0
0
0
0
0
2
10
1
0
3
1
0
4
0
0
0
1
5
4
0
0
5
2
1
2
6
4
0
0
3
0
0
2
1
2
0
0
0
0
2
2
0
5
12
8
0
3
5
0
0
0
0
1
0
0
0
0
2
0
0
1
3
3
3
0
1
0
0
0
1
2
5
0
0
2
0
1
0
6
0
3
0
0
0
2
3
0
0
11
3
0
3
3
0
0
0
0
0
0
3
0
0
0
0
1
0
0
0
1
2
1
0
0
3
0
0
0
4
3
1
0
0
0
0
0
1
0
4
4
0
6
2
0
0
0
0
1
0
0
0
0
0
0
0
0
2
2
0
0
1
0
2
1
0
2
2
2
3
0
0
1
2
2
0
0
0
2
5
0
2
4
5
0
0
0
0
0
1
1
2
1
2
0
4
0
2
3
0
0
0
2
0
0
0
0
0
0
11
0
2
2
0
0
0
0
0
0
1
2
0
1
4
0
2
2
5
2
3
0
0
0
0
0
2
3
0
1
3
1
3
3
0
0
0
4
0
1
0
0
0
0
1
0
0
0
0
0
0
0
0
0
1
2
2
0
1
1
0
0
0
0
0
0
0
0
0
0
0
0
0
1
0
0
1
0
3
0
3
0
1
3
0
6
4
1
2
2
2
0
1
1
1
0
0
0
0
0
0
0
0
2
1
0
0
3
1
0
3
0
1
0
0
0
0
0
2
0
0
1
0
2
3
0
0
0
2
0
0
1
2
0
0
0
3
0
0
0
6
0
1
0
6
0
0
2
1
0
1
0
0
0
0
1
0
1
1
0
0
2
1
3
0
3
0
0
0
0
0
0
0
0
0
1
0
1
0
0
0
0
1
0
0
0
0
0
0
0
1
0
3
0
3
1
0
0
0
0
2
0
0
2
0
3
1
0
3
0
0
0
0
0
0
1
0
0
0
0
4
0
0
0
0
1
1
0
0
0
0
1
0
0
0
4
0
0
0
0
1
0
0
2
0
0
0
1
0
0
0
0
0
0
5
0
0
0
3
1
2
0
4
0
0
2
0
0
0
2
0
0
0
0
0
0
0
0
0
0
0
