../2_Decay/DataFilesGe/Decay/415138G2.TXTBackgroundRemoved 
0
0
0
0
0
0
0
0
0
0
0
0
1
1
0
26
1
4
38
9
7
12
6
3
13
6
9
77
0
22
14
1
16
0
14
39
1005
243
32
153
157
13
12
0
0
16
2
5
0
10
8
2
12
0
36
0
15
0
3
0
24
9
0
24
10
0
11
10
0
12
0
5
31
0
0
1
8
28
0
0
7
0
0
0
5
0
3
12
5
0
1
0
18
0
7
0
17
0
0
0
3
10
8
13
8
3
16
6
27
0
0
0
0
19
0
15
0
17
0
33
30
6
22
23
16
7
7
18
32
0
0
7
6
6
36
5
9
12
13
27
9
1
16
14
25
31
14
0
23
0
15
7
30
0
13
3
7
3
8
0
5
0
569
624
1
9
10
0
0
25
0
8
11
45
9
21
0
22
8
1
0
9
0
14
0
1
75
27
6
25
23
11
0
23
22
13
12
0
16
18
15
0
10
0
18
0
0
11
30
1
8
9
9
2
1
4
0
0
13
14
0
16
0
6
5
0
0
0
9
3
4
13
9
0
5
29
17
6
14
23
19
0
3
0
19
5
0
0
0
0
2
7
6
5
3
1
0
10
6
0
6
14
0
6
9
1
11
2
0
17
1
2
0
9
5
14
4
0
7
2
12
17
8
6
7
5
0
0
6
0
0
4
2
1
10
0
0
2
1
7
2
5
0
6
8
10
1
0
7
6
0
3
0
16
1
2
0
5
2
9
5
3
2
10
5
0
5
0
0
0
4
14
2
0
3
2
0
2
0
9
0
0
7
0
3
0
7
0
0
1
11
4
5
3
12
4
2
4
13
0
0
9
0
8
1
5
10
0
0
4
5
8
0
8
7
0
0
2
0
1
11
1
6
0
0
0
5
0
0
0
0
8
4
0
0
6
0
0
5
9
0
0
4
0
7
0
3
10
0
0
3
0
5
10
0
7
5
5
1
0
0
6
3
7
0
0
0
1
0
5
0
0
1
2
0
0
0
2
0
0
0
7
10
6
0
2
0
2
4
10
7
0
0
0
1
3
0
0
9
5
6
0
3
0
4
2
0
5
0
5
3
5
0
0
0
0
2
0
0
0
2
0
2
0
5
0
3
0
0
0
0
7
4
0
4
1
8
15
5
0
6
0
6
9
0
0
1
0
2
0
0
1
5
2
0
0
6
3
0
0
2
6
1
0
0
0
1
0
0
0
0
2
0
7
0
0
0
8
1
0
0
4
0
0
0
0
0
0
0
1
0
0
0
0
0
2
0
2
3
3
0
1
0
2
5
8
0
4
2
2
0
7
0
0
1
0
0
3
2
0
3
0
0
0
3
0
1
0
0
2
0
3
0
1
0
0
0
3
0
0
1
4
1
1
0
0
1
2
2
1
3
2
0
0
0
0
0
2
2
0
2
0
5
0
0
1
0
2
0
3
0
6
3
1
9
1
0
0
3
0
0
0
0
1
0
0
2
1
0
0
0
4
0
0
0
0
0
3
1
0
1
0
0
1
0
0
0
0
6
2
0
5
0
1
0
1
3
0
1
0
0
0
0
0
0
0
0
0
2
3
0
0
1
0
1
0
3
0
1
4
0
0
3
1
0
6
0
2
0
1
0
0
2
0
1
0
1
0
0
3
4
0
0
1
5
4
0
1
0
4
1
5
0
0
0
0
8
0
0
0
3
0
0
1
1
0
4
3
0
0
0
0
0
0
2
0
6
0
3
1
6
0
0
2
1
0
0
2
0
0
0
2
2
2
5
0
4
0
0
2
0
1
2
0
0
2
0
2
0
4
3
0
0
1
0
2
0
0
0
0
0
1
2
0
0
2
2
1
1
1
3
5
0
0
0
0
0
2
0
1
2
0
0
0
0
5
0
0
0
0
5
0
2
1
2
0
3
4
0
0
1
0
0
2
6
0
0
1
0
2
1
0
2
0
2
2
0
0
0
0
1
0
0
2
1
0
0
0
2
4
0
0
0
2
0
2
1
0
1
0
1
0
0
0
0
0
1
0
0
4
1
0
0
0
0
6
0
0
0
2
0
0
0
0
3
1
0
1
0
0
1
0
0
0
0
0
0
0
0
0
0
2
0
0
7
1
0
0
4
1
0
0
0
0
0
0
0
0
0
1
0
2
0
0
0
2
0
0
2
0
0
0
1
4
0
0
0
1
0
0
2
1
0
3
2
0
1
0
0
0
0
4
0
0
0
0
0
0
0
0
4
0
2
0
2
0
0
0
0
3
4
0
0
0
4
0
2
0
0
0
4
3
3
0
0
0
0
2
0
0
2
0
0
4
0
1
3
1
0
3
0
0
1
1126
