../2_Decay/DataFilesGe/Decay/415141G2.TXTBackgroundRemoved 
0
0
0
0
0
0
0
0
0
0
0
0
0
0
0
36
5
8
12
14
15
17
19
1
10
9
23
80
13
25
25
0
2
6
16
21
877
212
29
145
107
10
15
5
15
15
4
8
0
0
4
2
16
11
18
0
8
4
2
2
21
8
17
5
21
5
11
23
5
0
0
0
42
0
0
5
10
9
2
3
0
0
2
0
0
0
0
22
9
0
0
2
13
0
25
0
0
12
0
2
11
6
0
18
0
8
13
7
0
20
11
0
1
10
0
0
0
10
7
7
24
0
8
55
0
19
0
0
17
7
8
22
4
48
11
32
24
24
14
21
27
16
11
20
14
0
32
1
17
0
16
10
19
8
13
8
14
0
17
4
11
7
488
559
0
0
6
13
16
11
8
32
24
14
23
2
14
8
18
12
10
1
13
17
6
6
83
38
2
43
13
23
7
17
17
7
15
7
0
12
0
0
2
0
12
9
0
2
28
0
27
0
0
12
8
0
0
0
9
0
0
10
7
8
10
1
7
3
0
0
0
13
9
20
12
30
13
0
9
16
10
8
16
19
10
21
0
6
18
9
14
17
14
11
0
0
0
12
3
13
0
3
11
10
2
0
4
3
4
0
9
14
17
8
8
2
0
0
0
12
8
7
14
4
9
7
0
1
10
8
1
3
7
3
0
3
1
2
0
8
1
15
5
1
0
0
8
0
14
4
9
12
0
5
0
7
0
0
4
20
0
3
3
0
2
11
3
8
17
8
2
2
9
8
0
3
0
5
3
3
0
7
3
3
4
2
10
0
10
2
0
0
5
1
6
0
0
10
2
0
0
5
2
0
5
4
7
1
0
3
6
8
5
6
0
0
0
15
0
0
0
0
5
0
6
0
0
4
3
0
0
0
11
0
0
3
1
0
3
6
1
0
0
8
9
0
6
7
0
0
2
5
4
0
0
3
5
6
8
4
2
4
2
6
0
7
0
0
0
0
0
0
0
0
2
3
9
14
2
3
5
0
0
0
3
0
0
0
16
4
0
0
0
1
2
1
2
0
4
5
0
2
0
0
0
0
0
0
0
7
0
0
12
1
0
0
0
3
0
0
1
0
0
0
12
0
3
4
2
0
0
0
1
0
5
4
16
15
9
0
7
0
0
0
2
0
3
0
0
4
1
5
4
6
1
4
7
0
0
2
7
2
0
3
0
0
4
0
0
4
0
3
4
1
0
1
1
3
3
0
0
0
4
0
0
0
2
0
0
0
0
0
0
0
0
3
0
2
0
2
0
0
0
1
2
0
4
10
1
8
0
0
0
0
3
0
0
2
0
0
1
0
0
0
0
2
5
5
7
7
2
18
1
0
4
2
0
0
0
0
0
0
0
1
0
0
2
3
2
0
0
2
0
0
0
2
0
0
2
0
4
0
0
1
2
1
0
0
0
0
0
1
2
0
5
0
0
1
1
0
8
2
0
0
2
0
5
4
0
1
0
5
0
1
0
0
2
4
0
0
0
0
2
1
4
1
0
0
5
0
0
0
0
3
4
3
3
0
3
0
0
2
4
0
0
0
1
0
1
0
0
0
5
0
1
5
2
0
0
2
4
1
2
4
0
0
0
2
0
0
0
0
0
3
2
3
0
0
6
3
0
0
0
1
2
1
0
3
0
0
0
4
0
0
0
2
5
0
0
0
1
3
0
1
0
0
0
0
0
1
0
0
1
1
0
0
1
0
1
3
3
0
3
4
0
1
0
0
0
0
1
3
0
5
2
2
1
3
1
0
0
0
1
2
0
1
0
0
1
0
0
0
1
0
0
3
0
0
1
1
0
0
2
0
0
3
3
0
0
0
1
1
0
0
0
0
0
0
0
0
0
0
0
1
2
0
1
0
4
0
2
3
1
5
0
2
2
2
2
0
0
0
6
0
1
0
0
2
0
0
0
0
2
0
0
0
0
0
1
0
0
0
0
0
0
0
0
0
0
0
2
0
0
1
2
1
0
0
0
0
1
0
0
0
0
0
1
2
0
2
2
2
0
1
3
2
0
0
3
0
2
0
0
1
0
1
0
1
0
0
1
2
0
0
0
2
2
3
0
2
0
0
0
0
0
3
0
4
1
2
1
0
1
3
3
0
0
3
0
1
0
0
0
0
2
0
0
0
0
1
0
0
3
1
0
0
0
1
2
0
2
1
2
0
1
0
0
0
0
2
2
0
0
1
0
0
0
1
1
2
0
1
0
0
2
0
2
2
1
0
1
0
6
0
0
0
0
3
0
0
1
2
1
0
0
0
0
1
1
0
0
0
2
4
0
2
1
1
3
0
0
0
3
1093
