../2_Decay/DataFilesGe/Decay/415182G2.TXTBackgroundRemoved 
0
0
0
0
0
0
0
0
0
0
1
0
0
0
3
63
56
141
134
46
25
10
0
6
11
1
11
7
0
0
11
23
2
0
0
22
100
10
6
42
16
25
21
9
14
0
18
9
0
0
8
9
0
24
13
0
13
0
14
0
24
4
0
11
9
3
10
17
8
12
13
0
21
14
12
25
1
18
3
17
0
10
22
0
0
16
23
0
9
0
19
37
1
24
43
0
13
0
16
10
1
15
11
18
12
4
21
0
9
13
0
27
16
25
0
3
0
33
15
4
47
12
26
4
4
7
2
11
38
15
10
0
0
5
2
17
12
23
3
13
29
0
30
25
22
12
10
1
12
14
9
8
18
0
26
14
15
6
5
19
27
83
3
16
0
0
4
14
10
0
14
18
13
13
18
17
15
8
15
17
7
7
0
4
0
7
31
13
5
10
10
8
0
31
17
26
0
16
9
8
0
6
9
0
0
4
0
0
30
0
0
0
18
12
0
0
0
2
10
3
0
2
0
12
2
21
7
0
0
4
0
19
3
7
8
32
55
2
0
3
4
0
3
0
9
16
0
1
1
0
4
3
22
14
0
0
12
13
7
0
15
16
1
0
5
16
7
10
5
14
0
1
13
3
5
5
0
0
0
7
0
11
5
1
0
4
6
0
10
26
7
0
0
6
2
0
10
3
0
3
1
14
0
2
4
2
10
0
0
3
7
6
0
8
1
8
0
9
6
7
9
6
0
8
2
0
0
7
0
10
9
10
0
0
0
0
0
11
2
9
3
14
46
16
6
0
0
0
5
9
0
1
2
0
8
0
0
10
1
0
0
2
0
1
5
3
0
4
0
0
1
2
0
5
2
0
3
0
7
2
0
0
10
0
7
0
0
6
2
0
0
1
3
4
0
3
6
0
0
10
0
1
0
0
1
0
4
6
5
0
0
0
1
0
0
0
4
1
0
0
1
0
0
10
6
7
0
4
0
0
0
1
0
0
0
5
1
0
5
0
1
0
8
0
5
0
2
0
5
1
5
0
0
1
6
2
2
3
2
0
2
3
2
7
0
1
3
0
0
0
0
0
7
2
0
0
1
1
0
0
6
4
0
0
1
0
0
6
0
4
11
25
13
9
2
0
0
0
0
0
1
4
0
0
0
0
0
7
0
4
0
6
3
4
0
0
3
0
1
2
5
3
2
4
11
4
0
4
0
6
1
1
0
2
0
2
0
2
0
1
1
0
0
5
0
0
2
0
0
0
8
7
0
0
0
2
0
4
9
12
11
9
0
0
1
0
0
0
5
4
0
1
0
0
1
0
3
0
0
0
0
0
0
10
26
19
4
2
0
0
0
0
0
4
0
0
0
0
2
2
1
2
0
0
0
0
3
2
0
5
0
4
1
0
0
6
9
0
4
0
0
0
0
3
1
0
0
1
0
0
5
4
6
18
13
0
4
1
0
0
0
0
0
0
0
0
1
1
0
0
3
4
4
0
5
0
1
0
0
2
0
0
1
2
4
0
0
1
0
0
0
2
0
2
7
0
0
6
0
1
0
9
0
0
0
0
3
0
0
0
0
0
0
0
2
0
4
2
1
2
3
0
0
0
2
0
0
0
0
0
0
0
3
0
1
0
3
0
1
4
0
0
0
0
0
0
0
8
0
1
5
6
0
5
0
1
6
3
0
7
1
0
0
3
2
0
0
5
0
4
0
5
0
0
0
0
2
2
0
1
0
0
4
0
1
0
0
0
0
5
2
0
0
0
0
2
2
0
0
0
2
1
2
1
0
2
0
5
1
2
0
0
1
2
0
2
5
3
0
0
0
0
3
0
1
4
0
3
0
0
0
1
0
0
0
0
0
0
0
7
2
4
1
0
3
1
0
0
0
0
0
0
1
1
2
3
2
1
1
1
3
0
0
0
0
0
2
0
0
6
3
0
0
2
0
0
0
0
2
0
1
0
1
0
1
0
4
10
8
6
8
1
2
0
0
2
0
0
0
0
0
0
1
0
1
0
0
0
0
0
0
3
0
0
0
0
0
0
0
0
0
0
1
0
1
4
0
1
1
1
1
2
0
0
0
1
5
0
3
0
1
4
4
4
0
5
1
0
0
1
0
0
0
0
0
0
0
2
0
0
0
0
2
2
2
2
1
4
5
2
0
0
3
2
2
0
0
0
0
0
2
2
0
2
1
0
1
0
0
0
1
1
1
0
0
4
0
0
0
1
1
0
0
0
1
1
2
1
0
1
0
0
0
1
0
1
1
0
0
1
1
0
2
4
0
0
1
1
0
2
0
1
2
0
0
0
0
0
3
1
0
2
0
1161
