../2_Decay/DataFilesGe/Decay/415139G2.TXTBackgroundRemoved 
0
0
0
0
0
0
0
0
0
0
0
1
0
0
1
29
0
6
23
1
2
9
5
6
9
14
23
83
20
25
33
10
39
6
24
31
951
249
27
166
117
22
9
0
16
9
3
0
11
0
8
6
4
0
16
0
11
0
15
0
16
30
19
6
32
0
0
30
18
8
0
0
0
8
23
3
8
9
1
0
4
16
0
4
0
0
8
0
10
0
23
0
3
9
0
0
13
0
0
0
0
42
5
31
9
15
9
2
0
0
18
10
15
19
10
18
0
22
29
0
20
0
6
6
21
18
15
24
16
10
0
0
0
13
0
1
2
0
9
13
14
28
22
26
28
0
44
0
14
12
14
0
0
0
3
9
3
28
27
24
13
0
556
646
3
29
8
0
26
26
17
18
0
23
13
8
21
16
17
21
5
0
0
0
4
7
63
40
0
27
18
2
5
26
22
1
1
0
7
6
14
11
6
6
6
21
12
6
38
3
0
2
2
19
9
4
0
3
3
11
9
6
5
0
8
7
0
0
10
17
5
11
0
0
0
6
4
4
20
6
16
0
11
9
11
3
7
2
9
8
2
23
8
10
7
15
3
2
13
0
14
0
21
2
6
4
7
16
0
4
0
6
0
4
0
3
3
6
0
0
5
12
8
5
5
6
1
1
6
0
8
7
8
3
5
4
4
0
8
4
8
18
0
13
0
6
0
0
5
8
3
10
2
1
11
6
4
4
2
4
10
4
0
0
3
6
0
3
14
5
6
11
3
10
3
9
0
6
0
0
1
14
0
0
0
3
1
0
7
10
12
0
0
6
9
5
0
0
0
2
0
7
9
1
0
0
4
6
4
6
0
0
0
3
0
6
0
5
6
0
4
5
13
1
6
0
9
4
8
0
0
2
2
0
0
1
0
0
6
0
0
0
4
7
4
0
3
0
0
0
5
0
6
5
4
8
0
4
4
10
4
5
0
2
1
4
0
6
0
2
3
3
1
0
0
3
0
0
0
1
2
0
0
0
0
0
6
0
2
5
0
0
0
0
2
4
1
1
3
1
6
3
0
3
1
1
6
0
0
4
0
4
0
4
4
0
3
0
0
1
2
4
0
0
0
0
2
0
0
4
0
2
0
0
1
1
4
14
6
0
0
0
1
0
0
1
5
0
0
0
0
0
4
3
1
4
0
4
0
0
0
1
4
1
3
0
0
2
0
2
0
3
2
1
0
0
0
6
0
0
3
0
0
0
0
0
0
0
0
4
0
1
7
0
0
3
0
0
0
5
5
1
0
0
2
6
0
4
4
4
2
5
1
5
3
0
0
0
0
1
3
0
0
1
0
0
4
1
0
2
5
7
0
7
1
0
3
0
0
0
0
0
0
4
1
0
0
3
0
0
2
2
0
1
0
1
5
1
1
0
0
1
1
0
0
0
0
0
0
0
2
0
0
4
4
0
3
1
0
0
0
0
0
0
0
3
0
1
0
0
0
2
3
0
0
3
0
0
0
0
0
0
7
2
2
0
0
0
4
0
0
4
0
1
1
0
1
0
2
6
0
0
0
0
0
0
0
0
1
0
4
2
0
0
1
0
2
2
0
1
4
1
3
2
1
0
0
0
0
1
2
1
3
2
0
0
0
0
2
1
3
0
0
0
0
2
0
0
0
3
3
0
0
0
0
0
3
2
0
1
5
2
0
0
5
4
2
6
1
0
0
3
0
0
1
0
4
0
1
0
0
3
5
0
0
5
0
0
0
0
0
0
4
0
0
1
0
0
0
0
0
2
0
0
0
0
1
2
2
2
0
0
1
4
0
3
3
0
1
0
1
0
0
0
0
2
3
0
1
0
1
1
0
0
0
0
0
3
1
0
0
0
0
0
0
0
0
1
7
0
1
1
4
1
0
0
6
1
3
0
2
0
0
0
2
0
0
0
0
0
6
0
0
4
1
0
0
0
0
2
0
0
1
1
1
0
0
0
0
8
5
2
0
0
0
5
1
2
0
3
3
1
5
3
0
0
0
0
1
2
1
2
0
0
0
0
1
1
3
0
5
0
0
1
2
0
3
0
0
0
0
0
3
0
0
6
3
0
3
0
0
2
1
0
0
1
1
1
0
2
2
0
0
0
0
1
0
1
1
0
0
1
0
3
0
2
0
0
0
0
1
1
0
0
0
0
0
1
2
1
0
2
0
1
1
0
4
1
0
1
0
0
0
0
1
2
0
0
1
0
3
0
0
0
1
0
1
3
0
1
5
0
0
0
0
0
0
0
0
1
0
2
0
0
0
0
1
0
0
0
0
1
0
1
0
1
0
0
0
0
0
0
0
1119
