../2_Decay/DataFilesGe/Decay/415195G2.TXTBackgroundRemoved 
0
0
0
0
0
0
0
0
0
0
0
0
6
4
0
23
13
16
11
19
32
15
0
15
3
19
24
10
11
19
16
0
9
0
0
29
47
15
0
10
14
16
29
5
9
0
19
9
9
0
4
4
13
8
7
0
21
2
18
0
5
2
16
17
20
0
10
5
12
9
17
0
19
7
0
0
0
6
0
12
0
12
4
4
4
3
24
2
52
24
14
21
23
13
15
31
1
0
36
24
14
0
0
16
41
35
26
23
10
12
17
4
34
25
9
19
3
0
4
0
15
25
21
12
13
2
20
0
22
13
19
11
24
26
22
26
16
22
28
0
19
7
14
18
34
22
34
10
9
14
11
16
6
0
0
2
22
12
9
8
27
39
39
29
3
6
34
11
36
7
4
8
2
11
27
16
16
4
0
7
4
0
6
11
0
13
13
15
14
22
10
25
8
27
29
6
0
6
8
1
0
10
22
0
13
7
0
0
19
16
17
1
8
31
0
0
0
11
21
0
0
4
24
0
11
0
10
6
8
6
1
20
12
1
0
15
23
33
12
0
13
5
8
6
17
10
0
7
0
0
8
5
6
21
2
2
5
4
6
5
6
13
4
9
0
7
11
9
16
0
8
9
18
16
4
10
0
0
11
1
6
9
19
3
4
7
2
14
5
10
14
7
5
15
4
2
8
0
3
0
4
7
6
0
4
1
4
0
3
2
7
7
0
0
3
0
0
0
7
17
1
0
2
6
0
3
0
0
0
0
4
8
5
6
6
7
2
3
7
0
0
6
4
12
11
0
0
4
6
4
9
0
12
6
5
3
0
6
4
3
0
14
0
4
5
3
7
6
0
0
0
0
6
4
9
9
0
4
0
3
2
1
9
2
6
0
0
1
4
8
7
1
2
1
0
6
7
0
0
6
9
0
1
0
0
1
1
0
3
0
4
4
4
14
3
7
3
7
2
5
0
0
0
3
0
5
3
0
0
3
1
0
0
9
9
4
7
3
0
0
4
2
0
0
0
0
0
0
11
0
5
0
1
1
0
6
0
3
1
7
4
0
0
3
1
7
2
0
3
1
3
0
0
5
0
0
0
0
0
0
0
2
6
0
1
0
0
0
5
3
0
2
1
1
4
0
0
1
0
0
0
0
0
0
0
0
3
0
0
2
3
2
1
0
0
0
3
0
0
0
5
0
0
0
8
0
9
0
0
0
0
0
0
0
0
5
0
5
0
1
2
0
0
0
5
0
0
0
6
0
1
0
5
1
0
0
0
0
2
1
2
4
2
3
5
0
0
5
3
0
0
0
0
0
0
3
2
0
5
5
0
1
0
0
1
12
14
12
0
0
0
0
2
0
0
0
2
0
0
0
2
0
0
6
0
0
2
4
0
0
0
1
0
4
0
5
1
0
0
0
1
0
2
1
0
1
0
0
3
1
0
0
0
2
4
15
5
0
2
1
0
0
0
4
3
0
0
1
0
0
5
2
0
0
0
0
0
1
0
0
2
2
0
2
5
0
0
0
1
3
0
0
0
2
0
6
3
0
0
0
3
0
0
0
0
0
0
0
5
7
0
2
3
0
1
1
3
0
3
3
0
0
0
3
4
0
0
0
1
0
0
3
1
0
0
5
3
0
5
2
1
0
0
1
4
1
1
1
1
0
3
1
4
4
0
4
4
0
0
1
0
0
1
1
0
2
4
0
1
0
0
1
0
1
0
3
4
3
0
0
0
1
3
0
2
0
0
1
1
0
0
2
0
5
0
2
2
3
0
0
0
2
0
0
0
0
0
0
3
3
0
0
1
0
0
0
0
3
0
0
0
0
0
0
0
2
0
0
0
0
0
0
0
0
0
0
1
2
0
0
1
1
0
2
0
0
0
0
1
5
1
2
2
3
1
2
2
0
0
2
0
0
0
3
0
0
0
0
0
3
1
1
0
2
0
0
1
0
0
0
1
2
0
0
0
0
2
1
1
2
11
6
2
0
0
2
0
3
0
0
1
0
1
1
0
0
2
0
3
2
2
1
4
0
9
1
0
1
0
0
0
0
0
0
3
2
1
0
2
5
0
4
0
0
0
0
0
0
0
4
0
2
0
0
4
0
0
0
0
0
2
0
0
0
0
0
0
0
0
0
0
5
0
0
0
0
1
0
3
1
1
1
1
0
0
0
0
0
1
0
0
1
2
7
3
0
0
0
0
0
0
0
0
0
0
2
2
0
3
0
0
1
1
0
0
0
0
0
2
3
0
1
1
0
3
0
3
2
0
2
0
1
5
0
2
0
2
0
0
1
0
0
0
0
0
3
0
0
2
2
0
0
0
1244
