../2_Decay/DataFilesGe/Decay/415184G2.TXTBackgroundRemoved 
0
0
0
0
0
0
0
0
0
0
0
1
0
0
3
23
0
7
33
28
18
0
15
0
22
12
10
32
0
23
13
0
2
14
5
12
98
4
3
10
9
7
33
0
0
7
0
8
2
2
10
2
0
8
8
3
2
0
18
0
16
24
4
0
5
1
0
0
0
6
0
0
0
0
0
0
0
0
0
8
0
14
8
1
13
0
30
6
10
9
0
30
30
17
17
0
7
4
0
9
3
6
0
35
3
22
23
2
0
55
26
7
12
6
16
0
2
23
14
16
3
0
24
24
9
3
0
37
13
31
37
16
0
27
18
12
26
12
5
32
1
20
58
24
9
11
36
1
11
23
17
0
18
0
17
34
13
6
3
30
13
75
14
8
0
0
14
7
3
22
2
15
0
25
15
29
0
6
10
28
2
0
0
11
7
15
21
25
0
16
1
4
12
25
15
12
4
1
11
17
5
0
11
0
4
4
0
11
32
17
15
0
7
28
2
2
0
15
4
8
0
17
23
0
14
1
7
10
12
11
0
16
18
1
5
19
39
26
0
5
24
0
0
10
14
24
4
22
7
1
7
2
12
0
0
6
2
4
0
1
0
12
0
0
0
6
23
12
8
0
0
7
0
9
4
0
0
0
8
1
8
2
14
6
4
13
19
0
6
15
32
3
0
0
19
0
2
0
14
0
6
1
2
10
0
0
3
3
12
9
0
3
0
13
1
3
0
0
10
6
7
6
1
5
0
16
0
3
2
1
3
14
0
0
4
1
2
8
10
0
0
10
21
54
17
0
0
0
0
6
0
0
0
6
1
2
0
6
1
2
0
13
2
4
16
2
13
0
2
0
0
3
8
1
9
0
3
4
0
0
0
5
5
1
0
0
0
0
7
0
4
6
12
0
0
5
0
0
1
0
0
4
3
2
6
0
1
3
0
0
0
0
8
2
0
2
0
8
0
0
8
8
5
7
7
4
2
3
0
0
0
0
0
0
0
0
2
0
0
0
3
0
1
1
3
2
0
0
7
0
3
0
0
0
2
2
0
6
3
1
6
5
5
0
6
0
1
6
3
3
0
6
0
1
11
0
3
0
0
0
2
0
3
3
0
1
4
0
0
0
0
8
25
12
8
0
0
0
0
0
0
0
0
0
0
1
5
0
0
0
1
3
7
4
5
0
4
4
3
0
3
0
4
0
2
0
4
1
1
1
0
0
0
2
5
0
4
0
0
0
2
9
0
0
2
2
0
0
2
0
5
3
1
0
4
2
6
5
2
5
6
14
0
2
0
0
0
0
3
7
0
4
0
1
4
0
0
4
0
0
0
0
0
1
8
23
23
2
0
0
0
0
0
0
0
0
1
0
3
2
3
0
0
0
0
1
0
2
1
2
0
0
2
0
3
2
2
4
1
0
0
0
0
3
3
0
2
0
0
1
0
1
0
7
11
12
1
8
0
0
0
0
0
0
0
0
6
0
0
0
0
2
2
0
0
6
5
0
0
0
3
5
1
3
4
2
0
0
1
0
0
0
0
3
0
2
0
0
0
0
0
0
2
0
2
0
0
0
1
0
1
0
4
0
0
0
4
0
1
7
0
2
2
0
0
0
0
2
3
0
0
1
0
0
0
4
0
6
1
1
0
0
0
0
2
3
2
0
0
0
0
1
1
0
0
1
1
1
3
2
2
0
0
0
0
1
0
0
0
0
0
5
4
2
0
0
3
0
1
0
0
0
3
0
0
0
0
0
0
0
1
0
1
0
0
0
1
0
0
0
1
0
1
0
4
5
0
2
0
2
0
0
7
0
0
2
0
0
0
1
2
0
0
0
0
1
0
0
1
0
0
1
0
0
2
0
0
4
0
0
4
3
0
0
0
2
0
0
0
0
6
0
2
0
0
3
0
0
3
2
0
0
1
0
2
3
0
0
0
0
2
0
0
0
0
1
3
0
5
0
0
4
0
4
1
0
6
0
2
9
6
3
2
0
1
0
0
0
0
2
0
0
5
1
0
0
0
2
2
0
4
3
1
0
0
0
0
0
0
0
0
0
0
0
0
1
0
0
1
0
3
0
0
0
1
2
4
0
0
1
2
5
1
0
1
3
0
0
0
0
0
0
0
0
2
1
0
1
1
8
0
3
0
0
1
1
0
0
2
1
0
0
2
4
0
1
0
0
0
0
0
5
2
1
2
3
0
0
0
0
0
1
1
0
0
0
0
0
0
0
3
0
3
3
0
0
1
0
0
0
2
1
0
0
0
0
4
0
0
4
4
0
0
2
0
0
0
0
0
0
0
0
0
0
0
1
0
0
4
1
0
0
0
1145
