../2_Decay/DataFilesGe/Decay/415188G2.TXTBackgroundRemoved 
0
0
0
0
0
0
0
0
0
0
0
0
0
0
17
757
588
538
320
90
31
32
13
22
7
16
13
38
9
9
9
9
10
0
0
15
79
0
20
14
11
15
1
13
11
0
0
0
20
0
0
7
0
0
5
9
2
0
3
3
18
0
24
0
2
0
0
0
14
0
0
0
30
6
6
3
7
21
0
7
11
19
1
0
2
0
2
1
38
12
0
2
15
21
44
0
7
15
0
34
0
0
7
7
1
0
8
38
20
29
7
14
0
23
0
0
1
27
19
24
25
0
29
16
18
11
17
24
25
6
45
26
10
18
10
26
28
28
18
18
40
35
22
7
3
4
42
20
33
32
0
31
12
15
16
22
10
22
0
0
5
86
4
0
5
10
34
13
3
0
27
13
16
26
27
0
20
12
4
18
6
12
9
9
10
13
13
5
0
0
23
0
11
34
14
15
2
7
6
21
5
3
5
0
19
26
5
15
14
7
3
15
7
7
11
0
3
0
14
14
8
8
0
9
13
0
7
15
10
8
10
6
1
18
2
12
30
41
0
0
7
0
0
0
11
9
0
14
14
0
22
15
5
11
0
3
3
1
0
9
5
12
0
1
13
10
0
8
0
0
0
13
0
13
0
6
2
1
0
15
3
2
7
7
0
8
6
0
0
16
30
0
0
0
7
0
0
0
9
4
0
8
9
7
13
2
7
0
8
9
0
1
7
0
6
4
7
4
6
12
2
9
1
0
0
0
0
3
2
0
9
9
0
0
5
0
8
2
0
6
0
0
8
45
2
0
0
0
0
2
4
0
1
4
0
0
0
8
7
0
0
1
0
3
4
7
0
3
5
3
0
2
11
2
7
1
3
5
0
6
0
0
0
2
1
1
1
7
2
0
0
0
7
0
0
8
8
7
0
6
0
0
0
0
7
0
7
0
0
0
9
0
2
2
1
6
2
2
0
0
5
3
0
0
6
9
1
2
0
0
1
0
0
0
0
0
5
0
0
7
5
6
4
5
1
0
0
1
12
0
2
0
0
0
0
7
2
0
3
4
3
6
3
0
3
6
2
5
3
1
4
2
3
2
1
0
7
0
0
0
0
4
0
0
0
0
0
0
0
4
4
2
19
18
4
0
0
0
0
0
4
0
1
2
2
2
0
0
4
1
2
2
7
1
0
6
0
0
0
0
4
5
3
4
0
1
5
4
0
4
0
0
0
5
0
2
0
3
1
0
1
1
0
0
0
4
0
0
1
0
3
0
0
0
0
3
3
0
0
3
9
15
10
0
0
0
0
0
4
6
0
3
3
2
0
0
3
0
0
7
0
2
0
0
9
37
21
3
2
0
0
0
0
1
0
1
0
0
0
3
2
0
0
4
0
0
0
1
0
0
0
0
3
0
0
7
6
1
8
0
1
1
0
5
0
0
0
0
0
5
0
1
0
2
12
22
10
4
0
0
0
0
0
1
1
0
0
4
0
0
3
4
0
0
1
0
5
0
0
0
4
0
2
2
1
2
1
1
3
0
0
2
0
3
0
3
1
0
2
1
0
0
2
0
0
0
0
0
3
1
0
0
0
0
3
0
2
2
0
1
4
2
0
2
2
1
0
0
3
0
3
5
9
3
3
0
2
5
0
2
2
0
0
0
3
0
0
1
0
2
0
4
0
0
0
4
10
2
1
2
7
0
0
3
0
3
2
5
2
3
0
2
0
0
0
0
4
2
0
4
2
0
2
0
0
0
0
0
0
0
0
2
0
5
0
0
3
0
0
4
5
2
1
0
0
1
1
6
2
0
1
4
5
3
5
1
0
0
0
0
1
0
4
0
0
2
0
0
0
0
1
2
1
0
0
0
0
0
0
1
0
0
1
3
1
2
2
0
0
0
0
0
1
0
0
0
0
1
0
1
0
0
0
0
0
0
0
0
0
2
0
3
1
0
0
1
3
0
3
1
0
0
0
2
0
2
0
8
0
6
9
9
1
0
0
0
0
0
0
1
0
0
0
0
1
0
2
2
0
1
0
0
0
5
0
0
0
2
0
0
1
0
0
1
11
0
3
2
0
0
5
0
0
2
0
0
4
0
0
1
0
4
4
2
0
2
2
0
0
0
1
0
0
0
0
0
0
0
0
0
0
2
0
2
1
0
1
2
0
0
0
0
0
0
0
2
1
0
0
0
1
3
0
3
2
0
0
0
0
0
2
0
0
1
0
0
0
1
3
1
0
0
1
1
2
1
2
0
0
0
6
0
3
1
0
2
1
0
0
1
0
0
0
0
2
0
2
1
2
0
0
1
7
1
2
2
2
0
3
0
0
0
0
1265
