../2_Decay/DataFilesGe/Decay/415140G2.TXTBackgroundRemoved 
0
0
0
0
0
0
0
0
0
0
0
0
0
2
0
29
12
6
22
8
24
1
6
19
26
24
19
78
20
15
21
5
27
4
2
15
932
258
4
126
122
0
5
4
8
11
0
6
0
0
13
16
2
3
1
2
0
5
5
21
17
0
11
0
28
11
16
27
4
15
0
0
0
19
0
4
1
0
0
0
8
6
2
3
0
15
5
11
9
0
17
1
12
16
0
0
0
4
18
14
25
7
15
22
0
0
5
28
0
24
0
0
0
15
0
16
10
0
2
15
11
5
17
20
26
0
0
10
33
7
1
15
12
10
0
11
11
0
12
32
16
13
40
23
19
21
27
0
11
5
0
0
20
0
20
0
21
0
0
11
24
8
513
582
11
0
15
0
17
12
16
27
12
13
12
25
4
15
24
0
9
0
8
30
0
0
69
35
14
16
24
0
12
13
17
12
2
0
21
21
4
0
10
5
4
16
8
12
4
3
15
5
16
9
9
5
0
0
10
2
0
5
3
8
10
0
0
10
3
5
0
6
26
11
0
6
20
8
23
25
2
4
5
8
0
17
0
0
10
0
8
14
0
7
0
4
0
4
6
2
15
3
0
0
0
0
3
12
15
0
0
0
5
0
1
7
4
0
3
4
8
12
9
7
0
13
0
0
10
9
0
0
19
10
3
0
0
2
2
12
0
7
3
3
0
3
2
0
4
5
7
0
0
7
3
0
10
0
9
6
8
2
0
3
5
8
0
0
0
4
9
2
2
6
0
0
0
7
0
0
3
1
2
16
0
6
7
3
6
6
3
0
1
6
6
5
0
0
9
5
0
0
0
10
2
0
7
0
6
1
0
14
0
2
0
1
1
1
5
2
0
3
5
6
1
0
1
0
7
7
0
2
0
5
0
7
0
2
0
0
0
1
7
0
0
0
0
0
0
0
7
0
11
5
7
0
2
5
4
0
1
6
2
5
2
3
0
2
0
3
0
1
0
0
0
0
4
7
3
5
0
5
5
1
0
0
0
0
3
6
0
0
0
3
0
4
0
8
0
0
4
1
7
0
6
1
3
2
4
3
2
0
0
4
2
0
0
4
0
0
6
1
2
2
1
2
0
3
0
6
0
1
0
0
0
3
7
18
13
0
0
1
2
0
0
0
2
3
0
8
0
1
9
4
2
1
0
3
0
0
5
2
3
4
8
4
2
0
0
2
2
9
0
1
0
0
3
0
0
0
9
0
2
0
4
1
0
0
1
0
3
0
4
4
1
2
0
0
5
0
1
0
2
6
0
0
8
5
2
0
0
0
0
0
5
0
3
0
0
3
0
2
0
0
0
0
4
1
0
6
10
12
2
5
0
0
4
1
1
0
7
1
3
0
0
1
0
2
2
0
0
0
0
0
3
0
2
3
0
0
0
5
4
3
0
3
0
1
3
3
0
2
0
2
7
0
1
5
0
0
9
0
0
4
0
0
1
1
0
0
1
0
3
0
0
4
2
2
0
0
0
3
3
1
0
1
2
8
2
0
0
1
0
0
0
3
0
0
2
0
0
0
0
0
1
0
0
0
0
0
4
0
0
4
0
0
1
0
0
7
5
3
0
2
0
0
0
0
1
0
0
0
0
0
0
0
0
3
0
0
1
0
0
1
0
0
0
3
0
4
0
3
2
0
0
0
2
0
0
0
3
0
5
1
0
2
3
0
0
0
0
0
0
1
0
0
0
0
6
5
0
1
2
0
0
0
0
2
3
2
0
0
3
0
0
0
0
0
3
5
3
0
1
0
0
2
0
0
0
3
1
0
1
5
0
2
0
0
0
0
0
5
1
0
0
2
0
1
0
0
3
2
0
1
0
2
0
0
0
0
0
3
0
6
0
3
0
0
0
4
0
5
0
1
0
0
0
4
1
0
0
1
6
0
0
0
0
0
0
0
6
3
0
0
2
0
0
0
3
0
0
0
0
0
0
0
5
2
0
1
0
2
2
0
3
4
0
5
0
2
3
2
2
3
3
0
1
0
0
1
4
2
0
1
4
0
0
0
2
1
0
0
2
0
1
0
0
3
1
0
7
1
0
0
0
2
0
3
0
2
0
2
2
0
2
0
0
0
0
0
0
2
0
0
0
1
0
3
1
1
0
0
0
0
0
4
1
0
3
0
0
0
0
0
0
0
0
0
0
3
0
0
0
3
1
1
0
2
2
1
0
0
0
0
0
0
0
0
0
0
3
0
0
0
0
0
0
3
0
3
3
3
0
0
3
2
2
0
0
0
0
0
0
1
2
1
0
0
0
2
0
0
6
1
0
0
1
0
2
0
0
0
0
1207
