../2_Decay/DataFilesGe/Decay/415170G2.TXTBackgroundRemoved 
0
0
0
0
0
0
0
0
0
0
0
1
0
0
0
13
1
11
23
15
24
1
5
0
12
10
4
16
3
15
20
0
11
0
13
9
191
9
2
29
24
12
15
0
0
1
0
0
11
0
10
1
0
0
7
0
4
0
26
0
13
22
6
0
9
8
8
8
8
0
2
0
8
0
0
1
0
0
0
8
15
18
0
1
0
0
0
15
17
0
50
0
21
0
3
0
3
0
10
14
4
23
0
14
0
0
24
21
0
40
17
15
0
2
1
27
13
9
0
17
8
0
26
15
0
0
17
7
26
6
21
29
19
0
18
34
2
22
0
40
23
0
0
13
20
22
0
0
17
22
1
3
18
0
0
4
17
0
1
4
0
161
25
0
0
16
7
9
0
1
17
19
0
10
38
4
12
22
0
11
1
0
0
12
0
4
1
22
0
0
3
0
0
25
9
25
13
0
5
9
7
9
7
20
3
18
7
20
16
0
0
0
13
3
4
3
0
4
7
5
0
12
3
0
10
12
4
0
25
8
8
22
6
11
0
6
34
17
0
0
5
0
0
4
4
11
0
5
12
18
17
14
11
0
6
10
10
0
3
4
10
4
4
7
0
25
2
12
6
0
0
0
0
12
0
6
0
6
6
7
0
6
16
4
0
0
9
2
3
21
24
4
0
1
8
5
0
12
0
0
7
6
7
1
2
3
0
0
0
10
0
13
6
3
4
2
0
0
2
1
4
13
4
9
2
2
0
0
0
0
20
12
0
0
5
2
4
7
0
2
7
0
5
31
4
0
0
0
2
3
8
0
2
4
4
2
0
16
0
0
0
0
0
7
0
1
9
0
0
0
0
4
6
7
4
5
1
2
0
0
0
0
0
0
0
0
4
1
0
0
3
6
3
3
1
6
2
1
1
1
3
0
0
0
7
0
4
5
0
0
4
0
2
0
8
0
6
17
1
0
0
1
0
0
0
6
0
2
0
0
0
0
0
3
0
2
0
1
0
0
10
9
2
0
0
0
0
3
10
6
0
0
0
2
3
1
0
0
4
2
4
0
4
0
0
3
0
6
8
0
3
0
2
0
0
0
2
0
0
0
3
2
2
3
4
1
1
0
0
6
4
3
12
6
12
4
0
0
0
0
0
0
1
0
2
3
0
4
0
1
0
4
0
3
3
0
0
0
4
0
5
0
0
1
0
0
0
2
2
0
2
2
3
2
0
0
0
0
0
0
1
0
3
0
4
1
1
2
2
0
0
4
0
0
0
0
0
4
0
7
8
8
5
0
0
0
0
1
0
2
3
3
0
0
0
0
0
0
2
0
1
0
2
4
0
24
28
2
0
0
0
0
0
1
0
3
0
3
0
0
4
2
1
0
0
0
2
0
0
2
0
1
0
0
0
0
0
0
0
0
1
0
2
2
0
0
0
0
1
0
4
2
0
4
13
23
3
1
0
0
0
0
0
0
0
0
2
2
0
1
1
2
0
1
0
0
3
2
0
2
0
3
2
0
0
0
0
1
3
0
0
3
7
3
3
1
1
2
0
0
0
0
0
0
0
2
0
2
0
2
1
1
1
0
4
0
0
1
0
1
3
4
8
0
0
0
3
0
1
0
4
0
2
3
0
5
2
2
1
0
0
0
0
0
0
0
0
5
0
1
0
3
9
0
0
1
8
3
3
0
3
0
0
0
1
0
1
0
0
0
0
1
1
0
0
0
2
4
0
1
0
0
4
1
0
3
0
0
0
0
2
0
1
0
1
1
0
0
1
1
6
4
1
0
1
0
0
0
1
2
0
0
4
0
5
0
2
0
3
3
0
0
0
0
0
2
0
0
0
0
1
0
1
0
0
0
0
0
0
0
1
0
0
0
0
0
1
0
0
0
1
0
3
2
0
0
1
0
2
4
0
2
0
0
0
0
0
0
0
5
0
0
0
0
0
0
0
0
2
3
2
0
0
0
0
2
0
4
1
4
12
7
0
0
0
5
0
0
0
0
0
0
0
1
1
0
1
0
0
1
0
1
0
0
0
0
0
0
4
0
0
0
4
0
0
2
0
0
3
0
1
0
0
0
0
1
0
1
0
1
4
2
0
1
11
10
3
0
0
0
0
0
0
0
0
0
0
0
2
0
0
5
0
0
0
0
1
2
3
0
1
1
0
2
0
3
0
0
0
1
0
0
0
3
3
0
0
0
1
0
0
0
0
4
0
1
0
1
3
0
1
0
0
0
0
0
3
3
0
2
0
1
0
0
0
3
0
0
1
1
2
3
5
1
0
2
0
1
1
1
2
0
0
5
0
0
1
0
0
0
0
0
20
1171
