../2_Decay/DataFilesGe/Decay/415155G2.TXTBackgroundRemoved 
0
0
0
0
0
0
0
0
0
0
0
1
0
0
0
0
0
0
11
22
12
9
29
0
8
18
27
33
13
11
16
0
21
2
9
22
415
28
6
78
31
22
7
5
0
4
7
7
6
19
18
1
2
22
21
0
23
0
3
4
11
0
7
0
4
5
17
12
0
9
0
0
6
9
19
0
0
3
3
0
5
4
19
0
0
0
0
0
0
1
0
11
19
18
5
0
13
4
4
22
0
23
0
32
19
25
26
21
33
0
7
12
0
4
10
0
0
1
4
22
19
6
12
8
1
14
0
7
13
0
5
0
5
9
7
7
22
14
14
20
17
24
23
0
6
0
2
0
27
22
13
0
12
8
4
6
14
30
0
12
28
347
91
13
9
16
20
0
7
12
0
10
6
13
12
12
7
0
0
23
0
0
12
8
13
35
0
12
0
11
17
12
4
31
17
9
8
1
7
14
8
0
2
2
5
10
12
0
8
8
5
0
14
5
14
4
3
0
3
10
0
0
4
7
7
2
0
3
9
9
9
6
7
5
28
18
28
28
0
0
21
0
1
6
9
6
0
0
0
0
0
10
5
0
8
2
0
0
8
3
3
15
0
0
0
4
0
11
0
0
2
0
0
2
0
0
0
1
0
9
0
0
0
13
0
7
5
2
4
13
34
9
0
5
13
0
0
6
0
7
0
2
0
13
8
0
0
0
3
2
10
8
2
0
1
0
7
0
8
0
2
8
9
8
0
0
5
0
0
0
5
7
0
4
2
4
15
8
3
2
9
6
5
35
16
0
0
0
2
0
0
2
9
0
4
0
3
12
0
0
0
6
8
0
7
3
7
0
2
1
3
0
1
3
0
2
0
1
0
0
0
0
3
4
7
0
0
0
9
0
1
1
0
0
0
6
0
0
3
2
0
4
3
0
0
6
5
6
0
0
6
0
7
2
4
7
15
7
0
0
0
8
0
2
0
4
1
2
0
0
0
0
2
3
0
0
3
2
1
4
9
0
8
0
0
6
2
2
4
0
0
2
0
0
0
7
6
1
2
1
2
0
0
0
6
0
0
12
0
4
1
2
0
3
0
0
5
2
0
0
7
1
5
0
0
0
5
0
0
0
5
2
9
22
0
5
0
0
0
0
0
9
5
1
0
2
4
2
4
3
4
0
8
3
2
1
4
2
0
0
5
1
0
2
0
0
5
0
0
4
0
6
2
0
5
0
1
7
3
6
0
2
0
0
0
4
0
0
0
4
0
0
0
0
1
0
0
0
0
5
9
17
2
2
0
0
0
2
1
3
2
3
0
3
3
1
2
1
0
0
6
1
0
0
0
25
33
6
2
0
0
0
0
2
5
3
2
0
0
2
0
0
0
5
0
0
3
2
4
0
0
5
0
0
0
0
0
0
0
0
0
0
3
0
0
0
0
0
0
4
0
0
0
2
5
12
7
6
0
0
0
0
0
0
2
0
5
0
0
0
0
0
0
0
0
0
4
0
0
4
1
0
0
2
0
1
3
0
3
1
1
4
1
0
0
2
2
1
3
1
0
1
1
0
2
0
0
0
0
1
0
2
1
0
1
0
0
0
0
3
2
0
2
2
0
1
0
2
1
0
0
1
0
7
0
3
1
2
0
4
3
1
0
5
1
2
0
1
0
0
0
3
1
3
0
0
5
1
0
0
0
0
0
3
0
0
2
0
4
0
0
6
0
0
0
0
1
3
0
3
2
0
2
0
3
4
0
3
0
0
0
5
3
0
2
1
1
1
0
3
1
0
0
0
0
3
2
1
3
1
0
0
0
0
0
1
0
0
2
0
2
1
1
0
0
0
0
0
1
0
2
2
0
0
0
0
0
0
0
0
1
3
1
2
1
4
0
0
0
0
0
0
3
4
0
0
0
0
2
3
4
0
1
0
0
1
0
0
0
0
1
0
0
1
0
0
4
0
3
1
0
3
0
0
6
0
3
0
3
7
10
0
1
0
0
0
0
0
0
0
0
1
0
2
0
0
5
2
0
1
0
3
0
2
0
0
0
0
2
0
0
0
6
0
0
0
0
2
1
3
0
0
1
0
0
0
0
0
0
0
0
2
0
0
4
5
4
0
2
1
0
0
0
0
0
0
0
5
2
0
4
0
0
0
0
0
3
0
3
0
3
5
2
0
0
0
0
2
0
0
1
6
0
2
4
0
0
0
0
2
1
0
0
0
0
0
0
4
1
0
0
0
0
0
2
1
0
1
2
0
2
0
1
0
0
0
2
0
4
3
1
1
2
0
5
0
0
0
0
0
0
0
1
0
1
2
0
0
2
1
0
3
0
1170
