../2_Decay/DataFilesGe/Decay/415173G2.TXTBackgroundRemoved 
0
0
0
0
0
0
0
0
0
0
0
0
0
0
3
23
0
4
0
12
0
12
16
0
5
9
12
19
0
3
17
0
7
0
25
0
146
9
22
33
10
5
26
7
0
0
0
11
0
2
13
7
12
8
1
0
5
9
10
5
0
1
11
0
16
20
0
7
22
0
0
0
15
0
0
0
0
11
13
0
0
0
11
1
0
0
15
7
21
0
25
7
22
29
18
0
4
6
7
0
33
0
0
19
9
0
2
0
8
14
8
19
9
33
0
0
0
32
8
0
22
0
26
9
15
29
0
0
0
34
0
0
2
6
13
22
4
8
0
0
9
0
24
10
1
2
42
0
27
15
8
6
6
0
9
0
12
0
0
0
9
135
30
0
5
12
8
3
14
4
0
20
0
18
22
16
0
4
0
15
0
0
0
3
2
1
15
43
0
15
0
4
0
12
14
25
17
17
0
6
0
0
1
9
30
19
8
20
10
9
7
0
3
25
7
0
0
6
5
18
0
15
0
1
16
10
0
4
20
9
6
8
10
0
0
19
29
27
0
0
14
0
3
13
5
15
0
0
0
7
5
6
11
9
0
8
7
0
0
0
0
8
4
0
3
0
10
4
5
0
0
6
0
5
0
0
5
1
5
8
6
12
9
0
2
14
7
0
11
17
17
0
0
3
6
6
3
0
3
0
0
12
0
1
0
0
0
1
0
4
5
1
0
0
5
0
0
0
1
9
0
6
0
0
2
7
1
2
0
4
11
2
3
5
0
0
4
9
0
3
1
3
12
36
10
0
0
0
4
0
0
3
6
0
6
0
0
8
7
2
0
9
0
0
4
12
8
3
2
10
0
10
1
8
0
5
0
3
4
3
0
6
7
2
0
3
9
8
0
0
1
3
0
5
6
0
4
5
0
15
0
2
9
0
0
0
1
3
0
0
7
0
1
6
0
0
6
9
6
2
0
0
0
0
0
10
0
1
0
0
0
0
2
4
0
0
6
0
0
6
0
3
0
2
5
0
0
0
4
2
1
0
0
0
0
8
0
0
1
0
4
6
0
5
2
9
0
3
1
2
0
6
0
0
0
0
0
4
0
0
0
0
0
5
3
0
0
2
0
0
0
11
19
14
8
0
0
0
0
0
0
0
1
0
0
0
7
7
0
1
0
2
4
0
3
0
1
0
0
0
0
0
5
2
4
2
0
0
0
1
0
0
7
5
1
0
0
5
0
3
6
1
0
3
3
4
0
4
0
7
0
1
4
0
2
6
0
2
0
4
10
15
5
2
0
0
0
1
0
2
1
2
0
0
4
0
1
0
0
0
0
0
0
0
0
35
32
3
0
0
0
0
0
3
0
0
0
0
2
0
0
3
0
2
0
5
1
4
7
6
0
2
1
6
2
0
2
0
5
1
0
0
2
6
0
0
0
0
0
4
0
3
1
0
9
12
6
3
0
0
0
0
0
0
0
0
0
1
0
0
3
5
0
0
0
5
2
3
1
0
2
0
0
0
4
0
0
1
5
0
0
2
0
2
0
0
0
0
0
0
3
0
0
0
0
0
3
0
0
0
1
0
0
0
0
0
1
7
2
0
2
0
2
0
0
0
0
0
0
0
1
0
2
2
1
2
0
1
1
4
0
0
0
3
1
5
0
1
0
0
1
5
0
1
0
0
6
0
0
0
6
0
0
2
0
5
0
0
0
1
0
0
2
0
0
0
3
1
0
3
5
5
1
0
3
0
2
0
0
0
3
1
1
0
0
0
2
0
0
0
4
0
1
0
0
1
0
0
0
0
0
0
0
3
3
0
4
1
0
0
2
3
0
1
0
0
0
3
0
0
0
0
0
0
0
2
0
0
1
0
0
1
2
2
0
3
0
0
0
0
0
0
0
0
4
0
0
0
1
0
0
0
0
0
0
2
0
1
2
0
3
1
3
2
0
2
0
2
3
0
1
0
0
0
4
0
4
1
0
5
5
4
1
1
0
3
0
0
0
0
0
0
1
1
4
0
1
3
0
1
1
4
0
5
2
3
0
0
1
0
0
2
0
0
0
0
0
0
1
1
3
0
5
2
0
1
6
5
0
0
2
2
2
4
4
3
0
0
0
0
0
5
0
0
1
0
0
0
2
0
0
3
0
4
0
0
1
0
2
0
2
0
0
0
2
0
0
0
0
0
0
0
0
4
0
0
0
0
0
0
0
0
3
0
0
0
0
0
0
2
5
1
0
0
0
0
0
2
0
1
3
0
0
1
0
0
0
0
4
0
0
1
0
6
0
0
2
2
0
0
0
0
1
0
3
3
0
0
0
2
0
2
440
736
