../2_Decay/DataFilesGe/Decay/415192G2.TXTBackgroundRemoved 
0
0
0
0
0
0
0
0
0
0
0
0
0
0
3
16
51
21
17
28
6
20
11
0
20
8
28
24
0
16
14
0
6
0
16
10
63
20
19
24
5
0
18
4
19
5
1
6
5
5
5
20
0
0
7
2
14
7
11
0
0
14
5
0
19
14
9
15
0
6
9
0
2
7
7
7
19
0
0
26
1
6
0
0
0
7
0
0
23
4
24
1
0
22
12
4
9
16
6
20
0
7
17
23
13
28
10
7
0
20
19
37
17
14
24
24
39
11
11
23
19
30
22
12
8
36
0
0
28
5
50
3
35
26
0
25
8
44
14
21
30
11
33
11
28
14
28
18
13
20
0
9
12
7
12
1
0
2
9
26
0
79
33
8
4
0
13
7
16
12
0
24
11
9
37
25
6
5
11
4
1
7
4
15
4
16
16
7
0
9
4
6
9
19
17
21
8
14
25
0
14
0
11
0
13
9
0
3
15
4
13
0
1
10
8
10
0
0
15
0
6
22
0
0
16
2
6
9
12
3
15
23
15
20
9
1
34
38
0
0
18
0
0
12
15
9
0
0
0
0
0
17
16
5
0
5
0
8
0
9
1
11
5
0
0
2
12
10
4
0
3
8
3
13
0
5
0
4
12
15
0
9
14
9
6
2
6
10
14
19
26
0
0
10
1
0
2
19
3
0
2
10
2
9
2
0
6
0
6
5
4
6
3
10
5
0
0
10
12
10
8
9
0
0
4
0
1
0
3
0
20
2
0
0
0
4
0
2
0
2
17
3
10
24
7
0
0
0
1
6
8
0
4
0
9
2
0
16
0
6
0
5
0
2
9
0
6
3
6
8
0
6
0
1
3
6
0
0
2
0
1
4
2
0
4
0
3
0
4
4
2
12
5
0
0
0
3
2
0
0
0
3
2
3
12
0
2
3
0
0
1
0
2
6
2
0
1
0
0
1
0
1
10
4
0
8
0
5
0
0
1
0
1
0
0
4
6
0
0
2
1
0
0
3
0
0
2
4
8
4
2
0
0
4
0
2
5
0
3
3
2
0
0
2
3
5
0
0
0
1
7
4
10
0
0
0
0
0
0
0
3
1
0
0
0
1
0
4
0
3
0
0
15
9
13
5
0
0
0
0
0
0
2
0
0
1
4
0
0
2
5
0
8
2
1
3
4
2
2
0
2
2
0
1
1
4
0
0
0
6
0
0
0
0
1
0
2
2
6
4
1
0
2
5
1
2
0
0
0
3
1
0
0
1
0
0
2
0
4
5
9
6
7
0
6
0
0
2
3
0
0
2
0
2
5
0
4
8
3
0
0
0
1
0
8
37
19
2
1
0
0
0
0
0
0
2
0
0
0
3
4
0
1
4
0
1
0
1
0
0
3
0
1
9
3
0
3
0
3
0
1
0
1
3
0
0
0
2
0
0
3
0
2
0
15
12
3
6
0
0
0
0
0
0
0
2
2
3
0
0
1
5
0
0
0
1
0
1
0
0
2
0
1
2
5
1
0
3
1
0
0
1
0
0
0
1
4
0
1
0
1
0
6
0
1
0
3
0
0
2
5
0
0
0
1
0
1
2
5
0
0
0
4
0
0
2
3
1
6
0
8
1
1
0
0
4
0
0
5
1
2
0
0
1
0
0
1
1
2
0
1
2
2
0
3
7
0
0
0
2
0
0
0
2
0
0
2
2
1
0
0
3
0
0
0
3
1
0
3
5
5
1
1
0
0
4
0
0
0
1
0
4
1
0
1
0
0
0
0
0
1
2
3
0
1
0
0
3
2
0
1
1
1
1
1
1
0
1
4
0
0
3
0
0
1
0
0
0
0
0
1
2
3
0
0
0
3
0
0
0
0
0
1
1
3
0
0
0
0
0
0
2
1
2
1
0
0
1
3
0
0
0
0
3
0
0
0
0
0
3
2
0
1
4
1
0
0
0
0
0
0
0
0
0
1
1
0
2
1
6
11
4
1
0
0
1
0
0
0
0
2
0
0
5
2
0
2
0
1
0
1
3
3
0
0
0
1
0
0
0
0
1
1
0
0
2
0
0
1
0
2
0
0
0
0
0
4
3
4
1
0
0
2
0
5
6
3
0
0
0
0
0
0
0
0
0
4
3
0
0
1
2
0
2
0
1
0
3
1
0
0
0
3
0
0
1
2
0
2
0
0
3
0
1
0
0
3
1
0
0
0
1
0
2
0
0
3
0
3
1
2
0
4
0
3
0
0
0
0
0
4
0
0
0
0
0
3
0
0
0
0
0
0
2
0
0
0
0
0
2
0
0
3
3
0
0
2
0
4
2
0
0
0
1192
