../2_Decay/DataFilesGe/Decay/415122G2.TXTBackgroundRemoved 
0
0
0
0
0
0
0
0
0
0
0
0
0
0
0
29
0
11
20
28
22
35
9
4
20
35
55
211
16
27
64
24
29
14
31
52
2643
496
34
447
329
29
17
26
8
0
21
14
7
1
16
17
22
17
16
1
15
16
27
19
65
9
25
27
10
14
19
33
12
7
0
0
10
15
0
0
16
22
0
0
6
4
0
0
0
0
30
0
0
0
5
7
9
11
30
0
1
16
0
14
0
0
0
40
29
17
17
0
12
0
32
13
6
26
11
13
10
24
7
18
24
0
9
7
0
0
8
0
44
0
0
12
18
13
6
17
21
31
4
38
3
3
16
23
29
19
38
22
20
14
0
10
6
21
30
15
28
0
4
16
0
22
1977
1276
0
9
0
0
14
0
5
0
0
15
15
20
30
13
9
11
0
0
7
14
4
7
275
36
1
36
19
8
13
8
19
0
9
8
0
0
3
0
6
0
6
22
7
0
18
0
6
13
0
15
4
0
0
7
0
1
1
11
8
0
8
0
6
0
9
4
2
0
8
7
8
9
11
11
18
0
1
0
6
9
6
13
0
3
0
0
6
9
9
1
0
7
0
10
0
0
3
9
0
2
2
0
3
9
0
7
1
20
0
0
2
11
0
0
0
16
10
16
16
5
6
17
0
0
4
7
2
0
3
5
3
3
2
0
5
4
0
7
4
5
6
0
6
0
0
5
0
0
0
1
3
6
0
0
6
3
0
2
6
0
9
12
0
0
5
4
7
8
6
10
4
0
2
4
5
0
2
3
1
4
5
0
11
0
0
6
3
2
2
11
2
4
0
5
3
0
0
9
3
4
11
4
8
9
0
1
0
11
6
0
5
0
0
11
1
0
8
0
6
0
0
0
0
4
6
0
0
2
0
8
0
2
0
6
0
5
0
0
0
0
0
0
2
6
0
0
5
0
3
2
0
0
7
6
0
6
2
2
0
0
0
9
0
0
0
0
0
1
0
0
0
1
0
2
0
0
3
1
4
0
5
0
0
15
5
5
4
0
0
0
3
7
2
2
2
0
4
1
0
0
3
9
0
0
0
4
0
0
3
0
8
0
2
4
0
0
0
0
0
0
0
0
4
3
4
1
0
0
1
6
7
17
26
17
12
1
0
1
3
0
4
5
0
5
2
3
0
1
3
5
2
4
0
0
0
0
5
2
1
7
0
3
1
0
0
6
0
0
0
3
0
3
1
0
0
0
1
0
2
5
2
3
0
0
0
1
2
0
3
1
0
5
0
0
1
1
0
0
1
4
2
3
0
0
0
3
1
1
0
0
1
0
0
1
0
0
8
0
0
0
0
0
2
2
0
1
0
0
0
0
4
4
1
0
3
0
0
0
0
0
0
0
0
0
0
0
0
0
0
1
7
0
5
0
2
0
0
0
2
0
0
0
0
0
2
1
1
0
1
2
1
2
4
0
4
2
0
0
0
0
0
0
0
2
0
2
0
0
0
0
0
4
0
0
0
3
0
0
0
1
0
0
0
0
3
0
0
1
0
0
1
0
1
0
0
0
0
1
0
0
1
0
0
0
0
0
2
0
0
0
0
0
0
0
0
4
0
2
3
3
0
0
2
0
3
6
0
0
1
0
0
0
0
1
0
0
0
4
0
0
0
2
0
0
1
2
2
0
0
0
0
0
0
1
0
0
1
0
0
0
3
0
4
0
0
0
0
0
0
0
0
4
3
1
0
0
0
0
7
0
5
3
1
3
0
0
3
0
4
0
0
0
0
4
0
0
3
2
0
0
0
2
0
3
0
0
0
1
0
5
0
1
3
0
3
0
0
0
0
0
1
3
0
3
0
0
3
4
4
0
0
0
2
1
0
4
0
0
0
0
2
2
0
0
1
0
0
1
2
3
0
1
2
5
5
2
0
0
0
0
0
0
0
0
2
3
1
0
2
0
0
1
0
0
1
0
2
0
0
0
0
0
2
0
0
0
2
2
0
0
0
3
0
2
0
0
1
3
0
1
3
0
4
1
0
1
0
0
0
0
2
0
6
0
1
0
6
3
1
0
1
2
0
0
5
1
2
1
0
1
0
10
0
0
0
0
0
0
3
2
0
0
0
0
3
0
0
0
3
0
0
0
0
2
0
4
0
2
1
2
1
4
0
0
3
0
0
0
2
0
5
0
0
2
2
0
2
3
3
4
1
1
0
0
3
0
1
0
0
0
0
0
0
0
0
0
0
0
0
3
2
0
0
0
0
1
4
0
1
0
1
3
4
0
0
3
1
0
0
0
0
0
3
4
0
0
2
1
0
4
0
0
0
0
0
0
0
0
1
0
