../2_Decay/DataFilesGe/Decay/415132G2.TXTBackgroundRemoved 
0
0
0
0
0
0
0
1
1
1
1
1
6
8
43
2426
1402
1039
773
495
344
279
200
180
122
95
72
168
52
45
67
52
25
22
42
90
1516
291
42
270
202
8
23
13
10
1
5
28
25
25
20
15
17
2
4
6
17
12
24
18
46
36
29
16
12
1
17
23
28
11
7
11
23
6
0
0
13
21
21
6
44
37
15
15
15
15
29
30
39
23
26
43
35
71
59
13
28
28
31
31
27
33
33
24
24
13
19
19
6
3
10
14
14
31
4
37
0
1
12
1
24
10
40
16
34
19
19
9
36
10
12
29
13
30
3
27
29
40
40
19
29
20
5
25
39
28
23
19
23
46
23
28
13
15
17
14
7
7
44
186
150
66
729
706
10
18
2
26
14
9
9
18
3
14
24
24
22
18
1
0
0
0
28
30
35
19
106
36
36
12
32
1
0
15
29
5
0
13
17
7
3
3
3
3
9
5
7
15
22
7
16
5
5
26
16
12
1
11
11
11
11
11
11
5
19
4
4
0
6
10
2
19
13
17
5
15
26
5
2
2
10
10
3
8
7
14
14
14
12
10
2
16
13
10
4
2
6
8
7
2
2
11
3
5
5
8
13
1
0
0
14
9
5
12
3
1
12
1
0
13
6
3
21
7
3
13
14
2
10
6
2
2
15
11
12
8
8
8
0
14
14
0
5
4
4
2
3
3
3
10
10
14
14
3
1
1
6
9
4
12
20
2
2
4
0
3
3
3
10
17
17
3
2
14
14
3
6
10
4
13
11
4
4
5
1
1
1
1
1
2
6
4
4
6
8
4
1
4
4
0
0
9
2
9
10
0
6
6
6
2
2
4
0
3
2
8
5
5
5
0
0
0
9
9
3
3
2
2
0
0
4
2
11
11
2
3
3
3
4
3
3
3
2
2
9
9
3
5
5
3
8
3
6
7
7
3
6
2
9
7
7
7
7
7
7
5
0
2
2
2
0
0
0
3
3
0
0
0
0
0
0
0
0
0
0
0
0
3
12
2
0
2
5
5
0
3
3
0
3
2
2
5
5
2
0
9
9
3
8
8
4
2
2
2
11
11
2
2
2
2
1
0
6
3
2
2
1
3
8
8
4
7
3
1
1
5
7
10
8
2
2
2
3
3
5
3
6
1
4
4
7
5
7
1
5
5
5
5
5
5
3
2
0
2
0
1
5
4
4
4
4
4
4
1
4
0
0
2
4
4
2
5
0
1
1
2
0
0
0
1
0
5
5
5
5
5
5
0
3
5
0
1
1
4
5
5
5
5
2
3
3
1
1
3
3
3
3
3
3
1
0
6
0
0
0
6
3
2
2
2
4
3
3
3
3
3
3
3
5
5
4
4
4
0
0
0
4
1
1
1
2
2
2
0
0
0
1
3
3
3
2
2
1
1
1
0
7
7
0
0
5
0
0
2
6
3
3
1
2
2
2
5
0
1
1
1
1
0
0
0
1
0
0
0
0
4
0
0
0
2
3
1
1
1
1
1
1
1
5
5
5
4
0
0
1
8
8
8
8
8
8
0
0
0
0
0
0
0
4
3
3
3
1
0
1
2
2
2
0
6
1
1
5
7
0
0
0
2
2
2
1
2
2
1
1
1
0
0
1
2
2
2
2
3
2
5
0
1
1
1
0
1
4
4
4
4
5
1
1
4
3
3
0
3
3
2
2
3
2
3
3
1
1
3
3
3
3
5
1
1
1
1
8
6
1
0
0
3
3
3
0
1
3
2
0
0
3
0
0
1
1
3
3
3
3
3
3
3
0
1
0
0
3
1
5
0
0
5
5
5
0
0
3
3
3
2
1
1
1
1
1
0
0
0
0
0
0
0
0
4
0
2
2
1
0
1
0
0
0
0
2
0
2
5
1
0
0
0
0
0
0
0
4
2
2
0
4
4
4
2
2
2
0
6
4
1
1
3
4
3
3
6
6
6
6
6
5
1
0
1
0
3
0
0
0
0
3
3
3
3
3
3
3
4
1
1
2
0
0
1
3
3
3
0
0
0
2
2
1
0
1
1
1
1
1
2
2
2
1
1
1
0
0
2
2
1
0
0
1
1
1
0
3
2
2
5
5
1
1
1
1
1
2
2
2
2
2
1
1
2
1
1
1
1
1
1
1
1
1
1
0
0
0
0
0
2
2
0
1
1
4
1
2
5
5
5
0
0
0
0
0
0
2
2
1
1
1
1
1
1
1
1
0
0
0
0
0
2
0
0
2
5
5
1
1
1
1
1
1
3
3
1
3
3
1
2
5
0
0
0
0
0
0
0
0
0
0
0
1
1
1
1
0
0
