../2_Decay/DataFilesGe/Decay/415121G2.TXTBackgroundRemoved 
0
0
0
0
0
0
0
0
0
0
0
0
0
1
5
0
32
8
15
11
13
27
23
20
18
19
64
193
36
27
50
30
24
31
52
39
2879
560
31
449
349
18
21
10
0
13
1
0
0
18
20
29
3
2
10
1
16
0
1
24
36
6
0
24
20
8
0
17
22
7
3
4
19
0
0
1
4
0
0
0
17
5
27
0
0
0
0
20
11
0
0
0
18
4
11
14
6
4
0
0
0
27
0
24
14
3
42
21
5
26
7
26
17
0
27
17
0
23
0
23
0
17
36
0
19
2
1
7
0
14
17
19
13
28
20
24
13
9
33
15
17
3
2
7
22
30
13
1
4
20
17
12
22
0
1
28
28
13
0
22
24
17
1965
1411
0
0
1
23
29
4
0
11
0
11
20
24
5
26
5
11
9
0
0
20
0
17
281
36
1
58
34
14
0
20
13
0
0
0
0
10
0
9
7
0
11
18
0
0
2
4
1
0
13
10
11
3
0
0
19
8
0
4
0
7
22
0
0
0
6
4
0
11
9
9
0
14
0
0
20
0
13
0
0
18
11
9
2
0
5
2
8
12
7
13
4
12
6
15
0
0
10
7
0
6
4
14
0
0
4
0
4
12
0
10
0
0
3
9
0
3
11
5
10
9
9
5
0
0
0
0
6
5
0
3
11
0
5
4
7
2
0
9
0
10
2
6
0
6
7
0
0
12
0
4
0
5
7
0
8
5
0
2
3
8
0
5
0
6
12
0
3
6
5
2
0
0
13
3
0
0
0
7
8
0
14
6
0
0
2
8
4
4
1
0
0
7
0
3
11
0
5
0
0
4
5
7
1
5
1
3
0
8
3
0
11
0
2
5
2
2
0
8
1
0
6
0
0
2
0
2
0
0
11
4
0
0
0
0
0
12
0
3
1
0
5
0
4
0
0
0
0
1
3
10
0
4
3
5
2
0
0
0
0
0
0
0
0
0
0
1
1
4
0
0
0
2
0
5
0
1
4
5
2
0
0
0
5
2
3
7
0
0
0
0
0
0
0
0
3
1
1
2
6
1
10
5
3
3
0
1
3
4
2
5
0
6
0
0
0
0
2
3
2
0
0
0
0
1
0
4
1
1
3
0
5
12
26
33
5
4
2
0
3
3
0
1
0
3
0
2
3
0
6
5
0
0
1
1
4
0
3
2
1
5
5
0
0
2
1
0
0
0
1
1
0
0
0
0
0
0
1
0
0
0
0
1
2
0
2
0
3
3
0
2
0
1
0
0
2
0
1
0
2
0
6
0
0
4
5
3
0
3
0
0
3
2
0
0
2
1
0
1
1
0
0
0
2
3
3
0
4
0
4
3
2
0
5
0
3
6
0
0
0
3
0
0
3
0
4
0
2
0
0
0
4
2
0
2
5
2
0
0
0
5
0
0
3
0
0
2
0
2
0
0
4
0
0
0
0
5
4
0
0
0
0
0
0
1
0
0
2
4
1
3
0
4
0
2
0
0
4
0
0
0
0
0
0
0
2
0
0
0
0
3
3
1
4
0
1
0
0
2
0
0
0
0
1
0
1
0
3
3
3
0
0
0
1
0
0
3
0
3
2
3
0
0
0
4
0
0
7
5
2
1
0
2
0
3
3
2
0
2
0
0
0
0
0
1
2
1
2
2
2
0
2
0
3
2
0
3
2
1
4
1
0
3
0
1
2
0
0
2
0
0
3
3
1
1
0
0
0
0
0
2
2
1
0
0
0
0
2
0
0
0
1
0
0
0
3
0
0
1
1
2
0
1
0
0
0
4
0
0
0
0
0
1
2
0
0
0
1
0
0
0
0
0
0
2
0
0
3
4
0
0
0
0
0
3
0
0
4
0
0
0
2
3
0
0
0
0
0
2
0
0
0
0
2
1
1
3
0
0
3
2
0
2
0
0
0
0
3
0
0
4
0
0
0
0
3
1
2
4
0
3
0
0
4
0
1
1
0
3
0
0
1
4
3
0
0
3
2
0
0
2
0
0
5
0
0
0
0
3
0
0
0
1
0
0
0
0
3
1
3
0
0
0
0
0
1
0
0
0
0
2
0
4
1
0
0
3
1
2
1
0
2
0
1
3
0
0
2
3
6
1
1
0
0
0
0
0
0
2
0
0
0
0
6
0
0
1
0
0
2
0
2
0
0
2
1
0
2
1
0
4
1
0
2
0
0
0
0
2
1
0
0
0
0
0
0
3
0
0
0
0
2
0
0
2
0
0
2
0
2
0
0
0
2
2
0
1
1
0
0
0
1
1
1
4
0
0
0
0
2
0
0
2
0
4
0
0
0
0
1
0
