../2_Decay/DataFilesGe/Decay/415171G2.TXTBackgroundRemoved 
0
0
0
0
0
0
0
0
0
0
0
0
0
0
3
0
5
20
22
27
11
0
9
0
15
1
19
11
10
15
17
11
18
0
0
7
164
22
0
21
38
18
2
0
20
0
0
0
0
23
17
0
13
9
15
0
15
0
8
19
8
19
22
0
34
0
18
0
0
6
26
0
9
4
10
4
0
3
0
4
0
0
13
0
14
0
2
21
24
4
4
10
13
7
0
0
22
23
8
17
0
32
0
21
8
0
7
0
0
14
0
21
0
13
0
10
9
28
22
4
16
8
21
4
17
14
12
32
35
10
5
0
0
12
5
4
23
14
8
13
0
7
11
12
17
0
15
2
10
13
0
8
0
0
0
14
0
0
0
5
9
146
27
0
10
0
18
4
8
8
1
13
11
16
10
16
6
4
15
2
0
0
9
20
0
2
6
24
0
0
18
1
8
23
11
11
0
0
0
24
0
9
6
2
5
21
0
12
0
0
17
0
0
17
7
0
0
3
12
3
13
19
17
0
10
7
6
1
0
5
5
5
0
10
9
18
16
35
0
0
27
0
2
2
5
17
2
0
0
4
1
10
1
24
0
5
0
11
13
0
5
0
0
7
0
0
8
1
7
0
9
12
10
13
0
4
3
7
14
6
0
10
15
13
11
7
6
0
10
21
27
0
0
2
3
0
2
0
0
1
1
7
0
11
4
1
6
0
8
3
5
2
0
7
7
5
0
2
0
0
0
0
0
0
0
5
0
5
1
0
16
6
0
3
0
7
6
3
0
0
0
0
12
41
9
0
0
0
3
10
4
3
0
4
2
6
0
14
3
0
0
10
2
12
7
7
12
0
3
5
0
9
0
2
5
1
1
6
0
1
3
0
2
0
0
0
0
0
4
0
0
0
4
0
0
0
4
0
1
9
0
0
0
1
0
0
7
0
0
0
3
0
4
6
4
0
0
7
1
0
0
9
0
6
0
3
2
5
0
0
0
0
0
3
0
0
1
0
2
0
6
1
0
3
7
0
0
5
3
2
0
0
4
1
0
0
2
0
0
0
0
0
0
0
0
0
7
10
0
3
2
1
3
4
4
0
3
0
0
4
2
1
2
0
4
5
0
0
0
0
0
13
17
14
8
0
0
0
0
0
0
6
4
0
1
0
2
2
0
0
0
0
0
7
0
1
0
0
2
2
0
0
0
3
0
0
1
0
5
0
0
0
4
1
0
1
0
13
0
0
5
3
0
3
2
0
2
0
0
3
2
4
0
0
0
0
5
0
5
0
8
12
2
0
0
0
0
0
4
0
4
0
0
0
1
0
0
0
4
0
0
0
1
3
4
48
22
0
0
0
0
0
0
0
4
0
0
0
2
3
1
1
1
3
0
0
6
0
0
1
3
0
0
1
0
3
1
2
1
0
0
0
1
2
0
1
0
0
0
0
0
0
0
5
13
7
3
0
0
0
0
0
0
0
1
0
1
3
0
1
2
2
1
4
0
3
2
0
0
0
5
4
1
1
0
0
0
5
3
0
0
0
0
1
2
2
4
1
1
5
0
0
12
1
1
0
0
2
0
5
0
0
0
0
0
0
5
3
3
1
0
1
0
3
0
0
0
0
0
0
4
0
0
1
0
0
1
0
1
2
0
0
1
0
1
0
0
10
0
5
4
8
0
4
0
0
2
3
0
0
1
0
0
0
0
1
0
4
1
0
0
2
0
4
0
5
2
1
0
2
4
1
4
1
2
1
0
2
0
3
5
2
0
0
0
2
0
2
0
0
0
0
2
1
0
1
0
2
4
4
2
0
2
2
2
1
3
3
6
0
3
0
0
0
0
5
0
4
3
0
1
0
0
0
0
0
0
1
0
2
5
0
0
0
2
6
0
0
0
0
1
1
3
0
2
0
1
2
1
1
0
0
0
1
0
0
2
2
0
2
4
0
2
0
0
1
0
0
1
1
0
0
0
0
0
0
1
1
2
8
9
4
4
1
0
1
0
0
0
0
1
0
0
3
3
0
3
1
2
0
1
0
3
0
0
0
0
0
3
0
0
4
0
0
3
2
0
3
2
0
3
1
0
5
0
0
3
1
4
0
0
8
2
4
6
0
1
1
0
0
1
0
0
0
0
0
3
0
0
0
0
1
2
3
0
1
2
3
0
0
0
0
0
0
0
0
0
6
0
0
1
0
0
0
3
0
0
0
0
0
2
0
0
0
2
0
1
0
3
0
0
0
2
1
1
0
3
0
0
0
0
0
1
0
0
2
1
0
0
1
1
3
0
3
2
0
3
0
3
0
1
0
0
0
0
0
0
0
5
0
0
0
95
1019
