../2_Decay/DataFilesGe/Decay/415181G2.TXTBackgroundRemoved 
0
0
0
0
0
0
0
0
0
0
0
0
0
0
2
69
20
35
50
50
25
0
7
0
18
12
9
28
20
10
0
0
3
0
22
12
88
4
14
11
25
10
13
0
7
4
0
6
0
17
14
0
13
4
5
0
0
0
13
13
12
5
4
12
2
0
0
0
0
6
13
7
5
0
8
0
7
16
0
18
0
1
8
14
0
6
12
19
27
25
3
38
43
22
12
0
24
0
0
8
3
4
0
14
0
18
22
1
15
11
0
0
21
15
7
19
0
24
18
21
19
0
8
3
19
14
0
24
10
5
33
35
0
28
31
5
37
0
0
43
22
10
37
26
28
12
16
25
2
23
21
6
25
19
1
21
19
0
16
20
14
98
25
10
0
0
16
15
9
16
5
24
4
18
16
13
8
18
0
7
0
0
5
13
15
0
2
19
0
0
4
0
3
28
15
3
11
12
8
21
5
14
18
0
19
23
6
0
28
1
8
17
8
14
4
16
5
0
10
1
3
26
5
0
7
5
0
1
12
22
0
12
7
0
16
17
48
30
0
0
5
0
0
15
4
25
0
10
0
5
5
15
4
23
3
5
0
0
2
15
11
0
3
4
8
16
13
5
4
7
4
8
0
13
11
8
0
4
6
3
5
6
9
10
6
18
2
0
9
22
16
5
0
7
26
0
0
0
9
0
7
2
0
7
3
9
13
0
0
0
0
7
0
0
4
8
1
11
0
2
7
3
0
2
5
6
6
1
0
1
14
10
1
4
0
10
9
2
3
2
2
0
19
47
16
0
0
0
1
0
2
0
3
3
6
0
0
6
6
2
0
6
8
3
8
1
5
0
0
0
1
2
2
8
0
1
2
6
0
0
3
0
0
1
0
1
0
3
7
0
0
7
5
5
2
0
0
3
0
8
0
2
0
0
2
0
0
8
0
0
6
0
5
3
4
0
0
8
5
3
0
5
1
4
0
5
0
9
0
1
0
4
0
0
2
0
3
0
1
0
0
2
1
1
3
0
0
0
0
6
0
0
0
1
4
7
0
0
8
3
0
4
3
0
0
9
0
0
0
4
0
0
0
7
1
1
0
0
0
4
0
0
3
0
5
1
5
0
0
2
3
11
11
16
7
0
0
0
0
0
0
1
2
2
3
3
0
0
2
2
1
2
0
1
0
3
0
2
3
0
0
3
0
8
2
4
2
0
2
4
0
3
0
0
0
0
0
1
0
1
3
5
2
4
0
7
0
0
3
7
0
3
1
1
0
8
0
3
6
7
5
15
12
2
1
0
0
0
5
2
5
0
0
0
0
1
0
0
7
0
0
2
0
0
8
26
19
6
0
0
0
0
0
0
0
0
2
3
0
2
0
0
0
6
0
2
3
3
3
3
0
4
0
0
0
2
3
0
1
0
2
0
0
3
0
0
0
0
0
2
0
0
0
5
20
14
2
4
0
0
0
0
0
1
4
0
2
4
0
0
1
1
0
0
0
0
4
0
0
0
4
0
2
0
2
2
0
4
5
3
4
0
0
2
1
3
4
0
2
0
0
0
0
0
0
1
0
0
0
1
0
0
2
0
3
2
6
4
1
0
0
4
0
2
0
4
0
6
0
0
0
2
0
0
0
1
0
0
1
2
0
0
2
0
5
4
0
3
0
1
2
3
0
3
9
6
0
1
0
0
4
0
0
6
0
0
0
0
0
0
0
0
0
0
0
0
1
1
2
0
1
0
1
2
2
0
0
1
0
0
1
2
0
1
0
1
0
2
0
0
1
0
0
1
0
1
3
2
1
0
0
0
0
0
0
2
1
2
0
0
1
1
0
0
0
4
0
2
0
0
2
1
0
2
0
0
0
0
0
0
0
2
0
1
2
2
0
0
2
0
0
3
0
2
0
0
0
1
2
1
2
1
2
3
0
0
5
3
0
0
2
2
0
0
0
0
0
0
2
0
0
0
0
0
0
0
1
0
0
0
13
6
0
1
0
0
0
0
0
0
3
0
0
2
3
0
0
0
0
0
2
3
1
2
1
3
2
0
4
1
1
0
1
0
1
2
0
0
3
0
0
0
0
0
0
0
0
0
2
0
0
2
2
4
7
6
0
1
0
0
1
0
0
0
0
0
0
0
0
0
0
2
1
1
4
2
0
0
0
0
0
0
2
0
0
0
0
0
0
1
3
0
2
1
2
0
0
0
1
5
0
6
0
2
2
2
0
5
0
0
1
0
1
0
2
0
0
0
0
0
2
0
2
0
0
0
2
0
0
0
2
2
1
0
0
0
2
1
0
0
0
1
2
0
0
0
0
0
1
0
0
0
0
1147
