../2_Decay/DataFilesGe/Decay/415198G2.TXTBackgroundRemoved 
0
0
0
0
0
0
0
0
0
0
0
0
0
0
1
17
0
25
33
14
14
0
4
0
29
10
19
5
10
18
1
0
18
3
2
12
29
12
4
12
2
21
15
0
0
6
0
6
0
1
0
0
23
13
0
10
8
0
8
17
3
0
15
10
7
0
20
0
1
8
0
0
24
22
6
0
0
19
0
5
0
0
0
8
0
0
11
2
0
14
8
5
9
17
20
5
9
0
5
1
44
17
22
0
19
41
28
6
0
24
0
6
0
0
8
22
24
35
15
0
17
17
13
8
32
15
12
37
54
15
15
11
26
13
3
21
0
15
9
35
8
34
30
24
39
31
22
10
6
29
10
0
30
0
7
16
9
6
21
16
27
18
17
18
10
12
0
0
22
15
0
16
18
6
36
13
13
26
18
27
14
1
0
13
0
13
13
6
0
31
13
9
2
0
21
11
15
15
8
8
17
0
8
3
30
10
1
0
29
1
12
11
17
11
0
1
0
12
13
2
0
6
7
4
4
10
0
0
13
0
12
0
6
0
8
3
16
2
19
8
16
7
3
7
0
14
0
11
9
5
12
20
5
2
2
6
0
11
10
6
4
13
0
7
1
6
0
1
1
3
0
17
2
11
12
11
0
11
4
9
4
18
12
6
2
13
11
0
9
14
2
0
8
4
12
0
7
2
9
0
2
12
6
3
2
6
4
0
9
2
20
2
0
0
12
7
2
1
13
9
0
0
8
11
9
0
13
5
9
14
18
7
0
0
0
7
8
10
5
5
2
0
0
4
9
15
4
1
4
1
12
0
5
4
6
1
0
1
3
11
0
5
0
6
5
0
8
6
3
1
5
3
2
8
6
8
3
5
0
0
2
4
3
0
5
1
0
0
10
0
0
4
13
0
6
4
0
0
5
10
0
0
3
0
4
0
1
4
4
1
1
0
1
0
3
0
2
8
1
1
1
1
7
1
0
5
0
5
4
0
8
0
2
0
0
5
2
3
0
4
0
5
4
5
9
0
0
1
5
4
3
0
0
4
0
2
0
2
2
4
3
3
4
0
0
7
0
6
1
14
0
4
12
3
3
0
0
0
0
0
0
4
2
8
1
4
1
3
0
2
0
5
0
4
2
3
16
8
5
0
0
0
0
1
6
0
2
0
0
0
1
3
6
12
4
2
0
4
6
0
1
0
6
2
2
2
3
0
0
3
0
0
0
0
2
1
0
0
0
2
3
1
0
2
0
4
1
2
3
0
5
0
0
0
0
4
0
0
0
3
0
0
2
1
9
0
0
5
1
5
4
1
0
0
0
0
2
5
1
0
0
0
2
0
0
0
0
3
1
12
8
0
0
0
0
0
0
0
2
1
1
2
6
8
0
0
9
0
10
0
0
0
2
3
0
0
2
0
5
3
2
0
0
4
1
0
0
0
0
1
0
0
2
0
7
0
2
4
3
4
15
2
0
1
0
0
2
0
5
0
0
2
1
2
0
0
0
2
0
2
0
0
3
1
0
0
0
2
3
2
0
1
0
4
0
0
2
0
2
0
0
3
0
1
1
0
0
2
0
4
0
0
3
0
2
1
4
3
0
1
4
2
2
0
0
1
2
2
0
0
0
1
4
3
0
0
1
0
0
2
0
0
0
2
0
0
0
2
0
3
0
1
1
0
0
1
0
2
0
2
4
1
1
3
4
2
0
2
1
0
0
0
0
0
0
4
2
0
0
2
2
0
6
0
1
1
1
0
0
5
4
0
0
0
0
0
0
3
0
0
0
0
0
2
0
1
2
0
0
5
3
0
0
3
0
4
2
0
1
0
3
2
1
0
2
1
0
1
0
0
1
0
0
0
0
0
1
0
0
2
0
0
0
0
0
2
0
0
0
0
2
0
6
0
0
0
2
2
3
2
4
7
2
1
0
0
1
1
0
1
5
2
0
2
0
0
0
1
3
2
0
0
0
4
0
0
3
0
1
0
0
0
1
1
0
4
3
0
0
1
1
0
3
1
2
0
0
1
0
0
0
0
2
0
0
0
4
0
3
2
0
2
2
0
2
3
0
0
0
0
0
0
0
3
0
2
2
0
0
0
0
2
0
0
0
5
4
1
1
0
2
2
0
0
1
0
0
3
1
0
1
3
5
0
1
1
4
0
0
1
0
2
0
2
2
0
0
0
0
0
0
0
1
4
0
0
0
0
1
0
0
0
1
3
3
0
1
2
3
0
0
0
1
0
0
1
0
1
0
0
0
2
3
2
1
0
3
1
0
4
0
3
2
0
0
0
0
0
0
0
1
0
2
1
0
0
1
0
1
0
0
1
0
1208
