../2_Decay/DataFilesGe/Decay/415157G2.TXTBackgroundRemoved 
0
0
0
0
0
0
0
0
0
0
0
0
0
0
0
13
0
24
19
5
17
0
18
0
6
8
1
28
26
8
8
24
5
0
15
1
370
20
11
69
45
14
27
0
0
19
19
2
5
10
9
22
10
4
0
0
2
0
18
0
0
2
22
5
12
8
0
9
0
27
0
0
0
0
0
0
0
14
0
0
0
20
14
0
0
1
0
11
13
0
14
30
0
3
3
0
36
10
7
24
21
7
0
24
27
0
2
0
5
3
0
22
8
14
0
10
6
18
15
15
12
0
35
18
0
30
7
23
25
21
0
15
0
38
25
7
2
25
13
0
10
2
24
0
34
19
9
23
11
16
6
1
30
20
7
4
0
10
6
0
9
332
96
0
0
8
8
10
22
0
0
18
10
22
35
17
10
19
0
14
0
0
14
15
23
34
0
15
0
2
6
7
5
20
13
8
6
16
0
5
15
13
0
2
9
8
0
7
17
12
0
0
3
3
14
7
5
0
9
2
0
0
0
0
19
0
0
8
13
0
3
0
12
0
0
5
25
21
0
0
10
0
9
0
18
4
10
4
18
0
0
10
4
4
0
0
0
15
9
0
1
11
10
14
0
19
9
5
4
0
0
5
0
2
0
2
0
0
7
4
9
12
14
0
12
12
3
2
11
13
37
0
0
10
1
4
0
0
3
12
3
1
6
2
7
0
1
0
3
5
5
16
0
6
4
0
12
0
5
17
3
3
0
1
2
0
14
0
6
4
14
5
0
0
0
10
0
0
1
13
0
0
6
33
4
0
0
0
0
3
1
0
9
0
11
1
3
1
6
0
0
6
0
5
2
0
6
5
0
0
0
4
2
4
2
8
0
5
0
0
0
0
3
1
4
0
1
4
5
0
0
0
1
0
0
4
1
0
0
0
0
1
0
0
5
3
0
0
0
0
5
0
7
0
2
1
6
6
6
6
1
4
1
6
0
4
0
4
0
0
3
5
0
0
0
5
2
0
3
2
2
10
0
5
1
2
0
0
10
0
0
0
0
0
0
9
3
1
2
0
2
7
0
1
0
5
3
5
1
8
4
0
1
0
0
0
0
0
0
0
7
0
3
1
4
1
0
0
0
0
0
10
8
22
10
0
0
0
0
0
1
4
0
5
7
0
4
2
1
0
0
5
5
0
0
0
0
0
0
0
6
0
4
6
3
1
0
0
0
1
2
1
1
3
0
0
1
2
0
0
0
0
4
3
0
0
2
1
0
0
0
0
0
0
0
3
1
0
1
7
11
11
10
0
0
0
0
4
6
4
3
7
0
0
1
0
3
4
3
0
2
0
0
0
0
23
24
7
0
0
0
0
0
0
2
0
2
0
0
1
1
2
0
2
0
0
9
1
1
2
2
1
0
0
0
0
0
0
3
0
3
0
0
0
0
1
0
0
3
0
0
3
0
3
6
8
7
5
0
0
0
0
0
2
0
0
1
1
0
0
0
0
0
0
0
0
2
1
0
3
1
3
0
0
0
0
0
2
3
2
0
2
0
1
3
2
3
0
0
0
1
2
0
2
2
0
0
1
0
1
2
2
2
1
3
0
5
0
1
2
0
0
5
2
0
3
0
0
0
0
0
0
0
0
2
2
0
1
2
4
1
4
0
2
2
4
1
7
0
0
0
0
0
0
2
0
5
2
1
0
0
0
0
1
1
0
2
2
1
2
0
3
0
0
1
0
1
1
0
2
0
1
5
0
0
2
0
0
2
0
0
0
3
0
1
0
4
4
0
0
2
3
0
0
0
1
0
4
0
5
1
1
3
1
0
0
2
0
3
0
0
0
4
0
0
4
0
2
0
0
0
0
0
0
0
0
1
0
0
2
3
0
0
1
0
1
2
0
0
0
0
0
3
2
1
0
0
3
2
0
1
0
0
0
0
0
0
0
3
2
5
1
2
0
2
0
2
0
4
5
0
0
2
0
0
0
1
0
5
5
1
7
8
2
0
2
0
0
0
0
2
1
0
4
0
0
0
0
4
3
0
0
0
0
0
0
0
0
1
0
0
0
4
0
1
4
4
0
8
0
1
0
0
0
0
0
3
2
0
8
1
7
2
0
5
9
5
0
0
0
0
0
0
0
0
0
0
1
0
0
0
0
1
0
0
0
0
1
0
0
2
2
4
0
0
0
0
0
1
0
0
3
2
2
0
0
0
0
0
0
0
0
0
0
0
3
0
0
1
0
0
0
0
0
1
1
0
0
4
2
2
0
1
2
0
0
2
0
0
0
0
1
0
0
2
0
2
4
0
0
0
0
0
0
0
1
0
5
0
0
0
0
0
1137
