../2_Decay/DataFilesGe/Decay/415175G2.TXTBackgroundRemoved 
0
0
0
0
0
0
0
0
0
0
0
0
1
1
4
166
195
102
102
42
14
14
6
6
18
14
6
33
5
48
28
8
9
17
0
14
136
14
14
36
9
18
20
20
1
3
3
3
3
3
18
15
7
7
1
1
20
5
5
4
24
24
24
24
24
0
16
16
12
8
8
8
8
8
8
5
5
7
7
0
13
13
0
24
9
14
2
9
23
23
23
23
3
14
10
2
11
19
19
19
19
19
19
42
10
3
0
0
0
21
3
29
29
0
0
18
11
11
13
22
33
33
31
41
1
6
1
16
24
2
0
4
3
23
5
26
0
36
29
9
11
30
35
25
35
35
15
7
7
15
22
5
2
1
8
21
11
4
16
0
18
132
48
3
9
1
5
11
8
6
3
12
1
2
12
28
28
28
11
3
3
3
6
17
17
11
25
29
29
9
4
12
10
13
13
2
2
2
2
20
4
2
19
5
3
32
32
7
18
5
13
13
1
10
12
12
12
13
9
10
10
15
15
15
22
22
11
6
15
15
15
15
4
11
9
13
37
25
25
25
7
7
7
7
16
13
13
13
2
2
2
10
12
12
12
12
2
5
6
6
2
8
3
3
2
3
25
10
3
3
6
0
5
5
5
5
2
14
12
4
8
8
9
2
0
11
10
10
5
20
38
6
6
6
5
5
5
6
12
12
12
6
6
6
0
0
0
6
7
3
7
7
9
2
6
9
3
0
0
6
7
9
0
5
7
7
3
0
5
2
13
6
6
6
6
6
0
0
2
6
6
7
16
34
4
4
4
4
1
1
9
0
0
7
0
2
2
4
4
4
4
6
6
13
2
4
5
4
4
4
4
9
9
11
4
4
3
3
3
3
5
1
9
9
8
8
8
8
2
2
4
4
4
1
1
7
7
7
6
2
6
7
7
7
3
3
1
1
1
1
3
3
7
2
2
1
8
6
6
6
0
3
5
0
0
2
5
0
0
0
0
0
5
5
5
3
3
3
2
0
3
3
3
3
2
4
4
7
4
0
0
0
0
0
5
3
1
4
3
3
2
2
2
0
10
4
3
1
0
6
2
2
2
2
0
0
0
0
2
2
3
1
2
2
2
1
11
2
2
2
2
14
9
17
5
5
5
5
5
5
3
1
0
0
0
1
1
1
3
1
0
3
3
3
1
1
3
2
2
2
2
2
2
0
1
1
1
4
4
4
4
3
3
3
4
4
4
4
4
0
5
5
2
2
2
2
2
2
2
2
5
5
2
2
0
2
2
8
6
1
10
16
4
0
0
0
0
0
5
8
0
2
0
1
0
0
1
6
6
2
2
0
0
2
10
35
23
4
0
0
0
0
0
0
0
0
2
2
8
0
0
8
8
8
8
0
2
6
2
2
2
1
1
1
1
1
0
0
0
0
2
3
2
2
0
0
0
0
1
3
3
1
0
7
12
15
5
1
0
0
0
0
0
2
2
2
2
2
2
2
2
0
1
1
1
6
6
6
0
0
4
1
1
0
2
6
6
1
2
2
4
4
0
0
1
1
3
1
1
0
0
0
0
0
0
0
2
2
4
4
3
1
1
0
2
1
0
4
1
1
1
1
0
0
0
0
2
2
3
3
0
1
1
1
1
4
1
2
7
7
0
4
4
4
4
3
0
0
0
3
3
0
0
0
0
3
7
7
7
2
4
4
4
4
0
0
0
3
1
0
0
4
4
4
3
3
5
0
1
1
2
2
3
3
0
2
2
3
3
3
3
1
4
4
4
0
3
4
4
4
4
4
3
3
0
0
0
3
4
0
0
0
2
2
2
5
3
3
1
1
1
1
2
1
1
2
2
0
0
0
2
3
3
1
1
1
0
1
1
2
8
8
0
1
1
4
0
0
0
0
0
0
1
2
2
2
2
0
5
6
3
2
0
1
1
2
1
0
0
2
0
0
1
1
0
1
3
3
2
2
3
3
3
3
0
0
12
12
8
6
7
1
1
3
3
3
3
3
3
3
1
0
1
0
0
0
0
4
4
4
4
0
0
4
4
3
3
1
1
1
1
1
4
4
1
1
1
3
0
3
2
2
2
2
2
2
1
1
1
2
3
0
1
3
6
5
2
2
2
2
2
2
2
1
3
3
3
6
6
6
1
2
6
6
4
4
1
0
0
2
2
2
2
2
0
0
0
1
1
1
0
1
1
1
1
1
2
2
2
0
0
0
0
0
0
0
0
0
0
0
0
0
1
1
1
1
0
1
1
2
4
4
4
4
4
4
0
0
0
4
3
0
0
0
6
0
2
1
1
1
1
1
1
1
1
4
4
4
7
0
0
0
649
453
