../2_Decay/DataFilesGe/Decay/415144G2.TXTBackgroundRemoved 
0
0
0
0
0
0
0
0
0
0
0
0
0
0
0
8
16
18
13
6
6
12
21
21
21
2
35
74
5
34
12
4
25
5
7
14
688
200
10
109
100
17
14
1
14
13
11
9
9
14
20
20
24
5
13
13
22
15
15
12
7
7
10
5
2
2
14
32
32
23
9
9
12
9
9
5
5
17
17
17
8
8
8
14
14
14
14
14
33
31
31
31
24
24
24
24
17
17
14
14
7
26
26
20
12
12
22
22
22
3
12
12
9
18
17
9
9
27
27
27
22
15
19
10
4
17
17
14
45
27
24
7
7
27
27
23
23
23
2
14
27
24
46
29
15
7
0
0
24
25
6
6
11
11
10
27
5
1
15
25
13
29
453
485
11
23
16
16
1
9
17
0
3
12
45
19
12
27
4
0
8
8
24
24
24
7
65
23
23
10
13
9
13
11
15
10
10
10
3
1
1
7
7
7
8
12
4
2
21
3
8
3
1
20
20
1
3
5
0
0
0
16
0
3
11
12
12
12
9
8
12
4
1
15
11
2
9
9
10
10
10
26
0
4
15
1
2
3
12
7
9
9
8
6
1
3
9
4
3
0
14
7
6
8
1
4
4
4
8
4
4
10
10
2
2
0
0
3
0
9
9
7
12
13
14
3
12
7
0
6
1
3
12
11
19
1
1
2
7
7
7
6
5
10
10
2
1
1
1
10
10
3
0
10
4
4
4
6
2
10
3
2
2
6
12
8
6
3
2
0
0
6
8
8
8
7
7
2
3
8
8
0
2
4
4
4
15
5
5
5
10
0
0
16
16
16
16
0
0
4
4
6
6
1
0
2
10
11
4
4
4
0
2
0
4
4
1
9
9
9
9
6
6
6
4
4
2
2
2
2
1
0
3
5
5
2
2
1
5
5
5
5
1
1
1
2
5
3
2
3
6
2
3
10
10
0
3
14
14
14
2
2
2
2
3
3
1
5
5
5
5
5
1
1
6
6
1
0
2
2
3
5
0
3
1
1
1
5
11
3
1
1
1
3
4
6
6
6
6
3
3
3
2
1
3
6
1
0
3
0
7
5
0
0
0
3
3
4
4
2
5
5
2
0
0
0
0
0
1
1
2
0
2
2
2
2
4
10
8
8
0
0
3
0
3
0
0
0
1
1
1
2
6
1
1
1
2
2
2
2
2
2
2
0
3
3
3
7
0
1
1
1
1
1
1
1
3
2
0
1
0
0
0
0
0
3
4
4
4
1
1
7
1
6
6
3
3
4
0
0
1
1
4
3
5
5
5
2
1
2
2
0
1
1
0
0
0
0
0
8
0
0
0
0
0
0
1
1
1
3
7
10
4
4
9
5
4
4
1
1
2
0
0
0
0
0
0
0
0
0
0
0
0
2
2
4
4
4
0
3
3
3
3
0
0
0
0
0
0
1
1
1
1
4
0
0
0
0
0
0
10
10
1
6
2
0
0
0
0
0
0
0
1
1
1
1
0
3
3
3
4
4
0
3
1
0
0
0
4
4
4
0
2
5
7
3
3
1
2
2
1
1
1
1
4
4
4
4
4
1
5
3
3
3
2
0
1
4
4
3
0
0
1
5
1
0
0
3
0
0
5
0
2
4
4
1
0
0
3
3
3
3
3
3
2
1
1
1
1
2
2
3
3
3
3
8
3
3
3
0
0
0
0
0
2
2
2
2
2
2
2
2
2
2
2
0
0
1
0
0
1
0
0
1
1
0
0
0
0
0
0
3
0
0
0
0
0
0
0
1
2
1
0
0
0
4
2
2
2
2
1
1
3
3
3
3
3
5
2
2
1
1
1
0
0
3
3
3
3
0
2
2
2
2
2
2
3
0
0
4
3
3
3
3
3
5
1
1
0
0
1
1
2
5
5
2
2
1
1
4
0
0
0
2
2
1
1
1
1
2
1
1
1
1
1
1
1
0
1
0
0
0
0
0
0
0
4
4
0
0
0
2
3
2
3
3
3
3
3
5
5
5
3
2
1
1
1
1
1
0
3
0
0
3
2
1
0
0
0
0
0
0
0
0
0
0
0
0
1
1
3
4
4
0
0
0
1
0
0
0
0
0
1
2
1
3
2
4
4
4
3
3
6
6
1
1
2
6
6
6
6
1
1
5
5
1
5
0
0
0
0
0
0
0
0
1
1
1
2
1
1
2
3
2
1
6
6
6
6
2
2
2
2
0
3
3
3
3
1
4
4
2
2
2
3
3
1
1
1
1
3
0
0
1
1
0
0
1
1
1
4
1
2
2
2
2
1
1
1
1
1
1
1
2
2
2
2
2
3
3
3
3
3
1208
