../2_Decay/DataFilesGe/Decay/415196G2.TXTBackgroundRemoved 
0
0
0
0
0
0
0
0
0
0
1
0
2
0
5
2
17
17
17
4
39
15
18
7
20
0
3
20
0
7
21
8
11
0
9
17
34
16
0
0
26
0
20
4
9
1
5
8
0
4
10
12
0
0
9
0
6
0
0
6
42
23
21
6
31
6
4
15
2
0
0
18
39
12
14
0
0
12
0
12
0
19
0
10
0
0
16
14
10
13
1
11
10
18
0
9
7
19
0
23
4
24
0
32
20
8
46
0
22
2
2
13
29
21
2
10
25
23
4
18
0
12
23
32
25
8
0
27
46
2
17
26
12
20
0
21
2
22
33
10
21
34
18
9
9
29
17
27
30
12
0
0
15
0
40
22
31
11
8
17
4
37
43
29
5
20
12
11
25
10
4
23
5
27
31
19
12
3
1
6
28
2
13
11
3
3
7
23
4
45
1
2
0
27
15
4
13
8
4
8
3
8
6
1
12
12
0
6
19
15
19
10
3
21
3
3
3
0
1
1
0
0
5
2
3
16
0
9
9
8
10
11
13
15
8
16
2
7
16
0
15
13
3
4
10
10
0
6
27
15
13
12
10
5
1
2
15
0
11
4
9
3
0
3
0
0
1
10
3
9
3
7
5
8
0
5
9
5
5
0
8
6
15
5
2
3
6
5
5
1
0
5
13
8
5
0
1
6
5
0
0
0
3
9
0
13
0
1
6
10
2
13
0
4
8
1
0
0
12
11
8
0
0
0
11
1
0
4
16
2
2
0
0
13
2
0
10
4
0
9
4
3
3
0
4
10
0
4
2
9
4
0
7
3
3
8
2
0
0
4
0
7
1
0
5
6
11
0
1
6
1
0
5
0
0
0
0
6
0
0
0
4
11
9
0
1
4
0
8
0
0
4
7
0
4
6
0
0
0
0
2
0
0
2
1
12
0
9
1
0
13
0
7
3
4
0
0
4
9
0
4
2
2
0
0
0
0
5
0
0
3
0
3
0
0
0
1
1
0
9
0
2
4
1
3
0
0
4
6
2
3
1
0
0
3
3
0
0
0
2
1
1
11
0
6
9
0
0
2
3
1
2
3
0
4
0
0
0
0
0
11
1
0
7
0
0
0
10
0
2
0
0
2
2
0
2
15
9
15
2
3
0
1
0
0
4
3
0
2
0
0
1
0
8
0
7
2
0
5
2
8
1
0
5
0
0
3
4
6
2
0
5
5
4
0
0
0
3
0
0
8
2
1
0
0
2
0
0
1
0
0
0
2
6
0
0
7
0
0
3
2
7
0
1
1
9
2
2
6
2
7
0
1
1
3
3
3
0
0
0
0
0
0
0
0
4
1
6
0
5
11
5
3
1
8
0
1
3
2
2
0
0
2
3
0
1
4
1
2
0
1
0
3
3
0
0
3
0
1
0
2
0
0
0
0
3
3
1
5
0
0
0
0
2
4
7
2
0
6
0
9
1
0
4
0
0
2
5
1
0
0
1
1
2
0
0
1
0
0
2
0
0
1
6
3
0
0
0
4
0
0
7
0
2
2
3
1
0
0
0
1
0
0
0
0
0
0
4
0
5
1
0
3
0
3
0
0
1
0
1
5
4
3
1
0
0
0
2
0
0
0
0
0
4
0
0
0
0
4
5
0
0
0
0
1
0
0
1
0
0
0
1
0
1
2
0
1
0
0
6
2
2
0
1
0
3
0
0
0
2
0
1
0
0
0
2
4
0
0
1
0
0
3
3
0
0
3
0
0
2
1
0
0
0
0
0
0
1
0
0
0
1
0
0
2
0
3
0
0
1
0
2
6
0
0
3
1
5
0
4
2
1
0
0
0
5
1
0
0
0
4
0
0
4
0
0
1
1
0
1
3
0
4
1
0
0
0
0
0
0
3
2
0
1
0
0
1
0
4
0
4
3
4
0
0
0
1
2
0
1
5
1
1
1
0
0
7
0
0
0
0
0
0
0
1
0
1
0
0
0
1
2
0
2
0
4
4
5
1
0
1
0
0
0
5
0
1
3
1
1
2
1
0
0
0
4
4
0
1
0
0
0
3
0
2
0
0
1
1
0
0
2
1
0
0
1
0
0
2
0
0
0
1
0
0
1
1
0
0
1
0
0
0
0
9
0
2
1
0
0
0
1
2
1
0
0
1
0
1
0
0
2
0
0
0
1
0
2
0
2
2
1
0
6
4
0
0
0
2
1
0
0
1
0
0
0
0
1
2
2
0
1
0
0
0
0
0
0
0
2
5
0
1
3
0
0
5
0
2
2
0
5
0
1
0
4
0
3
0
0
0
0
1
1
0
0
1
0
3
2
1
2
0
1237
