../2_Decay/DataFilesGe/Decay/415127G2.TXTBackgroundRemoved 
0
0
0
0
0
0
0
0
0
0
0
0
0
2
1
81
0
15
21
27
36
3
28
0
16
10
31
161
16
12
43
11
15
9
32
50
1873
417
15
317
273
25
21
15
3
4
0
0
1
9
0
29
0
17
14
0
8
19
4
28
47
42
23
18
28
12
6
0
1
5
0
0
6
0
0
12
0
3
0
20
0
20
0
0
0
0
14
6
10
11
8
3
0
22
9
0
8
14
0
0
0
2
0
0
16
11
27
0
15
0
17
26
0
4
21
19
15
26
0
0
6
0
28
0
7
0
0
4
42
0
7
19
19
4
10
30
36
7
12
17
15
32
0
8
1
29
17
2
7
20
8
0
22
17
13
17
7
0
0
3
18
11
1160
1253
7
0
0
0
0
10
27
2
19
15
5
18
17
13
21
15
8
0
0
24
11
20
161
51
0
36
28
6
0
28
13
4
7
8
21
4
4
0
0
0
16
15
0
4
12
0
2
0
10
22
0
3
0
0
12
0
0
22
0
0
10
0
0
1
0
3
5
0
5
5
0
9
9
9
20
15
0
0
18
0
4
10
7
0
5
0
0
4
6
9
0
6
4
3
0
0
14
6
0
2
1
2
0
4
10
2
12
16
0
1
1
5
0
12
0
4
3
17
17
7
0
4
2
11
10
0
3
0
0
2
12
3
3
0
2
0
3
0
3
0
10
6
0
1
8
7
7
10
0
13
0
0
1
0
7
0
3
5
2
0
3
3
6
0
1
0
9
4
7
3
1
0
3
4
4
2
0
0
2
1
4
0
0
0
5
4
0
4
1
1
8
11
0
11
5
4
0
12
0
2
0
0
0
5
9
0
0
0
0
0
5
0
0
0
0
0
5
2
0
3
9
0
6
0
6
0
3
0
0
0
2
3
3
0
0
5
2
3
0
0
5
4
5
0
0
0
0
0
0
0
0
0
1
8
3
2
2
1
0
4
0
2
5
0
0
0
0
3
0
2
0
0
0
0
2
5
4
1
0
3
0
0
1
0
0
0
3
3
0
3
4
5
2
3
0
0
9
11
3
1
0
1
2
0
2
1
0
0
4
0
8
0
0
5
0
0
4
4
2
1
0
0
0
0
0
0
4
0
0
0
3
5
16
18
22
4
2
0
0
0
0
3
1
8
1
3
0
0
3
5
4
3
0
1
3
0
9
3
1
2
4
3
1
0
0
0
0
0
2
1
5
0
1
0
0
2
8
0
4
3
0
0
1
0
0
0
0
6
5
0
5
0
0
6
6
4
1
0
0
0
4
2
5
0
3
0
0
2
0
0
0
0
0
0
0
0
0
0
5
0
1
1
2
0
0
5
6
5
1
0
2
0
0
1
0
0
2
0
0
0
0
0
0
6
0
0
0
1
3
0
4
0
0
3
1
0
0
1
2
1
0
0
2
0
1
0
0
0
0
0
1
0
2
0
0
0
0
1
0
0
4
2
0
5
0
0
0
0
0
0
0
0
3
0
0
0
1
1
0
0
2
1
0
0
3
3
0
1
0
5
0
2
0
8
0
0
0
0
0
2
0
0
0
0
0
0
0
0
0
0
5
0
0
5
4
6
3
2
4
1
0
1
4
0
0
0
0
0
2
1
1
1
1
4
2
0
0
0
1
0
0
3
0
2
0
0
0
1
5
0
0
0
1
1
0
0
0
0
0
0
3
0
7
0
1
1
0
0
1
0
0
3
3
4
2
2
2
4
4
4
2
0
0
2
1
0
3
0
0
2
0
0
0
3
0
0
0
6
1
0
0
1
5
3
0
0
0
0
0
2
0
0
0
3
0
0
0
3
2
0
0
1
0
0
0
0
5
5
0
0
0
5
0
0
0
1
0
5
1
0
0
1
2
0
0
5
0
0
4
0
0
0
0
2
4
0
3
2
5
1
0
0
0
0
2
4
1
1
0
1
0
0
0
0
0
0
0
0
0
0
0
2
2
1
0
0
0
1
0
1
0
4
5
2
0
6
6
0
0
0
0
0
0
0
0
2
0
0
0
2
0
0
0
0
0
0
2
3
0
0
1
0
1
0
0
4
0
0
0
0
0
0
0
0
2
0
0
1
2
0
0
5
1
0
1
1
3
0
3
0
2
0
0
2
2
1
0
6
0
1
0
2
0
3
1
1
1
0
1
2
0
0
0
0
1
1
4
0
1
5
2
0
0
2
0
0
1
0
0
0
0
3
0
0
0
6
2
3
0
0
1
0
2
0
0
0
3
0
0
0
0
2
0
0
1
3
0
7
0
1
0
0
0
1
0
0
0
0
2
2
0
0
0
0
2
0
0
2
1
0
