../2_Decay/DataFilesGe/Decay/415185G2.TXTBackgroundRemoved 
0
0
0
0
0
0
0
0
0
0
0
0
0
0
1
8
5
16
11
26
0
9
6
3
2
0
11
14
0
0
13
0
13
4
13
0
72
12
2
13
17
14
25
0
0
5
18
10
15
18
15
0
12
11
8
0
1
0
13
0
3
25
16
0
23
7
14
23
0
3
13
0
32
6
0
5
7
5
12
9
6
4
7
0
0
9
23
6
11
2
18
3
2
2
0
0
15
9
10
4
0
0
0
31
0
0
21
8
16
35
8
8
53
4
32
20
17
11
7
0
20
12
19
20
4
13
0
17
19
0
0
23
4
0
11
20
12
30
23
16
2
18
16
3
26
23
0
1
14
15
9
0
0
0
11
13
10
16
18
5
14
75
22
2
16
0
18
0
1
14
25
9
16
8
29
21
15
2
27
15
0
0
15
5
0
1
17
16
0
0
13
4
3
13
3
0
12
6
0
7
0
0
6
3
8
9
0
11
8
16
11
0
8
11
4
6
5
7
0
6
0
17
16
3
17
13
0
0
0
0
5
0
6
19
6
12
54
19
0
0
23
0
0
0
14
3
0
4
0
0
0
21
7
0
2
0
0
0
0
0
0
1
0
7
3
0
16
14
1
7
0
21
1
9
0
13
9
7
2
9
2
11
7
12
0
14
15
0
8
31
15
6
0
0
0
1
0
2
2
0
2
14
11
4
0
0
0
0
15
1
0
2
0
4
11
0
0
0
2
16
6
2
3
1
0
7
0
0
8
0
10
8
0
5
0
0
3
1
1
0
0
5
12
38
2
0
0
0
1
2
2
2
1
0
0
8
0
9
2
0
0
8
0
3
7
2
4
0
1
0
0
2
8
15
0
1
5
3
0
3
0
0
3
0
3
0
0
4
4
0
6
3
7
6
0
3
0
1
6
5
0
0
0
0
6
0
7
4
0
2
0
0
5
0
2
1
7
8
1
0
5
0
0
4
0
0
4
2
0
0
5
0
4
1
0
2
6
0
0
0
13
5
3
0
3
0
0
0
11
7
0
1
0
0
4
9
3
2
0
8
0
0
3
0
0
1
1
3
0
2
2
6
0
0
2
2
0
3
0
0
1
3
6
0
0
2
0
0
0
1
5
5
15
21
6
0
0
0
0
0
0
0
7
0
0
5
0
1
2
3
2
0
5
3
4
0
6
0
0
0
1
0
3
0
0
0
2
2
0
1
6
1
2
0
0
0
2
2
0
3
2
2
0
2
0
0
0
2
0
0
0
6
4
2
3
0
5
0
1
4
9
7
8
0
0
0
0
0
7
4
0
0
1
0
0
0
0
0
0
0
0
0
2
0
4
38
23
1
0
0
0
0
0
0
1
0
0
1
2
1
3
1
2
9
0
0
3
0
1
0
2
0
1
0
0
1
8
1
0
0
1
2
0
7
0
0
0
0
0
5
0
0
0
4
19
20
0
3
1
0
0
0
0
3
1
2
2
0
0
0
0
2
1
0
2
2
0
5
3
6
1
1
1
0
2
0
0
0
0
4
0
1
0
0
4
0
1
0
0
0
0
0
1
0
0
0
0
0
0
0
9
1
2
0
0
0
6
1
0
4
0
2
0
7
0
3
0
0
1
0
0
0
0
0
0
1
0
0
0
0
0
0
0
4
0
0
0
0
0
0
3
1
0
0
1
2
4
1
0
2
6
2
0
2
0
0
0
0
0
0
3
4
0
0
0
0
6
0
1
3
0
5
1
2
0
0
0
0
0
0
2
3
0
3
1
4
4
0
0
0
0
0
3
0
1
0
1
5
0
0
2
0
2
0
0
1
0
2
0
0
2
0
3
2
2
1
0
1
0
0
2
1
3
3
0
0
2
2
0
4
1
2
0
1
2
2
0
0
0
0
0
2
4
2
0
1
0
5
0
1
1
2
5
2
0
0
0
5
0
0
0
0
1
1
0
0
3
0
5
1
0
0
1
0
0
0
3
0
6
9
8
5
0
0
0
6
0
0
0
0
0
0
0
2
6
0
0
0
2
0
0
0
1
0
0
0
0
0
0
0
0
0
1
0
2
2
0
0
2
0
2
2
2
0
0
3
1
1
2
2
0
3
1
5
3
3
4
1
0
0
2
0
0
0
0
0
0
0
0
0
4
4
1
0
5
0
0
0
1
0
1
0
0
0
1
0
0
0
0
0
0
1
0
3
0
1
0
0
0
0
0
3
0
0
0
0
0
0
0
0
0
0
0
2
0
0
4
1
1
2
2
0
0
1
2
2
1
1
0
1
1
0
0
0
0
0
2
2
2
0
0
3
1
1
0
0
0
4
0
0
0
0
0
1085
