../2_Decay/DataFilesGe/Decay/415168G2.TXTBackgroundRemoved 
0
0
0
0
0
0
0
0
0
0
0
0
5
1
144
4087
2523
2583
1289
465
242
108
59
47
19
16
32
42
16
6
17
6
10
0
10
114
105
18
48
41
41
20
16
0
30
11
23
0
10
15
33
22
12
30
14
17
42
0
8
21
21
4
50
15
24
3
23
26
27
31
0
24
9
0
7
0
0
24
0
36
1
44
24
9
21
5
32
22
26
4
2
8
35
34
26
34
13
4
12
8
15
25
0
31
28
38
14
25
5
19
8
46
26
14
30
26
3
13
23
27
23
13
33
39
10
8
12
14
11
32
12
26
15
10
24
11
26
18
0
21
12
22
45
25
39
8
47
21
34
11
0
21
13
7
13
4
39
168
31
6
28
49
7
0
4
0
1
10
15
20
11
40
13
8
7
2
31
14
9
0
5
8
13
11
0
12
19
8
0
17
8
3
0
24
18
19
0
16
0
8
0
0
7
11
7
10
19
0
7
0
8
6
18
10
1
3
21
14
1
0
0
28
6
13
8
2
1
8
0
11
35
17
11
18
0
14
8
0
0
0
5
0
0
0
9
17
7
3
0
0
0
3
1
9
0
1
8
0
3
14
4
0
7
2
3
6
0
9
0
0
9
8
2
17
13
0
9
2
0
18
0
17
23
17
0
20
12
0
0
5
15
0
0
4
0
0
7
4
3
10
6
4
4
13
7
9
0
0
7
6
12
0
4
2
13
0
0
2
0
7
6
15
13
0
4
9
1
5
7
3
11
8
1
12
12
9
0
0
0
1
0
0
4
8
0
0
0
0
0
0
6
0
0
1
0
0
0
1
1
3
0
0
2
0
5
0
5
7
3
6
0
1
4
3
10
2
0
12
9
2
1
2
6
0
0
3
11
2
0
0
1
4
7
0
0
9
4
0
0
0
0
0
0
4
0
0
0
6
0
0
4
0
8
3
1
14
6
7
0
0
1
3
5
11
4
0
0
2
0
4
0
0
0
2
4
6
1
0
5
1
2
0
6
4
0
0
2
10
9
0
0
0
3
0
0
2
2
2
2
3
0
0
0
1
4
2
3
6
3
3
0
1
0
1
6
0
2
2
5
5
12
1
2
0
0
3
0
0
3
0
0
2
2
8
2
0
0
0
0
0
0
3
5
4
3
3
1
0
3
2
1
2
9
5
1
1
0
0
0
0
5
0
1
3
3
0
1
3
4
0
6
1
2
0
0
0
0
1
0
3
1
4
2
1
12
14
0
2
1
2
4
0
2
3
0
0
0
0
2
4
0
9
4
0
4
0
0
0
11
17
5
11
1
4
0
0
3
2
0
0
0
0
0
0
0
5
5
2
2
0
0
0
0
3
3
6
2
2
2
2
4
0
0
0
0
0
3
0
0
0
0
0
0
0
0
12
10
12
6
1
5
4
0
0
0
0
2
0
0
0
0
0
0
0
11
3
2
3
0
0
0
0
0
0
1
1
1
4
0
1
0
0
0
5
0
6
3
2
1
0
1
1
0
0
0
0
0
0
10
0
0
0
0
2
0
1
2
0
1
0
4
0
1
0
2
0
0
0
2
2
1
0
2
0
0
1
3
5
0
9
4
0
1
0
0
1
0
0
0
0
3
0
0
3
0
2
0
0
0
0
0
0
0
0
4
1
1
2
0
2
3
5
0
0
0
3
3
0
0
0
5
1
0
0
0
0
2
1
2
0
0
4
0
0
1
1
2
0
0
2
0
0
4
2
3
0
0
2
0
0
0
1
1
0
0
0
0
1
0
3
5
1
2
0
0
0
0
0
4
0
0
0
0
1
5
0
0
0
1
0
1
0
3
0
3
3
0
5
0
0
2
2
0
1
3
1
0
2
0
0
1
2
2
0
0
5
0
0
0
0
0
0
2
0
2
1
1
0
4
2
0
0
0
0
3
7
3
2
0
0
0
0
0
1
0
0
0
3
7
3
2
1
1
0
0
4
0
0
0
5
3
0
1
0
0
0
0
0
0
0
0
0
0
1
1
0
2
2
0
1
0
0
0
2
7
5
4
2
5
0
4
0
2
2
3
1
3
0
2
5
0
1
0
0
0
0
2
0
1
0
1
2
1
3
1
3
0
0
0
2
0
0
0
0
0
0
0
5
4
2
0
0
0
4
5
0
2
0
0
2
0
0
3
1
0
0
0
0
1
0
2
0
6
0
2
2
0
0
1
0
0
2
0
0
0
3
0
4
0
0
0
2
0
0
0
0
1
0
0
0
0
3
2
0
0
0
0
0
0
0
1
0
0
1
0
0
6
1
2
0
0
0
0
1
1
0
0
0
0
5
0
1
30
1181
