../2_Decay/DataFilesGe/Decay/415187G2.TXTBackgroundRemoved 
0
0
0
0
0
0
0
0
0
0
0
0
0
3
3
94
81
97
113
34
22
8
9
0
22
21
10
14
8
10
18
0
0
11
19
24
64
0
3
27
18
0
10
4
0
0
9
1
1
7
0
9
12
0
10
0
0
11
3
0
14
0
14
0
5
14
20
13
1
0
7
5
25
19
0
0
15
0
5
4
1
25
39
30
0
6
5
0
28
0
6
0
23
14
15
0
21
0
10
28
8
13
0
45
5
25
27
12
14
0
15
0
2
11
0
1
27
18
0
4
33
0
25
10
24
17
0
32
2
42
13
34
0
27
7
29
35
17
17
6
0
12
21
0
20
23
7
14
12
0
0
35
3
17
21
4
13
25
3
24
8
63
23
10
8
6
3
4
19
11
0
44
3
28
20
4
8
11
5
3
3
11
0
29
0
0
9
9
8
16
0
0
2
22
26
19
24
6
7
11
26
0
8
4
28
25
0
8
5
4
25
0
1
0
0
0
3
5
13
0
4
16
0
3
24
0
0
2
0
8
1
0
5
12
0
19
32
18
0
0
13
0
8
11
0
6
1
9
6
0
6
1
16
23
2
5
4
0
0
0
0
6
1
2
5
6
7
4
0
4
1
17
0
13
10
1
0
7
3
2
1
3
17
11
4
22
0
2
0
7
24
3
0
0
14
7
0
0
0
5
0
4
0
0
11
0
0
0
12
0
3
18
0
12
2
1
0
0
2
12
8
0
0
0
0
0
0
7
0
1
18
0
2
0
0
2
0
3
5
0
3
9
8
38
7
0
0
0
2
9
6
0
0
0
2
4
3
4
0
5
0
0
0
0
6
8
12
2
7
3
7
3
5
7
2
0
9
5
10
1
0
0
10
5
4
0
1
0
3
0
5
7
5
3
0
0
0
0
0
2
5
0
1
1
3
0
0
4
0
0
8
0
1
3
0
0
8
7
1
0
2
1
0
1
0
10
0
0
0
0
0
2
4
1
0
6
2
3
4
0
0
1
0
0
0
2
0
1
8
0
2
0
0
6
7
7
7
0
5
0
7
0
0
0
3
3
0
4
0
2
0
0
3
2
1
0
1
4
0
0
2
3
0
3
0
2
0
0
0
6
0
7
11
6
2
0
0
0
0
0
6
1
3
0
0
0
4
4
3
0
0
0
7
2
4
0
3
0
2
0
3
0
4
0
0
1
8
2
5
3
0
9
6
3
0
0
0
0
1
0
0
1
6
0
0
0
0
0
0
4
0
0
0
0
2
2
0
5
6
7
3
23
3
0
0
0
0
0
1
0
0
1
0
1
1
0
4
0
0
0
0
2
1
1
10
25
23
8
0
0
0
0
0
2
3
0
2
0
5
0
3
2
2
0
0
0
6
1
0
1
2
0
0
0
1
0
4
2
3
0
0
0
0
5
0
0
1
0
0
3
1
5
1
3
16
14
3
4
4
0
0
0
0
0
0
0
4
0
0
1
0
0
0
0
0
1
0
3
0
0
4
0
0
1
1
1
2
4
3
0
2
3
0
0
3
6
3
0
0
0
0
0
3
0
2
0
0
0
0
0
5
0
2
1
4
1
5
4
0
0
0
0
4
1
0
0
0
2
0
0
0
2
2
0
0
0
4
0
0
0
0
0
0
0
0
3
0
0
0
0
2
3
2
1
1
4
5
0
0
2
0
3
0
2
0
0
0
0
1
0
0
2
0
0
0
0
0
0
1
1
4
1
1
6
0
2
0
4
0
2
1
4
2
0
0
0
2
3
0
1
1
0
2
0
0
0
0
0
3
1
0
2
0
3
0
1
2
0
0
0
2
2
1
0
0
4
0
4
0
0
0
0
0
0
0
0
0
2
0
0
0
1
0
2
0
2
2
0
0
0
0
3
2
0
1
0
0
7
4
2
1
1
1
0
0
0
0
0
0
0
4
2
0
1
0
3
0
0
0
3
0
0
0
0
2
2
3
0
0
9
6
3
0
3
0
2
0
0
0
0
3
0
4
1
2
0
0
1
0
0
0
3
2
2
0
0
1
5
1
0
0
0
1
0
2
2
0
0
0
1
0
0
0
0
0
0
5
2
0
1
2
2
4
2
8
2
1
1
3
0
4
0
0
0
6
0
1
0
0
0
0
1
2
0
0
0
0
2
0
0
1
0
0
2
0
0
0
0
0
0
0
3
0
5
0
0
5
0
2
0
0
3
0
0
0
0
0
2
0
2
0
1
2
0
2
2
0
1
0
1
1
0
0
0
0
0
1
1
0
0
0
1
0
3
0
1
0
0
0
0
1
0
3
0
0
0
0
0
1
3
0
0
2
1063
