../2_Decay/DataFilesGe/Decay/415126G2.TXTBackgroundRemoved 
0
0
0
0
0
0
0
0
0
0
0
0
2
0
1
52
0
27
20
14
28
23
26
7
14
16
50
134
21
27
53
0
26
19
37
38
2017
476
24
322
303
14
16
0
10
0
0
2
9
0
22
23
0
9
7
0
3
11
8
24
35
17
9
15
0
0
4
16
8
19
9
0
0
0
11
17
0
4
2
0
0
0
7
11
0
0
0
0
10
5
1
10
30
16
7
1
0
5
13
16
0
21
0
5
4
0
24
12
7
0
0
0
34
0
23
7
17
19
3
33
10
0
23
6
0
2
0
9
55
23
21
14
5
0
21
21
26
11
5
20
11
24
32
29
38
0
20
14
0
3
14
1
17
0
22
26
4
10
0
24
27
14
1149
1319
0
0
0
3
20
7
0
3
11
23
32
7
2
29
2
5
2
0
0
0
14
32
183
26
22
55
25
0
6
27
13
11
0
20
10
8
2
8
0
0
12
6
1
0
2
0
3
0
4
19
7
0
1
6
2
0
2
10
0
0
7
4
0
2
0
12
0
3
8
1
15
24
4
0
3
6
1
0
1
8
11
5
0
0
0
0
5
13
5
0
0
0
7
7
7
0
12
9
0
0
0
14
0
5
8
3
0
9
0
5
14
1
13
0
0
6
5
9
4
9
3
11
9
0
6
16
1
6
19
10
2
5
0
12
7
3
0
10
4
8
6
1
0
4
9
9
9
13
3
2
5
0
1
1
8
1
3
0
0
12
2
2
4
0
3
0
7
5
0
4
4
0
0
12
0
0
1
0
0
7
0
0
5
0
0
0
3
5
5
4
8
2
0
9
1
0
2
0
0
7
0
3
5
0
0
5
3
8
7
9
4
5
0
9
0
0
3
0
7
0
0
0
0
0
0
0
3
0
8
8
0
2
0
4
0
0
0
5
0
0
0
0
10
4
0
0
0
2
12
3
0
3
6
0
0
0
7
5
4
0
0
11
0
0
0
2
0
2
2
0
3
5
0
0
0
6
7
7
0
3
3
2
0
1
0
0
0
5
0
0
1
9
0
6
1
8
2
0
0
3
8
0
4
6
0
0
5
0
5
0
0
2
0
4
0
4
3
1
0
0
0
0
0
0
0
1
0
9
0
2
10
2
10
14
17
0
0
0
2
0
3
0
0
6
1
5
1
2
0
6
0
2
0
2
0
0
7
1
2
2
0
0
3
5
0
0
0
0
2
0
1
0
3
5
0
0
0
1
0
1
0
0
4
0
1
0
0
0
2
0
0
2
1
0
3
2
0
0
1
1
1
0
5
4
0
5
0
8
0
0
0
0
0
0
0
0
0
4
0
0
0
2
0
0
0
2
4
0
4
0
7
0
0
0
0
0
2
2
0
0
0
0
6
1
1
0
2
0
2
0
0
1
0
1
0
0
1
0
0
0
0
0
1
0
0
0
0
0
6
1
5
0
1
2
0
0
0
0
0
0
0
0
1
0
0
5
4
4
0
1
0
4
0
0
0
3
5
1
0
0
0
3
0
1
4
0
0
0
0
5
0
2
3
0
2
0
3
1
4
0
0
1
0
0
1
3
0
0
4
0
0
3
0
0
1
3
0
1
3
7
5
0
0
0
0
1
1
1
4
1
0
1
3
1
7
2
0
0
0
0
0
1
0
3
0
2
3
0
2
0
1
0
1
1
0
2
0
0
0
0
1
0
0
1
0
1
0
0
0
3
2
4
1
2
1
0
0
0
1
1
3
0
0
2
0
0
3
2
0
0
2
0
0
2
0
0
3
0
0
0
0
0
2
2
0
0
0
2
1
5
0
0
0
0
0
0
0
0
0
0
0
2
0
0
0
0
0
0
0
0
2
0
1
1
0
0
0
2
0
0
1
1
0
0
0
2
0
5
0
0
1
0
1
0
0
1
3
5
1
0
0
1
1
1
0
0
0
0
0
1
2
0
0
0
2
1
0
0
0
0
0
0
1
0
1
0
1
2
0
0
0
1
0
0
0
5
0
3
3
3
3
0
1
0
0
1
1
0
0
1
3
1
0
0
0
0
0
1
0
0
0
2
3
0
5
0
1
0
0
0
0
1
2
0
0
1
0
3
0
3
0
1
0
2
4
0
0
0
5
3
1
2
0
0
0
2
2
0
0
1
2
2
0
0
0
0
0
0
3
0
0
0
0
0
0
2
0
2
3
3
0
1
1
0
1
0
0
3
0
0
0
0
0
0
2
0
2
0
0
0
2
0
6
5
0
0
0
0
1
0
1
2
3
0
0
0
4
1
0
2
0
0
0
0
1
0
0
0
0
1
0
0
0
0
3
0
1
0
5
0
