../2_Decay/DataFilesGe/Decay/415131G2.TXTBackgroundRemoved 
0
0
0
0
0
0
0
0
0
0
0
0
3
1
2
40
16
23
33
40
11
16
18
9
13
16
32
139
16
13
38
16
10
0
2
36
1534
378
8
245
195
18
21
0
11
1
14
2
0
12
14
6
0
7
2
0
1
0
0
0
32
10
28
1
13
13
8
1
0
11
0
0
23
2
10
14
0
4
0
3
0
13
7
19
0
0
0
0
0
6
1
0
18
17
1
0
0
0
0
14
5
1
0
3
9
6
10
14
7
23
15
0
18
14
0
19
9
23
10
2
20
6
9
28
0
21
0
11
53
12
11
0
10
9
0
11
3
20
10
7
15
11
21
16
1
6
9
0
41
13
0
23
14
7
13
32
0
20
14
25
8
2
920
991
0
0
19
0
4
0
0
9
11
15
17
0
13
30
6
13
13
9
0
8
0
16
134
45
0
28
15
14
13
34
17
6
0
16
15
0
0
4
12
0
14
17
0
0
6
9
1
0
6
17
7
0
0
0
10
10
6
15
6
3
16
4
0
0
3
3
1
25
10
15
0
0
7
0
18
0
13
0
14
21
0
0
0
0
9
2
0
0
6
10
0
3
4
0
14
0
5
19
4
2
5
10
9
2
3
10
0
0
0
6
10
0
4
3
6
17
9
8
4
7
6
8
4
0
6
2
11
7
0
5
0
0
0
13
19
0
0
4
0
7
0
19
0
0
5
11
9
3
13
5
4
6
0
0
0
13
8
0
4
2
10
7
0
6
5
3
7
10
4
0
3
2
2
0
7
0
10
0
4
0
0
5
2
0
10
8
0
4
0
7
7
2
3
11
1
0
0
2
0
4
6
0
4
0
1
0
0
4
7
6
2
0
0
4
3
4
1
0
14
5
0
0
2
7
6
0
4
0
3
8
0
0
0
0
1
4
0
0
4
0
9
2
2
0
0
0
7
0
3
2
0
7
12
5
2
0
5
1
0
2
0
5
0
7
3
9
6
0
9
0
0
7
6
2
0
6
7
3
0
6
0
1
2
4
6
0
0
0
0
2
2
2
0
2
2
0
0
5
0
0
5
4
0
0
1
0
3
0
1
1
0
0
7
0
0
6
0
0
3
0
0
1
4
0
0
4
0
5
0
4
0
8
7
23
10
0
0
0
5
0
2
0
6
6
2
4
0
0
5
7
11
0
0
0
2
0
9
0
3
0
0
0
3
5
0
0
6
0
3
9
0
0
0
1
0
3
4
0
0
0
1
2
0
0
0
0
0
0
0
3
1
2
0
1
0
2
0
0
0
3
15
0
0
3
5
1
0
1
0
0
0
0
0
3
2
0
2
0
0
0
0
2
1
0
1
1
0
9
4
0
0
0
1
0
0
0
2
5
1
2
0
0
1
1
0
2
0
0
2
2
0
1
4
5
0
1
0
0
0
0
0
0
0
0
0
0
0
0
0
0
7
0
0
5
0
0
0
0
1
7
0
0
5
2
0
1
3
4
2
0
1
2
2
0
1
1
3
0
0
0
0
3
0
6
0
0
0
0
0
2
0
2
0
0
1
0
0
0
0
3
0
3
0
0
1
0
2
2
1
0
0
2
0
2
0
4
0
4
1
4
6
3
0
2
0
0
0
0
3
0
0
0
0
2
6
1
0
2
0
0
1
0
0
0
0
0
3
0
4
1
1
0
4
3
0
3
1
0
0
0
5
6
3
3
1
2
0
4
0
4
3
6
5
4
0
1
0
2
5
2
4
1
0
3
0
0
1
0
0
3
0
0
0
5
0
0
0
0
5
0
0
2
0
0
3
0
0
2
0
0
0
0
1
0
1
0
0
0
1
0
2
3
0
1
0
0
1
0
1
1
0
4
0
0
0
5
1
2
0
0
0
2
0
0
2
0
4
1
0
0
2
1
0
3
0
4
2
0
0
3
0
0
2
0
2
0
0
0
0
2
0
3
0
0
3
1
0
2
0
0
0
1
5
0
3
1
0
1
0
0
0
0
4
0
2
0
5
0
0
2
2
0
0
6
0
3
0
0
0
5
0
1
4
1
1
0
0
0
7
0
2
2
0
0
4
1
2
2
0
6
0
0
3
0
0
1
0
0
0
0
0
0
0
0
2
0
2
0
0
4
0
0
0
1
0
1
0
6
0
0
0
0
0
6
0
0
1
0
0
0
0
1
0
0
1
0
1
0
2
5
3
0
0
0
0
0
0
0
0
4
0
0
0
0
4
0
5
0
0
0
0
0
5
0
0
0
2
1
0
0
0
0
0
0
2
0
2
2
0
0
3
0
1
0
0
0
0
1
1
2
2
0
0
0
4
1
0
0
0
0
