../2_Decay/DataFilesGe/Decay/415130G2.TXTBackgroundRemoved 
0
0
0
0
0
0
0
0
0
0
1
0
0
0
1
63
28
26
9
14
10
28
10
6
20
15
37
124
20
6
42
5
15
9
12
46
1612
394
28
282
218
26
0
14
12
0
16
16
0
14
6
15
0
16
4
5
0
14
13
0
34
23
23
5
28
1
26
14
7
11
28
5
0
7
0
6
0
22
0
0
4
0
0
4
0
25
3
0
0
0
7
19
8
18
0
0
4
0
0
0
19
4
0
18
0
39
22
12
17
0
7
0
0
12
16
0
12
0
3
22
26
0
24
13
10
3
5
13
21
16
0
5
4
11
0
2
12
0
0
16
1
21
25
30
0
10
28
5
0
8
1
5
17
6
19
38
0
3
18
7
19
14
966
972
7
16
10
3
13
0
0
13
29
36
14
0
0
41
6
6
0
0
0
7
12
13
138
37
8
27
38
4
0
8
15
9
4
0
0
0
6
7
0
0
5
26
2
19
22
24
14
0
0
12
0
1
0
0
4
2
0
1
16
11
15
1
2
4
18
5
10
1
7
3
0
12
8
0
11
0
12
3
3
0
11
14
0
12
11
7
0
1
9
13
0
0
5
8
0
0
1
0
0
4
0
7
0
1
22
0
6
11
8
12
8
2
7
2
13
3
2
7
10
2
3
19
1
0
0
1
6
0
9
9
1
0
6
0
3
0
5
0
0
4
6
8
0
0
10
2
0
12
0
1
2
0
0
0
16
9
3
5
0
0
0
10
2
6
4
0
7
12
6
0
3
4
4
12
7
6
13
0
7
0
3
0
11
0
0
1
7
0
3
1
6
4
6
5
0
5
0
9
4
4
4
3
15
0
2
0
3
4
4
10
0
0
0
0
0
0
0
2
0
1
0
1
5
11
0
0
0
0
7
7
0
0
4
1
3
5
6
0
0
0
0
0
1
4
0
0
1
0
7
4
0
1
5
9
10
1
10
0
0
9
0
0
4
9
0
2
0
1
3
0
0
2
7
0
0
6
3
0
0
0
2
0
0
5
3
0
3
0
0
0
0
5
0
4
0
0
4
0
3
2
5
0
2
0
0
5
0
0
3
0
1
0
0
0
0
6
6
6
0
0
1
0
0
0
4
5
0
0
0
0
0
6
7
19
10
0
0
3
4
0
0
0
3
4
0
2
0
0
4
1
0
7
5
0
7
0
0
0
0
0
9
0
6
1
0
0
0
0
3
0
0
5
0
4
0
2
7
0
0
4
6
0
0
0
0
2
1
1
0
0
0
2
1
6
3
3
0
0
0
1
2
1
6
4
1
1
5
1
3
3
0
0
2
0
0
0
0
0
0
0
5
1
1
1
0
0
4
5
0
0
0
0
7
0
0
3
0
2
3
3
0
0
3
3
2
0
3
0
0
2
0
0
4
0
0
0
4
0
0
0
0
0
0
0
4
0
2
0
3
4
1
1
0
0
0
6
1
4
0
2
1
0
0
2
0
1
5
2
0
3
0
2
1
3
0
3
0
2
0
0
5
1
0
0
5
0
0
0
0
2
0
0
1
5
0
0
0
0
2
0
0
0
1
0
3
1
0
0
5
0
3
0
4
0
1
3
0
2
0
8
0
0
0
0
4
0
0
0
0
3
0
3
0
0
2
1
0
0
0
0
0
0
0
4
0
4
0
6
3
0
0
0
5
0
1
3
0
0
1
2
0
2
3
1
0
2
0
0
0
4
1
1
0
6
2
1
0
0
0
1
0
0
0
4
0
0
0
0
0
2
2
0
5
2
0
0
0
0
2
3
0
0
0
2
1
0
0
2
5
0
0
0
0
0
1
1
0
2
4
0
2
1
0
1
0
0
5
1
0
0
0
0
2
2
0
0
0
0
0
3
0
2
0
0
0
3
0
0
6
3
0
1
1
1
2
4
0
0
3
0
1
0
1
0
1
1
2
0
0
2
0
0
2
0
0
3
0
0
0
0
0
6
10
1
0
0
3
0
1
0
0
5
0
1
0
2
2
1
0
1
2
1
0
0
0
1
0
0
2
0
0
0
0
0
0
1
0
0
2
0
2
2
0
0
2
0
3
3
5
0
0
2
6
1
2
0
0
4
1
1
0
1
2
2
2
0
3
0
1
0
3
0
0
1
0
0
0
2
0
3
1
0
2
0
4
0
1
2
0
0
0
1
0
1
0
0
0
0
0
1
0
0
0
0
0
0
0
0
0
0
0
0
0
0
0
0
0
0
0
0
0
3
0
0
0
3
3
0
2
0
0
0
1
0
0
0
0
2
0
2
0
0
1
3
0
0
4
0
0
0
0
0
0
0
0
0
0
3
0
0
