../2_Decay/DataFilesGe/Decay/415156G2.TXTBackgroundRemoved 
0
0
0
0
0
0
0
0
0
0
0
0
1
0
0
30
0
0
8
21
8
17
10
0
0
0
20
45
9
14
4
0
0
0
0
0
415
26
29
73
45
22
12
0
0
15
0
0
12
0
0
0
1
8
0
0
26
9
24
11
12
24
25
6
34
0
0
2
0
16
0
0
29
2
0
0
5
24
7
0
19
6
3
0
10
15
6
0
0
0
0
32
17
2
21
4
8
17
5
11
0
13
0
9
7
0
7
0
0
18
10
0
0
6
1
18
9
16
16
6
27
0
29
16
6
39
0
11
31
9
1
0
0
12
20
2
13
17
6
0
7
40
29
11
15
0
12
4
12
10
0
5
12
1
25
20
5
11
0
16
27
358
78
0
24
3
1
0
4
13
1
5
19
27
9
22
0
2
11
21
8
0
0
16
27
20
10
23
2
8
0
3
9
14
30
7
3
9
0
16
0
0
4
9
15
22
0
6
15
2
14
0
2
11
1
0
2
5
23
0
4
9
0
0
6
5
9
11
0
18
6
0
27
0
0
10
41
22
0
7
17
0
11
2
14
0
4
0
11
0
0
7
0
0
0
11
0
0
0
14
0
14
7
0
0
13
15
10
0
12
0
2
7
13
3
8
7
7
5
7
3
0
7
7
6
5
0
1
0
17
20
0
0
0
0
1
0
0
1
0
0
10
0
8
5
1
6
0
2
9
7
0
0
8
7
0
0
0
15
5
12
4
3
0
2
2
0
0
0
1
15
7
1
0
4
0
11
1
0
2
4
4
11
38
6
0
0
0
6
1
7
0
0
9
0
7
0
25
4
5
0
14
0
1
1
3
8
3
0
3
0
7
12
2
9
0
3
4
0
0
0
0
5
0
0
0
3
7
0
0
0
0
3
5
0
2
4
0
4
2
0
1
5
2
6
0
6
0
2
9
4
0
0
2
0
2
2
5
5
0
1
5
2
7
0
0
3
6
0
6
0
0
3
0
0
1
0
6
0
0
0
2
0
4
2
0
0
2
9
5
0
0
0
0
3
1
2
0
0
0
3
0
0
0
6
2
0
1
2
10
5
1
0
0
5
5
4
0
0
0
0
3
0
0
0
0
4
1
8
2
0
10
11
9
5
0
0
0
0
0
5
0
1
0
0
1
0
0
2
3
0
0
7
3
4
2
3
6
0
0
3
0
3
0
0
0
8
0
0
6
0
0
5
7
0
0
0
5
0
5
1
0
2
0
0
0
3
1
0
0
0
4
5
1
1
0
2
1
3
6
13
16
3
6
0
0
0
0
0
2
0
3
0
0
2
4
8
0
0
0
1
1
0
0
10
28
18
4
0
0
0
0
0
3
2
0
2
0
2
0
0
6
0
0
0
0
0
3
0
0
0
1
0
0
0
3
4
0
1
0
0
0
1
5
0
0
0
0
3
1
0
0
3
9
16
12
6
2
0
0
0
0
0
1
0
0
3
0
0
1
0
5
0
1
0
1
0
0
0
5
1
0
0
0
3
2
0
0
5
3
0
3
0
0
0
3
4
2
1
1
1
2
0
0
0
0
0
0
0
1
2
0
5
0
0
0
0
0
0
2
3
6
0
1
0
1
1
0
1
0
0
0
2
0
2
0
3
0
3
0
1
0
0
5
0
0
0
3
0
0
0
3
2
0
0
4
7
1
0
0
0
0
0
1
2
2
1
0
2
2
3
2
0
1
2
2
1
0
3
0
0
0
0
3
1
0
3
0
0
0
0
0
0
3
2
3
1
1
0
0
1
0
1
1
0
1
1
3
0
0
3
0
2
2
0
0
4
0
2
0
2
2
4
0
1
3
0
0
0
0
0
0
0
1
0
0
1
3
0
0
0
1
0
0
0
0
0
0
0
0
0
1
0
0
1
2
0
0
5
0
1
1
1
0
0
1
0
1
1
5
1
2
0
0
0
4
0
0
2
0
0
0
2
1
2
0
4
0
5
6
8
6
0
2
0
0
0
0
0
0
3
2
1
0
3
0
0
2
1
0
0
1
1
2
0
0
0
0
0
1
0
0
1
0
0
5
0
0
2
1
0
0
0
0
3
0
0
0
3
0
0
1
2
6
1
6
0
0
0
0
0
0
0
0
2
5
0
0
1
0
0
1
0
0
0
1
0
5
4
0
0
0
0
2
0
0
0
1
0
1
2
1
0
0
1
0
0
0
0
0
1
2
2
0
0
0
0
0
3
0
1
1
0
1
0
0
2
4
0
0
0
1
1
0
0
1
7
0
0
0
0
3
2
0
1
0
1
1
0
4
1
0
0
1
0
0
0
0
4
0
0
0
0
1178
