../2_Decay/DataFilesGe/Decay/415135G2.TXTBackgroundRemoved 
0
0
0
0
0
0
0
0
0
0
0
0
0
0
3
84
0
8
12
20
13
0
21
9
21
19
38
102
17
19
24
13
5
0
36
19
1239
337
10
199
155
39
14
10
5
8
8
7
6
2
0
3
9
6
16
8
0
0
9
0
34
24
36
0
14
0
7
0
0
1
13
10
23
0
9
32
0
5
0
6
0
19
28
13
0
0
0
1
11
10
19
1
8
0
15
0
26
0
0
1
15
0
0
22
16
22
27
27
0
0
2
9
1
11
17
13
0
5
0
8
33
20
19
29
13
11
6
23
36
20
16
9
8
17
8
0
22
19
7
24
1
13
21
8
4
0
18
0
8
24
0
8
32
0
14
33
14
0
15
4
6
21
704
788
13
21
13
13
1
0
14
1
0
31
44
8
13
15
4
29
2
6
14
17
6
4
107
18
24
60
21
2
0
20
29
18
1
17
14
11
0
5
11
10
19
5
0
0
12
0
19
7
13
17
7
9
9
7
0
14
0
7
0
0
25
3
0
4
7
1
0
19
15
12
0
17
1
0
0
16
5
0
5
12
18
0
0
0
1
0
18
15
11
12
1
3
1
0
0
0
1
6
3
5
0
4
13
3
8
2
0
6
9
0
1
0
1
2
4
14
4
12
16
5
0
13
0
0
2
4
4
0
10
5
0
0
0
4
3
0
2
15
8
10
0
0
0
0
3
2
5
4
0
3
0
4
0
5
3
7
3
2
1
0
10
0
0
0
2
9
3
6
0
4
0
0
2
12
3
2
0
3
3
8
10
0
9
2
0
4
3
0
4
1
0
4
0
10
2
0
0
0
7
0
7
3
7
3
0
2
0
15
0
6
6
0
2
6
4
2
7
2
10
0
0
0
0
0
6
1
1
2
0
0
0
2
0
0
0
0
2
0
0
0
0
1
4
2
0
0
0
0
5
0
2
0
9
10
0
0
0
6
2
4
0
0
0
7
0
6
0
0
4
2
2
0
5
6
4
4
0
0
5
1
2
0
0
0
1
3
0
6
4
0
3
6
0
0
3
0
2
2
5
1
3
5
5
2
0
7
1
0
1
5
12
0
0
0
2
0
5
0
1
0
4
2
0
0
0
0
0
6
0
2
0
5
16
14
7
0
0
1
2
3
0
6
0
0
0
0
0
2
0
1
0
4
0
0
0
0
0
8
2
4
1
0
5
0
2
0
0
1
0
0
1
0
0
0
0
0
0
3
0
0
0
1
1
0
0
0
0
2
1
0
5
0
0
0
1
6
10
2
0
5
1
8
9
4
0
3
0
3
0
0
0
0
1
4
0
1
0
0
0
0
3
5
3
1
0
1
3
3
2
4
0
0
5
2
0
0
1
1
0
2
1
0
0
3
7
1
0
0
0
2
0
0
6
3
0
6
0
0
6
4
1
0
0
4
0
3
4
0
0
0
4
5
1
5
1
0
0
0
0
0
0
0
0
0
0
0
1
7
0
0
0
0
5
2
0
1
1
0
2
3
0
0
3
0
5
0
0
1
0
0
0
1
0
0
0
0
2
0
0
0
1
0
0
0
2
0
0
0
2
1
1
0
1
0
5
3
1
0
3
5
0
3
1
0
0
0
0
0
0
0
0
1
0
1
5
2
0
0
0
0
1
1
1
1
0
0
2
2
0
3
0
0
2
3
0
0
2
6
1
5
2
0
1
4
0
1
0
3
0
0
0
3
1
0
6
1
1
0
4
5
3
2
2
1
0
0
3
2
1
3
0
0
4
1
2
1
2
2
0
0
1
2
1
1
0
0
0
1
3
1
3
1
4
3
0
0
2
3
0
0
0
3
0
0
1
0
0
0
0
0
0
0
3
1
1
2
1
4
0
0
0
1
1
0
2
4
0
1
1
0
0
0
0
5
3
1
1
0
0
0
0
0
0
0
0
0
0
2
0
4
0
0
0
0
2
0
0
0
3
0
0
0
0
0
0
3
1
0
0
2
0
0
0
0
0
3
2
0
0
1
3
0
0
1
3
0
0
0
0
2
0
1
0
0
0
0
2
2
1
0
2
0
4
0
1
0
0
2
0
0
0
4
0
0
0
0
0
1
0
1
0
0
0
0
2
1
2
0
2
4
2
1
3
0
1
0
2
1
1
0
2
0
5
0
0
3
0
0
0
0
0
0
0
0
0
0
2
1
0
0
0
0
0
0
0
2
2
1
3
0
0
0
0
2
1
0
0
0
1
0
4
0
8
0
0
0
0
0
2
0
1
0
4
0
0
6
0
0
0
0
0
0
2
1
0
0
1
0
2
0
0
0
1
0
0
1
0
0
3
680
