../2_Decay/DataFilesGe/Decay/415199G2.TXTBackgroundRemoved 
0
0
0
0
0
0
0
0
0
0
0
0
0
0
2
29
6
9
48
40
16
4
5
0
13
2
5
26
13
19
30
7
3
4
9
3
21
7
2
8
4
30
11
0
4
0
4
10
0
6
12
15
0
3
4
0
2
3
0
4
0
15
18
0
5
0
5
3
24
0
0
2
26
7
0
0
0
19
0
12
0
25
21
6
0
0
0
10
11
12
13
17
0
25
6
0
21
1
16
0
0
20
0
32
6
2
7
0
14
19
32
0
30
20
17
9
14
0
7
5
22
21
24
27
17
22
0
3
21
16
5
15
16
50
2
33
41
0
9
34
21
27
23
24
31
33
43
16
9
13
7
29
8
23
13
30
24
3
19
13
29
21
23
0
0
2
12
5
0
10
0
12
7
15
7
11
33
28
0
20
15
0
12
22
6
4
6
7
6
13
0
14
0
10
30
13
0
0
13
0
8
0
2
13
9
0
0
19
16
13
23
11
21
29
20
2
1
0
36
6
11
30
3
1
7
8
20
0
6
4
14
4
5
25
0
23
20
3
19
1
16
8
10
8
12
6
0
20
12
8
11
7
11
13
14
3
9
6
0
0
1
22
0
11
3
16
9
7
7
9
2
0
1
6
0
2
0
5
7
2
4
16
12
12
1
11
7
5
0
11
8
13
19
0
0
3
0
0
0
0
5
7
0
0
5
0
8
2
6
12
10
23
0
11
5
5
0
0
16
12
2
4
12
0
0
1
2
2
1
13
6
1
2
14
4
0
2
2
0
0
2
0
0
4
1
12
0
3
0
1
8
0
0
0
7
9
4
11
4
5
0
6
2
4
4
1
0
7
4
3
0
0
8
11
5
0
6
12
0
0
6
0
4
4
3
0
7
0
6
0
3
8
6
4
0
3
0
0
6
5
0
2
4
1
0
3
4
0
0
0
6
2
7
4
1
5
0
9
5
0
2
0
1
0
5
5
0
1
0
0
0
0
2
1
0
1
8
8
4
0
2
0
2
4
2
0
2
4
0
4
12
0
0
0
0
3
6
0
9
1
4
5
2
1
1
4
0
5
4
3
0
0
1
0
0
0
0
8
2
0
3
2
0
5
9
2
7
1
0
1
1
2
0
0
5
0
15
5
1
0
0
0
8
0
0
5
4
0
1
0
0
7
0
4
2
0
5
1
0
0
6
0
2
3
1
4
2
1
0
6
0
2
1
3
3
2
1
11
1
1
2
0
3
1
0
1
1
0
2
7
0
0
0
4
0
0
0
3
3
3
4
3
0
4
2
7
0
4
0
3
1
5
0
3
0
0
2
0
8
0
0
1
0
0
0
4
8
4
2
15
14
0
0
0
0
0
0
0
0
2
1
0
2
3
0
0
2
6
4
0
0
1
0
0
2
0
6
0
0
2
3
0
5
5
0
0
1
0
0
3
2
0
2
2
0
2
0
5
6
7
1
0
0
0
0
0
0
2
0
3
1
1
0
0
3
1
2
4
0
4
2
0
0
4
0
0
1
0
0
0
0
0
1
0
0
2
5
1
0
2
2
0
0
0
0
0
0
0
0
0
3
0
2
0
4
1
7
0
1
2
7
3
6
0
0
0
0
0
2
1
4
0
2
1
1
4
0
0
0
1
0
2
0
1
2
0
2
0
3
0
4
3
1
0
0
0
3
0
0
2
6
1
0
2
5
2
0
0
0
1
1
0
0
0
2
5
0
1
0
2
0
1
0
6
1
4
0
5
0
3
4
2
0
1
1
0
1
1
0
0
0
0
0
7
0
0
0
0
0
1
0
0
0
3
3
0
2
0
0
0
5
0
3
0
0
0
0
2
0
0
4
0
1
0
0
0
0
0
0
1
0
4
0
1
0
1
0
1
2
1
1
0
2
1
0
0
0
0
4
3
1
4
0
0
1
1
1
0
0
2
4
0
0
0
0
5
0
0
2
1
0
3
0
0
5
3
2
2
3
1
2
0
1
2
0
5
1
0
1
0
3
0
3
0
0
1
3
2
0
0
3
0
0
0
0
1
1
0
1
0
0
0
0
0
0
1
1
1
0
0
0
1
0
0
0
1
1
0
0
4
0
0
0
0
1
3
0
0
1
4
3
7
8
0
0
0
1
1
2
5
0
1
0
0
1
0
0
0
0
2
2
2
0
0
0
1
0
0
1
0
0
1
0
1
1
0
0
0
0
0
0
0
0
0
1
0
0
0
2
3
2
0
1
2
2
0
0
0
0
0
0
1
1
4
0
0
0
0
0
0
2
0
0
0
1
0
1
0
0
1
0
0
0
1
1
0
1
0
0
0
2
1
0
1279
