../2_Decay/DataFilesGe/Decay/415137G2.TXTBackgroundRemoved 
0
0
0
0
0
0
0
0
0
0
0
0
7
0
2
146
4
0
19
24
3
11
11
7
15
12
42
100
13
26
35
17
8
8
11
30
1079
339
15
181
151
15
21
4
4
0
0
13
11
15
16
12
0
5
6
0
4
2
1
2
23
7
9
24
13
3
0
16
14
0
0
2
20
0
25
0
0
12
2
0
0
1
2
0
0
0
0
10
17
8
0
0
34
0
4
0
11
0
19
22
1
7
0
15
20
18
3
0
5
9
0
21
6
0
27
26
3
5
11
4
16
13
8
7
22
17
14
0
56
0
10
13
11
31
0
0
19
29
5
1
7
27
31
26
61
0
29
10
19
30
14
0
22
0
11
0
11
19
17
2
2
21
770
534
45
19
4
2
8
13
0
18
12
22
8
27
23
13
10
5
1
0
10
32
0
9
91
32
4
21
11
9
10
26
11
1
0
7
9
9
0
17
0
0
9
5
7
0
12
0
16
1
0
12
4
0
0
10
16
14
0
17
8
6
13
0
0
0
1
0
3
7
1
5
1
10
0
0
12
6
13
0
8
0
18
24
7
21
9
3
1
11
6
0
0
3
2
0
5
3
3
9
0
1
0
11
5
6
10
0
0
0
3
0
0
8
0
5
5
19
10
7
9
14
0
4
2
3
8
1
5
3
7
5
0
3
0
8
3
2
2
5
2
0
0
0
6
0
0
18
12
3
5
0
14
3
0
4
4
9
0
0
0
1
10
0
1
1
1
4
7
2
1
3
2
0
4
8
11
6
3
4
1
6
0
11
0
0
3
7
11
2
0
0
0
0
3
0
0
2
0
3
4
0
0
0
6
0
8
0
0
2
0
0
0
0
3
2
0
0
0
0
7
6
4
2
0
4
0
0
4
0
0
3
0
3
3
0
0
3
1
2
0
5
5
0
4
7
0
0
4
0
5
8
0
0
2
3
0
1
3
0
0
0
0
0
0
0
0
0
9
0
0
1
4
4
2
5
0
0
6
2
0
2
0
0
4
6
1
8
0
0
6
0
0
4
2
5
3
0
10
0
1
4
5
5
9
2
0
0
4
0
1
0
1
5
0
0
0
5
9
6
2
5
0
0
3
0
0
0
0
0
0
0
0
2
4
9
4
0
0
1
0
0
0
1
3
0
0
0
4
4
5
2
1
0
3
1
0
0
8
2
2
6
5
0
5
0
0
1
0
1
0
0
0
1
0
0
7
0
0
1
0
0
0
0
0
0
6
2
0
1
0
0
0
0
0
0
0
3
1
0
3
0
8
0
0
3
3
6
0
2
0
0
0
0
5
0
3
0
0
8
0
0
0
5
2
2
0
9
0
1
1
0
2
0
3
0
5
0
0
0
0
0
0
0
2
2
1
0
0
0
0
0
0
0
0
0
0
0
5
0
0
3
1
2
5
0
1
0
0
0
1
7
0
2
0
3
0
0
0
0
0
1
0
0
5
3
0
0
0
0
1
3
0
1
0
0
0
1
8
1
0
0
4
0
0
0
3
0
0
6
0
0
1
1
7
0
0
0
0
0
0
0
0
0
0
0
0
0
0
0
2
0
0
0
1
0
0
3
0
0
7
4
0
0
1
1
0
0
2
1
2
0
1
0
3
1
3
0
1
0
0
5
0
1
0
0
0
0
2
2
2
0
0
4
2
1
0
4
3
3
0
1
0
0
4
4
0
0
0
1
2
2
4
0
1
3
3
1
0
0
2
0
1
1
0
1
0
0
1
0
0
0
2
0
0
0
0
4
0
1
3
0
0
6
1
4
1
0
0
2
0
1
0
1
0
0
1
0
0
0
2
0
0
1
0
0
2
0
0
0
0
1
0
0
0
0
0
0
0
0
1
4
0
4
0
0
1
0
0
1
4
4
0
0
0
3
4
0
0
0
2
0
0
1
0
0
0
2
2
0
3
3
4
0
3
4
1
0
6
0
2
0
0
0
0
2
0
0
2
0
0
1
1
0
0
5
0
2
0
0
0
1
3
2
0
0
1
1
0
5
0
2
2
0
0
0
2
0
0
0
2
0
0
0
0
2
2
0
4
0
3
3
0
3
0
0
0
1
2
0
0
0
0
2
0
0
3
3
0
5
0
0
0
0
2
0
0
1
0
3
0
0
0
0
0
6
0
0
0
0
0
2
0
0
0
0
1
0
4
0
0
0
0
2
1
0
1
0
5
4
0
3
0
0
0
1
0
2
0
0
3
0
1
1
0
0
0
3
3
0
1
1
0
0
3
0
0
0
3
5
0
1
0
0
0
4
0
3
0
0
2
1
0
0
0
0
2
0
0
5
3
1121
