../2_Decay/DataFilesGe/Decay/415163G2.TXTBackgroundRemoved 
0
0
0
0
0
0
0
0
0
0
0
0
0
0
0
1
7
19
19
4
5
1
0
0
23
9
23
46
33
19
13
0
11
0
20
15
278
29
11
46
15
0
8
0
0
16
13
0
7
7
7
10
0
9
6
3
6
5
12
1
36
0
10
0
22
0
0
3
0
0
0
1
20
0
0
0
7
0
3
16
0
7
8
1
0
20
0
2
33
15
0
18
4
2
17
0
42
0
8
13
3
2
0
16
48
4
7
29
13
8
6
12
0
5
0
0
3
21
26
29
20
8
13
18
18
27
36
7
9
3
0
1
18
10
6
0
7
16
0
0
17
9
28
0
20
0
25
0
4
21
11
0
27
0
5
9
17
3
21
0
0
243
57
0
0
10
0
0
13
0
27
1
9
29
9
7
0
21
0
16
3
0
6
0
0
24
10
8
4
0
16
0
1
11
7
0
12
0
0
27
15
7
1
4
5
8
1
10
16
0
6
0
7
23
2
0
0
5
5
10
1
14
0
0
16
0
1
6
14
6
5
16
0
15
2
3
21
16
0
0
26
0
8
0
3
5
0
0
6
0
8
13
5
4
0
3
9
1
0
0
5
14
17
0
0
4
2
0
10
0
5
6
0
4
4
1
0
0
2
6
0
10
14
0
4
4
3
0
0
18
18
0
0
0
0
0
1
0
2
11
2
1
2
3
14
0
0
0
6
2
0
5
3
4
0
8
0
0
3
0
1
13
10
1
4
3
0
0
0
0
3
18
0
0
3
0
6
4
0
1
5
0
3
45
0
0
0
0
7
0
0
2
7
0
0
0
0
6
0
0
0
0
5
7
5
0
6
7
4
0
0
7
0
5
3
8
3
4
0
1
5
0
1
0
0
0
9
5
1
0
0
4
0
0
0
0
2
0
0
0
0
3
4
0
8
0
13
0
0
0
6
0
10
8
0
0
12
15
6
2
4
1
0
6
1
10
1
0
0
0
2
0
0
0
0
0
1
0
1
3
1
9
0
0
0
0
2
13
13
1
0
0
0
0
3
3
2
0
0
4
0
0
2
0
5
8
4
5
0
5
2
5
0
0
0
0
4
1
0
0
3
3
0
0
0
0
4
1
4
1
0
5
14
9
9
0
0
0
0
0
0
0
10
3
2
2
0
4
0
2
1
3
0
4
0
2
0
3
0
2
1
0
1
2
0
0
0
0
0
1
0
0
1
2
0
1
0
3
1
0
0
1
0
0
0
4
0
0
0
1
2
3
4
0
0
0
0
0
1
5
14
6
1
0
0
0
0
0
0
0
0
0
0
0
1
0
0
0
0
0
0
2
0
0
10
21
19
10
0
0
0
0
0
0
0
0
2
0
3
0
2
1
0
1
0
0
0
3
1
2
0
0
3
0
0
3
5
0
0
0
3
5
0
5
0
0
1
0
0
1
0
0
0
7
12
10
1
3
0
0
0
0
0
4
0
0
1
0
0
0
0
0
0
1
0
0
4
1
0
4
0
2
1
0
0
0
0
1
3
0
0
2
0
4
0
5
1
0
0
0
0
0
5
0
2
0
0
0
0
0
3
0
3
0
0
0
3
0
4
1
2
1
0
4
0
0
0
1
0
0
1
1
1
0
0
4
5
4
0
1
0
0
2
4
1
3
0
0
0
5
0
9
3
0
0
0
7
0
0
1
2
2
0
1
3
8
0
0
1
1
0
0
0
0
4
0
0
0
0
0
1
0
1
0
0
2
0
0
1
1
2
1
0
1
0
0
0
0
0
0
1
0
3
0
0
0
1
0
0
0
0
1
0
2
0
1
2
0
0
0
0
0
0
0
1
3
0
0
0
0
4
0
0
0
0
0
0
0
2
0
0
5
0
2
3
2
2
0
0
0
0
0
0
2
0
0
1
0
0
3
0
0
1
1
0
0
0
2
0
1
1
2
0
0
0
1
0
0
0
0
0
1
0
5
1
2
0
0
0
3
13
11
2
1
0
0
0
0
0
0
0
0
3
0
4
0
1
0
1
1
2
2
2
0
0
1
0
0
0
0
0
0
4
0
1
0
0
2
0
0
1
0
0
0
0
0
6
0
0
2
0
2
0
3
0
9
5
0
0
1
0
0
0
0
0
0
3
0
0
0
0
0
0
0
2
0
0
0
2
0
3
2
0
0
0
2
0
1
2
0
0
2
0
1
2
0
2
0
0
0
1
4
0
0
0
2
0
4
2
0
0
2
0
1
2
6
0
1
0
1
2
0
3
1
1
0
4
0
0
2
0
0
0
3
0
1
5
5
2
3
0
2
0
1
0
0
1
0
0
0
0
0
0
1190
