../2_Decay/DataFilesGe/Decay/415183G2.TXTBackgroundRemoved 
0
0
0
0
0
0
0
0
0
0
0
0
0
0
3
40
2
14
29
2
2
14
16
0
5
17
35
17
22
28
13
8
0
10
0
16
78
8
3
15
13
18
29
0
4
0
0
6
0
21
14
4
1
9
0
0
13
0
17
0
10
3
21
0
3
0
2
11
3
0
12
0
18
0
9
0
0
6
0
28
16
13
13
0
0
10
10
4
24
0
19
16
15
33
10
0
29
16
5
3
0
10
5
15
0
10
14
20
7
20
21
14
28
0
18
19
0
15
23
1
10
10
11
29
0
15
20
10
35
0
34
12
8
17
33
8
29
2
7
19
26
14
27
20
0
0
24
7
15
12
32
29
13
11
34
0
5
14
20
0
0
93
0
0
0
12
11
0
3
22
10
20
10
13
30
0
17
21
8
20
0
0
8
5
0
9
10
31
0
10
15
10
15
16
13
0
2
17
0
0
21
8
4
0
17
8
1
16
20
16
6
0
2
15
7
14
0
0
9
9
0
0
3
0
12
1
6
6
5
0
0
9
7
5
17
23
48
31
0
0
13
7
2
11
10
12
0
6
22
0
1
0
5
0
0
10
4
10
0
0
14
9
0
0
0
4
13
15
5
0
0
11
6
4
5
0
0
0
11
4
0
4
15
6
12
3
3
0
12
22
19
0
0
13
5
1
0
0
12
6
0
13
0
0
7
0
0
0
5
0
4
5
1
7
11
0
5
0
1
9
13
3
5
0
2
7
6
0
0
0
12
0
3
0
4
0
15
3
5
17
0
3
17
41
7
0
0
0
0
1
6
4
6
4
6
2
4
5
0
5
0
0
6
0
8
8
9
0
0
0
0
6
4
3
3
5
0
2
0
1
0
0
10
0
1
0
4
3
0
1
6
3
0
0
0
4
0
2
4
7
0
3
2
14
7
1
4
0
0
0
5
0
6
4
5
2
0
1
6
0
0
0
0
5
0
2
0
0
2
0
1
2
2
5
1
0
0
0
2
4
4
4
2
6
2
4
0
12
3
3
0
1
0
0
3
3
5
0
3
6
0
2
1
1
4
5
6
1
3
10
7
3
3
0
0
0
0
0
0
0
5
2
5
0
0
2
2
0
0
0
4
13
17
9
2
3
0
0
0
0
0
0
4
0
1
0
0
2
0
4
8
5
4
1
0
1
2
3
2
4
2
2
3
2
4
1
0
0
0
0
0
1
0
2
1
0
1
8
8
6
0
0
2
0
1
0
3
0
0
3
0
0
2
3
0
6
0
6
1
4
9
9
7
2
4
0
0
0
4
2
1
6
4
0
3
0
0
8
0
4
0
0
4
3
5
26
21
1
0
0
0
0
0
4
0
0
2
0
0
0
0
4
0
0
0
0
2
3
7
1
2
0
0
1
1
0
1
3
0
0
2
0
0
2
0
1
5
0
3
1
1
0
0
5
16
12
0
4
0
0
0
0
0
2
0
3
0
0
0
0
0
1
0
0
1
5
0
1
0
1
0
2
2
5
5
4
0
0
7
0
0
2
0
1
0
2
2
0
1
0
0
0
1
0
1
0
0
1
0
1
1
4
4
0
8
1
3
7
3
0
0
0
0
0
2
0
1
0
4
0
0
0
2
0
0
0
0
5
0
0
0
0
0
4
0
0
0
0
0
0
0
6
1
0
2
0
9
0
0
0
1
0
0
0
0
1
0
2
0
1
3
1
3
0
0
0
0
0
4
1
0
0
8
0
0
2
0
0
0
0
2
1
0
0
0
0
0
0
0
2
1
0
0
0
3
0
1
5
0
0
0
0
6
1
2
6
0
0
4
0
0
0
1
2
0
5
0
2
3
0
2
3
0
0
0
0
0
3
1
0
1
0
0
0
0
0
2
0
0
0
0
4
1
4
5
2
0
0
2
0
0
0
1
0
0
0
0
1
0
2
0
1
0
0
0
0
0
0
5
1
0
0
0
0
0
1
2
3
8
7
10
3
1
0
0
0
1
0
0
0
0
3
1
0
0
0
0
0
2
0
0
0
3
2
1
2
0
0
0
0
1
2
0
0
0
1
0
0
1
0
0
3
1
1
0
2
1
1
0
0
1
3
2
1
1
5
2
0
0
0
2
0
0
0
0
0
0
0
1
1
1
3
2
0
0
0
0
1
0
0
1
0
4
0
0
1
0
5
4
0
0
1
0
3
0
0
0
0
0
1
0
3
0
0
0
0
0
2
1
3
0
2
1
0
3
0
1
0
0
1
1
0
0
0
0
1
3
0
0
0
0
0
1
1
0
0
0
0
0
0
0
0
4
1
0
0
2
0
1
0
0
0
0
1213
