../2_Decay/DataFilesGe/Decay/415250G2.TXTBackgroundRemoved 
0
0
0
0
0
0
0
0
0
0
0
0
0
0
10
37
13
12
39
26
10
10
6
13
14
3
21
21
17
32
23
23
12
12
5
9
12
31
4
4
12
22
15
15
5
2
2
12
15
15
21
4
11
11
19
19
6
6
6
6
20
23
5
5
5
4
10
15
15
6
6
6
6
16
16
0
0
0
0
0
0
14
2
7
7
22
23
6
28
35
10
10
28
33
21
6
12
12
12
31
18
16
14
14
22
21
20
20
20
22
23
14
10
10
7
22
6
1
5
0
1
3
26
30
4
30
9
14
55
10
10
47
14
22
0
35
34
29
15
32
8
26
32
10
25
26
15
15
20
24
8
8
32
12
28
9
9
21
12
18
0
0
3
3
14
14
14
3
12
8
1
14
8
22
23
10
12
17
17
22
19
19
19
23
10
10
1
4
18
41
11
23
9
13
18
15
7
7
11
11
11
1
3
3
23
28
12
14
16
16
13
13
10
11
1
0
10
10
18
10
10
13
13
2
11
16
3
3
14
5
6
1
17
14
13
21
12
6
32
14
11
11
3
8
10
10
10
10
12
5
16
25
5
14
14
14
2
10
2
2
0
7
0
2
4
4
1
9
4
5
0
6
3
13
2
4
2
7
4
5
5
8
15
11
5
15
15
15
7
7
6
12
21
8
12
12
12
7
7
0
7
5
9
9
9
4
4
1
7
2
12
5
1
2
3
3
3
3
8
4
4
2
2
1
4
2
2
2
0
0
9
7
7
7
7
2
6
6
6
1
4
2
8
8
8
3
7
7
4
8
0
5
4
4
4
3
3
8
6
1
3
6
6
0
6
9
6
4
10
5
0
6
13
3
0
0
0
3
8
8
8
8
8
8
3
1
5
2
1
1
1
9
9
9
1
3
4
4
4
3
6
6
6
6
14
14
6
5
5
5
2
5
8
3
3
5
3
11
11
12
12
1
1
1
1
3
0
0
0
0
1
3
5
5
3
7
7
7
0
1
10
11
0
0
6
6
6
5
3
0
0
2
5
5
8
2
1
1
2
0
5
4
4
4
0
6
5
4
9
7
7
2
8
8
0
0
0
2
2
2
2
7
7
7
8
8
13
4
4
4
1
4
1
1
1
6
3
6
1
1
1
2
4
4
1
1
2
1
1
0
1
6
5
4
0
3
4
4
4
4
13
13
13
7
4
4
5
2
6
6
6
0
0
1
1
0
0
0
0
4
4
1
1
0
3
3
5
5
1
6
3
3
1
1
1
0
4
7
7
3
1
2
3
3
3
1
1
3
8
6
1
0
0
0
2
2
3
3
3
0
0
6
6
6
6
4
5
4
7
7
5
4
6
0
0
0
2
2
4
0
9
0
0
4
4
5
1
1
2
2
2
3
5
1
0
0
8
3
3
3
1
2
2
2
1
1
1
1
0
0
0
5
5
0
3
3
3
7
1
1
1
3
2
0
3
3
3
3
3
3
3
1
1
0
0
0
0
5
5
4
2
2
6
6
6
6
6
3
6
0
0
3
3
3
0
0
0
0
1
1
4
2
0
0
0
0
0
0
0
0
0
0
0
0
2
4
1
0
0
5
5
5
6
6
1
5
0
0
0
0
1
7
7
2
2
1
1
0
0
3
3
3
3
0
0
0
0
2
2
2
2
2
2
5
5
2
3
2
2
3
1
4
4
4
4
3
4
4
2
2
2
5
1
1
0
0
1
6
0
0
3
3
4
1
1
1
1
1
1
2
4
0
1
1
1
1
3
3
3
2
1
0
3
3
3
1
1
2
2
2
0
0
0
0
0
5
2
1
4
1
0
3
2
2
2
0
0
3
1
1
0
1
2
6
6
6
6
0
0
1
1
0
2
2
3
0
0
0
2
2
2
3
1
2
0
0
3
3
1
1
2
2
0
0
1
0
2
2
2
2
2
2
0
3
3
0
0
0
0
0
0
0
0
0
0
0
0
1
3
3
3
2
2
1
1
9
3
3
3
3
0
1
1
3
1
0
0
0
1
1
1
1
1
1
0
0
0
0
3
2
0
1
3
3
0
6
6
1
1
2
5
0
3
0
0
2
0
0
0
2
1
1
1
1
2
4
1
1
1
1
1
2
2
1
3
3
3
3
0
1
1
1
0
4
3
1
2
2
2
2
2
2
3
3
0
2
2
2
0
1
1
1
0
4
2
0
0
0
1
1
3
3
3
1
1
1
1
0
5
2
0
0
4
4
0
1
1
0
0
0
0
1
2
2
0
2
3
3
3
2
1
2
2
1
1
3
3
6
0
0
0
0
1
1
1
3
3
0
2
2
2
2
1245
85
