../2_Decay/DataFilesGe/Decay/415265G2.TXTBackgroundRemoved 
0
0
0
0
0
0
0
0
0
0
0
0
0
0
10
34
42
59
60
34
38
19
10
12
22
12
18
21
14
22
23
18
1
1
0
18
11
11
2
5
24
21
24
6
5
1
5
0
1
7
12
30
10
12
4
10
13
0
18
30
9
0
36
3
39
0
20
4
6
23
21
13
14
9
3
0
25
8
29
7
32
37
16
14
29
27
13
27
59
4
24
27
25
53
52
43
45
18
11
9
28
6
1
74
14
22
20
50
15
33
35
58
32
55
34
25
42
19
15
32
30
0
21
60
41
18
1
34
49
28
21
35
55
20
36
38
27
44
5
49
16
25
21
42
31
37
20
25
43
29
45
43
8
37
46
38
33
29
22
38
29
40
38
15
18
33
33
27
13
14
21
22
26
33
27
40
12
26
38
23
24
7
24
22
0
13
31
29
24
9
16
3
16
23
22
27
10
13
7
31
8
14
18
4
16
23
5
16
30
9
31
12
8
27
20
20
19
6
19
14
0
13
21
16
5
6
6
17
26
1
21
25
13
24
9
22
6
12
23
12
14
5
21
20
26
0
1
0
12
0
10
7
15
13
0
12
11
12
1
5
13
10
0
4
9
6
11
23
14
25
8
12
7
14
4
16
13
15
12
0
4
9
15
16
8
14
3
3
1
12
3
0
24
15
0
17
13
0
6
0
10
7
5
0
5
9
8
1
0
14
11
11
7
13
16
4
16
4
7
0
3
0
2
4
6
8
0
0
9
0
17
10
4
3
4
8
6
4
2
10
2
10
5
7
12
15
23
6
0
3
16
2
8
5
6
0
3
8
0
2
0
6
7
2
9
3
6
1
2
8
0
7
12
8
3
0
8
2
6
2
0
0
5
3
5
0
8
0
4
1
5
0
2
5
3
6
0
3
4
3
5
0
6
6
3
0
6
3
5
0
0
3
11
4
1
4
8
6
5
1
2
8
0
5
0
0
7
6
0
14
3
0
0
1
1
0
1
0
6
5
3
6
1
2
0
0
0
0
8
4
0
0
0
0
5
4
2
3
4
6
3
3
4
3
10
1
8
0
0
9
2
2
9
9
5
0
1
6
0
4
4
6
0
3
0
0
2
0
0
0
0
2
1
0
0
10
9
2
3
0
0
0
14
0
4
1
4
7
3
1
0
5
3
6
0
0
0
2
0
0
2
1
1
1
1
0
1
2
0
4
1
4
3
5
2
0
7
4
0
3
3
0
1
5
1
8
0
0
0
10
0
0
0
4
0
0
0
0
6
6
0
0
6
6
5
2
2
4
2
6
0
3
0
2
4
0
7
0
0
1
5
0
0
0
1
2
6
4
4
10
9
3
2
2
0
1
0
0
3
1
0
0
7
0
0
0
1
4
0
0
0
0
1
5
0
4
11
1
2
0
0
0
0
3
4
0
1
1
0
0
0
0
4
0
1
0
0
2
1
6
6
0
5
3
0
0
0
2
0
3
2
0
0
3
4
1
1
2
0
0
0
0
0
0
6
0
0
0
6
0
0
1
0
1
1
0
0
0
5
0
0
3
0
4
2
0
0
0
2
0
1
0
6
0
5
4
0
0
0
4
2
4
7
1
0
7
2
2
0
0
1
5
4
0
1
1
0
3
0
1
0
0
0
0
0
0
0
7
1
0
1
1
3
1
1
0
6
8
4
4
6
3
2
1
3
2
2
0
0
2
0
0
2
0
1
0
1
0
0
0
1
0
3
2
0
0
1
1
0
0
3
0
0
6
0
0
3
0
0
6
0
2
0
2
0
0
0
0
0
3
2
0
2
4
2
3
5
2
0
0
0
3
1
0
1
0
3
5
1
0
6
1
0
0
2
0
6
0
0
0
1
2
0
2
0
0
0
0
0
0
0
2
0
0
3
0
2
0
1
0
2
0
1
0
0
0
2
0
1
3
3
2
2
3
0
2
1
0
4
0
0
0
2
3
2
0
0
1
0
4
0
7
2
6
0
2
2
0
0
0
2
0
0
2
2
3
5
3
0
4
4
0
0
0
4
5
0
0
1
0
0
1
0
0
6
0
0
1
0
0
1
1
4
0
0
2
2
0
2
0
0
3
0
1
2
7
0
0
5
4
4
1
5
0
0
0
0
0
1
0
2
2
3
1
0
1
4
3
2
0
1
6
0
1
1
3
0
0
0
3
1
0
7
0
1
0
2
2
2
0
0
0
0
1
1
0
0
0
1
0
0
0
0
4
0
0
1
0
0
3
3
0
2
1
0
4
1
0
4
3
0
6
1
0
0
0
0
0
0
1
2
0
0
0
3
1
4
0
7
0
0
1
2196
0
