../2_Decay/DataFilesGe/Decay/415229G2.TXTBackgroundRemoved 
0
0
0
0
0
0
0
0
0
0
0
0
0
0
11
180
44
53
69
68
15
28
17
6
32
13
1
19
19
37
18
13
8
4
17
5
20
12
13
15
10
28
23
3
5
12
8
18
3
15
2
4
21
21
8
13
13
13
4
16
23
24
10
7
25
25
9
14
12
12
12
13
13
24
1
1
1
32
13
4
15
5
5
30
30
30
19
19
20
18
16
22
31
30
8
21
21
7
22
13
7
12
15
39
0
40
40
14
5
8
13
4
13
11
26
36
13
15
30
18
33
33
11
40
28
28
18
4
37
37
13
14
23
29
42
9
17
5
19
28
26
11
12
38
29
24
38
28
20
21
23
10
6
18
16
16
11
16
18
30
0
9
8
8
8
3
9
9
9
2
17
26
11
25
15
26
5
16
9
4
13
12
12
7
2
6
5
17
17
14
21
10
10
8
16
2
24
24
3
5
13
6
6
6
9
7
2
8
12
13
14
9
10
17
12
6
6
6
6
4
7
16
12
9
16
3
13
7
9
9
7
10
5
9
11
31
12
13
23
20
8
1
6
5
6
24
1
9
8
5
1
12
13
19
13
13
11
13
22
11
1
13
0
4
2
6
6
5
12
1
6
4
7
0
0
9
8
5
2
8
8
6
25
8
13
9
4
7
7
15
10
9
4
4
4
0
8
1
6
4
13
1
1
3
3
3
0
10
10
9
17
9
9
3
11
11
6
10
2
1
1
16
0
1
6
13
13
1
2
2
5
3
5
6
4
0
1
9
9
9
9
8
8
8
2
8
1
1
8
6
11
5
5
2
8
7
14
7
7
9
2
9
8
5
7
5
8
0
5
5
10
10
4
4
6
3
3
3
0
3
0
7
5
0
4
4
6
6
6
6
9
9
9
9
9
8
8
8
3
5
5
5
2
2
2
2
8
0
0
0
4
2
6
6
2
2
2
7
10
6
3
1
1
0
0
5
4
0
0
14
14
1
1
4
4
8
9
7
4
2
1
1
13
1
1
0
0
6
7
4
4
4
8
2
2
2
2
2
3
4
7
7
4
4
4
4
4
2
3
6
5
5
4
4
3
3
3
0
0
0
2
7
7
7
0
2
12
12
1
3
0
1
7
3
2
10
2
1
4
4
4
4
2
0
4
1
1
6
7
5
5
4
0
3
2
4
3
3
2
2
4
0
2
4
4
4
1
1
1
0
0
7
1
1
2
2
0
0
0
0
5
5
4
3
3
4
4
4
4
0
3
2
1
1
1
4
4
1
6
6
6
0
0
0
3
1
3
4
5
5
1
2
2
0
2
2
5
5
0
0
4
5
5
5
5
0
3
4
1
4
9
12
5
1
0
1
4
4
4
0
2
0
3
3
3
3
1
10
3
1
1
1
1
4
7
1
1
3
0
0
0
0
1
0
0
2
1
1
1
1
1
1
4
4
4
4
1
4
2
3
5
0
0
9
0
0
0
1
1
1
0
0
4
4
4
6
6
1
0
1
1
1
1
0
2
3
3
3
0
1
1
1
2
4
0
0
6
1
1
0
0
0
2
2
3
3
3
0
2
3
2
2
0
0
2
0
4
4
0
10
2
2
4
8
1
1
2
2
1
1
0
0
1
4
4
3
3
4
4
4
4
4
4
2
0
2
3
3
3
0
2
5
0
2
2
1
0
0
0
3
3
3
0
1
1
3
1
4
0
3
2
2
2
2
2
0
0
2
1
0
1
1
1
0
0
2
2
2
1
4
3
3
2
2
2
0
0
4
4
4
4
4
4
4
4
4
2
6
6
3
2
1
4
2
3
1
0
0
1
1
3
3
1
1
1
2
2
1
1
1
1
5
0
0
0
0
2
2
0
0
0
0
0
0
1
1
1
1
1
0
4
2
2
1
1
1
2
0
0
0
0
0
1
1
3
3
2
2
2
1
1
4
4
4
0
2
2
2
6
0
0
0
0
1
1
1
8
8
1
1
4
4
4
4
3
4
2
2
5
2
2
0
1
1
1
1
4
4
4
1
1
0
1
2
2
2
2
2
2
2
2
2
2
2
2
0
1
1
0
0
0
1
1
1
1
2
1
3
3
3
0
0
1
2
2
4
4
5
2
3
1
1
1
2
4
2
0
3
1
4
1
4
4
4
4
0
0
2
2
0
0
3
0
3
2
1
1
1
1
0
4
1
0
0
0
0
0
0
0
0
0
1
0
0
0
0
0
2
0
0
0
4
4
5
0
0
3
3
3
2
0
0
0
1
1
1
0
1
1
4
2
1
1
1
3
3
3
0
0
2
2
2
3
0
0
0
0
0
2
2
1
1
1
1221
