../2_Decay/DataFilesGe/Decay/415211G2.TXTBackgroundRemoved 
0
0
0
0
0
0
0
0
0
0
0
0
0
0
4
43
0
25
18
26
23
5
22
11
0
2
7
0
20
17
6
8
14
3
7
8
35
21
12
5
23
26
17
0
19
0
3
8
1
0
29
0
2
2
1
6
0
5
0
6
18
12
18
13
0
10
18
12
15
3
5
8
7
0
14
13
0
0
10
2
0
0
3
18
0
4
20
14
34
9
7
0
27
22
0
10
17
10
8
7
0
25
0
1
55
13
5
6
0
6
0
0
15
5
33
13
0
19
30
24
11
18
47
28
3
23
10
6
40
15
0
22
0
16
34
20
7
7
19
30
8
16
44
14
8
0
29
0
2
9
18
11
10
15
10
26
6
0
3
19
18
23
9
10
8
0
3
3
1
3
4
15
7
30
32
1
3
26
3
5
0
0
0
1
0
0
3
12
0
25
8
2
2
32
41
0
14
12
1
14
0
7
0
15
18
16
0
3
20
0
9
0
10
2
2
13
0
0
4
15
4
25
0
0
22
7
8
0
14
4
3
7
11
16
3
9
10
4
0
13
16
5
21
0
8
10
0
2
8
0
18
7
4
15
0
9
5
10
4
12
14
23
14
0
0
9
0
11
4
8
0
20
0
0
14
2
0
0
0
11
4
9
22
18
5
12
19
6
11
8
9
1
6
4
5
0
0
8
7
1
8
0
3
0
9
4
1
0
4
1
11
0
0
0
0
3
11
6
11
4
5
2
0
6
5
0
3
6
0
0
7
0
1
14
0
0
0
0
8
11
0
5
1
2
3
5
0
1
0
1
5
1
9
5
4
0
0
6
13
0
0
5
3
0
1
0
4
0
0
3
0
3
7
1
10
0
2
15
0
0
0
0
1
0
0
0
0
0
6
0
0
10
0
0
0
1
0
0
1
0
0
0
0
0
8
0
11
14
0
0
5
0
5
4
3
1
0
16
0
3
0
5
5
0
0
6
2
4
0
0
0
2
7
4
4
0
1
9
1
7
7
1
1
1
0
0
0
0
7
3
0
0
0
0
9
6
0
0
1
0
4
0
2
4
2
4
4
6
0
11
0
0
1
0
0
0
0
8
0
0
0
4
12
0
0
4
1
5
0
1
0
0
0
0
3
1
10
0
3
0
4
0
12
0
4
7
2
0
0
2
3
0
3
5
0
0
2
0
0
0
1
0
1
4
3
0
0
3
0
6
0
0
4
0
0
0
1
2
0
2
2
4
0
0
0
0
6
0
3
0
3
0
7
0
2
3
0
0
3
0
1
0
0
3
3
10
3
3
1
5
0
2
1
2
0
0
2
0
6
0
0
1
0
0
0
2
3
5
5
0
11
0
4
1
1
0
0
1
3
0
4
0
0
4
0
0
7
2
0
5
3
0
0
3
2
0
5
1
0
0
0
1
0
1
0
3
0
0
5
0
0
5
0
7
0
0
0
0
2
9
3
2
0
0
0
5
4
4
0
0
1
1
0
0
2
0
1
0
0
0
2
0
4
5
0
0
0
0
7
0
0
2
3
1
1
2
0
3
0
1
0
1
0
0
0
1
0
0
3
0
8
0
6
1
3
0
1
2
3
1
4
2
1
4
0
0
0
0
2
0
6
0
0
0
0
0
1
5
6
5
0
0
0
0
2
0
0
0
0
7
0
5
4
3
0
0
3
0
1
0
7
2
0
4
0
0
0
2
2
0
1
1
0
1
1
0
6
0
0
0
0
0
0
1
1
1
0
4
0
0
2
0
0
1
0
2
2
0
0
0
3
0
0
0
2
2
0
2
0
0
0
0
0
0
0
0
1
0
0
1
1
1
0
0
0
8
0
0
0
0
0
0
0
0
0
0
0
0
0
0
2
0
0
0
0
2
0
0
0
2
0
0
0
4
0
0
0
1
1
0
1
0
0
0
0
0
2
0
0
1
0
0
1
0
3
3
0
3
2
0
2
0
0
1
2
0
1
1
3
0
0
0
2
2
2
3
2
2
2
2
2
0
0
0
2
0
0
0
0
1
0
0
0
0
0
0
1
1
0
0
3
0
0
0
2
0
0
0
0
0
3
4
0
0
0
0
0
0
1
2
0
0
0
3
2
0
0
0
5
0
2
0
0
0
6
0
0
2
0
0
0
2
2
2
0
0
2
3
0
0
1
0
0
0
0
1
0
1
0
0
0
0
4
1
0
0
3
0
0
0
3
0
0
1
0
2
0
1
0
0
0
0
0
1
5
1
3
2
0
0
5
2
0
0
2
0
8
0
0
0
0
0
2
2
2
0
1
2
3
0
0
0
3
4
0
3
0
0
0
4
0
0
0
1172
