../2_Decay/DataFilesGe/Decay/415261G2.TXTBackgroundRemoved 
0
0
0
0
0
0
0
0
0
0
1
1
1
1
32
152
138
70
49
44
40
36
34
13
31
20
30
15
28
17
30
25
25
15
39
16
17
6
14
4
11
15
25
8
20
33
41
16
26
12
21
31
15
36
28
17
29
23
15
28
36
18
50
18
14
30
37
26
33
8
32
25
32
19
31
68
40
29
39
36
9
41
44
46
18
35
44
28
67
51
42
43
52
58
43
46
53
73
67
50
15
38
28
61
38
71
48
39
61
55
38
26
44
57
37
68
53
35
41
36
73
22
74
46
56
50
59
46
92
45
56
37
46
53
44
19
53
49
33
46
47
59
63
36
56
52
56
27
56
48
30
43
53
38
61
23
57
20
32
37
29
21
39
31
13
45
48
35
40
23
36
32
45
55
41
42
16
33
29
46
20
21
43
16
23
17
16
29
40
37
25
32
43
42
35
15
17
9
12
20
29
27
26
15
25
42
34
25
40
27
46
16
29
29
23
5
23
17
22
21
21
37
6
9
26
19
17
18
12
15
7
10
30
38
26
31
33
13
42
20
35
19
22
18
9
26
21
21
19
3
24
18
22
21
0
16
31
16
25
9
24
11
5
4
18
10
2
4
23
33
19
20
3
14
11
16
14
1
1
19
16
11
12
20
0
21
10
4
18
6
16
14
34
10
14
3
10
7
11
15
1
18
7
12
10
2
2
2
15
12
6
10
21
5
15
10
10
19
7
11
3
8
9
11
20
12
14
6
3
4
11
10
9
15
4
1
8
9
5
8
2
4
18
4
2
12
6
6
3
10
3
1
5
5
11
3
5
22
13
5
5
9
4
1
3
0
5
5
4
0
10
13
6
16
1
9
5
12
7
4
8
1
4
7
4
4
10
17
1
1
9
6
7
1
1
14
14
0
6
7
5
2
2
2
8
8
11
4
4
3
3
5
12
5
0
6
5
6
5
5
11
4
8
8
3
10
7
4
4
7
5
5
7
9
4
9
9
6
0
1
2
6
6
5
0
0
2
5
13
12
12
12
5
11
11
12
1
8
13
7
7
7
10
3
7
8
1
1
4
4
1
7
3
8
1
1
3
6
6
8
2
8
5
1
5
4
2
2
5
7
1
5
11
0
2
4
16
6
7
7
3
3
8
2
0
5
4
2
9
8
6
2
8
0
2
2
0
0
2
2
4
1
6
6
6
6
6
1
1
1
1
1
3
9
2
1
1
1
1
7
0
1
5
4
3
1
1
1
1
4
4
4
5
2
2
8
0
2
11
5
5
2
4
5
7
7
3
7
2
6
4
4
4
4
0
1
2
1
1
7
6
3
0
5
4
4
10
1
9
4
21
11
4
4
2
4
4
5
5
1
4
4
0
2
3
4
9
11
5
5
5
2
2
0
8
2
3
4
0
0
2
4
0
0
0
0
0
1
6
2
4
5
5
0
5
2
5
4
4
3
2
2
2
1
1
5
4
4
4
3
3
0
0
4
4
5
1
1
1
0
2
6
1
0
0
0
2
2
4
6
6
7
0
5
3
1
1
1
5
5
1
0
4
0
0
0
0
3
7
1
7
7
9
9
5
0
1
1
2
4
5
7
2
9
1
1
0
2
1
0
1
5
5
1
5
2
3
8
8
2
2
2
1
0
0
2
2
0
0
2
4
6
6
2
2
3
9
3
3
3
5
0
0
0
0
0
2
4
2
2
2
2
1
2
6
2
2
5
2
0
3
0
4
3
3
3
2
2
2
2
1
1
3
3
1
1
0
5
5
1
0
1
2
2
1
2
0
4
6
2
0
0
2
2
0
1
1
0
1
1
2
2
1
0
0
6
7
3
6
6
3
2
7
7
7
7
7
4
4
3
5
3
3
1
3
0
1
0
5
2
2
3
6
6
2
2
2
1
1
2
5
2
1
1
1
0
0
0
0
0
3
3
2
3
3
3
0
0
4
0
3
3
3
3
0
4
2
0
0
0
0
3
3
3
1
3
8
8
8
2
0
3
5
3
4
4
4
2
2
1
1
3
3
2
2
3
2
1
2
2
2
1
0
0
0
3
1
1
5
2
4
1
0
0
0
1
0
0
2
2
2
4
2
2
2
7
2
2
6
6
0
0
0
1
3
0
0
3
0
0
0
5
3
1
2
2
2
3
3
3
2
1
0
0
3
3
0
0
0
0
2
2
4
3
2
0
0
0
0
0
2
2
2
0
0
3
2
1
1
1
4
4
4
3
0
0
4
0
0
1
0
0
2
2
0
4
5
1
1
5
2
2
1
4
0
0
0
3
3
0
5
3
1
4
2
2
2
2
0
0
0
1
2378
2378
