../2_Decay/DataFilesGe/Decay/415232G2.TXTBackgroundRemoved 
0
0
0
0
0
0
0
0
0
0
0
0
2
0
18
203
0
52
27
46
43
0
20
0
12
12
8
12
16
6
24
0
9
0
5
19
27
0
14
0
8
8
13
0
1
5
15
14
0
6
3
15
2
0
0
0
0
0
3
0
14
17
10
0
2
10
22
11
20
15
5
0
9
8
13
11
0
0
0
9
4
18
12
14
0
0
1
4
21
25
27
14
3
30
12
5
28
0
8
16
21
26
0
28
0
16
22
23
7
0
0
0
0
7
30
11
18
16
0
25
28
29
19
27
21
16
29
0
24
0
24
4
8
0
6
27
14
29
0
6
42
0
24
3
23
12
20
26
13
18
0
19
17
0
27
7
7
15
0
4
14
19
12
11
0
25
6
0
13
23
1
24
18
7
26
33
2
18
19
22
12
10
7
7
0
21
10
7
1
25
0
0
13
13
17
21
20
13
4
0
0
13
2
6
4
20
11
0
18
0
25
1
8
17
2
8
5
0
8
0
3
10
3
0
8
10
0
2
18
0
6
13
12
12
19
26
19
19
25
8
11
0
2
16
7
2
0
8
1
0
11
11
11
3
10
0
5
0
0
0
1
7
0
15
0
0
15
9
0
8
0
0
0
8
0
2
0
0
2
12
1
6
15
0
2
7
6
1
11
4
8
0
18
16
0
0
1
4
5
2
0
5
3
4
0
6
3
0
15
2
8
2
0
10
0
1
0
5
21
1
3
0
13
11
3
0
0
4
7
1
7
6
0
12
9
1
2
3
8
4
2
5
3
6
0
9
0
0
3
11
0
0
0
2
4
4
2
2
0
0
0
9
2
10
9
0
2
5
4
3
1
10
6
0
0
8
0
0
4
0
0
0
10
8
0
0
8
0
2
0
6
11
2
1
0
3
2
2
6
6
6
1
1
2
0
0
2
7
4
0
0
0
0
10
0
3
0
5
4
2
5
0
4
3
0
1
0
0
0
0
1
5
2
2
0
3
4
4
6
0
0
3
1
0
0
0
0
17
7
0
1
0
0
0
5
5
1
3
3
0
8
2
2
8
8
6
6
6
2
1
0
0
3
0
0
0
0
0
0
0
9
7
4
0
0
0
0
0
0
0
0
5
1
0
2
3
6
3
0
0
0
0
9
0
2
0
2
0
2
0
4
8
3
5
1
2
5
0
0
0
7
0
1
0
3
0
1
1
0
0
0
0
3
1
0
0
0
3
0
0
0
5
0
0
3
2
2
4
0
1
0
2
0
1
0
4
0
0
0
3
0
0
0
0
3
0
8
2
0
1
0
4
0
0
2
0
0
0
0
0
0
2
0
0
0
6
0
3
4
5
2
1
1
0
0
0
1
1
0
0
0
4
0
7
0
0
3
5
0
4
0
1
2
0
0
0
3
2
0
0
2
0
0
8
1
0
0
0
3
0
2
2
1
0
3
0
4
1
0
3
9
3
1
3
2
0
0
5
0
0
0
6
0
1
1
3
3
0
0
3
1
4
0
0
0
0
0
2
1
0
0
3
0
0
0
2
2
0
1
0
0
4
4
0
0
0
0
0
6
2
3
0
2
0
2
1
4
0
2
4
0
0
3
5
0
0
0
0
0
0
0
0
1
0
1
2
0
1
0
2
0
0
0
4
1
0
0
1
0
0
1
1
2
0
0
0
1
0
3
0
3
2
0
2
0
3
5
1
6
0
0
0
0
0
0
2
4
3
4
0
0
0
1
3
1
0
0
0
0
1
0
0
4
0
0
4
6
1
0
0
0
2
5
2
0
0
0
2
0
0
0
0
3
0
0
3
2
4
0
0
1
0
0
2
1
4
4
0
1
0
4
4
3
0
0
4
0
3
0
0
1
3
0
0
6
3
2
0
4
2
0
3
2
1
0
1
0
0
0
0
0
0
7
0
2
3
3
2
0
2
2
0
0
0
1
0
1
0
2
5
0
0
0
0
3
0
5
3
0
4
2
6
0
0
0
0
0
2
0
1
0
0
0
0
2
0
0
1
0
0
0
2
0
0
2
0
1
0
0
0
0
0
0
2
1
0
0
0
0
0
0
2
0
1
0
0
1
0
0
3
0
6
2
3
2
0
0
0
0
0
0
0
0
0
5
3
0
0
0
2
0
4
0
2
3
1
2
1
1
3
0
0
3
4
3
0
0
0
0
0
5
1
2
1
1
0
0
0
0
0
1
0
0
0
0
0
0
2
1
0
0
0
0
0
1
0
1
0
0
0
3
0
3
0
0
3
1
0
0
0
0
0
0
0
2
0
2
0
2
0
0
0
2
0
0
2
0
0
4
0
0
0
0
1194
