../2_Decay/DataFilesGe/Decay/415202G2.TXTBackgroundRemoved 
0
0
0
0
0
0
0
0
0
0
0
0
0
0
25
575
138
102
51
20
1
23
22
15
9
0
26
6
6
19
8
0
8
18
23
7
41
13
1
16
13
22
20
10
1
0
11
20
6
20
16
8
22
20
2
12
2
8
31
23
15
24
48
22
36
36
28
16
19
30
20
31
39
10
44
13
1
62
9
0
16
26
0
0
5
0
10
17
7
16
0
27
21
32
4
0
18
17
20
0
2
28
0
10
7
13
18
4
0
3
34
8
36
18
10
25
12
0
28
5
42
2
0
22
15
11
0
11
31
3
8
24
0
30
21
53
20
7
14
37
16
31
29
14
28
20
27
7
23
23
13
18
23
16
6
31
10
0
43
10
4
14
24
6
0
0
5
16
9
12
19
24
15
0
9
17
12
19
13
19
0
8
3
16
17
0
12
0
4
2
26
8
3
29
25
10
0
3
1
25
5
0
2
0
16
11
0
6
29
5
16
5
11
19
0
4
6
4
7
8
0
8
10
24
3
15
7
4
15
2
21
8
0
10
0
17
11
12
13
0
14
18
24
0
6
10
0
12
0
12
2
9
19
8
2
0
16
4
0
13
7
17
10
11
7
1
6
0
8
0
0
4
0
8
0
14
3
7
5
3
9
19
23
5
0
16
3
8
10
0
5
7
15
16
0
0
4
6
6
10
5
5
0
0
6
13
2
0
7
9
4
9
3
7
7
9
5
0
6
18
0
0
2
0
0
11
5
0
2
4
11
5
5
5
1
3
9
4
0
14
5
2
3
0
0
6
0
8
0
1
6
4
6
0
2
1
0
7
4
1
0
5
0
1
4
1
5
6
3
0
3
8
3
1
5
6
0
12
0
0
0
0
6
0
6
0
7
3
6
0
0
1
9
0
2
10
0
0
1
5
0
2
0
0
4
0
6
2
0
0
1
0
5
6
0
0
0
7
3
5
7
5
0
0
0
0
0
5
0
1
0
2
0
0
0
2
0
4
0
0
3
0
2
0
0
0
0
4
2
6
0
2
0
0
7
0
3
7
0
0
10
3
0
0
5
1
0
3
8
0
0
0
0
0
0
0
0
2
0
1
6
1
0
4
0
9
2
7
0
5
5
0
6
1
0
5
1
0
3
0
5
0
7
0
0
1
0
0
0
0
0
0
2
5
0
2
0
0
0
0
11
3
0
2
1
0
0
0
0
12
0
0
2
6
0
0
1
5
0
0
0
0
5
0
0
2
0
0
0
1
0
0
1
2
5
0
0
2
12
0
2
0
2
0
5
5
0
5
0
4
0
0
0
2
1
0
0
0
1
0
4
1
0
0
0
0
6
1
4
7
6
0
0
0
0
0
2
0
2
3
0
0
1
0
0
0
0
0
0
0
0
0
3
0
0
0
2
2
3
0
2
0
0
2
2
0
0
0
4
0
0
0
0
4
3
0
4
0
0
3
6
0
2
1
0
0
0
1
0
0
0
0
0
1
0
0
0
0
0
1
2
0
6
0
2
0
0
1
1
0
0
5
0
1
1
0
0
0
0
0
0
3
4
0
2
0
0
0
1
0
1
0
3
0
5
0
1
1
0
5
3
0
1
4
0
0
0
0
0
0
1
0
0
0
0
3
0
0
4
0
1
2
0
1
0
2
0
3
0
0
0
1
1
0
5
1
2
4
2
4
6
0
0
1
0
0
1
0
0
0
0
0
0
0
6
0
1
0
0
0
2
0
3
0
0
0
0
0
0
2
0
3
2
2
2
0
0
0
0
3
1
1
0
0
0
5
0
5
1
2
2
0
8
0
0
1
1
0
1
0
1
0
1
0
0
1
0
1
0
0
0
0
3
0
0
0
0
3
0
0
0
0
0
0
0
0
0
0
0
1
1
0
6
0
0
0
0
0
0
9
0
1
1
4
1
1
3
0
0
5
1
0
2
2
0
0
0
1
3
1
0
0
0
1
1
0
4
1
0
0
1
0
0
1
0
1
4
6
0
0
1
1
0
0
0
0
0
3
2
0
0
0
0
0
4
1
1
3
0
1
0
0
0
0
2
5
0
0
0
0
0
3
0
4
0
0
1
0
3
1
0
0
1
0
3
1
0
0
1
1
2
1
2
0
2
1
0
3
0
3
3
0
0
0
0
0
5
0
1
2
1
0
3
0
0
0
0
3
0
0
2
1
3
1
0
0
0
2
0
0
0
1
0
0
2
2
0
1
0
0
0
0
0
0
0
2
0
2
0
0
0
0
0
0
0
0
6
0
0
0
0
0
2
1
0
0
0
0
0
0
0
0
0
1
0
0
0
0
6
1
0
2
0
1262
