../2_Decay/DataFilesGe/Decay/415201G2.TXTBackgroundRemoved 
0
0
0
0
0
0
0
0
0
1
1
1
1
0
84
2297
79
34
36
21
35
17
12
12
12
12
11
17
0
10
9
4
4
21
6
15
55
15
3
12
0
23
15
15
3
3
15
6
0
4
4
6
19
21
3
2
8
7
7
14
19
24
18
29
34
28
25
25
6
14
14
8
39
10
10
10
12
12
6
9
9
10
12
2
2
2
14
2
39
2
19
12
12
0
20
16
12
9
19
19
2
4
4
48
12
15
30
14
14
14
14
33
38
1
9
16
26
16
7
40
29
29
2
21
26
44
5
23
72
72
10
33
18
25
34
15
9
10
34
9
34
15
28
8
32
26
34
43
12
10
24
3
26
28
16
18
30
21
21
11
4
28
27
25
7
7
10
10
12
11
22
14
8
4
38
22
21
7
25
27
0
1
1
8
9
23
28
10
6
8
17
12
12
25
22
22
32
16
8
8
12
5
5
1
22
23
5
4
19
19
21
21
21
8
5
8
8
19
12
9
9
22
22
4
20
20
2
8
10
3
3
1
12
8
3
28
11
11
8
1
19
2
13
10
5
3
5
5
5
5
8
11
17
4
8
2
7
9
9
3
6
6
10
1
14
10
10
12
11
4
0
1
1
1
3
8
7
3
3
9
9
11
13
8
3
22
2
2
6
1
20
4
4
8
8
3
3
3
3
3
2
0
0
0
0
15
15
15
12
5
1
16
16
6
2
0
0
0
17
6
6
6
8
0
11
1
0
0
0
0
10
10
10
1
12
12
5
8
15
3
3
10
3
3
3
6
6
6
6
15
4
0
7
12
6
5
6
7
14
14
14
2
8
10
7
5
3
4
1
7
7
6
12
3
5
5
5
7
7
3
4
4
13
13
6
6
0
0
0
1
0
3
9
9
9
3
1
1
1
7
7
7
7
1
0
1
1
0
0
1
1
1
8
3
5
3
2
13
13
2
2
2
1
3
3
3
3
4
4
4
4
4
4
3
3
3
4
4
1
4
4
1
7
5
2
2
0
0
3
3
3
4
0
0
1
2
4
4
6
6
0
6
6
6
1
1
1
4
2
2
2
3
1
1
1
1
1
0
0
2
2
6
9
0
5
5
5
4
1
2
2
4
2
2
2
1
4
0
8
0
1
1
4
0
0
0
0
2
4
4
3
2
2
2
2
1
1
1
0
0
0
3
0
2
3
3
3
3
2
0
0
2
2
2
5
0
0
9
9
9
7
3
3
3
2
2
0
0
0
0
4
0
6
3
2
3
5
3
3
4
4
4
2
3
0
6
1
0
0
3
1
1
2
2
2
3
4
2
0
2
2
0
4
4
4
3
2
2
4
6
5
5
5
0
0
0
0
0
4
4
0
2
3
5
5
5
0
3
3
3
3
3
3
0
0
0
2
2
2
2
1
2
2
3
1
1
3
3
3
5
2
5
5
1
1
1
2
1
2
6
4
4
5
5
5
5
1
3
3
0
1
4
0
0
0
2
0
2
2
3
1
2
0
2
2
2
1
1
1
1
0
4
3
8
3
4
2
0
3
1
1
0
1
1
1
0
2
2
4
3
2
2
2
2
2
0
2
2
0
2
4
1
1
3
2
3
2
2
2
2
2
2
2
1
0
2
1
1
0
0
0
0
0
1
1
0
0
1
4
1
0
8
3
3
3
2
2
2
2
2
0
0
1
1
1
4
0
3
0
1
1
0
2
2
2
2
2
3
0
3
2
2
2
0
2
1
1
1
1
1
0
0
0
0
1
1
2
4
4
4
0
2
2
1
2
1
2
1
1
1
4
1
1
2
2
2
4
2
2
0
1
5
5
5
5
3
2
0
0
0
7
7
7
7
7
0
0
0
0
0
2
1
1
2
1
1
3
3
3
3
1
7
7
0
3
3
3
3
1
3
1
1
3
3
3
1
2
2
0
2
1
1
1
1
1
0
0
1
1
1
0
0
0
0
0
0
4
2
3
3
8
8
8
3
3
1
0
0
0
1
1
1
1
0
6
6
2
0
0
1
0
1
1
1
2
1
1
1
1
1
1
5
4
3
3
1
1
4
4
2
1
1
1
0
3
1
0
1
1
3
0
1
1
1
1
1
3
1
1
0
0
0
2
4
1
1
1
1
0
1
1
3
3
1
1
0
3
6
6
6
0
2
0
0
0
6
2
0
1
0
0
0
0
1
1
1
0
0
2
2
2
0
0
2
0
0
0
0
0
0
0
0
0
0
0
2
2
4
4
4
4
1
0
0
3
3
5
1
1
2
3
3
3
3
0
0
2
2
3
1
1
1
3
0
0
0
2
2
3
3
3
2
2
1299
