../2_Decay/DataFilesGe/Decay/415206G2.TXTBackgroundRemoved 
0
0
0
0
0
0
0
0
0
0
0
0
0
0
40
1085
343
181
74
23
18
9
0
10
18
0
15
25
2
40
3
14
4
16
0
15
28
14
19
7
17
29
13
13
17
18
12
6
0
25
0
15
14
0
15
16
4
4
0
4
4
14
11
7
7
0
12
18
40
73
76
61
43
7
17
0
0
18
0
2
17
27
2
19
0
0
21
26
14
16
2
7
17
10
15
0
26
0
11
7
20
6
0
35
14
6
14
1
0
12
6
3
36
26
7
21
18
8
0
32
23
0
32
8
29
17
17
0
43
27
0
7
9
16
15
9
34
0
14
15
20
31
36
32
10
15
12
0
20
8
13
0
9
29
5
10
10
5
13
8
5
7
32
11
2
8
27
28
13
19
29
7
8
17
19
21
18
31
13
24
10
9
0
38
0
11
26
8
18
22
20
27
17
22
20
0
14
0
7
11
13
3
6
0
22
8
18
9
1
13
17
12
6
21
0
4
0
0
4
9
0
10
0
6
4
5
0
14
13
6
7
18
1
11
14
10
9
0
22
0
9
6
11
2
6
18
1
11
0
0
1
18
4
1
5
0
8
3
14
5
8
7
8
0
0
2
4
1
7
4
10
3
1
0
7
7
0
0
12
7
1
3
6
2
3
4
10
4
2
1
5
4
24
0
1
0
7
0
2
0
12
2
1
6
2
18
6
0
2
7
4
4
0
12
0
0
13
0
2
13
7
0
0
5
10
0
11
2
1
7
6
5
2
14
3
6
0
0
12
12
7
5
10
10
11
0
0
3
10
0
7
0
4
5
14
0
0
4
12
10
2
9
0
0
3
4
0
0
2
3
4
8
0
8
0
0
0
5
0
7
7
3
3
4
1
1
0
1
3
0
0
7
11
0
4
7
0
4
3
7
0
7
0
0
2
1
6
0
7
0
9
0
6
0
6
5
2
7
6
5
0
0
0
0
0
4
0
0
0
0
0
0
1
0
0
6
2
5
0
0
1
4
0
0
0
0
0
2
2
6
0
0
3
0
0
1
0
0
6
3
1
1
8
2
2
7
2
6
0
7
2
3
1
0
3
0
5
4
7
3
2
3
0
3
5
0
4
5
0
2
6
9
4
2
0
0
2
1
9
0
2
0
3
1
0
1
0
2
3
3
0
0
3
2
0
0
6
2
0
0
0
0
0
3
0
4
1
0
0
0
0
3
3
0
2
2
5
2
0
3
0
0
0
0
0
1
3
1
0
7
2
4
1
0
1
0
0
0
2
3
0
0
4
0
1
7
0
4
5
1
1
5
0
1
0
0
0
0
6
1
2
6
0
4
1
7
0
0
0
0
0
0
0
5
5
0
0
0
0
3
0
4
1
2
0
0
12
4
1
2
0
0
3
6
0
3
5
0
4
0
2
0
3
1
0
0
0
0
4
2
0
0
1
5
7
0
2
2
2
2
3
4
0
4
2
3
1
6
0
2
0
5
0
0
0
0
0
2
0
2
3
0
0
2
0
1
0
2
2
0
0
0
0
1
0
4
3
5
2
0
0
0
1
0
0
0
0
0
4
0
0
0
2
0
2
1
3
0
1
0
1
2
5
3
0
0
0
0
0
0
2
0
2
0
0
9
1
0
4
1
4
0
0
1
4
1
0
2
0
2
2
3
1
1
0
2
3
0
0
1
2
0
0
0
3
6
0
7
0
6
0
0
0
2
0
0
3
0
8
1
7
0
2
1
0
5
0
2
0
0
2
0
0
3
0
0
0
0
0
1
5
0
1
1
2
0
1
1
0
0
0
0
0
2
0
3
0
3
0
1
0
0
3
0
0
2
1
6
4
0
0
0
0
0
2
0
3
0
0
0
0
1
0
1
7
4
0
0
0
0
2
1
2
3
2
0
0
0
5
0
0
1
1
4
0
1
0
3
0
2
3
1
0
1
0
0
1
2
1
0
1
1
2
0
1
0
0
0
0
2
3
0
0
0
0
1
10
7
0
5
0
1
0
0
0
1
0
0
0
0
0
1
0
0
0
0
0
1
0
4
4
0
0
0
0
0
0
0
2
3
2
2
0
1
0
3
4
3
2
0
0
4
0
2
0
4
0
1
4
4
3
2
0
0
0
2
0
2
0
0
3
8
0
1
0
0
0
0
0
0
0
3
1
1
0
0
0
0
0
0
3
0
0
2
3
0
2
1
1
0
3
0
1
0
1
0
0
0
0
0
0
0
0
4
1
0
1
0
0
0
5
1
5
7
0
0
7
0
0
0
0
4
0
0
0
0
1
1
0
1
0
1
3
2
0
0
0
0
6
4
0
2
0
1241
