../2_Decay/DataFilesGe/Decay/415230G2.TXTBackgroundRemoved 
0
0
0
0
0
0
0
0
0
0
0
0
1
0
11
124
3
20
39
44
43
7
0
0
23
10
4
19
0
24
5
0
3
10
9
19
11
6
3
5
14
18
10
0
11
6
24
0
0
4
13
1
0
33
0
0
8
0
10
16
32
19
8
20
26
0
6
8
5
0
5
0
22
0
23
3
0
10
0
0
0
22
10
10
0
14
1
0
4
20
0
14
0
20
29
12
9
8
26
0
5
9
0
30
15
27
17
0
0
50
0
7
0
0
14
9
36
19
29
18
18
0
46
4
33
16
12
3
38
22
3
33
26
3
0
22
1
19
7
26
15
0
34
20
17
12
27
10
12
28
0
19
11
10
6
16
11
8
1
0
4
13
2
3
15
0
31
26
0
19
7
15
15
17
24
9
19
27
9
41
0
0
2
33
0
12
4
32
9
11
16
8
8
24
15
14
0
0
8
16
5
5
20
0
15
17
2
16
13
0
6
10
11
16
16
9
7
17
11
19
0
13
4
1
16
7
7
9
15
1
0
8
5
10
0
7
8
7
7
0
16
0
8
10
8
16
8
5
25
0
16
17
18
8
4
13
0
13
6
1
14
6
0
0
0
2
5
15
11
9
2
10
3
17
5
11
0
0
7
5
13
14
13
10
0
6
12
3
6
2
0
0
15
0
12
4
0
6
2
0
7
5
7
0
2
2
12
4
11
26
7
5
4
13
1
5
0
0
14
11
11
3
0
7
0
1
2
7
0
2
3
0
0
6
0
0
0
0
3
4
11
17
2
0
2
11
8
4
9
0
7
4
2
2
1
2
0
11
0
0
0
6
0
0
4
0
0
0
2
0
2
5
4
0
5
8
0
8
3
0
12
0
6
5
6
2
0
3
0
2
0
5
13
1
0
7
5
1
7
1
4
3
0
0
14
0
8
2
0
0
13
0
6
1
0
4
6
4
5
5
0
1
0
2
0
3
1
5
0
1
2
1
1
4
2
0
0
0
4
2
0
2
2
3
3
0
2
8
10
0
1
0
0
0
0
4
2
0
7
2
3
1
0
0
7
5
3
6
0
0
0
3
0
1
0
4
4
1
0
5
0
2
11
4
0
1
0
0
1
2
0
6
5
2
3
7
6
15
10
0
8
0
0
1
4
0
2
0
5
3
0
0
4
6
0
1
4
0
0
2
7
0
2
2
7
0
2
1
1
1
0
1
0
1
7
0
0
3
0
0
0
0
2
1
1
0
0
0
0
5
4
0
4
0
0
0
0
2
3
1
5
1
0
1
5
8
0
8
4
3
0
0
0
0
1
0
6
0
7
1
2
4
0
0
0
1
0
0
0
3
7
3
13
0
3
0
1
0
3
0
0
3
2
3
0
1
2
0
4
0
0
0
0
1
0
0
5
0
0
0
1
0
0
0
0
0
0
0
0
1
0
7
1
0
6
0
0
0
1
8
7
0
0
1
0
0
0
6
0
0
0
2
2
0
3
0
3
0
0
2
0
4
0
3
0
0
0
0
8
4
0
4
2
1
0
2
0
0
1
0
2
3
0
0
4
3
2
0
0
0
1
0
2
0
2
0
0
0
1
7
4
2
0
2
0
6
0
2
0
0
0
5
4
1
2
3
0
0
2
3
0
0
0
0
0
2
0
0
0
3
0
0
0
0
1
0
3
0
0
0
2
1
0
3
2
2
0
3
0
0
0
0
0
2
0
0
0
0
2
4
0
3
6
1
0
0
0
5
0
0
1
4
0
2
3
1
1
2
5
0
1
1
0
0
0
1
2
1
0
0
1
1
2
3
3
0
1
7
0
0
0
0
7
1
0
2
0
3
0
0
1
0
0
0
0
0
1
0
0
2
2
6
0
0
0
3
0
0
0
3
3
0
3
3
2
0
0
0
2
0
0
0
0
0
0
0
0
0
0
2
1
0
1
0
1
2
2
1
0
0
0
0
0
0
1
2
0
0
0
0
1
0
1
0
0
2
0
0
0
0
1
0
0
2
1
1
2
3
0
1
1
2
0
3
0
0
2
1
1
1
1
1
3
0
0
0
0
0
0
3
0
4
0
1
0
0
1
0
0
0
2
1
2
0
0
3
0
2
3
0
7
0
0
3
2
0
2
4
2
0
0
6
0
0
4
0
0
5
1
1
0
0
0
0
0
1
0
0
0
0
2
2
0
0
0
0
0
0
0
0
0
0
0
0
1
0
0
0
6
0
0
0
0
1
3
0
0
0
0
0
0
0
5
0
2
0
0
0
0
0
0
4
0
0
1
0
0
3
0
0
0
0
0
0
0
1
0
0
0
1
0
1
0
1259
