../2_Decay/DataFilesGe/Decay/415277G2.TXTBackgroundRemoved 
0
0
0
0
0
0
0
0
0
0
0
0
0
0
37
97
69
57
46
27
15
21
28
2
0
11
26
12
20
35
17
0
21
12
13
24
0
37
14
11
5
21
23
11
12
5
15
8
6
7
3
18
14
0
17
0
4
8
27
0
23
23
23
0
9
0
24
29
8
25
2
0
3
17
0
10
8
45
0
13
0
3
0
29
0
0
12
1
35
17
12
2
24
25
14
17
20
39
59
16
2
24
34
18
38
25
30
45
12
0
29
29
29
23
29
29
26
25
25
48
36
19
20
24
32
46
45
33
14
21
18
24
39
17
28
9
29
20
35
26
46
18
26
24
20
27
52
16
38
10
23
9
6
22
16
10
22
16
35
13
32
5
8
3
0
13
28
8
22
15
20
33
20
22
21
15
12
19
18
43
19
0
23
5
5
23
12
10
0
14
26
8
12
17
27
29
10
13
0
24
12
10
10
10
17
29
7
0
9
0
30
5
5
28
0
3
7
0
8
4
0
25
4
8
14
4
19
12
18
12
0
23
0
5
20
26
10
40
24
9
18
9
28
14
14
7
0
9
11
0
4
22
16
20
0
10
4
0
17
6
10
25
0
7
1
14
0
20
8
15
0
0
9
11
0
0
0
3
6
20
10
14
18
14
0
22
9
8
7
12
4
13
26
3
10
4
7
0
3
4
8
6
0
0
2
3
5
9
13
2
8
15
4
4
5
8
6
2
11
2
8
2
10
8
11
11
3
3
4
11
5
5
1
9
8
9
7
12
10
9
7
0
1
13
0
14
0
4
8
10
6
2
14
2
2
0
2
8
1
2
0
10
19
5
2
6
6
0
8
7
2
1
2
10
4
0
4
1
0
1
0
0
1
0
7
0
4
2
0
0
0
2
3
7
9
1
0
12
1
2
2
0
0
2
14
0
0
3
0
0
4
3
4
7
3
1
0
9
0
3
1
8
5
0
2
4
0
0
0
2
2
0
0
4
0
0
0
1
10
0
0
1
12
0
2
6
0
0
10
0
0
1
0
1
0
8
8
0
6
0
6
2
5
2
7
3
6
0
3
5
1
0
4
0
2
7
0
9
5
3
2
2
4
1
0
2
3
0
1
0
2
1
3
6
1
0
2
6
3
0
0
0
5
0
2
1
3
3
0
0
0
7
1
7
2
0
0
0
1
0
0
0
0
4
3
0
5
1
0
1
0
0
1
4
0
2
0
4
1
5
1
0
2
0
0
3
4
4
0
2
2
0
1
0
1
2
1
2
1
3
0
1
0
2
3
3
0
0
6
5
0
0
0
0
0
0
5
0
0
0
0
0
0
5
0
7
0
8
0
6
0
0
2
1
2
0
3
2
5
0
2
0
0
5
0
0
3
0
1
0
4
2
2
4
0
0
3
1
0
0
0
0
1
3
0
0
2
0
0
0
0
0
0
4
4
1
0
1
1
2
6
0
4
1
0
0
6
4
0
0
0
0
0
5
2
0
0
4
0
0
2
0
0
2
4
2
0
2
5
0
0
0
0
3
1
2
0
0
0
0
0
0
2
0
0
3
0
0
2
0
3
2
0
0
1
0
4
0
2
0
0
1
5
2
1
7
4
1
0
0
0
0
3
2
0
3
0
0
2
1
1
1
0
1
0
0
2
3
0
0
3
2
3
1
2
0
1
5
0
0
1
0
0
0
2
4
0
0
1
3
2
4
0
2
0
7
0
2
0
0
0
0
1
1
1
0
0
3
0
0
1
0
3
2
2
0
2
4
0
3
1
0
3
0
1
1
2
4
2
1
4
2
0
0
0
5
2
0
0
0
3
0
0
0
1
3
0
0
6
0
6
0
0
0
0
0
0
0
3
0
0
1
0
2
0
5
2
0
3
0
0
1
2
2
3
2
3
1
2
3
2
0
0
0
0
1
0
3
0
1
3
0
0
1
0
2
1
2
4
3
0
5
3
0
0
3
0
2
1
0
4
0
1
0
0
3
1
3
0
0
0
1
0
1
7
0
4
1
0
2
0
2
1
0
0
4
1
0
1
1
0
0
0
2
0
1
0
1
0
0
2
2
0
1
0
3
2
3
0
1
0
1
0
0
0
1
0
3
3
0
0
1
0
2
0
0
0
1
0
0
1
3
0
0
4
0
1
1
0
0
0
0
3
2
1
2
0
0
0
0
0
3
1
3
2
0
0
0
0
0
3
2
0
2
5
0
1
0
0
1
2
0
0
1
0
2
1
3
1
3
3
0
1
0
0
1
4
1
0
0
3
6
0
0
5
0
1
3
1
3
2
1
0
1
0
0
3
2
2
0
0
0
2058
0
