../2_Decay/DataFilesGe/Decay/415260G2.TXTBackgroundRemoved 
0
0
0
0
0
0
0
0
0
0
0
0
0
0
33
188
55
37
30
34
42
43
21
19
34
26
30
40
24
33
10
18
36
6
36
31
20
19
13
32
37
49
40
37
19
18
21
17
24
13
19
27
32
24
30
11
25
26
7
25
22
34
58
20
35
31
41
32
28
32
19
19
24
17
28
28
17
29
33
60
47
54
53
58
21
39
39
68
54
53
38
42
55
68
62
39
71
51
79
51
37
63
36
62
41
66
69
44
7
37
57
39
55
42
52
49
53
58
52
50
70
35
48
70
49
48
35
22
65
46
41
48
57
70
54
48
49
31
30
63
63
34
62
50
63
48
70
31
31
51
30
26
55
50
57
48
28
56
36
63
12
52
26
42
36
33
34
37
40
56
22
30
42
43
44
29
43
40
27
44
22
21
13
24
24
14
16
12
29
18
40
17
33
46
34
21
26
25
38
41
11
15
11
17
33
34
32
20
35
13
48
10
21
14
20
20
23
21
26
14
12
35
5
14
50
42
9
11
26
21
21
16
17
21
11
18
30
13
42
7
32
28
25
17
17
14
11
20
19
4
9
15
9
14
3
18
12
9
13
8
11
15
13
23
23
17
4
14
8
11
13
11
11
18
16
13
6
4
4
23
16
23
25
13
21
27
14
4
27
17
25
1
24
13
19
14
10
10
3
22
15
2
14
13
7
10
9
13
13
11
18
21
6
10
6
12
8
13
17
9
6
9
7
14
14
10
12
11
10
6
4
13
12
14
1
7
8
10
11
17
8
10
13
1
5
21
6
4
8
9
15
2
8
12
2
8
3
7
15
15
15
15
7
2
4
4
2
4
0
14
3
10
10
4
1
3
10
14
6
3
1
1
14
4
0
1
4
8
5
5
16
8
17
17
8
8
8
8
16
4
8
7
7
7
1
3
7
4
3
3
5
4
10
8
3
1
7
11
5
3
3
7
2
0
0
2
4
8
8
8
6
3
5
5
5
0
7
1
9
1
8
1
0
5
5
5
5
10
9
0
4
2
2
3
3
6
3
3
4
4
5
11
9
9
8
6
0
9
6
9
0
1
1
11
7
1
3
3
0
0
4
3
3
8
0
0
10
10
0
9
1
11
8
0
5
9
3
7
9
9
2
0
2
2
0
5
2
3
5
2
2
2
5
8
8
4
2
3
1
1
6
2
1
1
2
10
3
3
2
2
1
2
6
6
2
2
1
0
2
5
3
0
0
4
5
4
1
1
1
3
3
3
7
2
2
5
5
5
1
5
8
5
2
8
5
11
13
5
1
5
5
6
3
3
0
0
2
2
6
1
2
2
2
0
0
5
2
0
4
3
12
0
0
0
1
1
1
3
5
3
3
3
5
0
0
5
0
7
10
10
0
0
4
0
0
1
8
8
4
4
2
3
3
2
2
2
3
1
1
2
1
0
0
0
5
5
7
5
2
16
6
3
4
3
2
2
2
0
0
0
0
3
2
0
2
3
2
1
5
5
6
1
6
5
1
5
4
4
4
4
4
5
5
4
2
2
6
6
2
3
3
1
0
1
3
2
3
3
3
1
4
0
2
2
1
4
1
1
5
5
1
3
4
2
2
2
2
3
3
3
3
1
0
0
2
5
2
6
1
7
0
3
0
1
1
2
2
2
4
1
4
7
6
1
1
2
4
0
0
2
4
4
4
3
4
4
0
3
3
3
7
7
2
1
1
2
9
5
3
1
1
1
7
0
4
2
2
3
3
0
1
1
4
4
4
1
2
10
10
3
1
4
6
6
0
0
4
6
1
3
3
2
1
1
1
1
4
1
2
2
4
4
0
0
0
3
0
0
0
0
4
2
2
2
2
2
2
2
2
8
4
4
3
5
0
4
2
2
2
5
0
0
0
1
1
5
2
2
1
3
0
1
2
0
0
6
6
6
6
4
3
4
2
4
4
1
1
1
4
4
4
4
1
1
5
1
5
5
2
2
1
7
7
3
3
5
6
10
0
4
4
7
7
1
0
0
0
0
2
1
2
2
2
1
3
0
5
0
9
2
1
0
0
0
1
2
0
0
3
0
1
2
2
3
3
4
4
4
4
6
2
0
0
4
3
2
2
2
2
5
3
0
0
0
3
3
3
3
3
0
0
1
1
0
3
0
0
2
0
0
0
0
3
1
1
1
2
3
1
1
6
2
2
4
4
4
5
5
5
2
2
1
0
2
1
1
1
0
1
1
2
0
2
0
1
1
4
4
4
5
5
2
0
2
5
1
0
4
0
0
4
4
4
4
4
2
3
2
0
4
5
2
2
2
2
2
2
2
0
1
1
1
2438
2438
