../2_Decay/DataFilesGe/Decay/415225G2.TXTBackgroundRemoved 
1
0
0
0
0
0
0
0
0
1
2
1
40
97
111
1351
1131
969
904
634
262
96
112
53
136
52
50
46
42
63
42
52
48
158
242
249
188
180
159
121
117
122
150
145
147
155
137
137
162
163
118
98
106
95
93
76
83
91
106
146
180
165
179
159
162
160
155
137
131
99
102
80
60
54
43
38
19
21
18
13
36
23
3
11
19
22
33
26
20
33
35
17
28
12
13
10
40
24
28
16
24
27
20
46
50
34
34
28
0
9
16
18
20
8
24
34
21
26
23
18
13
12
48
26
22
28
0
20
28
19
0
6
11
22
0
21
36
30
11
31
14
2
22
0
30
8
0
23
3
17
14
26
41
13
17
0
35
0
25
24
9
26
13
22
3
6
1
16
0
20
5
48
10
18
21
11
22
19
19
8
15
0
28
36
17
27
26
25
0
18
0
0
0
19
15
1
15
4
6
10
8
8
3
0
2
3
0
0
23
0
28
0
0
13
16
17
0
5
20
2
3
3
0
1
11
24
0
10
4
1
5
34
8
2
0
19
8
0
0
0
13
0
0
4
10
10
0
14
22
4
19
5
12
9
3
0
8
6
7
1
8
10
0
12
0
0
0
13
0
0
0
0
9
17
22
1
0
3
16
0
7
6
7
16
1
9
0
2
11
0
6
0
0
0
0
2
2
0
4
4
5
4
2
13
0
2
12
0
5
15
10
8
0
0
0
0
9
7
20
7
1
6
0
4
3
6
3
12
0
0
3
3
0
0
3
12
24
6
1
6
5
0
1
0
0
0
0
0
0
8
19
2
8
2
2
7
0
3
0
5
0
4
0
4
10
2
7
1
0
0
4
9
3
0
6
0
0
2
0
0
0
0
6
0
3
0
3
5
8
2
0
12
5
4
0
5
4
2
2
0
1
8
0
0
2
0
9
3
0
3
4
0
4
1
1
8
11
4
3
0
0
0
0
0
0
0
0
3
0
3
4
4
1
8
5
4
0
0
3
0
0
11
0
0
7
0
6
1
6
6
3
0
0
1
0
4
5
0
4
1
0
4
5
2
6
4
3
0
0
3
9
2
8
3
4
4
0
0
0
0
8
3
6
10
4
3
1
5
2
1
0
3
1
0
0
0
0
0
0
0
0
0
0
0
2
1
0
2
0
3
0
0
3
2
2
0
1
4
0
0
3
1
2
0
6
5
1
0
2
0
0
1
2
5
10
0
3
3
1
0
4
0
2
1
0
0
0
0
8
9
0
5
6
3
0
0
1
3
5
7
1
9
6
0
4
0
0
2
2
6
0
0
3
16
10
0
8
0
1
0
1
1
0
1
0
0
9
0
0
0
0
0
0
0
1
1
0
0
3
1
0
0
5
6
0
4
3
4
5
4
3
1
2
0
0
2
4
0
3
3
0
8
12
7
2
1
0
0
0
0
0
0
0
2
4
0
0
0
0
0
0
0
1
0
3
0
3
0
0
4
0
4
1
5
0
0
3
1
0
1
4
0
5
1
1
3
0
0
4
0
0
6
0
4
2
0
2
0
0
1
0
0
2
3
0
0
1
0
1
1
2
0
1
2
3
0
2
0
4
3
9
3
4
8
0
1
0
0
0
7
0
4
0
2
1
3
0
0
3
2
0
0
0
0
0
0
0
0
2
0
0
0
3
0
5
0
3
3
2
1
0
0
0
0
0
2
4
2
2
2
0
5
0
0
0
0
5
0
0
0
0
0
7
0
0
0
0
0
0
0
1
0
0
0
6
0
2
3
0
2
0
3
2
0
0
0
1
0
1
4
1
2
2
0
0
1
2
2
0
0
3
0
2
0
2
2
0
2
0
1
0
0
0
3
0
0
0
0
0
2
4
0
2
3
6
5
0
0
1
6
0
2
1
4
0
2
2
1
3
3
0
0
0
0
0
6
2
1
1
4
1
3
0
7
4
1
0
0
3
0
0
0
1
0
0
0
2
0
1
3
0
0
0
2
1
4
0
0
0
0
0
1
3
0
3
0
3
2
0
3
1
2
0
1
0
1
0
0
0
0
0
0
0
0
1
3
1
4
1
1
4
1
0
4
1
2
1
0
0
0
2
0
0
0
0
2
0
0
0
0
0
0
0
0
1
0
0
2
0
0
0
7
3
0
0
0
0
3
0
2
0
1
1
0
0
1
0
0
1
0
0
1
4
0
0
0
3
2
0
0
1
3
0
0
2
0
0
1
1
0
1
0
0
1
1
0
0
1
0
0
2
4
0
0
0
3
5
0
0
1
0
0
0
0
0
0
2
0
0
0
2
3
1
1
2
3
4
1
4
1
0
2
0
1068
