../2_Decay/DataFilesGe/Decay/415210G2.TXTBackgroundRemoved 
0
0
0
0
0
0
0
0
0
0
0
1
0
0
8
90
59
63
29
13
7
3
2
0
33
4
8
8
13
11
17
9
13
0
11
5
20
1
0
0
6
14
9
5
7
0
0
0
0
0
12
22
1
5
11
0
7
4
12
11
10
23
10
28
9
8
22
0
0
1
5
5
7
0
20
0
0
3
3
16
1
23
9
0
0
0
14
0
12
14
0
12
5
22
16
3
10
12
9
0
0
17
0
5
33
18
19
0
0
8
8
0
25
42
0
4
0
9
0
0
11
8
40
19
0
15
0
4
36
17
1
27
8
0
12
21
20
30
9
22
5
0
44
5
23
25
34
6
22
36
0
2
13
0
20
39
26
17
21
29
13
5
8
13
5
4
23
20
19
15
7
46
23
3
25
18
8
25
39
0
10
1
19
12
18
13
8
3
5
36
18
0
0
16
17
1
7
17
3
7
3
9
5
0
0
21
9
6
25
1
0
3
5
8
0
10
11
1
9
0
2
8
0
0
16
17
0
0
5
0
7
5
4
0
1
17
1
0
32
15
12
0
0
0
18
13
2
0
6
0
18
4
8
11
0
9
14
0
6
3
3
12
0
6
0
9
3
15
13
0
4
2
2
5
15
4
0
2
4
12
7
8
1
16
5
10
4
0
3
0
7
10
14
0
5
3
0
6
4
0
12
18
0
10
0
1
8
0
5
12
8
12
4
5
2
5
0
2
0
4
2
4
14
14
0
5
0
5
0
0
6
16
0
5
14
5
6
10
3
4
0
8
2
5
3
12
0
0
6
0
9
0
3
0
8
0
0
2
5
0
0
2
1
3
0
2
5
0
2
4
0
0
6
0
0
3
0
4
3
0
5
0
2
4
0
0
4
0
10
0
4
2
1
2
1
1
5
1
0
6
0
2
3
0
4
0
0
1
3
0
7
0
8
0
5
0
9
9
5
2
4
4
0
0
0
2
5
0
0
0
1
3
1
3
0
0
0
5
1
4
0
8
0
0
0
0
0
2
3
6
0
3
1
0
5
6
2
0
5
0
0
7
0
1
5
4
4
4
2
4
0
1
0
4
0
3
1
0
4
8
4
2
0
0
0
0
0
0
4
0
4
4
3
0
0
0
6
10
0
0
4
0
0
0
3
3
1
1
1
3
0
6
2
7
2
0
6
4
3
0
4
0
0
4
0
2
5
2
0
2
0
2
0
1
0
0
0
2
3
0
2
3
0
5
2
2
1
0
0
1
4
0
4
0
0
9
0
2
3
3
0
0
3
4
6
14
5
0
2
1
5
2
0
2
2
0
0
5
0
0
0
0
0
0
0
0
3
1
3
4
6
3
0
6
3
0
4
1
4
0
4
3
1
6
0
0
7
5
4
4
5
1
2
0
3
5
3
1
0
0
0
1
1
4
0
0
0
4
0
3
0
1
2
7
3
0
4
2
3
1
7
0
0
0
2
0
4
1
0
0
0
6
0
2
0
2
0
3
0
4
0
0
0
4
1
0
0
0
7
0
0
1
0
3
4
6
0
0
0
1
0
0
0
0
2
0
1
0
0
1
0
0
1
0
2
0
2
0
0
6
7
5
3
0
5
2
0
1
0
0
0
2
1
0
0
3
0
0
2
3
0
0
1
0
0
0
0
1
0
0
0
0
3
0
0
0
2
0
2
3
0
4
2
2
2
0
0
0
1
0
0
0
3
1
0
2
1
1
3
0
3
0
1
0
0
0
0
4
0
0
7
2
0
0
0
0
1
7
0
0
0
1
0
0
0
0
0
0
0
1
0
4
2
0
0
1
5
5
1
3
0
0
1
0
0
3
0
0
0
0
1
0
0
0
0
0
0
0
0
3
2
0
0
2
0
0
3
1
3
0
3
1
4
1
2
0
0
0
0
2
0
0
2
0
0
3
2
2
1
4
4
0
0
0
3
0
0
0
2
0
0
0
1
0
1
0
2
0
2
0
0
4
2
2
0
2
9
3
0
0
0
0
3
0
1
0
0
0
2
0
2
0
0
2
5
1
0
0
6
5
0
0
1
0
0
0
0
0
3
1
1
4
1
2
0
4
1
0
0
0
2
0
6
0
1
2
2
0
0
0
0
0
1
0
0
0
0
1
4
2
6
0
0
0
0
0
2
0
2
0
0
0
0
0
5
0
0
6
0
0
2
2
1
4
0
0
0
0
1
0
0
1
1
0
0
0
0
0
0
0
2
0
0
0
1
1
0
0
0
1
1
1
2
0
0
1
0
2
0
0
0
0
0
0
1
0
1
1
0
0
0
0
0
0
5
0
0
0
1
0
0
0
0
1214
