../2_Decay/DataFilesGe/Decay/415291G2.TXTBackgroundRemoved 
0
0
0
0
0
0
0
0
0
0
0
0
1
1
24
54
26
13
14
11
27
2
10
8
16
15
4
15
16
20
13
22
17
9
9
9
18
10
16
8
22
33
11
13
12
22
7
4
5
16
19
17
8
9
3
3
20
10
2
8
36
10
22
5
18
27
7
18
18
12
18
2
8
11
11
14
10
48
3
6
39
27
40
9
9
1
15
15
41
14
30
24
11
41
28
16
41
16
11
18
28
33
13
32
35
25
35
6
6
27
14
17
20
29
26
20
30
28
27
29
22
21
50
46
9
24
24
16
45
16
27
42
33
12
21
26
26
15
29
54
14
29
36
18
36
47
60
25
31
37
14
16
14
7
47
18
43
22
28
23
19
18
24
30
30
21
25
39
23
20
1
20
24
45
10
31
8
15
20
31
25
5
32
12
4
24
16
27
26
46
10
5
1
26
21
34
34
28
38
15
4
25
30
0
27
21
6
17
27
12
18
18
11
24
24
4
9
9
21
27
12
12
14
7
15
17
11
32
17
26
7
3
6
25
11
15
19
19
20
20
15
3
15
15
9
15
10
1
11
15
3
13
14
15
1
7
20
11
5
16
13
19
19
12
12
2
3
1
1
1
11
13
5
12
14
3
10
10
3
13
3
5
24
17
17
15
11
20
6
8
0
11
21
16
12
16
7
7
18
3
0
7
8
13
4
8
7
1
1
10
6
12
1
13
19
7
14
3
5
17
5
2
7
8
7
14
13
2
5
3
18
10
10
10
6
3
8
3
3
9
17
12
4
3
1
14
0
0
1
2
9
4
4
4
1
2
0
6
4
5
5
6
5
0
4
6
10
3
9
6
3
10
0
2
1
6
5
13
16
0
3
11
13
13
9
8
9
9
5
5
3
8
11
1
1
8
8
8
5
2
2
2
6
4
10
10
7
6
6
6
6
1
5
3
6
0
4
7
6
4
13
4
4
4
0
1
12
8
8
0
4
4
2
0
1
1
5
5
6
6
6
2
2
1
4
4
5
4
5
1
1
1
1
2
2
2
2
2
2
2
2
6
6
4
11
1
1
9
2
6
6
1
2
0
0
5
1
1
1
1
1
1
4
4
4
4
2
5
1
1
2
1
0
1
1
10
6
2
2
2
1
1
4
4
4
4
3
5
7
7
7
9
3
2
0
0
2
2
2
2
1
5
4
4
3
3
8
6
4
4
4
4
0
3
3
3
3
1
1
1
1
1
1
1
0
0
0
2
1
2
9
3
1
4
4
5
5
5
4
5
1
5
1
4
6
10
10
1
4
2
3
2
1
0
3
3
2
2
0
4
4
4
4
4
0
4
6
2
0
10
11
11
11
3
3
1
2
2
4
0
3
3
2
2
0
0
4
1
3
10
4
0
2
3
0
3
6
4
3
3
6
0
0
0
1
1
1
1
1
1
1
1
1
2
5
2
6
0
4
4
4
2
2
6
6
6
1
0
0
3
3
6
0
1
1
1
0
3
3
3
3
0
1
1
0
0
0
0
5
2
2
0
0
1
7
6
1
0
1
1
1
1
4
4
4
4
4
4
5
5
1
1
6
6
1
2
1
1
0
9
2
5
5
0
0
2
2
5
3
3
2
2
0
5
5
5
0
0
3
3
3
3
5
5
2
5
2
4
4
0
0
2
3
3
3
3
4
2
2
2
4
4
4
2
2
3
1
1
1
1
1
2
2
2
3
0
3
1
0
3
3
3
1
1
1
0
0
0
0
0
1
0
0
0
0
0
4
4
4
2
1
3
1
3
1
1
1
2
2
1
1
1
6
6
0
0
3
3
1
2
0
0
1
1
2
4
4
4
4
4
2
2
0
0
0
0
0
3
3
3
3
6
6
6
4
4
4
4
4
4
4
2
1
4
1
1
2
5
0
0
0
0
0
0
2
0
0
0
0
2
1
1
0
2
2
2
2
2
1
1
1
1
1
1
1
0
4
1
1
1
0
15
15
0
0
8
5
6
6
6
6
6
6
4
1
1
2
1
1
1
1
1
0
3
5
5
5
1
1
1
1
2
0
0
1
0
0
1
0
2
2
2
3
5
5
2
1
5
2
4
4
2
0
0
0
2
2
2
1
1
5
5
5
2
4
0
0
2
2
0
0
3
0
0
0
0
1
2
0
0
0
0
0
1
2
0
0
4
2
2
0
0
2
2
4
4
4
4
4
4
1
1
1
1
1
0
0
1
1
1
1
1
1
1
1
0
2
1
1
1
2
2
1
0
0
0
2
2
2
1
2
2
2
2
6
1
2
4
2
2
2
1
1
2
3
3
3
2
0
0
0
0
0
1462
