../2_Decay/DataFilesGe/Decay/415257G2.TXTBackgroundRemoved 
0
0
0
0
0
0
0
0
0
0
0
0
2
1
30
189
131
86
50
50
32
44
37
3
33
35
25
30
24
38
50
14
38
23
37
21
15
20
36
30
14
29
26
18
10
7
5
31
12
21
25
20
30
16
19
19
8
27
58
36
39
14
36
13
24
54
14
37
32
25
19
44
30
20
46
35
43
46
32
28
39
62
50
24
44
24
64
35
49
45
28
66
78
46
26
79
46
59
40
33
51
69
38
74
23
53
79
48
48
47
56
53
62
59
35
48
40
40
59
51
73
49
75
75
59
42
45
55
71
52
44
41
39
39
72
91
78
43
37
58
48
35
71
23
50
39
63
53
58
35
56
32
47
48
64
50
60
30
51
42
51
38
40
45
5
20
35
39
36
42
53
40
21
40
48
18
28
26
26
27
28
23
28
26
54
48
20
27
25
39
40
15
24
14
47
42
22
22
32
37
18
10
28
13
17
39
9
18
41
29
35
14
38
41
19
28
9
19
52
20
13
33
29
29
38
20
15
9
24
23
18
32
22
20
23
37
29
11
54
0
32
10
9
9
21
31
15
13
22
0
15
10
4
11
9
25
10
29
20
18
3
24
6
1
15
6
11
14
21
11
13
21
15
17
8
3
20
11
7
19
7
15
9
12
20
19
8
9
9
11
0
20
42
22
10
4
4
14
9
16
14
2
6
14
15
13
4
0
19
14
4
18
7
14
12
10
1
6
12
10
8
5
5
13
9
18
2
8
10
14
11
11
8
9
6
10
10
13
8
5
4
15
6
6
8
30
11
11
14
14
9
15
0
6
13
10
10
11
5
7
7
11
7
3
12
8
8
7
9
3
3
5
5
5
9
3
0
13
3
6
3
6
13
5
5
5
4
4
3
3
1
4
9
9
3
9
9
4
1
7
0
7
10
10
5
0
5
7
4
13
8
4
8
5
6
2
4
8
5
3
8
7
4
9
9
5
0
5
1
1
4
2
1
8
2
2
2
2
10
1
2
8
8
8
6
6
6
10
5
2
3
2
1
3
11
9
0
0
7
7
5
2
13
0
6
5
6
5
5
4
3
8
8
7
3
2
5
4
0
3
6
2
9
9
1
1
7
7
7
3
3
2
11
5
8
19
2
13
9
2
3
5
2
2
5
10
7
4
3
2
2
4
13
5
5
0
2
9
2
1
6
1
1
3
10
2
2
2
6
6
0
4
2
0
1
1
1
4
1
1
1
6
2
2
1
7
2
2
2
3
3
0
4
3
4
4
2
2
2
1
1
3
2
1
13
6
4
1
6
3
0
0
4
2
1
1
1
1
0
0
4
4
4
3
0
3
3
5
2
15
13
3
1
3
3
3
0
0
1
3
3
7
7
3
3
3
0
3
1
2
6
0
5
3
1
4
5
9
2
2
1
1
0
4
4
4
4
4
6
3
3
0
3
5
7
3
3
2
6
12
6
3
8
4
0
6
1
3
3
3
4
6
6
6
6
6
1
1
0
2
1
4
6
0
0
0
1
2
5
2
1
0
1
1
1
2
3
3
3
0
0
2
3
3
1
1
0
0
1
1
2
0
5
4
2
3
3
3
6
5
4
4
10
0
1
5
2
2
0
3
3
0
2
5
5
2
2
2
1
2
2
2
0
2
0
3
3
5
5
5
5
5
0
0
0
0
4
0
7
2
4
3
0
1
0
8
0
6
5
5
0
1
1
7
3
3
3
3
3
1
10
10
3
1
1
1
2
1
1
1
0
3
4
1
1
4
7
4
4
0
1
4
0
0
0
6
2
2
4
0
0
2
0
3
3
3
5
1
4
3
2
5
4
4
0
1
1
6
6
6
3
3
4
0
0
0
2
0
0
0
0
2
2
3
5
0
1
1
2
2
2
7
0
0
0
0
3
5
1
5
0
0
4
1
2
2
5
2
2
2
2
5
1
4
4
3
2
2
3
1
1
2
3
2
2
2
7
1
1
1
2
2
0
0
0
7
8
4
3
4
4
4
1
1
2
2
2
2
1
1
3
2
2
5
1
4
0
0
4
2
3
1
1
1
4
4
0
0
0
1
6
3
0
0
0
4
1
1
2
2
3
4
6
0
0
7
3
1
2
1
2
3
0
0
0
2
2
1
1
1
1
2
0
2
2
2
4
2
2
2
7
0
0
0
0
3
3
6
6
5
5
0
0
0
0
0
0
5
0
0
4
6
1
0
3
2
2
1
1
1
0
0
4
0
0
6
0
0
1
1
4
0
4
0
0
2
2
1
1
4
1
4
0
3
3
0
2
2
1
1
5
2
2
0
2
1
2
0
2
0
2
4
2408
2408
