../2_Decay/DataFilesGe/Decay/415247G2.TXTBackgroundRemoved 
0
0
0
0
0
0
0
0
0
0
0
0
3
2
20
43
36
10
8
3
10
0
16
0
0
8
5
5
22
8
2
3
13
0
0
7
2
14
22
0
0
6
12
3
0
0
4
10
15
0
9
22
0
0
0
4
4
13
0
2
11
15
1
0
19
0
16
11
2
0
0
0
4
10
0
1
0
0
0
0
0
18
0
31
0
9
0
18
16
0
4
0
17
18
0
0
18
0
13
11
0
27
0
0
34
9
18
15
10
20
0
22
0
0
8
6
0
32
5
0
44
2
17
0
0
15
9
14
42
25
17
33
14
27
24
15
2
32
19
14
26
17
10
17
44
8
0
10
18
0
6
0
13
0
20
13
20
4
0
11
0
21
3
1
19
13
0
36
7
13
7
18
17
13
11
2
32
23
2
0
2
0
0
15
0
15
19
0
6
5
12
0
0
25
22
15
0
0
0
19
5
8
10
1
13
14
0
6
14
0
8
14
4
13
6
16
3
6
23
0
1
14
0
2
19
0
4
1
3
6
0
2
2
4
10
9
3
2
0
5
0
0
0
1
17
16
0
5
6
1
0
7
25
3
0
0
7
0
4
1
7
13
0
0
6
4
0
0
1
5
8
16
5
7
4
8
0
0
10
5
2
25
6
14
2
4
2
0
4
6
2
2
14
9
14
1
4
7
3
5
9
2
5
7
0
7
0
0
9
9
15
8
1
2
0
0
0
1
13
15
0
0
9
0
0
5
7
5
5
3
13
0
2
8
3
0
1
7
0
5
1
1
0
16
4
8
6
0
4
6
10
4
3
3
8
5
2
12
5
9
0
7
0
0
2
0
7
5
0
6
0
3
0
11
0
0
4
7
2
0
0
3
0
2
2
0
6
0
8
0
0
0
4
0
0
3
0
0
0
1
3
13
0
6
5
6
0
1
0
0
2
0
12
0
2
0
4
2
0
2
3
0
0
2
0
11
0
5
0
1
0
0
0
0
0
0
5
0
0
0
2
2
0
2
1
0
0
1
6
3
0
2
0
6
0
5
0
0
8
0
3
8
0
0
4
4
7
17
0
4
4
0
4
3
0
8
0
4
0
0
3
1
1
0
2
0
5
0
4
3
0
7
6
0
2
0
2
19
0
0
0
0
1
0
1
5
3
5
3
1
1
0
8
5
1
4
0
0
1
0
6
0
0
6
4
2
4
0
0
0
0
0
0
0
5
2
0
0
1
0
0
0
2
0
1
2
0
2
0
3
4
0
0
0
5
4
0
0
0
6
0
0
0
1
4
8
1
7
0
1
0
3
0
5
0
0
6
0
0
0
2
0
0
0
0
6
4
1
5
13
5
0
2
0
0
0
4
4
0
0
0
7
1
0
0
0
1
6
0
2
4
1
0
0
0
0
2
0
5
0
1
0
1
2
0
0
0
0
0
0
0
1
4
0
4
0
5
2
0
4
0
0
5
0
1
1
0
0
0
4
1
2
0
0
0
5
4
0
0
0
1
1
5
1
5
0
0
0
7
0
0
2
0
3
0
6
0
0
1
2
0
0
0
0
0
0
0
0
0
0
1
2
0
0
0
0
0
0
0
1
5
0
0
7
0
0
0
2
1
0
4
0
2
0
0
4
0
0
0
4
0
0
0
0
0
2
0
0
0
0
0
3
0
1
0
2
4
4
0
0
5
0
0
1
0
0
0
2
0
1
0
1
0
0
0
5
1
0
1
0
0
2
0
3
0
1
0
0
0
0
0
0
1
2
2
0
2
1
0
0
1
2
0
0
0
0
5
3
4
0
0
0
0
0
0
0
3
1
0
0
3
0
1
0
0
3
0
0
0
0
1
1
0
0
0
0
0
1
0
1
1
2
0
0
0
1
0
0
2
0
3
0
2
2
0
5
0
1
1
0
0
0
2
3
0
2
1
0
0
5
5
1
0
2
0
0
2
3
0
0
0
0
3
0
0
0
3
3
4
1
2
0
4
0
0
1
0
7
0
5
0
0
4
1
5
0
4
4
0
0
0
4
0
0
0
1
0
0
0
0
1
0
0
0
1
3
0
4
0
0
2
3
0
0
0
0
0
0
0
0
1
0
0
0
3
2
1
0
2
2
2
0
3
2
0
0
0
2
1
1
0
0
0
0
0
0
6
0
0
0
0
2
0
0
0
0
0
1
3
0
0
0
0
2
1
0
0
0
0
0
2
1
0
0
1
0
0
2
1
0
0
0
0
2
0
0
0
0
0
1
1
0
1
0
0
0
1
0
0
1
3
0
0
0
0
6
0
0
0
0
0
0
1
1
0
0
1
1
2
0
0
0
548
657
