../2_Decay/DataFilesGe/Decay/415238G2.TXTBackgroundRemoved 
0
0
0
0
0
0
0
0
0
0
0
0
0
0
34
204
35
17
18
0
19
0
0
15
6
21
6
8
19
15
0
0
21
6
15
0
18
1
6
6
5
15
13
2
0
0
0
0
0
14
3
7
0
0
0
0
17
0
6
0
0
0
3
8
0
2
0
5
13
0
13
0
8
2
0
3
5
4
0
5
0
0
0
0
0
5
0
7
19
18
26
0
13
3
23
12
0
0
0
1
26
11
0
0
33
16
0
0
17
17
18
11
9
15
19
9
0
20
10
0
0
29
26
26
0
3
8
0
23
0
17
19
10
14
0
1
22
0
0
39
9
15
5
22
22
2
41
0
14
9
15
2
5
0
20
14
15
9
25
0
13
6
6
0
0
0
19
7
11
0
2
0
34
26
18
13
6
7
16
8
0
0
0
18
0
14
11
8
4
5
0
3
0
43
31
8
7
0
0
16
21
0
4
0
7
14
0
0
15
8
25
13
21
30
7
6
2
4
0
0
0
0
0
0
9
0
5
14
8
3
0
3
4
13
2
10
7
2
10
3
2
6
18
0
5
7
0
7
0
8
14
0
0
13
10
2
9
15
0
7
17
8
0
14
4
10
2
7
2
0
0
9
0
0
8
10
5
1
0
13
4
6
18
8
0
14
4
0
0
3
5
2
8
7
0
0
5
0
4
14
14
2
6
0
1
2
4
2
3
14
0
10
1
0
8
1
2
0
3
9
0
0
7
0
12
7
0
0
0
0
14
5
2
2
3
0
1
3
2
7
0
0
8
0
7
0
0
0
8
1
3
2
7
0
2
5
1
4
4
2
0
7
0
1
3
0
3
0
2
0
0
8
0
0
0
0
5
0
6
0
9
8
7
6
6
0
1
1
2
0
2
0
5
2
1
7
0
0
3
4
0
1
0
0
5
0
1
0
0
0
2
0
6
4
12
3
5
1
0
0
0
2
0
2
0
2
0
0
1
1
1
6
5
0
0
1
0
0
0
0
0
1
1
0
0
0
0
0
6
7
2
3
0
0
2
0
1
3
2
1
1
0
0
4
7
5
0
6
1
5
0
3
2
2
0
4
0
0
0
0
2
4
10
0
0
0
1
0
0
0
0
0
0
4
0
0
4
15
1
0
3
0
0
0
0
0
2
0
0
3
0
5
6
1
2
0
0
0
0
3
0
0
0
0
0
6
1
2
0
0
0
5
3
0
1
1
0
3
0
0
2
0
1
0
0
4
2
5
1
0
0
0
3
0
0
1
1
2
3
0
0
1
3
0
3
1
0
0
4
4
0
3
0
3
0
2
3
0
0
0
0
2
2
0
0
3
0
3
0
0
8
7
2
0
2
0
0
0
2
0
0
0
3
0
0
0
2
5
2
1
0
0
2
0
0
0
2
0
0
0
0
0
3
8
0
0
0
0
2
3
0
2
0
0
3
0
0
0
3
0
2
0
6
4
0
0
0
1
0
1
2
3
0
0
0
2
0
1
0
0
3
3
0
0
1
0
0
2
1
4
0
0
0
0
2
4
3
3
0
0
0
0
0
0
0
0
0
3
0
0
4
0
0
0
3
2
0
0
2
6
2
2
5
1
0
0
0
0
0
0
5
1
0
0
0
0
2
0
5
6
4
0
0
6
0
0
0
3
0
3
4
1
1
0
0
0
1
2
1
4
4
4
0
2
0
0
0
0
0
3
0
2
0
0
1
0
6
0
0
0
0
0
3
0
3
0
0
2
0
0
0
1
1
1
0
0
2
1
0
0
2
0
0
0
2
0
0
1
0
0
0
0
0
0
2
0
0
4
0
0
2
0
3
0
0
4
0
0
2
0
0
0
0
5
0
0
0
1
0
2
2
0
0
3
0
1
0
0
0
0
0
0
0
0
0
4
0
2
2
2
2
0
1
2
0
0
0
1
0
1
0
5
0
2
0
0
0
1
0
1
0
0
0
0
0
2
0
0
0
1
2
0
0
1
0
4
1
0
0
0
1
2
0
5
0
0
0
0
0
1
0
0
0
0
0
4
0
0
5
5
0
0
1
0
1
0
0
3
0
0
2
0
0
2
0
0
7
0
0
0
0
0
0
1
0
2
1
0
0
0
0
0
4
3
1
0
0
0
0
0
0
3
3
0
0
0
0
0
1
0
1
0
1
0
2
0
0
0
0
0
3
1
0
0
0
0
0
1
0
0
3
2
0
1
4
1
0
2
0
0
3
4
0
6
1
3
2
1
0
1
2
0
0
0
0
1
1
0
0
0
0
1
0
1
0
1
1
1
0
0
0
0
0
0
0
0
0
0
1
0
0
0
0
1163
