../2_Decay/DataFilesGe/Decay/415275G2.TXTBackgroundRemoved 
0
0
0
0
0
0
0
0
0
0
0
1
0
0
162
1054
86
20
17
18
5
27
23
16
1
0
0
19
15
16
14
0
13
0
28
16
8
5
6
1
14
17
4
0
0
17
8
7
18
7
1
20
31
16
13
12
0
2
23
18
28
15
19
0
19
19
11
24
18
7
0
12
11
8
19
15
17
34
27
0
26
46
14
17
21
0
25
0
16
21
33
21
28
17
22
0
24
15
0
38
17
23
10
39
23
17
24
8
0
5
34
12
23
11
26
20
30
27
11
28
32
39
9
31
25
28
8
44
50
37
21
19
19
30
0
24
20
22
25
37
31
27
43
22
20
20
37
3
7
30
5
18
10
22
27
0
13
33
0
38
10
31
23
8
6
6
29
0
3
11
20
24
6
47
25
1
14
7
3
5
9
25
10
33
1
9
17
28
0
20
18
24
27
19
32
25
12
4
14
32
3
8
18
4
13
1
16
7
19
18
4
13
9
32
0
0
17
11
19
9
10
15
15
9
10
11
0
7
0
26
6
11
14
23
4
13
45
36
0
0
16
0
26
17
11
19
5
0
3
4
12
6
0
22
4
3
17
0
4
10
9
15
19
0
0
0
0
0
2
3
0
16
10
12
18
3
6
0
13
8
9
10
12
12
8
6
6
7
12
2
44
0
0
2
17
3
7
2
9
4
8
14
5
9
9
0
5
0
14
0
10
8
0
3
11
4
0
0
5
9
4
16
6
0
3
12
0
6
0
2
17
14
2
0
1
5
5
3
5
5
0
0
18
39
18
0
0
0
1
3
15
11
5
5
9
2
2
8
1
13
0
1
0
3
7
0
4
8
1
4
7
8
15
15
8
1
5
6
0
0
0
10
0
5
6
0
10
10
7
0
0
3
12
13
0
3
1
0
5
5
0
0
0
0
3
0
3
5
0
0
1
0
10
9
4
4
1
3
7
0
1
8
3
5
0
0
2
0
0
0
0
2
5
0
7
0
8
1
4
5
2
4
0
8
0
1
0
2
10
0
3
0
0
0
6
0
6
0
3
7
2
3
3
6
0
5
7
1
3
4
1
9
6
0
2
0
9
0
0
0
1
2
3
3
1
0
0
4
3
3
4
9
13
15
18
10
0
0
0
0
0
5
3
0
5
7
0
0
0
5
2
9
5
2
5
4
8
0
3
1
4
1
1
0
7
4
6
2
2
0
0
2
0
1
0
0
2
9
2
0
0
5
0
0
7
5
1
0
0
4
1
0
1
0
0
0
0
5
3
3
15
12
0
1
0
0
0
0
6
8
0
0
4
0
1
1
0
3
4
0
0
0
0
0
16
31
27
0
3
0
0
0
0
0
0
0
0
0
3
2
0
0
0
5
0
1
6
4
3
6
4
0
3
3
2
6
1
3
2
0
0
0
0
5
3
0
0
1
7
3
0
1
5
3
13
12
0
4
0
0
0
0
0
0
0
0
3
1
0
0
0
0
1
1
0
0
0
3
0
0
1
0
1
0
2
0
0
1
5
0
0
7
1
5
1
5
2
3
3
0
0
2
4
0
0
1
0
0
0
3
3
0
2
0
6
0
6
1
3
0
1
2
2
4
0
2
0
2
0
0
1
3
4
4
1
0
0
0
3
2
0
0
0
1
3
2
0
0
0
5
0
2
2
4
0
0
3
0
5
3
1
0
0
0
0
0
1
1
3
0
0
0
3
0
3
1
6
0
0
1
2
4
1
0
5
1
0
0
0
2
1
0
2
1
0
0
0
2
0
2
4
4
0
0
0
0
3
1
0
0
0
1
0
0
4
0
3
1
0
0
0
2
1
0
5
0
0
0
3
0
0
7
0
0
0
1
0
1
0
1
1
5
4
0
0
0
4
0
0
0
0
0
2
6
2
2
7
2
0
1
1
2
3
0
1
0
0
0
0
0
1
0
2
0
0
5
4
0
5
0
3
0
0
4
0
0
0
1
4
5
17
4
0
1
0
5
0
0
0
1
4
1
0
1
3
0
0
3
4
0
3
3
3
1
3
0
0
0
5
0
0
0
4
0
5
7
3
3
1
0
1
0
0
0
0
3
1
0
4
2
7
2
1
1
3
3
0
0
0
1
0
0
0
0
3
0
0
4
0
0
2
0
0
0
0
0
3
1
0
2
4
0
2
0
2
0
0
0
2
0
2
2
2
1
2
0
1
0
0
0
0
0
0
1
0
0
0
0
3
0
0
1
2
0
0
0
0
3
0
0
3
0
0
1
0
1
1
2
0
0
3
0
0
0
4
0
2
0
2
1
0
1
0
5
0
2
0
0
0
0
0
1
2067
0
