../2_Decay/DataFilesGe/Decay/415270G2.TXTBackgroundRemoved 
0
0
0
0
0
0
0
0
0
0
0
0
0
0
23
85
49
69
47
37
16
13
16
6
9
9
19
32
12
17
38
4
0
0
8
0
30
14
9
12
29
34
5
0
5
0
0
6
14
9
16
19
19
0
17
10
7
0
14
4
29
14
6
27
28
31
23
10
0
14
0
0
23
9
25
13
11
35
6
2
0
39
23
8
0
17
11
30
1
4
0
4
30
24
31
11
39
6
17
21
24
16
32
10
35
16
41
0
26
28
14
19
26
46
17
29
27
15
14
6
16
43
26
30
27
11
3
31
35
42
27
22
24
41
22
27
39
41
39
38
23
32
22
21
0
12
52
19
25
31
36
24
27
10
16
21
27
13
28
23
23
52
12
10
14
3
22
4
31
19
22
16
0
14
33
23
26
12
1
19
3
17
8
23
12
1
12
17
20
9
16
7
11
14
22
8
2
4
4
32
17
16
18
0
22
17
6
5
25
4
19
2
8
18
8
17
0
11
9
3
3
10
4
12
0
4
6
8
16
19
17
5
0
10
12
19
10
7
24
17
15
6
0
7
15
11
0
6
18
3
5
15
0
13
0
12
11
18
6
0
6
9
13
11
1
7
24
6
3
19
1
15
1
13
14
3
0
4
9
15
0
6
20
16
7
18
1
1
11
8
4
1
9
4
3
1
11
2
8
0
0
0
10
0
2
0
24
6
4
3
2
0
1
5
4
5
12
3
7
7
1
0
2
0
3
12
2
6
10
3
0
2
1
0
3
2
0
7
1
5
1
0
10
11
2
7
3
5
2
12
6
17
2
0
6
2
0
17
7
3
0
12
0
7
0
2
11
2
5
6
12
1
10
7
5
5
1
1
2
5
3
2
0
0
4
0
0
0
0
0
11
0
8
8
0
10
0
0
2
0
0
4
0
0
3
0
0
6
1
0
2
2
8
0
0
11
5
10
4
4
7
9
6
6
0
0
5
0
0
0
0
5
0
0
0
5
0
0
1
2
0
0
0
5
2
1
0
9
7
0
4
6
16
0
0
5
2
9
8
3
11
0
1
0
0
6
0
5
1
5
0
7
3
8
0
0
0
0
5
1
0
2
6
0
0
2
3
0
3
0
0
13
4
6
10
0
4
0
0
0
3
0
2
0
0
6
0
2
6
0
0
4
6
1
5
0
1
0
0
0
3
1
3
4
0
0
3
3
1
0
3
0
5
4
1
1
5
11
4
7
5
1
0
0
1
0
3
0
2
3
2
0
0
0
4
0
2
3
2
1
0
0
6
6
13
2
6
0
3
2
0
6
0
5
0
3
4
0
9
1
0
2
1
0
0
5
4
5
0
9
15
3
1
4
3
0
5
6
1
0
0
1
0
7
0
0
5
0
1
4
0
3
3
0
0
1
3
6
0
0
0
0
3
4
1
0
7
0
5
0
1
2
0
3
4
3
0
0
3
0
4
6
1
2
0
0
5
0
0
0
0
3
4
0
0
0
3
0
2
1
1
0
1
0
2
0
0
0
1
3
0
1
0
6
5
0
0
1
0
0
1
0
0
0
1
0
6
0
3
0
5
2
0
0
3
0
0
0
2
3
6
0
6
3
5
3
9
0
0
1
3
2
0
0
0
2
0
1
0
3
5
1
0
4
2
1
1
5
0
1
5
1
3
0
1
1
3
1
1
0
2
3
0
2
8
10
3
4
0
0
0
4
0
0
0
4
3
0
0
1
3
0
2
5
0
2
0
3
2
0
0
4
3
1
2
0
0
3
0
6
5
0
0
0
2
0
5
5
0
1
0
0
6
1
0
0
0
2
4
0
0
0
0
0
2
5
0
0
0
0
1
4
1
2
0
0
2
1
4
1
0
1
0
0
0
1
2
0
2
0
0
1
4
2
0
0
0
0
0
2
2
0
0
1
0
0
0
0
0
0
1
0
0
2
0
0
0
0
4
0
2
0
1
0
2
0
4
0
0
1
0
1
0
0
0
8
6
0
0
0
0
0
0
0
3
0
3
0
2
1
3
0
0
2
1
2
0
0
2
0
1
0
3
0
2
0
0
2
7
0
3
0
0
0
2
0
2
2
1
0
0
0
0
0
1
2
4
0
0
0
0
0
2
5
1
0
0
0
0
0
2
0
1
1
0
1
2
0
0
2
0
5
0
0
1
2
0
5
6
0
0
0
6
2
0
0
0
0
5
0
0
2
0
0
0
0
0
2
1
0
2
0
1
0
4
0
0
0
3
0
1
0
3
0
0
3
3
0
0
1
0
1
3
0
0
0
1
5
0
2
1
0
0
0
0
1
0
1
0
0
0
0
2052
0
