../2_Decay/DataFilesGe/Decay/415297G2.TXTBackgroundRemoved 
0
0
0
0
0
0
0
0
0
0
0
0
2
2
27
77
71
160
92
19
20
15
14
0
10
1
12
6
20
21
33
15
23
14
10
14
11
12
12
10
11
11
20
1
34
34
10
12
22
7
10
5
7
2
11
11
14
14
18
26
6
18
16
6
22
21
18
12
33
46
46
46
16
14
17
3
3
14
33
31
20
45
24
2
13
28
8
8
38
11
28
43
6
39
17
1
17
16
16
39
20
39
19
25
27
38
25
38
22
55
45
49
11
23
21
30
7
23
11
10
27
14
37
51
30
19
17
40
64
55
54
31
24
26
31
20
27
26
28
19
13
22
48
26
33
38
41
39
47
26
17
27
48
31
43
18
13
38
28
12
16
28
1
31
9
23
50
30
20
18
22
34
32
22
44
36
31
20
1
13
24
17
25
12
16
8
16
38
18
0
7
6
19
26
31
14
28
2
17
22
6
27
38
16
31
20
11
17
21
7
21
21
20
16
3
30
8
8
20
13
9
3
19
19
12
17
10
10
5
24
5
12
17
7
12
2
6
6
31
12
22
11
14
11
9
30
30
28
14
12
23
10
7
22
2
10
24
11
15
9
12
14
14
18
0
14
11
10
17
17
17
4
3
8
3
10
1
1
8
7
7
16
22
12
2
17
6
12
13
12
4
12
17
7
3
3
12
8
14
5
5
4
1
17
18
4
8
8
3
13
8
11
7
12
12
14
14
6
11
5
7
6
4
9
9
5
8
8
7
3
14
6
7
8
8
12
12
10
0
6
0
6
9
6
11
6
6
0
1
1
3
10
6
5
8
6
1
3
6
0
0
11
0
12
12
10
8
2
0
1
2
8
8
6
8
4
8
6
1
0
0
0
12
3
3
0
0
4
5
3
7
3
12
2
2
5
5
0
0
3
0
1
6
2
0
3
0
0
0
0
0
0
3
10
1
4
10
10
10
3
6
3
4
4
0
4
7
6
6
9
9
1
8
2
2
3
3
2
2
2
2
2
4
4
3
2
1
3
8
1
0
2
2
2
4
3
4
3
2
4
1
9
8
3
3
7
4
4
4
10
13
6
2
10
0
0
3
0
0
0
0
1
5
5
5
5
12
11
11
5
5
3
6
7
7
3
3
8
1
1
1
0
0
0
0
0
4
0
4
0
1
1
4
3
3
4
2
0
3
1
5
2
9
2
2
3
3
0
0
0
0
0
4
3
3
3
4
12
0
4
1
3
3
3
4
8
3
3
0
1
1
1
1
4
2
4
4
0
1
4
1
1
3
3
7
7
4
4
9
0
0
6
6
0
3
0
0
0
1
3
3
3
1
1
1
2
2
4
7
13
5
5
5
1
2
2
6
6
2
0
6
1
0
3
3
3
3
4
7
3
0
0
0
1
1
0
4
0
0
0
2
1
2
4
4
4
0
0
5
1
1
6
5
0
0
0
3
3
4
10
10
10
10
2
2
2
2
2
2
2
1
0
4
1
3
3
3
3
3
1
1
1
1
2
2
1
1
1
3
3
0
4
2
4
4
4
0
0
0
0
0
0
7
7
11
0
1
2
0
0
0
2
2
2
6
0
2
4
3
3
2
0
0
5
5
2
2
2
1
1
2
2
2
2
1
1
2
0
4
1
1
1
1
1
1
6
1
4
4
3
1
5
0
1
1
2
0
0
0
2
3
2
2
2
2
2
3
3
0
2
2
4
5
4
1
1
1
2
2
2
2
2
2
2
4
5
5
4
2
2
2
1
2
4
1
1
1
1
1
5
2
1
3
1
1
5
5
0
1
1
1
0
2
3
3
3
4
0
5
1
4
0
0
0
6
3
2
1
1
1
3
1
1
3
3
3
3
3
3
3
9
3
3
7
1
2
2
2
0
0
0
2
1
5
5
0
0
1
2
3
0
0
4
0
0
0
2
1
1
4
3
1
3
3
3
0
0
0
1
0
0
0
1
1
6
6
0
0
1
0
5
3
0
1
0
4
5
5
5
5
3
2
2
2
1
1
4
2
0
0
2
0
0
0
0
2
2
1
1
2
2
2
0
0
1
0
0
2
1
1
1
1
1
1
1
2
2
2
1
4
4
6
2
2
3
2
0
4
2
4
1
8
8
8
8
2
2
0
0
0
1
1
0
0
0
1
1
1
4
2
5
5
0
0
0
0
0
5
5
1
0
0
3
1
1
1
0
0
1
1
2
2
0
5
1
4
1
2
2
1
5
0
0
2
3
3
3
2
0
0
3
2
2
3
3
5
3
3
3
0
2
2
2
1
1
1
1
1
1
1
1
2
2
0
0
1
1
1
4
0
0
0
0
1392
