../2_Decay/DataFilesGe/Decay/415281G2.TXTBackgroundRemoved 
0
0
0
0
0
0
0
0
0
0
1
0
3
0
27
57
36
53
79
34
32
8
20
12
23
25
21
31
31
7
29
23
14
11
0
10
7
16
18
20
23
30
30
7
0
0
20
29
14
19
24
5
16
25
0
0
13
9
13
5
37
18
8
0
29
32
14
34
22
28
26
0
19
13
9
28
3
29
0
17
4
10
0
14
9
6
27
0
25
3
44
30
20
11
13
0
34
13
21
1
0
40
18
32
12
19
30
16
27
59
2
30
45
8
18
26
20
22
3
38
44
29
14
27
0
27
13
39
66
35
34
15
28
51
9
33
50
34
45
0
35
22
30
24
34
20
28
10
34
23
12
17
30
6
22
39
47
33
8
20
33
52
8
14
7
18
33
23
27
15
22
1
22
19
38
8
8
29
34
25
16
16
7
18
9
8
34
24
30
29
38
26
50
35
52
77
45
37
26
28
39
35
17
34
33
30
23
21
23
24
21
12
0
21
10
13
24
0
22
17
5
12
17
14
22
10
3
0
26
9
1
6
15
16
10
14
25
11
18
6
18
20
0
12
14
8
5
8
10
5
8
17
8
11
9
0
17
13
20
0
20
6
16
12
15
10
7
8
25
3
2
3
7
10
0
0
7
0
9
12
9
4
10
12
0
18
12
0
9
1
0
0
12
12
6
0
0
4
8
9
4
14
0
6
7
0
6
0
6
5
4
8
0
2
10
9
0
3
19
11
11
13
7
5
4
7
0
4
6
0
2
8
0
18
0
0
8
11
6
6
11
0
1
5
4
19
6
0
5
11
13
5
0
7
2
3
0
7
2
12
0
6
4
2
10
4
2
0
2
3
3
6
0
0
0
7
9
9
5
0
0
3
5
0
5
2
9
0
6
13
0
4
4
9
2
10
5
1
2
3
6
0
2
3
0
2
10
8
0
0
5
0
10
11
5
0
5
6
2
6
10
12
7
8
0
4
9
0
0
0
0
5
1
2
1
0
3
0
3
0
0
6
4
3
15
8
0
17
4
0
0
6
2
2
0
2
6
4
3
2
1
3
3
3
2
7
0
3
2
7
3
0
4
12
1
0
0
2
0
2
1
6
3
3
2
0
3
10
0
9
4
3
3
12
3
8
15
8
1
0
0
0
2
0
0
0
4
2
1
0
0
7
10
4
2
1
3
7
3
0
4
0
3
7
1
0
0
5
2
0
0
1
2
6
3
0
6
6
0
4
1
0
3
0
0
0
0
3
0
5
1
9
2
4
4
2
0
0
3
4
1
0
0
1
8
10
0
4
0
7
2
4
0
1
0
0
6
0
0
4
2
0
3
0
0
4
1
11
2
12
14
1
2
0
5
3
3
0
5
0
1
1
1
4
0
0
4
6
1
0
1
4
3
0
0
0
5
0
0
0
2
0
5
3
0
0
0
4
2
0
0
0
1
2
4
1
1
1
0
10
6
1
0
3
0
0
0
3
0
6
1
4
1
5
0
7
0
3
0
0
4
0
0
1
6
1
0
0
2
4
0
5
2
5
0
2
2
1
0
0
0
0
2
0
0
6
2
0
3
0
2
0
0
0
0
0
3
0
3
0
3
6
6
5
0
0
0
1
0
0
5
0
5
0
1
0
2
3
0
7
0
0
2
0
3
4
0
0
0
0
0
3
3
1
3
0
1
5
1
0
0
5
0
3
0
0
1
3
0
0
0
1
3
3
2
1
1
0
0
3
0
8
2
5
0
1
0
2
0
1
0
1
1
0
1
1
1
0
0
0
2
0
0
0
0
0
0
5
4
1
0
1
3
0
0
5
2
4
0
0
0
1
0
0
0
3
0
2
6
0
3
3
0
0
0
0
6
2
0
4
0
3
0
0
0
2
0
1
0
0
0
0
3
2
1
0
0
0
3
1
2
1
3
0
0
0
0
1
0
1
2
1
2
6
0
3
0
0
5
5
0
1
0
2
0
3
2
0
1
6
1
0
0
3
0
5
8
4
0
6
0
0
0
0
4
0
0
7
0
0
0
1
0
0
1
0
1
0
2
0
0
1
1
0
0
0
0
0
3
3
1
5
2
2
0
3
3
1
0
0
0
4
0
1
2
0
0
0
2
1
0
0
5
2
0
0
0
2
0
2
3
1
0
2
2
0
1
0
1
1
0
0
0
1
0
2
0
0
0
0
0
1
4
1
0
0
0
0
1
0
0
0
0
0
0
2
0
3
0
0
0
1
3
1
0
4
0
1
0
0
6
1
4
0
1
0
2
0
1
0
2
2
0
2
3
0
1
0
2
0
0
0
0
0
0
1
3
0
1
1
0
0
1764
0
