../2_Decay/DataFilesGe/Decay/415200G2.TXTBackgroundRemoved 
0
0
0
0
0
0
0
0
0
0
0
1
0
0
10
113
31
25
10
24
20
25
12
10
15
20
18
15
0
6
19
4
10
10
0
0
32
14
2
11
8
11
4
9
15
3
3
24
16
0
7
12
0
18
1
0
15
4
13
0
12
37
20
25
23
4
0
0
27
0
17
0
24
0
0
22
0
19
21
16
0
8
14
0
0
7
0
7
44
4
27
23
10
18
10
1
44
9
10
8
0
10
20
27
0
18
28
6
14
0
4
11
7
0
19
34
0
39
7
0
0
22
12
19
14
39
13
0
46
16
24
30
20
26
18
3
5
28
0
42
19
29
26
11
23
16
8
2
20
19
9
0
18
11
16
2
15
18
23
22
32
17
17
24
18
1
8
17
8
3
0
21
12
23
20
23
26
19
0
18
11
9
0
12
0
25
18
7
10
9
5
15
0
0
5
27
0
14
2
10
9
7
11
0
9
16
5
4
14
3
12
0
10
9
6
5
0
8
17
0
0
0
12
5
10
9
7
0
1
4
7
12
1
0
8
6
9
2
22
0
24
2
0
6
4
4
4
4
11
12
8
5
7
1
18
1
9
10
1
13
7
6
0
0
4
10
6
5
0
0
8
9
0
8
2
0
3
0
0
11
5
0
19
0
16
7
10
4
3
3
13
8
16
3
16
0
2
0
2
0
5
5
0
13
6
0
0
0
0
6
0
16
4
8
0
7
4
0
8
19
4
9
5
4
0
1
0
3
3
1
0
8
3
0
2
0
10
4
1
8
0
3
8
8
3
17
0
0
0
3
10
0
3
5
8
11
0
6
4
3
0
7
0
8
11
6
0
4
3
0
12
2
0
0
4
4
12
6
1
0
4
3
6
8
3
0
0
4
11
0
0
0
1
2
0
0
0
0
5
0
0
8
3
1
6
0
9
0
0
7
15
2
4
4
6
1
3
13
3
6
0
2
0
0
0
0
0
0
0
1
0
0
0
0
7
2
0
0
0
0
4
0
0
4
5
0
0
3
6
4
0
1
0
0
0
7
0
1
4
0
2
5
1
0
0
1
3
0
6
2
4
7
0
6
0
0
1
0
0
0
5
1
7
3
4
0
3
2
5
6
0
0
1
4
0
8
10
7
3
2
0
0
5
0
0
0
7
0
0
0
1
1
8
3
3
0
0
1
1
6
0
0
2
7
0
0
2
0
0
3
0
4
0
0
0
0
0
1
0
3
0
0
3
3
1
1
6
0
0
1
2
2
0
9
5
1
0
0
9
3
2
1
3
4
5
0
0
1
6
7
1
0
0
2
0
0
5
0
1
0
2
0
0
2
1
0
5
0
0
11
5
2
0
0
8
1
6
0
1
3
0
0
2
1
0
0
2
4
0
1
3
0
3
0
0
2
1
0
3
0
0
0
3
8
1
0
0
2
2
6
0
6
0
3
6
0
0
1
2
1
9
4
0
0
7
0
8
3
0
0
3
2
2
0
0
3
2
4
0
2
1
0
5
1
2
0
0
0
6
0
0
1
3
1
0
7
2
0
2
0
5
0
3
0
0
0
0
4
0
0
1
3
3
3
1
1
0
0
0
0
3
9
0
0
0
0
0
0
0
0
5
0
1
2
1
0
0
0
2
1
0
0
1
0
0
0
0
9
5
0
0
2
1
1
4
0
1
0
1
5
1
5
0
0
5
3
1
2
0
0
0
6
0
0
0
0
3
3
1
0
0
0
0
0
0
0
0
3
6
2
1
3
0
0
0
1
0
2
1
2
2
2
0
0
0
1
0
0
0
0
2
0
2
4
3
2
1
2
3
0
5
0
0
0
0
3
0
0
0
0
0
1
4
0
0
0
0
0
0
4
0
5
0
1
0
0
5
2
0
4
0
1
2
2
0
0
0
3
0
0
1
1
0
0
2
0
0
0
0
2
5
1
0
3
0
3
0
0
0
0
0
0
1
0
0
0
3
3
0
3
0
0
0
0
0
4
3
0
6
0
0
3
4
0
0
0
2
0
0
0
0
0
0
0
0
1
5
0
0
0
0
0
0
0
0
0
0
0
0
2
6
3
0
0
0
0
0
0
0
0
0
0
0
2
1
3
0
4
3
0
1
0
2
0
0
0
0
0
2
2
0
2
1
4
0
2
0
2
4
0
0
0
2
0
1
3
0
0
5
1
2
2
1
4
0
1
0
0
2
0
0
2
1
0
0
2
0
0
1
1
0
0
0
0
0
1
6
1
0
2
4
0
1
2
2
0
0
0
0
1
5
0
4
0
1
0
0
6
0
0
0
1
1
0
2
1
1
1
3
2
0
0
0
1270
