../2_Decay/DataFilesGe/Decay/415295G2.TXTBackgroundRemoved 
0
0
0
0
0
0
0
0
0
0
0
0
0
0
13
22
15
10
30
30
41
23
2
13
15
13
28
16
13
24
23
10
15
3
23
13
34
1
26
9
7
22
12
12
4
4
19
1
1
1
38
26
10
8
15
3
10
5
24
13
14
24
18
26
24
5
16
20
20
24
15
11
29
56
19
4
3
20
25
2
23
50
55
55
9
5
20
17
19
37
51
21
22
24
41
34
52
27
39
39
19
38
15
59
16
15
41
35
30
30
1
17
15
44
40
34
44
29
30
35
38
26
50
39
28
36
12
22
62
19
28
27
11
24
33
33
48
21
44
39
14
29
42
44
58
26
31
44
24
19
41
37
49
25
9
32
38
12
27
4
31
36
11
10
38
43
15
7
16
22
13
31
32
19
48
20
2
15
14
20
15
17
3
23
3
8
29
39
20
18
19
30
16
28
34
36
36
36
18
21
11
21
15
15
46
16
1
12
42
42
29
7
21
36
13
11
6
9
26
25
20
17
17
0
16
15
15
11
12
11
14
27
22
30
15
11
23
0
52
52
21
15
8
12
18
17
14
17
6
16
11
4
15
6
12
3
9
6
24
12
5
10
2
4
4
15
4
0
9
4
4
4
0
10
3
9
9
9
18
5
12
8
10
18
11
28
15
15
19
10
7
13
14
9
4
0
9
4
10
3
11
7
7
9
1
1
4
4
14
14
10
14
16
6
9
9
0
8
22
9
8
0
11
11
11
8
6
5
2
1
6
12
12
19
19
13
3
7
7
4
12
18
2
1
10
23
5
0
5
8
10
9
5
6
7
0
2
9
6
1
1
20
11
14
9
4
5
5
2
12
8
6
10
13
3
8
1
8
1
1
1
0
5
11
11
11
9
4
3
3
10
10
10
4
4
1
7
8
7
7
11
3
3
3
12
12
10
3
3
3
6
6
8
0
5
0
3
9
6
3
1
10
10
6
6
5
4
0
0
6
2
10
1
1
9
2
7
5
0
0
1
3
5
12
6
1
1
1
4
1
7
5
5
0
1
3
1
4
4
4
3
3
1
3
8
10
1
1
3
10
4
5
5
5
0
3
0
0
3
6
6
5
4
4
5
5
4
4
1
1
1
11
1
6
1
6
13
13
3
3
0
2
14
14
14
1
8
3
4
3
3
5
1
6
6
1
2
3
5
5
4
4
4
4
5
0
4
0
10
10
0
1
4
2
2
2
0
4
10
10
10
1
1
6
1
3
4
0
3
3
3
6
6
6
6
6
3
2
5
1
0
2
0
5
8
14
14
3
6
3
3
2
2
1
6
5
6
6
3
3
1
2
2
2
0
8
2
6
8
12
12
12
12
12
12
3
2
2
0
2
5
3
3
3
3
3
2
2
2
1
7
4
4
4
4
0
8
5
5
5
3
3
5
1
1
1
1
1
2
2
1
2
2
5
2
2
2
2
6
18
1
1
2
1
1
1
1
4
4
4
5
5
0
4
4
4
0
1
1
3
3
3
3
2
0
0
1
2
6
1
1
1
1
5
3
3
3
0
0
2
0
0
7
4
1
1
2
2
0
4
3
3
1
1
2
2
5
5
5
3
2
8
6
3
3
4
4
6
7
7
7
3
0
4
4
3
0
0
4
0
0
0
2
2
0
0
0
6
2
2
2
3
1
1
2
2
7
1
2
2
3
2
2
3
3
1
1
5
0
4
1
2
2
0
0
1
2
3
0
2
2
4
1
0
0
7
7
6
6
2
1
1
1
2
2
0
1
1
1
1
5
5
2
1
4
1
1
2
0
0
0
0
1
0
0
0
5
2
3
0
0
2
0
0
0
4
4
1
1
1
7
4
0
0
0
1
2
6
0
0
2
1
1
2
2
2
2
2
3
3
6
0
2
2
1
1
1
1
3
3
5
5
0
2
0
0
1
4
4
1
4
3
3
5
0
0
0
0
2
1
2
2
5
5
5
5
0
3
0
0
3
3
3
4
4
3
8
3
3
2
2
1
5
0
8
8
2
1
1
2
0
0
0
1
1
2
0
0
2
2
1
1
6
6
1
6
6
0
1
1
1
2
2
2
2
2
1
1
1
1
1
2
0
0
1
4
1
1
1
1
1
1
5
1
2
2
1
1
0
0
0
2
1
1
1
2
0
0
0
3
1
3
5
5
0
0
0
1
2
2
2
6
0
3
3
3
0
0
0
0
0
3
1
2
2
2
2
1
2
1
1
2
1
4
2
0
0
2
2
1
5
5
5
5
0
0
0
0
0
2
0
2
2
2
0
3
2
2
0
1
2
3
1
3
3
3
0
0
0
0
0
0
1
1422
