../2_Decay/DataFilesGe/Decay/415279G2.TXTBackgroundRemoved 
0
0
0
0
0
0
0
0
0
0
0
0
0
0
55
219
86
102
88
56
24
26
29
4
15
18
12
17
4
32
9
8
22
6
12
8
16
7
6
4
18
9
13
14
10
10
25
2
18
22
16
16
23
9
7
2
2
12
29
29
16
16
10
10
11
30
14
14
13
13
27
9
2
2
0
0
0
8
16
16
16
18
10
0
8
14
23
47
37
27
27
44
27
29
12
12
45
21
28
32
27
9
7
68
8
41
34
20
5
35
43
14
35
33
22
7
9
43
6
19
10
25
19
17
22
57
11
43
32
7
27
24
22
36
37
35
38
61
15
13
9
0
34
41
14
29
40
24
24
41
16
15
16
13
18
29
18
14
36
30
11
22
32
25
22
22
34
21
20
25
18
24
26
25
23
49
6
26
27
12
4
4
33
8
4
14
24
26
20
6
27
12
1
23
33
16
17
13
11
16
15
9
8
17
18
6
11
24
24
22
16
6
26
22
19
14
6
1
28
7
22
14
7
14
7
18
14
13
6
3
7
21
21
13
13
18
6
17
11
11
17
18
7
12
9
7
4
4
1
9
5
14
15
17
13
13
20
10
2
7
12
12
12
13
6
10
14
3
14
14
7
15
15
17
8
4
4
5
14
9
3
7
3
17
3
15
3
0
0
7
7
26
16
8
12
1
5
10
6
1
10
2
5
15
11
3
4
4
7
10
3
6
6
1
9
0
3
5
4
6
0
0
0
14
11
10
10
2
8
0
7
2
13
3
5
5
6
3
3
0
7
4
7
6
14
18
16
16
3
4
2
2
5
5
10
3
3
13
13
11
11
11
1
1
1
8
7
14
14
8
8
7
3
3
0
7
1
4
3
8
8
3
14
14
6
6
4
0
8
3
3
12
12
12
4
6
1
3
8
5
1
1
8
8
8
2
2
2
7
3
6
7
9
2
2
1
4
6
7
7
0
5
8
8
3
5
5
5
5
5
2
2
2
7
3
3
1
1
1
1
6
6
6
6
4
4
4
4
0
0
0
0
2
0
0
0
0
1
1
1
0
0
0
0
3
2
8
0
13
6
1
3
6
2
1
0
0
10
2
6
2
13
13
5
6
0
6
9
5
5
5
9
6
2
3
3
0
3
2
0
0
0
3
1
1
10
10
4
2
1
1
1
2
8
4
4
2
4
0
0
2
3
2
3
0
2
0
3
0
1
0
2
1
1
8
8
8
7
7
7
1
0
0
0
1
5
3
0
6
0
2
2
4
5
6
4
4
1
1
0
2
5
4
4
6
10
9
10
6
3
3
2
2
0
0
0
2
2
2
4
1
3
0
4
4
6
6
0
1
14
11
1
3
0
0
0
0
0
1
1
1
9
3
5
0
4
1
4
4
1
1
2
2
2
2
2
4
0
0
0
0
0
2
2
2
2
2
2
12
12
0
0
0
0
2
2
3
4
4
7
1
0
0
0
0
0
0
1
1
1
1
0
0
0
0
0
0
2
2
3
3
3
0
0
0
1
1
2
2
2
2
1
1
2
3
3
0
2
2
2
2
4
0
1
3
3
0
0
2
2
1
0
5
0
2
2
0
3
2
0
5
4
1
2
2
2
2
2
2
0
1
2
2
3
1
1
5
0
1
1
1
1
0
1
1
1
0
0
0
0
0
3
0
2
2
2
6
1
1
3
6
2
1
2
3
0
3
3
0
0
0
0
0
0
1
0
1
2
2
2
2
2
1
1
0
1
1
1
1
1
1
2
0
4
0
1
3
0
0
0
0
10
4
0
2
2
2
1
2
2
0
2
5
6
1
1
4
4
4
4
0
1
0
0
0
0
0
6
1
0
1
1
1
0
0
0
0
1
1
1
1
0
0
4
1
5
0
0
4
0
2
0
0
3
2
2
2
0
2
2
2
2
2
3
0
1
1
1
1
3
4
4
0
1
1
0
0
0
0
0
0
0
0
0
0
2
2
1
1
1
1
1
1
0
0
0
8
3
3
3
0
1
1
1
0
0
7
7
7
1
0
0
0
5
5
5
5
0
0
1
1
1
6
6
4
0
0
0
0
0
0
1
1
1
2
1
1
1
1
2
2
3
0
0
0
2
2
0
0
1
1
1
0
0
0
0
0
0
0
1
1
0
1
3
1
1
1
5
2
2
3
0
0
3
2
2
2
2
2
0
0
2
0
1
1
5
0
0
5
1
4
4
4
1
1
0
0
2
0
4
4
7
2
0
0
0
2
0
0
2
5
5
5
0
0
0
4
4
4
0
1
2
2
1
1
4
6
3
3
3
3
3
3
1
0
0
1
1
2
0
0
0
2031
2031
