../2_Decay/DataFilesGe/Decay/415271G2.TXTBackgroundRemoved 
0
0
0
0
0
0
0
0
0
0
0
0
1
1
31
96
74
33
15
34
16
9
17
11
7
21
7
30
9
10
16
9
0
5
7
13
4
16
19
6
30
1
15
0
0
24
8
23
8
10
24
0
0
16
8
0
0
24
3
5
13
15
16
0
31
25
21
10
7
20
0
5
13
34
5
11
0
17
6
24
21
30
0
7
0
10
31
4
30
0
0
10
31
24
2
29
22
10
11
11
10
14
0
29
0
0
46
0
34
17
36
22
20
8
40
18
21
13
9
26
30
24
34
42
5
38
0
15
41
2
21
14
0
39
6
34
39
22
12
50
14
20
30
40
15
7
42
0
29
0
20
27
16
0
27
15
14
38
14
0
23
16
28
0
0
10
23
15
0
20
41
12
14
16
37
11
12
10
19
10
12
0
26
12
13
13
16
27
21
7
16
18
16
19
28
10
3
5
8
21
8
0
16
11
35
27
6
16
19
0
10
7
13
6
4
0
2
0
24
0
0
14
7
9
20
23
0
10
12
0
18
27
26
27
13
29
10
5
26
4
10
14
12
3
10
7
0
6
0
15
0
22
17
12
3
10
0
3
0
11
11
7
9
4
0
6
0
5
9
6
0
13
0
9
0
0
0
4
5
8
17
11
12
5
9
7
10
0
17
0
0
18
23
0
12
6
0
1
15
13
5
9
3
13
0
12
0
4
1
19
13
6
0
8
7
11
6
7
10
4
4
0
3
10
1
12
13
15
12
0
9
2
0
12
4
10
9
6
0
6
0
0
5
8
3
0
0
0
6
4
7
4
7
8
11
5
0
9
0
0
0
4
0
1
10
0
2
6
0
0
7
11
10
6
3
1
1
3
6
2
3
10
4
0
2
0
10
0
0
0
0
6
15
10
0
5
2
0
1
1
0
12
1
5
0
0
3
0
0
0
3
0
2
15
0
3
6
12
6
1
0
4
0
2
0
1
2
0
0
8
4
0
7
5
1
0
1
0
10
7
4
5
1
0
1
1
0
3
5
9
3
1
4
0
0
8
0
7
6
3
2
0
2
0
4
5
1
5
5
8
4
1
0
2
3
0
1
0
1
5
0
3
3
0
10
0
3
3
0
5
12
4
4
6
2
0
14
0
7
0
2
0
1
6
3
4
1
4
6
6
4
1
7
5
2
1
3
1
1
0
6
4
5
6
1
0
4
0
8
0
0
1
1
6
0
6
0
1
0
0
1
0
1
0
3
3
2
0
3
4
0
0
3
8
1
0
0
0
1
4
4
2
3
4
1
3
0
7
6
0
0
1
0
1
0
0
4
0
2
0
0
0
3
0
0
10
2
0
4
4
13
0
0
1
0
0
0
0
2
1
0
0
2
5
1
4
0
3
5
0
0
0
3
3
0
0
3
0
2
0
0
0
0
1
0
0
0
0
0
0
5
0
0
4
4
1
5
3
0
5
6
0
0
0
5
0
0
4
0
1
0
4
0
3
0
1
0
2
2
1
1
5
4
1
3
0
0
0
1
2
0
3
0
0
0
5
0
3
0
0
0
3
2
1
1
1
4
0
0
0
2
0
4
0
0
0
3
0
1
3
0
7
6
2
4
2
3
0
0
0
1
0
2
0
0
3
1
1
4
0
0
0
0
0
2
1
4
0
0
1
0
6
2
5
1
0
5
5
2
0
7
2
0
2
2
2
0
0
1
0
0
3
4
0
0
0
3
3
2
0
4
6
1
0
0
6
0
1
0
3
0
5
0
1
0
3
1
0
0
3
1
0
2
0
2
2
5
0
3
4
1
0
0
0
0
7
4
0
0
0
0
0
2
0
0
4
0
4
1
0
0
2
2
0
0
0
0
1
1
0
1
0
1
0
3
0
0
0
0
0
0
0
7
0
0
0
0
5
1
0
0
2
3
5
1
2
2
0
0
1
1
0
0
0
0
3
0
2
5
2
0
1
1
0
3
1
3
0
0
0
2
4
0
4
0
0
4
7
1
1
3
0
0
2
3
1
1
0
1
1
1
0
0
0
1
4
0
1
0
1
0
4
3
0
0
2
1
0
0
2
8
0
0
3
0
1
2
0
0
0
1
1
0
0
0
4
0
3
6
0
0
0
0
4
0
0
0
0
0
1
0
0
0
0
0
4
0
0
0
1
0
1
1
0
6
0
0
5
0
1
1
0
0
0
0
0
0
0
4
0
4
1
0
0
0
1
0
2
1
1
0
0
0
0
0
0
3
0
0
2
4
0
3
0
1
1
3
0
0
1
0
1
0
0
1
0
1
0
0
0
0
0
1
0
0
2
2
0
4
0
0
0
2060
0
