../2_Decay/DataFilesGe/Decay/415284G2.TXTBackgroundRemoved 
0
0
0
0
0
0
0
0
0
0
0
0
0
0
25
31
22
19
46
48
69
26
23
18
13
20
17
14
0
22
20
3
4
3
11
30
5
11
16
0
21
17
26
5
16
0
5
0
14
23
12
32
22
17
14
11
11
0
21
23
6
11
5
30
26
21
21
34
22
24
6
14
11
0
13
3
19
14
16
38
8
0
0
14
0
39
42
21
32
0
38
26
44
17
32
35
13
0
39
6
10
52
0
33
42
9
44
7
31
35
26
28
6
13
31
20
22
36
35
19
29
22
61
47
18
29
7
39
43
10
52
27
23
12
38
40
28
24
19
43
37
27
33
45
29
16
64
12
42
13
32
8
39
26
19
21
9
4
22
17
18
22
19
16
14
19
18
6
6
1
0
30
11
36
31
5
11
21
17
25
13
0
15
7
7
0
17
17
19
19
12
2
20
35
29
16
0
4
7
26
17
14
25
10
16
37
21
22
33
1
40
17
19
17
28
0
13
0
27
9
0
5
0
6
24
17
3
12
23
0
16
10
20
25
15
17
22
0
18
6
22
5
11
4
21
21
1
9
5
25
3
13
6
2
7
2
2
3
2
5
14
9
16
6
5
13
9
2
0
19
10
21
2
16
5
13
3
7
14
18
8
18
10
20
4
16
3
1
13
7
10
5
0
8
18
2
0
11
7
2
2
9
1
0
3
4
2
0
9
1
6
15
9
0
15
2
6
8
13
6
0
5
4
2
3
4
4
10
2
0
3
16
0
2
0
0
3
2
5
10
4
0
1
10
3
24
22
0
0
3
17
3
1
8
10
0
0
8
3
5
2
8
3
5
9
0
11
4
7
5
11
13
2
6
8
1
4
3
0
1
0
0
12
1
6
0
3
0
6
0
0
1
7
2
2
6
6
0
5
13
1
3
1
0
6
0
4
7
0
0
2
8
11
6
0
5
3
13
1
12
1
7
2
0
0
6
4
0
0
2
1
1
2
6
0
4
2
3
0
0
2
0
5
7
0
0
0
2
5
1
1
1
6
1
6
7
0
0
2
0
3
2
0
8
3
4
0
2
8
9
1
5
0
3
2
0
0
0
0
3
1
9
0
0
1
0
5
3
0
0
0
2
4
0
3
2
17
6
0
2
1
0
3
0
6
0
8
1
6
0
3
5
8
5
0
3
4
3
0
0
6
0
6
0
3
0
2
0
5
5
0
2
4
3
2
0
0
9
8
3
1
2
7
2
3
4
6
0
0
4
0
0
4
0
1
7
5
0
6
5
0
0
7
3
11
9
0
3
6
1
0
4
6
5
4
0
4
1
0
0
1
0
1
0
0
4
6
5
4
8
14
4
0
0
0
1
1
0
2
0
1
0
2
5
2
0
5
2
0
0
1
1
1
0
0
1
4
2
0
1
5
0
0
1
0
0
0
0
1
0
3
0
4
2
5
0
0
6
3
10
0
0
0
1
0
0
2
0
0
0
0
0
0
0
0
2
0
1
0
3
7
2
3
0
3
0
0
0
5
2
0
0
2
2
0
0
3
3
0
0
0
0
0
0
0
0
0
0
3
3
2
0
3
1
0
0
0
0
2
3
3
0
0
1
4
3
2
0
4
0
2
4
3
2
0
4
0
2
3
1
3
0
0
0
0
2
0
4
5
0
1
0
0
0
5
0
3
0
0
3
3
4
5
0
0
2
5
0
1
1
0
3
0
1
0
0
5
0
4
0
0
0
4
4
0
0
0
0
0
0
0
0
1
0
0
5
0
1
0
7
0
1
0
0
3
1
0
1
0
0
0
1
0
0
2
0
2
0
1
0
2
0
1
0
0
3
0
0
4
2
0
0
0
0
0
0
0
1
0
0
4
3
0
2
1
3
0
0
0
0
0
3
3
1
1
4
3
0
1
0
2
1
0
0
0
5
2
1
3
0
2
3
1
4
1
1
0
2
4
2
0
0
0
2
1
0
2
0
3
1
0
4
0
2
0
3
5
1
0
0
4
6
2
5
6
0
2
0
0
2
2
0
0
0
0
2
0
5
0
4
2
2
5
0
4
2
4
3
2
1
1
3
0
3
0
1
3
4
1
3
1
0
1
1
0
0
0
4
0
2
1
0
0
0
5
0
0
3
0
0
0
4
0
0
3
0
0
1
0
1
0
1
4
1
0
0
0
0
3
0
2
0
3
4
5
0
0
0
0
0
4
3
0
0
0
0
0
2
0
0
1
0
0
0
4
0
0
2
0
0
1
0
1
0
1
1
0
1
0
4
0
5
3
0
0
1
2
1
0
0
0
0
5
0
0
0
0
0
0
0
0
0
1
1371
