../2_Decay/DataFilesGe/Decay/415208G2.TXTBackgroundRemoved 
0
0
0
0
0
0
0
0
0
0
0
0
1
2
14
134
49
28
29
20
13
0
16
13
9
9
14
34
0
4
14
3
24
9
0
0
26
9
6
0
8
19
34
0
11
0
18
0
14
0
5
0
3
3
4
0
12
37
15
4
24
5
1
0
19
0
8
6
13
27
17
0
22
1
0
10
0
15
0
4
1
16
0
0
0
0
8
31
40
5
16
23
26
14
14
4
10
3
11
0
0
19
7
2
25
0
15
0
3
12
40
5
5
9
5
0
18
48
15
14
13
28
0
23
0
1
0
3
37
11
10
1
0
19
0
7
21
28
21
16
11
18
31
9
30
11
6
23
17
0
28
0
19
0
0
10
15
0
21
19
3
7
20
20
10
0
8
0
4
2
24
3
0
9
30
24
0
23
0
20
0
9
6
12
1
13
21
0
0
7
26
8
14
12
36
10
8
21
0
13
4
16
0
9
13
10
15
15
14
3
9
7
3
17
3
1
12
17
12
18
1
6
18
0
18
0
17
9
7
0
0
28
14
9
11
22
1
2
11
4
8
3
16
8
14
9
5
4
0
4
0
14
26
10
0
0
0
1
7
0
12
7
6
3
0
0
0
5
0
2
0
13
4
7
5
6
2
3
5
7
7
4
7
8
6
3
2
1
2
4
8
3
10
6
7
6
12
0
13
0
0
13
0
6
3
9
2
0
7
5
11
10
0
0
5
2
5
0
1
0
0
4
10
0
5
14
10
5
7
5
15
8
0
5
3
7
0
1
6
2
8
0
6
3
13
10
0
3
2
3
9
2
13
5
1
3
0
8
7
0
0
9
0
6
12
0
6
0
0
5
2
8
0
11
0
3
0
0
0
2
0
0
5
0
5
0
3
3
2
0
3
2
1
8
0
0
1
0
0
0
0
0
0
1
14
0
4
0
0
0
4
8
4
4
0
0
4
0
4
2
8
2
3
3
2
0
1
7
0
1
0
0
2
5
0
2
7
0
7
5
4
7
6
3
2
0
1
0
6
3
0
0
0
0
0
8
0
4
1
2
5
6
7
0
5
6
6
2
0
3
0
2
1
0
4
4
2
0
2
1
3
3
5
0
0
0
2
3
0
0
2
0
3
7
4
9
0
2
0
0
0
3
5
0
0
4
1
1
7
1
0
0
6
3
0
1
3
1
0
0
2
6
0
1
1
4
6
5
0
4
0
1
9
3
2
0
0
6
0
1
4
4
7
0
4
0
6
0
0
3
1
0
2
5
0
2
0
1
2
0
2
2
0
1
0
0
11
1
4
4
0
1
0
2
0
0
3
0
5
0
2
2
0
0
0
2
0
0
1
6
6
0
0
3
0
3
1
0
2
0
3
0
0
9
0
0
3
9
5
0
4
0
2
2
2
1
5
0
2
4
1
0
0
0
0
0
4
0
0
1
4
0
0
0
0
0
0
1
0
5
4
0
3
0
7
0
0
0
0
0
0
2
0
0
1
0
0
0
0
0
0
4
3
3
0
1
0
0
3
0
0
3
0
0
2
2
2
0
2
0
0
0
2
0
1
0
0
0
4
0
1
0
1
0
7
1
0
0
0
3
3
3
3
2
2
2
2
2
0
0
0
0
0
1
0
4
0
0
5
1
2
4
0
0
0
3
0
0
0
2
2
6
7
0
2
0
1
1
4
1
6
0
0
2
0
0
6
1
0
1
0
0
0
0
0
1
3
5
0
0
0
1
0
4
1
4
0
3
0
0
0
7
2
0
0
1
1
0
0
0
6
0
2
1
0
0
0
5
3
1
8
0
2
2
0
4
4
0
1
0
0
2
0
0
4
4
0
1
7
0
0
0
2
1
0
1
0
0
0
0
0
1
0
2
5
0
0
0
1
1
1
0
1
1
0
5
0
2
0
0
0
0
0
0
0
4
0
0
0
0
2
1
2
0
0
0
0
0
0
3
0
3
0
2
3
0
5
3
4
0
1
4
0
1
0
6
3
5
0
3
0
0
0
4
4
0
0
3
3
5
0
0
0
0
4
0
0
0
0
2
0
2
0
0
0
0
0
0
2
0
0
1
0
0
0
3
0
0
0
0
0
0
0
0
0
0
0
0
0
0
0
0
0
4
2
2
1
1
2
0
0
0
0
0
0
0
3
0
2
0
0
0
0
0
0
0
0
0
0
0
1
0
4
0
2
0
3
0
0
0
0
4
1
0
0
0
2
0
0
0
0
0
1
0
2
0
0
3
0
0
0
0
0
0
1
1
3
0
0
0
3
4
1
0
0
0
6
1
0
0
1
0
0
2
0
0
0
0
0
4
0
0
0
1155
