../2_Decay/DataFilesGe/Decay/415233G2.TXTBackgroundRemoved 
0
0
0
0
0
0
0
0
0
0
0
0
4
1
25
197
3
16
13
51
7
21
26
0
6
10
4
10
7
0
18
4
0
22
0
0
4
6
8
11
10
14
0
0
6
1
9
0
2
0
12
5
1
12
3
0
0
0
30
12
16
23
8
14
15
0
0
0
0
8
11
7
21
0
1
0
11
24
0
0
0
20
0
3
0
30
9
9
16
14
0
4
28
4
0
0
1
9
11
0
7
16
0
31
0
16
15
0
0
5
0
5
0
11
0
17
0
8
24
24
23
0
23
25
12
10
0
0
48
0
29
24
10
11
0
31
12
19
7
24
31
6
27
9
45
17
39
0
30
22
14
5
17
3
20
25
21
7
10
24
0
27
0
9
2
0
19
1
16
3
0
9
4
14
4
19
12
14
2
28
13
0
3
11
0
16
8
8
0
9
25
9
16
12
11
18
1
0
0
18
1
0
4
0
1
4
1
29
14
6
23
0
10
13
14
10
0
0
12
13
0
6
0
0
22
3
22
8
20
6
9
11
16
16
10
17
0
9
15
0
20
0
8
3
0
0
0
0
16
11
12
21
7
2
1
9
12
4
4
2
19
6
10
2
7
19
0
0
3
11
0
10
0
6
0
1
0
5
2
12
7
0
10
10
2
17
5
0
0
3
1
3
18
10
7
0
4
0
5
0
4
3
3
0
0
0
11
0
16
2
11
4
2
1
1
0
3
10
8
0
5
4
0
0
1
6
8
4
1
0
8
9
0
2
0
3
8
0
9
3
3
3
8
1
0
6
6
3
6
0
0
0
0
11
6
1
0
7
0
9
0
1
1
10
3
8
6
7
0
10
0
2
0
6
0
0
1
0
4
0
0
4
5
1
0
4
0
7
4
0
4
4
1
2
0
0
0
0
1
5
5
1
0
3
1
0
1
1
7
0
10
6
5
6
0
9
0
9
7
5
1
2
2
0
0
4
0
9
0
8
0
1
5
0
0
0
1
2
2
0
0
5
2
6
0
3
0
0
7
0
2
0
0
3
4
11
7
5
5
0
9
4
0
5
1
7
0
3
0
0
0
0
0
4
2
2
0
6
0
1
1
8
6
0
5
0
0
2
0
0
0
7
0
0
0
0
8
10
10
0
0
0
5
0
0
3
7
0
4
2
0
1
6
0
4
0
8
0
0
0
0
0
0
1
0
0
8
0
3
1
8
0
0
1
0
2
0
2
4
1
5
4
0
1
0
0
0
0
0
3
1
1
0
1
0
1
2
0
1
2
0
0
0
0
8
4
11
1
3
0
0
0
2
0
9
0
2
0
4
0
0
0
0
0
0
3
5
0
2
3
8
5
3
4
1
0
2
0
5
0
0
1
0
0
0
0
0
1
1
0
0
1
0
0
0
0
0
0
0
5
0
0
0
3
0
2
0
0
0
0
3
2
4
0
1
3
0
7
0
0
0
2
0
0
1
1
1
3
0
1
2
0
0
0
0
2
0
3
0
2
0
0
0
3
0
0
0
0
0
0
0
1
0
2
0
7
3
0
0
0
0
0
0
2
0
6
0
0
0
0
1
3
3
0
2
3
1
0
0
1
1
2
7
8
0
1
1
0
0
0
0
2
2
0
0
11
0
0
1
1
0
0
0
5
0
4
1
1
2
3
0
2
4
3
0
1
2
0
1
5
2
0
0
2
0
2
1
0
1
3
0
1
0
0
0
0
0
0
1
4
2
0
2
2
4
2
0
3
0
0
0
0
1
0
0
0
0
0
0
0
0
2
0
1
5
0
0
0
1
0
0
0
0
0
0
3
6
0
1
1
3
0
1
0
1
4
2
2
1
0
0
1
0
0
0
0
1
1
0
0
0
3
2
3
3
2
0
1
0
0
2
1
0
1
0
2
0
2
0
3
2
0
2
0
0
1
0
3
0
6
1
0
0
0
0
5
0
0
0
0
2
0
0
0
0
3
0
0
1
0
0
2
0
0
2
0
0
0
1
3
0
0
0
1
2
0
4
3
0
1
0
0
0
1
0
0
3
1
0
1
0
0
0
0
1
1
1
0
0
1
1
0
0
0
1
0
1
0
0
0
0
0
4
2
3
0
0
3
2
6
1
0
8
4
0
1
2
0
0
0
3
2
0
0
0
0
2
2
4
0
0
0
0
0
0
0
0
2
0
0
0
1
0
4
0
0
0
0
3
1
0
0
0
0
3
0
1
0
0
4
1
2
0
0
2
0
4
0
1
3
4
0
0
0
0
4
2
0
0
4
0
0
0
0
0
0
2
2
1
0
1
1
0
0
5
0
1
0
1
0
0
6
1
1257
