../2_Decay/DataFilesGe/Decay/415262G2.TXTBackgroundRemoved 
0
0
0
0
0
0
0
0
0
0
0
0
5
3
16
139
42
61
46
38
45
31
32
27
32
42
75
87
55
35
51
37
38
17
24
18
33
33
32
34
39
42
26
10
14
20
34
25
27
37
36
44
25
37
41
15
47
27
24
21
26
38
29
10
39
20
45
30
20
17
34
25
51
22
4
8
51
18
17
26
47
30
28
38
27
24
39
27
45
3
41
31
10
54
60
23
55
47
53
58
54
45
20
67
39
53
62
61
35
39
72
36
29
29
53
63
62
68
45
28
67
47
67
22
28
47
36
27
60
36
55
56
26
50
39
44
78
20
47
37
57
38
38
57
35
42
63
7
42
77
40
39
38
16
54
26
10
18
65
36
45
44
36
8
18
25
24
37
29
28
38
36
41
33
26
31
26
20
14
34
33
13
1
36
25
29
30
30
36
25
40
43
20
33
43
23
2
31
24
17
25
1
24
22
44
14
7
21
38
25
32
16
31
19
24
13
7
23
17
2
14
20
23
28
42
6
17
14
16
17
19
19
21
26
27
17
18
42
15
27
13
15
21
25
16
12
12
6
25
8
21
9
14
19
19
6
31
6
5
10
13
29
7
12
4
5
6
1
17
10
8
10
6
13
4
10
6
14
26
8
13
8
25
24
9
11
23
2
12
9
4
15
3
15
13
21
3
5
6
3
7
14
14
18
13
1
0
6
3
10
5
11
8
2
11
13
11
11
8
0
12
2
2
14
2
8
7
11
11
15
10
9
22
5
10
0
4
7
5
6
10
10
15
13
13
9
13
13
7
3
10
4
2
1
11
3
2
17
8
3
3
6
9
17
12
12
5
3
5
5
14
15
9
5
9
2
8
9
9
3
7
7
11
5
9
9
8
10
15
7
12
8
7
7
2
5
5
5
0
2
1
1
1
3
12
0
13
5
5
5
6
4
7
5
5
6
2
9
2
0
10
4
1
3
3
7
7
2
7
6
10
3
5
0
5
5
5
8
6
0
12
12
6
0
0
0
0
4
10
6
1
4
0
13
5
1
7
4
4
4
4
8
2
2
2
7
3
8
8
7
8
8
8
8
4
4
0
10
10
0
9
5
11
3
2
3
8
8
3
5
3
6
1
7
10
5
5
3
3
3
3
2
7
3
5
10
4
4
2
1
1
1
2
4
5
5
8
6
6
6
4
2
1
1
1
2
4
3
0
3
2
4
4
6
4
0
0
5
2
0
5
11
11
2
5
5
0
1
0
4
0
0
3
3
0
3
3
4
7
6
7
7
4
6
5
2
2
4
1
8
9
3
4
7
10
3
2
2
2
4
4
2
2
2
7
6
8
18
9
9
0
0
0
2
1
2
1
1
4
6
3
0
0
4
4
5
0
0
0
1
6
5
3
3
0
4
1
4
0
2
5
3
3
4
0
0
0
3
2
0
2
2
2
6
5
0
5
7
7
2
2
2
5
7
3
3
2
10
10
5
10
7
7
7
4
4
2
3
1
3
4
4
0
7
6
3
3
3
3
1
1
2
2
3
8
8
3
2
4
0
3
3
0
0
0
0
0
0
2
2
4
0
7
7
3
2
6
1
1
4
7
5
5
2
1
1
0
3
4
4
2
2
5
1
1
5
5
1
4
1
1
5
4
4
4
5
0
2
2
1
4
3
4
4
4
1
4
4
1
0
8
2
0
0
2
4
3
2
0
2
2
2
3
0
3
0
3
4
4
3
3
3
6
3
0
4
4
0
0
0
4
7
9
2
2
2
2
4
2
2
4
6
6
6
6
2
0
3
3
1
3
3
4
3
3
4
5
2
5
5
8
6
2
0
2
7
2
0
0
0
0
0
0
1
1
1
1
4
4
5
1
6
6
4
2
6
0
0
0
2
1
0
4
2
3
1
0
0
5
4
4
2
2
2
4
1
11
3
3
3
3
2
0
5
2
3
3
3
3
3
1
1
1
1
0
4
3
3
0
1
2
3
0
9
5
4
2
2
2
0
3
3
2
1
2
1
2
2
5
1
2
3
3
7
7
7
7
7
1
1
1
2
0
3
4
2
2
0
0
1
4
5
5
2
2
2
0
0
5
1
1
2
2
0
1
2
4
4
2
0
1
0
0
0
0
1
3
4
1
8
0
1
6
1
4
1
1
1
1
1
1
2
0
2
0
0
0
0
0
0
0
3
3
3
1
1
1
1
2
2
2
6
0
0
0
5
2
2
1
0
2
0
0
1
1
1
1
3
2
2
6
2
1
1
1
1
3
3
0
8
0
1
2
0
1
3
3
3
0
0
0
1
0
0
0
0
0
0
2
1
1
1
2300
2300
