../2_Decay/DataFilesGe/Decay/415255G2.TXTBackgroundRemoved 
0
0
0
0
0
0
0
0
0
0
0
0
3
1
12
14
14
30
64
40
13
13
22
22
27
11
13
33
10
26
11
6
31
4
4
8
15
4
11
14
18
21
29
29
9
8
4
13
2
17
15
16
6
0
8
8
0
4
19
13
13
32
32
6
12
20
6
21
2
2
5
1
40
1
25
2
9
3
8
24
4
20
16
5
10
20
7
34
21
14
0
0
35
47
28
33
37
5
28
21
15
38
19
29
17
30
22
23
46
8
28
27
47
21
24
31
35
30
7
51
5
9
47
16
14
13
14
25
46
5
22
33
14
12
18
44
15
33
4
28
32
28
44
33
25
43
62
6
33
33
15
21
39
9
26
36
21
14
11
8
36
28
19
15
15
12
12
14
8
15
16
4
21
27
39
20
14
15
5
9
9
8
17
26
26
16
9
25
5
40
31
10
19
24
12
21
23
7
18
12
12
8
1
12
8
5
0
23
22
1
19
5
4
8
9
9
2
17
18
10
10
5
5
4
21
23
1
14
8
4
9
20
10
30
2
16
1
8
30
30
22
5
18
17
7
18
7
10
11
11
6
8
6
6
14
10
2
7
16
5
7
21
12
25
6
2
9
6
8
3
5
10
7
15
9
0
6
2
9
10
10
5
21
8
8
11
18
18
12
12
5
12
3
16
3
11
0
0
12
8
16
3
10
2
2
5
3
3
9
8
5
5
6
5
8
4
6
7
12
11
14
3
0
6
6
0
0
4
8
2
8
11
7
2
7
7
5
2
6
3
5
5
3
0
0
12
5
9
1
8
7
10
13
8
11
0
0
14
2
2
3
2
2
0
10
12
3
3
1
2
2
4
11
11
4
0
10
0
0
0
0
8
4
0
6
6
6
6
13
13
1
8
7
7
7
7
2
3
5
4
4
4
11
2
4
4
17
7
8
0
0
5
19
9
3
3
9
5
5
3
1
5
8
1
1
1
4
0
0
4
4
4
4
0
0
2
2
4
4
7
1
7
7
7
7
0
0
3
0
4
4
2
2
0
0
9
0
0
9
2
0
0
0
3
5
3
8
9
1
8
2
2
1
1
2
2
5
5
5
1
4
0
4
1
1
1
4
5
2
4
4
2
2
2
0
8
6
7
7
7
7
7
3
2
2
2
2
3
6
2
0
4
2
8
1
8
8
3
3
1
2
2
5
4
4
4
1
1
1
4
1
4
4
7
2
0
0
3
3
3
3
1
2
0
0
0
0
0
0
0
0
0
3
3
3
3
3
3
0
2
3
3
3
5
6
9
2
4
4
2
2
3
4
0
0
1
2
3
3
3
3
3
3
3
3
7
7
0
4
4
23
23
0
3
1
3
1
1
1
3
4
0
0
2
2
3
3
2
3
3
5
3
3
3
3
3
0
0
5
5
5
5
5
3
2
1
1
1
1
1
1
1
1
7
5
5
4
3
3
14
14
14
14
4
4
1
1
1
1
1
1
6
6
4
2
2
1
1
1
4
1
1
4
9
0
2
2
3
5
5
5
5
5
6
6
2
1
0
0
2
2
3
4
4
4
4
4
0
2
1
3
3
4
3
0
0
3
3
2
5
5
0
5
8
8
1
1
1
2
3
1
1
6
5
2
1
1
1
3
1
1
0
0
0
2
2
0
1
0
0
1
2
2
2
2
4
1
1
2
1
6
5
5
0
0
4
1
1
1
0
1
1
1
2
1
2
2
6
1
2
2
1
4
4
2
3
3
4
4
4
2
0
0
2
0
3
3
3
3
3
2
2
0
0
3
3
3
0
1
1
1
1
5
1
1
4
2
4
0
0
1
1
5
1
1
5
5
0
0
0
1
1
1
2
2
4
4
6
6
0
0
10
10
10
1
6
6
6
6
2
2
6
1
3
3
3
3
1
5
3
1
0
5
5
5
5
5
5
0
1
1
0
0
0
0
0
0
2
1
2
2
2
2
2
1
1
3
3
2
1
1
0
2
2
7
2
7
7
0
0
0
0
0
2
2
2
1
1
3
3
3
3
0
4
2
2
1
0
7
0
0
0
3
3
1
3
0
0
0
0
1
1
1
0
0
3
0
0
0
0
0
1
1
1
1
3
1
1
3
3
0
2
2
2
0
0
2
2
0
0
0
3
1
1
1
4
4
2
1
1
0
1
2
0
0
1
0
3
3
3
3
0
0
1
1
1
0
0
0
0
1
4
1
0
0
0
0
2
2
3
0
0
0
0
5
5
1
0
0
0
0
0
3
3
2
2
0
0
0
3
3
2
2
0
0
0
2
1
1
1
1
0
1
4
2
3
3
3
4
0
0
0
2051
2051
