../2_Decay/DataFilesGe/Decay/415283G2.TXTBackgroundRemoved 
0
0
0
0
0
0
0
0
0
0
0
2
19
5
27
70
8
31
32
27
27
13
20
20
15
19
22
20
20
5
26
19
23
2
11
21
3
14
22
11
9
11
22
19
7
7
7
8
8
6
12
32
10
14
3
3
1
11
12
6
5
5
13
13
13
11
32
36
25
10
10
12
32
0
0
0
21
15
14
0
13
19
10
10
4
3
25
41
26
21
20
49
9
34
15
14
14
24
5
14
18
34
34
33
23
1
52
30
14
2
26
19
33
17
25
31
13
26
37
14
21
0
39
40
20
33
17
11
23
12
30
28
17
42
32
33
33
30
35
43
25
35
24
50
38
19
22
11
24
35
5
27
9
23
21
5
7
24
43
18
34
29
18
11
18
11
29
29
5
40
21
21
4
20
58
25
21
18
5
11
31
12
8
13
14
18
34
5
6
29
16
26
6
39
45
15
16
8
12
10
26
26
10
9
9
2
9
14
30
30
10
18
15
31
8
7
3
2
15
7
11
18
5
7
21
26
11
12
14
11
2
22
9
20
15
30
26
0
0
10
28
51
14
21
10
14
11
4
11
1
5
27
8
21
1
22
27
13
13
0
5
15
15
16
7
11
7
6
13
7
0
20
12
18
1
15
3
3
10
11
9
4
16
14
12
16
8
8
7
3
2
9
9
17
6
27
2
8
4
1
0
13
5
1
6
6
1
1
1
8
11
14
15
4
5
2
4
1
8
8
13
9
9
8
12
3
0
9
0
16
1
7
1
6
19
16
15
5
5
16
16
0
8
0
1
3
3
3
11
17
31
7
7
7
4
2
4
6
2
5
5
6
7
11
5
5
9
1
9
6
6
11
10
10
10
7
7
4
2
2
1
9
4
4
4
4
14
6
10
10
3
6
9
6
6
13
2
2
6
1
3
3
0
4
5
2
5
8
8
0
4
4
6
2
2
2
1
17
1
10
9
3
3
10
10
0
6
5
5
5
5
4
4
1
1
1
9
5
5
5
5
8
6
6
0
6
3
14
6
6
2
2
0
2
2
7
8
1
2
0
8
8
3
0
3
0
3
0
6
6
7
1
3
4
3
3
3
3
1
1
1
3
6
4
0
7
0
9
2
6
4
4
1
1
5
1
1
1
1
7
0
5
13
15
11
1
5
4
2
8
5
0
1
2
2
3
3
2
2
2
3
7
7
2
1
2
8
1
7
2
0
8
8
1
8
6
1
5
7
7
5
2
5
5
5
3
3
3
3
4
1
1
1
2
2
4
0
2
7
4
4
4
4
0
4
7
7
1
0
2
5
5
11
8
7
4
5
5
2
2
7
7
1
1
1
1
2
2
1
1
1
1
1
0
1
5
7
20
8
3
0
3
2
0
0
0
0
2
5
5
5
0
1
2
0
5
1
4
0
0
2
6
0
1
1
1
2
2
2
2
5
0
3
5
4
4
3
4
4
4
4
4
4
2
3
0
2
2
10
4
0
9
4
1
1
2
2
2
2
0
2
2
1
0
0
0
5
2
3
3
3
3
1
1
2
0
4
3
3
0
0
0
3
0
1
1
2
0
2
2
3
3
3
3
4
0
4
0
0
0
0
4
1
1
1
2
1
1
0
0
2
0
4
1
1
2
1
2
3
3
6
6
6
4
6
1
1
2
2
4
0
0
0
0
0
0
7
7
0
0
5
0
0
0
0
4
4
2
2
2
0
0
0
0
0
0
6
1
1
0
0
1
6
6
0
2
2
1
0
0
0
5
0
0
2
1
4
4
4
0
0
0
0
0
0
0
1
2
0
1
2
0
6
2
2
1
1
4
1
1
1
3
0
0
1
2
2
0
0
0
1
0
0
2
2
2
2
2
2
0
1
1
1
2
0
4
4
4
4
4
4
4
0
3
1
1
0
0
1
2
4
4
4
2
2
3
2
2
2
2
2
0
2
3
0
2
2
2
3
3
3
2
1
1
1
5
1
1
1
0
1
1
1
3
3
3
4
4
4
2
1
0
2
0
3
1
3
11
4
0
0
1
2
3
3
6
6
3
3
3
3
2
0
0
5
3
4
4
1
3
4
0
1
1
1
0
4
4
1
2
0
0
0
0
0
0
0
0
0
1
0
0
0
3
1
2
2
2
4
3
3
0
3
10
4
2
2
1
2
2
2
3
5
0
0
1
1
2
0
2
2
2
2
0
0
0
2
2
2
2
1
3
0
2
1
1
1
2
1
2
0
0
0
0
2
0
0
5
5
0
4
4
3
2
2
2
1
0
0
1
1
1
1
2
2
0
1
0
0
0
0
0
0
0
0
0
3
3
0
1
1
1
244
1175
