../2_Decay/DataFilesGe/Decay/415243G2.TXTBackgroundRemoved 
0
0
0
0
0
0
0
0
0
1
0
0
0
0
30
222
108
19
84
67
52
13
0
1
6
0
3
7
7
25
15
4
8
5
0
7
0
0
0
0
5
22
5
0
0
4
0
0
4
0
28
0
0
5
0
0
0
2
9
5
0
11
7
0
7
2
4
4
17
0
0
0
14
0
0
0
0
0
0
0
0
0
0
19
0
7
0
5
6
0
13
13
24
27
5
0
6
0
3
0
26
6
0
10
18
8
3
0
10
0
10
0
0
7
0
14
0
0
0
19
26
4
18
20
0
5
0
0
24
16
0
6
7
23
4
24
16
9
8
27
0
20
10
16
21
20
28
15
5
16
6
0
7
3
10
0
11
20
16
14
12
16
10
12
10
12
2
0
21
10
6
9
6
3
8
19
14
31
7
16
0
0
10
2
0
0
29
0
0
11
7
13
0
5
5
11
18
0
4
0
16
6
2
0
0
11
0
9
16
0
20
0
6
21
1
7
0
0
4
0
0
15
0
3
22
0
0
0
5
6
0
7
0
16
4
11
14
0
46
14
7
0
1
6
9
6
0
1
11
0
0
5
21
0
4
9
0
0
0
0
13
14
0
3
0
0
0
15
0
0
1
9
5
7
17
7
2
3
3
8
0
9
7
11
9
3
4
0
2
15
1
3
10
3
5
0
3
0
6
6
11
4
0
0
0
0
11
0
4
0
8
7
7
0
0
0
4
5
13
3
0
6
9
3
0
3
0
0
12
7
12
3
4
8
3
0
1
7
2
1
3
0
1
0
0
0
0
0
0
7
8
1
3
9
0
2
0
5
5
1
0
4
10
9
3
2
15
0
10
0
0
9
0
1
7
8
0
8
0
5
0
0
0
0
0
6
0
0
1
0
8
5
6
1
0
3
0
0
6
0
0
0
0
0
0
0
7
0
0
2
3
0
4
0
0
7
12
4
4
0
3
2
0
0
0
0
0
4
0
0
4
0
0
1
0
3
0
0
0
0
0
2
1
4
2
0
0
0
6
0
0
0
1
0
0
6
1
0
0
0
0
1
0
0
2
0
7
1
0
2
6
0
3
0
0
0
0
0
1
0
5
4
4
3
0
0
3
0
0
8
0
5
0
0
0
0
6
9
15
2
5
0
0
0
0
2
1
0
6
4
2
4
8
2
0
0
0
0
1
0
4
0
4
1
3
0
0
2
0
4
0
0
0
0
0
0
0
6
5
7
2
4
0
2
0
1
4
0
0
2
0
0
4
0
0
0
1
0
8
1
2
0
0
0
4
0
1
0
6
4
2
1
0
3
0
0
2
0
1
0
0
0
4
3
0
6
1
3
5
3
2
5
0
3
0
0
0
0
4
0
3
0
0
0
1
0
0
7
3
1
1
6
2
0
4
0
4
0
0
0
4
3
0
2
0
0
0
2
2
0
0
0
0
1
1
2
2
6
0
0
0
0
0
2
0
0
0
1
0
3
0
5
0
0
0
4
1
2
0
0
1
0
0
0
0
0
0
0
5
2
0
0
0
1
2
0
1
0
3
0
0
0
0
0
0
0
0
0
0
0
0
0
1
0
6
0
5
0
0
4
1
3
3
0
2
1
0
1
1
0
0
0
0
2
0
0
0
0
0
8
0
3
0
0
0
0
0
0
0
2
6
0
2
6
0
7
2
0
0
2
2
6
0
5
0
0
1
3
0
0
0
8
2
3
0
1
3
0
0
3
0
0
0
1
0
0
0
2
0
1
0
0
1
0
3
2
0
5
1
4
0
0
0
0
1
2
3
0
5
0
0
0
3
5
1
4
2
0
0
0
0
2
3
0
0
1
0
0
2
0
1
0
0
0
0
0
0
0
0
0
0
2
0
0
0
0
0
0
0
0
3
5
1
1
0
6
0
0
2
6
0
0
1
1
0
0
4
0
0
0
2
0
0
2
0
0
0
0
4
0
2
0
1
0
2
0
8
0
3
1
0
2
0
0
0
5
0
8
0
3
0
0
2
1
1
0
0
0
0
0
3
0
0
10
0
2
0
0
1
0
0
2
5
0
1
0
0
0
5
0
5
0
0
0
0
4
2
0
0
1
0
4
1
4
0
0
0
1
2
2
1
0
3
4
0
0
0
1
0
1
2
1
1
0
1
0
0
3
0
0
1
0
0
0
1
0
0
0
0
0
1
0
0
2
0
0
0
0
0
0
0
1
0
2
0
0
0
0
0
0
0
0
0
6
0
0
0
0
0
0
0
1
0
0
0
0
1
0
0
4
0
1
0
0
0
2
0
0
0
0
0
0
0
0
0
0
0
0
0
0
0
0
5
1191
