../2_Decay/DataFilesGe/Decay/415285G2.TXTBackgroundRemoved 
0
0
0
0
0
0
0
0
0
0
0
0
0
0
28
30
0
21
13
17
29
9
22
0
26
15
19
7
23
21
12
8
7
12
22
5
8
8
24
0
8
24
21
4
6
0
0
17
33
11
28
11
13
14
3
0
17
10
3
23
22
37
0
0
24
1
36
16
23
9
0
4
17
28
39
19
0
13
0
0
20
18
23
15
0
0
33
26
20
15
13
48
5
25
27
7
66
0
7
11
23
38
34
39
27
41
25
18
17
20
17
15
24
0
13
35
0
10
26
17
27
19
43
29
5
49
7
12
40
45
19
34
20
34
27
33
19
15
5
55
32
35
31
26
48
26
30
37
18
35
25
20
19
6
21
31
21
20
20
33
15
65
33
28
16
13
21
29
9
11
0
28
22
46
23
29
32
5
3
31
17
18
18
22
0
11
18
13
27
41
15
17
4
30
40
7
3
12
13
15
9
30
4
23
18
11
20
11
33
21
35
4
17
24
7
8
23
0
21
14
0
27
0
8
29
15
9
3
10
14
6
12
16
13
0
14
13
10
27
0
28
10
9
9
12
11
1
0
0
2
7
16
14
19
16
13
15
0
0
9
6
5
14
19
5
9
16
17
14
9
0
17
1
20
9
13
0
13
12
9
5
19
16
9
0
14
2
0
18
15
0
10
13
0
5
12
5
6
12
6
0
3
4
11
4
9
9
0
9
7
12
13
0
8
0
4
7
3
0
6
0
5
0
11
8
7
0
12
3
3
20
5
0
16
3
0
4
7
12
9
6
2
4
4
0
19
0
0
6
3
15
2
4
0
3
10
3
14
1
4
1
6
3
8
4
0
15
1
2
3
0
12
7
0
0
2
3
5
0
0
1
0
4
0
3
9
0
0
0
0
0
5
11
5
0
2
6
0
3
2
1
0
4
0
4
0
0
3
1
9
3
4
7
5
6
0
3
5
4
6
1
4
8
3
2
4
9
2
4
4
0
3
7
2
2
5
4
10
0
0
0
10
0
2
8
7
0
3
3
3
6
4
0
0
2
7
0
7
0
0
0
0
3
0
5
0
0
2
10
7
5
8
0
6
0
1
0
0
0
3
2
0
7
4
0
2
5
0
0
6
0
0
0
0
1
8
6
3
6
0
0
0
6
0
2
6
0
0
7
2
0
6
4
0
0
0
0
1
3
0
7
0
2
2
0
0
8
2
0
0
0
2
6
9
6
0
0
7
0
1
0
0
0
6
0
0
6
0
0
10
3
0
8
1
4
1
0
0
7
1
0
2
5
4
6
13
0
0
7
2
3
4
1
1
0
5
2
1
5
1
0
0
0
0
0
3
4
6
10
17
10
2
0
0
0
3
1
0
0
2
0
3
0
3
0
0
6
3
4
6
0
0
2
0
0
3
3
3
0
0
0
0
3
4
2
1
0
0
6
0
0
3
4
6
0
0
0
3
5
11
0
0
2
0
0
0
2
9
0
0
5
6
8
0
0
0
2
2
0
2
3
0
6
6
1
4
0
0
0
0
0
5
1
7
0
1
1
0
0
0
0
0
0
0
0
0
0
2
1
1
0
3
7
4
2
0
3
2
1
3
1
1
7
3
0
0
0
2
0
3
0
0
0
0
3
1
0
1
0
2
9
0
1
1
1
1
0
1
0
0
2
0
5
2
0
0
4
0
0
3
5
0
0
1
8
1
5
4
0
1
0
3
0
1
1
1
2
1
4
4
0
2
0
0
3
0
1
0
0
1
0
0
1
0
1
0
1
3
0
1
0
1
0
0
5
0
6
0
0
2
2
0
1
1
1
4
2
4
3
1
0
2
0
0
4
8
6
3
5
0
0
2
0
0
0
0
1
0
0
2
0
0
1
4
3
0
2
0
14
4
0
0
0
0
2
2
0
1
2
2
2
0
0
0
0
0
0
5
0
1
4
1
1
0
2
0
0
0
1
0
0
0
5
0
1
0
3
1
3
2
0
2
0
2
0
4
5
3
0
1
4
1
0
5
5
1
2
0
0
3
3
0
0
0
4
1
4
4
2
0
0
2
2
0
0
1
0
0
0
2
4
0
0
2
0
3
0
0
0
3
0
0
0
1
0
1
0
3
0
2
0
6
2
0
2
0
0
2
1
3
2
2
0
1
0
1
4
0
0
0
0
0
1
1
2
3
0
2
0
0
1
0
3
3
0
0
0
0
2
0
0
0
3
1
1
6
0
1
0
0
1
0
0
3
3
1
1
2
2
0
4
0
3
1
1
0
1
2
0
3
2
1
0
2
2
3
1
1
0
0
1
3
1
2
0
1
0
3
3
1
0
1
11
1369
