../2_Decay/DataFilesGe/Decay/415246G2.TXTBackgroundRemoved 
0
0
0
0
0
0
0
0
0
0
0
0
0
0
26
74
0
0
18
0
12
4
15
4
11
4
5
4
28
0
2
0
13
10
0
2
1
0
1
0
15
0
15
0
0
0
14
0
0
3
7
17
0
2
0
0
3
0
13
0
0
1
6
0
30
4
0
11
0
21
0
8
4
7
4
2
5
27
0
0
2
13
0
6
0
9
6
0
0
8
0
0
0
0
6
12
18
12
0
0
20
0
0
55
6
0
16
0
0
28
13
0
0
0
4
33
0
11
0
19
9
2
17
19
10
18
0
4
46
20
8
12
0
18
38
6
3
20
43
27
28
10
14
22
12
9
22
3
13
0
18
0
20
9
0
12
22
14
8
14
39
43
0
0
9
10
12
5
5
4
0
0
13
32
16
31
4
11
0
14
19
0
0
24
0
0
12
8
5
21
0
19
14
11
19
0
0
7
4
0
0
9
7
0
16
17
0
0
5
7
26
0
3
16
3
9
0
0
24
2
0
7
0
5
14
0
2
4
0
0
5
18
21
19
3
10
9
1
20
0
18
0
10
6
8
0
8
0
12
0
7
19
7
3
5
4
0
0
0
6
4
20
0
12
2
0
1
11
1
7
8
2
12
5
6
19
11
7
6
2
9
13
12
0
0
3
1
0
0
7
10
0
21
10
0
0
6
1
0
0
0
8
0
7
0
4
2
0
10
7
2
5
2
11
9
4
2
7
19
0
3
3
0
0
0
0
0
0
0
2
9
0
0
7
4
0
7
12
0
2
0
0
0
1
0
11
0
0
0
0
0
5
4
4
0
1
0
6
2
3
0
7
0
1
3
0
2
0
7
5
3
0
4
6
0
2
5
0
0
0
0
0
6
0
3
0
0
4
2
2
0
4
13
3
0
8
4
3
0
0
0
1
0
4
1
0
11
0
0
0
6
0
1
1
0
1
0
3
3
0
5
7
1
3
2
7
0
5
0
5
1
0
3
5
0
0
0
2
1
4
4
1
1
0
0
0
5
0
16
4
0
3
0
7
2
3
3
0
5
0
5
3
1
0
6
0
3
0
9
3
6
3
0
0
6
0
0
0
0
0
2
1
0
0
3
0
11
0
0
5
0
0
0
0
4
1
0
3
3
0
0
0
0
0
5
4
0
0
9
0
0
2
13
0
0
0
2
8
1
0
9
1
1
3
0
0
7
1
0
0
0
5
0
5
5
0
1
2
0
1
4
0
1
0
0
0
3
0
1
5
0
4
1
5
0
6
0
3
0
0
0
2
0
0
0
0
1
0
4
0
0
0
0
5
6
0
3
0
0
0
0
0
0
0
0
0
5
3
0
3
14
0
2
0
2
0
7
0
2
0
2
4
0
6
0
5
5
3
0
0
0
0
0
4
0
1
0
2
2
0
5
0
0
5
1
0
0
0
4
0
0
1
3
2
0
0
1
9
3
5
0
0
0
3
0
0
0
0
0
3
0
1
5
0
0
2
4
2
0
0
3
0
0
1
3
5
0
0
3
0
0
2
0
3
2
4
3
0
2
0
0
0
0
0
0
0
0
0
1
0
5
1
4
0
3
0
1
0
2
0
3
1
6
2
0
3
0
4
0
0
0
2
0
0
3
2
0
1
2
0
0
0
0
0
0
4
0
4
0
2
2
1
0
0
1
0
2
0
0
0
3
3
0
0
0
1
5
0
1
0
0
4
0
0
1
0
1
0
1
2
0
0
2
0
0
0
0
0
0
6
1
1
0
0
2
0
2
0
0
0
6
0
1
0
0
0
1
2
0
0
0
1
4
1
0
3
3
2
0
0
1
2
0
0
0
5
0
1
3
0
3
0
0
0
0
0
1
3
0
1
0
0
0
0
0
4
1
0
0
0
3
0
3
2
0
0
0
2
1
2
1
0
0
0
1
1
2
0
0
3
5
0
0
0
0
0
0
0
2
1
0
0
0
0
0
0
0
0
0
0
2
1
0
0
0
3
4
0
0
4
1
1
0
1
0
0
0
2
1
1
2
0
0
1
0
1
1
0
0
2
0
0
1
0
1
0
0
0
4
3
0
0
0
5
0
0
4
1
0
0
0
0
0
4
1
3
0
2
0
1
2
5
7
2
1
0
2
2
0
2
0
1
0
0
0
0
5
3
2
0
0
0
0
0
0
0
0
3
0
0
0
6
2
2
2
0
2
0
0
0
0
0
0
1
0
2
0
0
0
5
0
0
0
4
1
1
0
0
1
0
5
1
0
1
0
2
0
0
0
0
0
1
0
0
0
0
0
1
0
0
4
0
2
0
0
2
2
0
1
1
0
0
384
811
