../2_Decay/DataFilesGe/Decay/415221G2.TXTBackgroundRemoved 
0
0
0
0
0
0
0
0
0
0
0
0
16
60
72
2268
418
143
101
50
17
17
1
5
21
7
10
19
18
6
28
7
10
11
25
47
0
22
14
6
19
24
22
0
4
22
21
6
10
17
14
33
0
23
16
12
30
25
57
15
40
9
42
26
40
30
48
40
45
24
17
29
59
20
32
13
23
34
25
20
38
56
29
0
0
5
22
37
45
26
32
38
49
45
15
29
2
8
20
48
23
11
3
32
2
37
26
39
12
38
48
30
35
58
53
16
21
19
43
30
16
39
24
21
3
8
20
18
23
2
20
23
13
44
0
19
22
29
15
38
42
25
37
13
29
3
42
15
24
14
9
13
28
8
11
11
0
8
14
7
29
15
0
2
0
0
0
23
16
6
0
9
0
13
32
1
0
4
17
15
6
9
0
16
1
3
11
29
0
0
10
2
0
24
32
0
0
11
7
0
0
5
5
0
15
12
4
2
21
13
7
0
14
0
0
16
2
0
6
12
0
13
0
10
23
49
11
9
9
27
11
6
0
9
6
10
6
13
0
0
0
0
0
18
2
14
0
0
8
0
22
16
5
5
11
4
4
1
10
8
12
19
0
4
0
17
9
4
9
0
7
9
3
4
1
16
12
0
0
0
14
4
11
9
0
6
13
0
4
2
0
3
0
13
7
0
0
11
17
11
9
5
10
12
5
7
0
0
12
7
0
6
2
3
13
8
0
0
0
5
6
0
5
12
0
1
30
29
5
1
7
0
0
0
0
0
11
4
6
0
0
3
0
2
8
0
0
0
5
3
4
8
17
0
8
6
0
16
0
3
0
10
8
1
6
0
0
12
0
2
0
6
2
6
8
0
0
5
6
2
2
4
8
2
0
0
0
0
0
3
7
7
4
4
1
2
0
0
5
12
0
4
0
0
0
0
0
0
0
2
6
0
1
5
0
0
1
9
2
1
2
0
0
4
0
2
10
6
0
1
3
0
5
2
0
0
0
0
0
6
0
6
3
0
0
0
2
3
8
0
0
2
1
0
0
0
2
0
0
0
0
0
2
0
1
0
2
9
18
29
8
5
0
0
0
0
4
0
0
0
0
3
0
0
1
1
0
1
3
0
0
0
5
1
0
0
0
0
0
2
0
0
1
0
1
0
0
2
4
1
2
2
5
5
3
0
0
3
2
0
4
3
3
0
3
0
3
0
2
0
1
4
8
11
23
2
0
1
0
0
3
5
0
0
0
0
0
1
0
0
0
2
7
3
0
2
18
40
10
3
0
1
0
0
1
0
0
0
3
4
2
0
1
2
0
0
3
0
0
0
0
0
0
0
0
7
1
1
0
0
0
0
0
0
5
3
0
0
1
1
0
0
7
19
17
5
3
0
3
3
0
0
0
2
0
0
6
0
0
0
1
2
0
2
0
0
0
3
0
2
0
2
0
0
1
2
2
4
0
0
0
0
0
0
0
0
0
3
0
0
0
6
0
0
0
0
0
2
0
0
4
0
1
0
1
4
0
0
5
0
6
5
0
6
2
3
6
1
2
0
0
0
0
0
0
0
2
0
0
0
3
0
0
0
5
2
4
4
1
8
4
1
2
2
0
0
0
2
2
0
5
2
0
0
0
0
0
0
2
4
0
0
0
2
5
1
0
2
1
0
0
1
1
0
0
1
4
0
2
0
0
0
0
3
2
0
0
1
0
7
0
0
2
0
0
0
4
0
0
0
0
0
1
0
1
3
0
0
1
0
1
0
0
0
2
1
0
1
0
1
0
0
6
0
0
0
0
0
0
1
0
2
0
3
0
6
3
4
0
0
0
3
0
0
0
2
1
5
0
0
0
0
0
5
0
0
0
0
2
3
0
1
0
1
0
0
7
6
16
2
1
1
1
2
0
5
0
4
1
3
1
0
5
0
0
3
3
0
0
2
1
2
0
4
0
1
0
0
3
3
0
0
0
0
4
0
0
1
2
0
0
5
1
0
0
6
0
0
0
2
4
5
0
2
1
0
0
1
0
5
0
0
0
2
2
2
0
0
2
0
2
1
0
0
1
0
0
0
0
8
4
0
0
0
0
1
0
0
0
2
0
0
2
0
1
0
0
0
0
0
0
0
0
0
0
0
0
0
0
1
2
1
1
1
0
0
2
3
4
0
2
1
0
5
0
0
0
0
0
5
1
0
2
2
1
2
2
1
1
0
0
2
0
0
0
0
0
3
1
0
1
1
0
1
0
2
0
0
0
0
0
2
0
1
0
0
5
0
0
1
3
0
0
2
0
1
2
6
3
0
0
5
0
1
0
0
4
2
5
0
0
2
4
1179
