../2_Decay/DataFilesGe/Decay/415203G2.TXTBackgroundRemoved 
0
0
0
0
0
0
0
0
0
0
0
0
0
0
5
39
18
48
21
26
15
2
14
13
3
19
2
19
13
13
18
21
6
9
8
0
24
2
0
16
8
36
34
0
14
11
0
7
0
0
17
4
11
11
21
0
0
16
9
15
4
10
1
9
12
0
8
4
25
0
0
0
27
7
17
0
0
26
5
2
16
23
21
10
0
0
16
16
19
0
4
2
17
20
25
0
24
3
22
4
24
31
4
29
14
19
8
0
0
15
16
0
0
0
11
51
0
2
23
23
18
0
2
0
3
12
9
2
21
8
26
15
5
30
20
11
0
30
18
27
0
9
43
2
12
0
30
17
45
22
0
15
4
24
35
15
23
0
14
30
25
38
20
16
13
9
0
11
13
14
10
18
7
0
14
3
7
31
36
18
23
0
2
2
0
2
9
13
14
20
30
31
5
49
30
13
18
6
0
21
0
19
15
0
7
12
17
0
18
13
26
10
14
6
3
18
13
16
12
5
0
18
0
0
7
0
7
18
13
7
3
0
8
7
0
16
4
9
27
10
17
3
7
2
13
12
0
0
0
6
0
12
7
28
0
4
8
2
4
19
13
15
8
0
0
4
7
9
0
3
6
5
0
7
6
14
4
1
0
13
1
13
16
4
6
6
7
2
8
1
0
0
11
6
0
4
3
4
8
0
2
3
7
0
3
5
6
0
7
12
3
14
0
8
2
0
4
0
0
11
8
6
2
0
8
3
0
0
7
5
8
4
0
14
0
0
0
9
0
2
0
0
12
6
0
21
0
0
8
0
12
0
1
1
6
5
0
0
2
1
0
0
3
8
4
5
11
0
10
0
0
4
0
8
6
4
2
0
2
3
0
0
2
5
8
3
5
0
0
0
6
6
3
3
0
2
8
4
10
7
0
0
0
2
0
2
4
4
0
4
6
0
7
11
0
5
1
0
6
0
4
0
7
0
0
4
6
3
0
0
0
0
0
4
0
2
3
0
5
1
2
0
0
1
2
4
2
2
7
0
4
10
5
0
0
1
0
0
5
8
4
7
0
3
11
6
4
5
2
0
0
2
1
0
0
0
0
1
0
6
5
5
0
0
0
5
2
5
2
5
0
0
0
8
2
3
2
0
2
0
4
0
2
1
2
5
3
6
3
2
0
2
8
1
0
0
4
0
1
0
0
3
0
0
4
0
4
3
0
0
0
0
0
0
0
4
4
0
4
5
2
0
0
1
0
0
0
0
0
0
3
0
0
3
5
1
0
6
0
2
0
0
0
4
11
0
2
1
0
8
1
3
2
0
0
0
3
0
0
0
0
1
1
0
0
0
2
0
2
14
19
0
0
3
0
0
0
0
1
2
6
5
0
0
0
0
2
2
0
1
5
2
0
6
0
6
0
0
5
0
0
1
3
1
0
2
1
0
3
4
2
0
4
4
8
0
2
0
0
3
0
0
0
4
3
0
4
0
0
0
0
3
1
2
0
0
1
1
0
0
6
0
1
1
0
0
0
2
10
0
1
2
0
1
1
2
3
0
0
1
0
0
0
0
2
0
0
0
4
3
3
0
0
0
1
0
0
1
9
3
4
2
4
4
0
5
0
0
0
0
0
0
2
2
0
0
3
0
0
1
0
0
0
1
0
6
2
1
0
0
2
6
1
3
0
0
9
0
0
0
6
0
0
0
2
0
4
1
0
0
0
0
0
1
0
1
0
2
0
1
0
0
1
0
1
2
0
0
0
0
1
0
4
1
3
0
1
6
0
5
2
0
0
1
2
4
0
2
6
0
0
0
1
1
1
5
2
2
3
0
0
0
0
0
6
5
0
1
0
0
3
4
0
0
0
0
0
0
0
2
1
2
0
1
0
0
0
0
0
4
2
5
5
3
2
0
1
2
0
2
3
0
0
3
0
0
1
1
0
1
0
0
1
2
0
0
0
3
0
1
0
0
0
0
0
0
0
0
0
2
0
1
2
0
0
6
7
2
1
0
1
2
0
3
2
0
0
0
0
3
0
0
0
1
0
0
1
0
0
0
0
0
2
0
5
2
0
4
0
1
3
0
0
5
0
2
0
0
0
0
0
0
0
2
0
2
3
4
0
1
3
4
4
0
0
0
0
3
0
0
0
1
4
0
0
0
3
2
0
0
0
3
0
0
0
0
0
0
2
0
1
0
0
1
0
0
1
4
0
1
0
0
0
2
1
0
0
2
4
0
2
0
2
2
0
2
5
0
0
3
2
1
0
0
0
2
2
0
0
0
3
1
0
0
0
0
0
0
0
0
0
1
0
0
4
0
0
0
0
4
0
0
0
1302
