../2_Decay/DataFilesGe/Decay/415212G2.TXTBackgroundRemoved 
0
0
0
0
0
0
0
0
0
0
0
1
1
0
5
58
11
5
19
14
21
2
8
1
6
3
10
17
5
1
15
8
18
0
0
22
10
32
19
8
3
0
4
0
6
9
0
11
9
0
23
7
0
5
15
4
3
0
0
11
12
13
2
0
10
0
0
28
8
0
0
0
27
0
0
2
0
24
19
17
0
6
17
4
0
0
0
5
25
0
20
0
10
7
20
0
11
18
3
13
12
29
9
17
0
10
23
14
4
19
0
16
11
14
0
12
0
10
12
50
37
14
8
24
8
25
7
31
42
0
33
0
0
43
0
25
17
5
9
18
25
0
47
16
27
10
6
31
43
27
30
1
19
14
25
1
8
17
29
0
24
9
12
4
9
0
17
16
8
0
11
28
0
18
27
26
13
7
21
15
7
11
12
18
3
16
0
6
10
8
23
8
30
31
31
2
0
0
14
15
9
0
0
4
22
2
1
20
23
0
3
0
4
0
13
0
0
3
16
0
7
28
0
0
16
0
0
11
0
0
22
14
13
19
9
21
17
0
22
0
10
3
1
0
5
15
3
1
0
2
22
15
14
2
0
0
2
0
3
0
4
5
3
8
0
12
14
1
0
3
0
12
4
10
1
1
1
15
0
0
10
4
21
11
0
6
23
0
1
5
0
3
7
8
0
0
7
1
9
2
0
8
2
13
11
4
7
3
4
1
3
7
0
10
17
1
3
9
10
3
2
4
0
6
8
0
6
4
4
4
6
0
0
6
10
0
2
10
9
4
0
2
0
6
0
5
0
0
4
0
5
0
10
4
12
0
0
7
5
7
0
10
0
8
6
1
7
1
4
0
7
0
1
1
1
0
0
4
0
4
0
1
6
3
11
3
6
4
3
0
0
5
9
1
2
5
0
0
2
5
0
2
0
6
0
4
2
5
0
4
8
7
0
5
2
2
0
4
3
0
6
1
1
5
0
0
2
6
0
4
0
2
0
0
3
6
2
3
0
2
1
0
4
6
1
0
0
0
1
1
0
0
0
0
3
2
0
0
4
5
8
0
0
0
1
6
0
0
5
5
0
0
4
0
3
0
0
0
0
0
1
0
7
1
0
0
0
0
0
8
0
0
0
0
2
4
0
15
3
0
0
0
2
0
3
2
0
5
0
2
3
7
1
3
0
4
2
2
0
0
2
0
0
6
0
1
0
1
0
2
0
1
0
1
0
2
0
1
0
5
0
0
4
0
0
0
3
0
0
1
0
0
0
8
1
7
0
1
0
1
0
0
0
1
2
3
0
1
3
1
0
3
5
7
3
1
0
0
6
0
0
0
4
0
2
1
5
0
0
13
0
0
0
0
0
0
4
0
1
0
4
0
2
1
0
0
1
1
5
0
4
0
1
0
0
0
2
0
0
1
2
2
0
2
0
0
0
1
0
1
3
0
1
3
0
0
0
0
3
4
0
0
2
4
4
0
3
1
0
2
1
0
0
0
0
2
4
6
0
3
2
3
0
0
2
1
1
3
0
0
0
0
0
1
2
0
2
0
2
0
0
0
3
0
0
0
0
0
1
0
0
1
0
0
0
3
0
1
0
0
0
1
6
5
0
4
2
0
1
0
0
0
5
5
0
0
0
0
1
0
0
0
0
1
2
3
0
0
0
0
2
4
1
0
1
0
2
5
0
1
0
0
0
0
1
0
2
2
1
1
0
5
0
0
0
0
1
1
0
0
0
0
3
0
1
0
0
6
0
2
3
1
0
0
5
0
0
0
0
0
0
0
1
0
0
2
3
5
0
5
4
0
3
0
0
1
3
0
1
0
0
0
1
0
3
1
1
0
0
0
0
0
1
2
0
0
0
0
0
0
0
1
0
0
0
3
0
0
1
1
0
0
0
0
0
2
0
3
1
1
0
2
4
0
2
0
0
1
0
0
0
0
0
0
0
3
0
0
4
0
0
0
0
0
0
0
2
0
0
0
2
3
3
4
0
0
0
2
2
7
0
0
1
1
3
0
1
0
0
1
1
0
2
0
0
1
0
0
2
2
0
0
1
0
2
1
0
2
1
0
1
3
1
3
0
0
0
0
2
0
0
0
0
0
2
3
0
2
0
0
0
2
3
5
3
0
0
2
0
1
0
0
2
1
0
0
1
0
0
0
1
0
0
0
2
0
2
1
0
0
1
0
1
0
3
0
0
0
0
0
0
0
0
0
0
0
0
4
3
0
2
0
1
0
0
0
1
0
0
3
2
0
2
4
0
2
2
0
0
1
4
1
0
1
0
1
0
1
0
2
0
1
2
0
0
3
0
0
4
0
0
0
1
1242
