../2_Decay/DataFilesGe/Decay/415258G2.TXTBackgroundRemoved 
0
0
0
0
0
0
0
0
0
0
0
1
1
1
31
160
99
90
71
95
41
54
25
16
37
32
46
33
36
47
27
28
22
27
26
12
32
17
16
39
8
38
27
30
22
14
27
29
29
18
17
14
24
15
30
14
29
20
39
29
29
48
52
18
34
44
24
57
48
29
22
21
26
23
28
25
34
35
38
53
54
44
31
20
1
28
47
43
55
48
22
29
43
85
48
46
78
49
68
55
36
64
22
54
45
71
57
27
50
24
38
58
55
61
61
49
42
74
68
65
74
25
87
64
51
68
31
74
90
32
55
53
63
59
43
58
61
59
57
82
49
45
33
69
66
67
50
33
76
37
46
38
42
21
58
79
52
42
38
44
38
61
10
49
36
11
58
43
43
29
33
38
21
23
40
39
27
25
26
37
23
38
44
18
0
23
33
44
52
31
40
19
34
30
34
23
14
29
41
26
21
26
26
25
49
28
22
30
31
35
35
16
19
36
32
27
17
6
31
23
5
26
15
29
30
27
30
12
15
30
20
32
16
35
23
18
21
40
52
16
41
15
13
17
30
11
5
5
17
8
14
17
20
25
8
23
13
13
23
8
3
25
14
17
3
9
10
14
5
19
13
21
24
11
21
15
10
17
11
18
13
16
12
19
10
16
6
10
22
8
24
8
18
9
11
6
6
12
21
6
16
13
5
3
3
5
20
20
7
7
16
12
9
23
12
3
8
4
7
1
1
7
3
17
10
17
15
8
12
12
3
13
11
6
18
8
12
12
8
1
16
5
11
8
8
28
11
11
11
7
6
9
9
6
6
6
3
13
1
11
11
10
7
4
12
7
7
3
5
4
2
10
1
11
7
7
5
14
1
1
7
2
14
9
2
3
18
0
4
5
2
9
11
16
3
6
5
1
10
6
14
6
6
10
1
1
7
9
3
2
7
0
17
6
13
2
4
6
5
5
3
9
3
6
6
7
2
6
2
1
6
3
2
1
3
7
10
1
5
6
4
6
8
2
2
0
3
3
6
10
9
12
7
6
1
5
1
6
4
9
8
6
3
5
8
8
8
2
1
4
10
2
5
6
5
5
1
5
5
1
4
6
9
3
8
5
4
0
2
6
7
7
3
2
2
12
16
8
4
4
3
1
6
1
2
3
3
7
4
0
0
4
3
6
5
10
2
2
2
3
9
4
1
1
8
8
1
3
3
7
7
8
7
10
10
2
3
3
3
3
2
2
4
10
7
3
3
5
5
7
4
1
3
4
4
5
0
2
2
11
2
3
12
3
5
13
13
9
1
6
6
3
1
4
6
0
10
1
3
3
0
0
2
2
1
0
0
8
7
21
11
0
0
0
5
0
1
0
5
5
8
1
6
5
5
1
4
0
2
0
5
1
9
3
3
3
2
4
4
6
6
0
0
1
1
1
3
9
3
5
5
4
2
2
8
2
1
2
9
13
13
0
0
4
4
4
1
4
4
4
4
2
5
2
1
4
3
3
4
2
7
4
6
2
2
2
4
2
7
7
3
3
0
0
4
2
0
0
3
3
3
1
6
6
6
6
8
0
3
0
1
3
3
5
3
3
2
3
3
1
4
7
2
3
3
2
2
2
0
1
0
0
0
0
0
3
6
1
1
6
0
2
3
3
2
0
0
6
0
1
1
2
2
2
1
0
2
8
2
2
3
0
0
2
6
0
2
2
2
2
7
0
0
0
0
1
4
2
0
1
2
1
0
4
1
0
0
3
3
2
1
5
2
3
3
1
1
5
2
1
1
1
1
1
1
3
1
1
2
2
2
2
7
1
1
2
8
2
2
2
2
4
2
1
1
2
1
2
6
6
6
1
1
4
4
3
1
0
0
5
3
4
4
4
3
0
0
0
0
4
3
3
3
0
0
0
0
0
3
2
1
2
1
0
3
3
2
2
4
0
2
3
1
2
5
5
5
5
4
3
3
3
3
3
6
1
4
0
3
2
3
4
0
4
4
3
4
6
3
1
0
1
5
3
1
0
0
4
2
4
4
4
3
2
0
1
1
1
3
5
2
2
3
3
3
2
2
2
2
2
2
2
4
2
0
3
1
1
1
2
3
1
1
3
5
4
4
1
4
5
5
1
3
0
0
0
0
2
2
1
6
1
3
3
3
3
5
1
0
1
1
1
1
5
5
5
5
1
1
5
2
4
2
4
4
0
4
4
1
1
0
0
3
2
3
3
3
3
2
2
3
3
3
3
1
0
2
2
2
1
2
2
1
1
0
2
0
5
5
2
5
5
5
5
0
0
0
0
1
1
2
2
2
2
0
0
0
0
3
0
0
0
2332
2332
