../2_Decay/DataFilesGe/Decay/415217G2.TXTBackgroundRemoved 
0
0
0
0
0
0
0
0
1
0
0
2
92
212
14
216
119
127
126
52
40
30
23
0
15
19
36
26
22
28
34
31
41
40
49
37
36
23
38
13
14
28
35
0
11
5
0
5
21
23
0
6
28
28
18
0
6
3
4
20
20
9
5
6
35
27
10
21
1
12
4
17
21
0
0
0
29
13
0
20
10
13
5
4
10
0
0
32
5
0
22
23
7
22
12
0
0
0
0
12
0
25
0
25
13
8
11
0
0
13
8
9
0
25
6
38
27
29
0
32
0
0
15
36
11
5
3
0
30
0
16
0
15
0
16
18
18
12
8
11
28
0
18
4
25
7
17
22
0
3
0
8
9
1
5
0
4
14
0
17
20
9
6
26
1
4
15
16
17
0
4
25
12
0
24
3
11
7
0
22
0
0
7
17
0
0
24
8
14
19
12
8
5
19
18
28
0
11
4
13
13
0
4
0
20
19
1
1
9
0
21
4
9
5
14
0
0
0
11
10
0
9
12
7
21
0
0
0
3
0
6
8
24
0
0
0
22
0
0
0
19
0
6
0
9
5
1
2
16
0
0
26
0
16
0
3
13
16
1
12
4
5
6
8
7
10
14
18
6
0
0
19
4
18
4
21
4
11
4
9
8
10
23
9
11
2
6
8
5
0
2
5
7
9
0
0
0
3
11
5
0
13
0
11
3
5
7
0
18
16
8
12
7
9
3
25
2
3
7
6
3
15
1
28
0
9
8
0
5
4
0
12
0
5
0
0
13
4
2
2
4
0
8
1
11
0
1
4
2
0
9
0
2
0
0
0
0
0
5
3
2
10
0
7
2
0
7
3
5
0
0
0
4
0
2
0
1
0
0
0
0
1
5
0
0
0
0
3
2
0
3
2
2
0
0
10
1
0
0
7
0
0
3
4
1
2
0
2
0
0
2
0
4
10
3
9
0
5
4
3
0
1
0
0
0
4
0
5
0
2
0
4
0
2
1
6
0
0
2
1
9
0
0
2
4
0
0
1
5
0
4
0
0
6
2
0
0
0
5
3
4
10
0
0
6
3
3
0
8
0
0
0
4
1
6
0
3
3
0
0
0
0
1
8
6
1
0
0
2
0
3
1
0
0
0
2
0
0
0
0
0
0
6
0
0
2
3
0
0
3
0
2
5
2
2
0
2
0
1
0
2
0
8
5
6
0
5
0
5
0
0
2
0
4
0
0
6
9
6
0
0
0
3
0
0
0
0
0
2
3
3
0
0
1
0
1
0
0
4
7
0
0
5
3
0
0
0
2
3
11
0
3
0
3
5
0
2
0
0
0
0
0
0
0
1
3
0
0
0
0
0
0
3
4
0
0
4
0
1
0
0
2
0
8
0
0
1
0
5
0
0
0
0
0
2
0
5
1
3
0
1
0
1
5
3
0
1
0
4
0
0
0
0
8
1
2
0
4
0
0
0
0
1
0
4
1
0
3
0
4
2
0
0
3
0
1
0
4
0
2
6
1
0
0
2
0
0
0
2
0
0
6
1
3
6
0
2
0
0
3
0
0
0
0
0
0
0
0
0
0
4
0
2
0
1
2
0
0
0
4
6
2
5
5
1
0
0
0
1
0
0
0
3
2
0
2
0
2
1
3
0
0
0
0
0
2
0
0
0
1
2
3
0
0
0
0
3
0
1
2
0
0
0
3
0
6
0
0
0
0
0
6
2
0
0
0
4
4
2
0
3
0
4
0
6
4
0
2
0
0
0
0
0
0
0
0
0
1
0
0
1
0
0
0
4
0
0
4
0
2
0
0
0
2
2
1
0
4
4
0
2
0
2
0
0
3
0
0
1
0
0
0
0
2
0
2
1
0
1
0
7
0
0
0
0
0
0
0
2
0
0
6
2
1
0
0
2
0
5
0
1
0
0
0
0
0
2
0
0
1
2
0
0
3
0
1
0
2
4
0
0
2
0
0
0
1
0
5
0
0
1
0
6
1
0
3
0
0
0
0
0
0
4
2
2
0
3
0
0
3
0
2
1
0
1
0
2
0
2
0
0
0
0
0
0
1
0
1
3
0
4
3
1
8
0
3
2
0
0
0
0
1
0
0
6
2
3
0
0
0
0
0
0
3
2
0
0
0
5
0
1
1
0
0
0
1
0
1
0
0
2
0
1
0
0
0
0
1
0
0
0
0
0
2
1
0
0
0
2
0
0
2
0
3
1
0
0
0
0
0
0
0
0
0
0
0
1
0
0
3
2
0
2
0
0
0
2
0
0
0
1
0
0
2
3
0
0
2
0
0
0
0
5
2
0
4
2
0
1
0
0
0
5
1081
