../2_Decay/DataFilesGe/Decay/415273G2.TXTBackgroundRemoved 
0
0
0
0
0
0
0
0
0
0
0
0
4
5
22
134
87
53
55
83
37
31
29
22
33
42
26
37
28
30
52
26
27
28
32
48
63
78
63
56
66
53
44
20
34
34
27
2
14
23
25
25
14
35
30
9
1
12
42
26
35
9
6
30
45
28
9
30
19
16
12
43
22
22
15
17
33
28
20
45
33
34
29
8
13
19
29
1
43
52
6
3
31
19
21
19
21
21
30
21
28
42
60
89
77
74
95
94
68
82
116
81
92
103
102
85
50
31
53
53
43
35
4
31
38
38
12
30
26
50
33
7
15
37
30
19
30
31
42
27
31
12
34
56
33
31
44
23
19
3
3
22
23
36
21
18
30
6
25
23
12
31
16
4
20
20
10
7
18
31
28
20
14
13
21
9
33
29
28
28
8
26
26
29
5
4
4
2
16
19
44
16
45
20
29
6
26
13
39
45
4
17
28
5
16
14
14
14
17
14
18
4
13
34
14
2
9
7
21
3
3
11
8
7
32
12
5
5
20
7
4
6
9
12
9
17
14
8
11
7
24
3
12
10
16
20
5
1
16
16
16
21
13
13
12
2
2
16
16
16
11
14
13
11
19
17
13
6
5
1
17
0
0
0
2
3
5
5
0
3
8
2
9
8
13
10
0
12
1
12
12
11
2
6
6
8
1
1
7
7
12
5
3
3
6
9
6
5
6
6
9
11
0
5
12
8
8
11
4
12
0
1
5
12
2
6
6
6
6
0
0
0
7
0
0
0
0
12
3
12
7
7
5
11
13
5
0
0
1
1
4
3
3
3
2
6
9
9
6
6
6
7
7
3
3
5
8
5
5
7
4
5
14
11
6
4
3
5
2
2
2
6
4
9
3
3
3
4
3
1
1
4
9
2
0
6
6
1
5
8
8
8
8
8
2
2
0
0
6
6
4
10
10
1
1
6
5
11
3
2
2
6
6
0
0
2
0
2
2
2
4
4
4
4
3
7
5
0
0
2
2
3
7
7
7
7
7
3
13
2
0
3
3
3
1
9
2
1
4
4
3
0
0
0
6
3
3
3
4
3
0
1
1
2
4
0
1
2
0
0
5
3
2
0
3
3
6
1
0
2
5
3
5
0
4
3
3
6
2
3
4
4
4
3
0
3
3
3
1
8
1
3
3
1
1
6
3
3
3
3
8
6
6
3
2
2
2
2
2
2
1
1
4
3
0
1
1
6
3
5
0
0
2
1
4
4
0
0
4
1
9
9
3
3
3
3
3
6
2
3
1
1
1
1
1
1
1
3
0
2
2
1
1
1
7
7
1
1
3
0
0
0
0
2
0
4
9
7
2
3
0
1
1
1
0
0
0
0
1
0
0
6
6
4
4
2
1
1
2
5
3
0
3
1
1
1
3
3
0
0
0
0
1
3
3
3
1
1
2
6
4
3
3
4
4
5
5
6
2
2
1
1
1
1
1
1
3
2
2
2
2
5
3
0
0
0
4
3
3
5
1
1
6
6
2
2
0
0
9
0
0
8
8
0
0
1
1
1
1
1
1
0
4
4
1
0
0
0
1
0
0
0
3
3
0
1
5
2
0
0
0
0
5
4
1
0
4
4
0
0
0
0
4
1
2
2
5
2
0
4
4
4
0
2
2
2
2
0
0
0
6
3
2
3
3
2
5
3
3
3
1
1
0
0
0
2
2
1
0
3
3
3
4
4
2
2
7
1
1
0
1
1
1
2
1
5
5
0
0
0
1
2
2
2
0
1
2
6
6
6
6
5
6
6
0
5
5
2
2
6
0
1
1
1
0
1
2
1
3
3
2
1
2
4
3
2
2
2
0
0
2
2
2
2
2
2
2
4
4
0
1
2
2
4
4
1
1
1
2
2
0
2
6
3
1
2
2
0
4
4
0
0
0
1
4
3
4
4
2
0
6
6
6
1
1
3
1
1
1
2
0
0
0
0
0
0
2
0
0
0
2
3
3
3
3
0
2
2
1
2
2
2
2
4
4
4
4
0
0
0
0
0
3
2
2
1
1
3
0
0
2
2
1
2
1
1
1
1
0
5
5
0
0
2
2
3
0
0
1
1
0
0
0
0
1
4
0
1
1
1
0
0
3
3
3
1
1
1
7
7
3
3
3
2
1
2
0
0
3
3
1
4
2
2
1
1
1
3
3
4
1
1
3
3
1
1
4
1
2
2
0
3
3
3
2
2
2
0
0
0
0
0
0
4
2
2
0
0
0
0
2
2
3
0
3
2
4
4
0
5
0
1
0
0
0
2
2
0
4
3
3
4
2
4
4
1
0
0
3
0
0
0
2002
2002
