../2_Decay/DataFilesGe/Decay/415215G2.TXTBackgroundRemoved 
0
0
0
0
0
0
0
0
0
0
0
0
0
0
15
126
1
7
33
8
4
16
9
8
0
14
15
8
10
22
21
13
0
10
0
14
14
7
0
15
19
24
0
0
2
8
1
13
0
0
12
18
8
0
5
3
0
5
6
4
20
11
7
4
9
0
10
0
0
15
2
12
1
0
0
0
0
8
0
0
0
16
8
9
0
0
15
17
21
0
9
36
17
19
27
12
5
33
0
25
21
16
0
14
0
26
19
18
0
0
30
3
0
31
0
12
15
26
0
38
31
0
27
12
21
23
4
0
56
25
19
0
4
34
15
24
21
18
2
26
26
16
15
42
16
3
25
8
14
16
6
23
10
0
26
10
29
10
18
16
31
23
17
4
2
5
16
0
19
34
10
25
6
9
21
14
22
16
2
29
0
0
9
6
10
0
13
17
2
23
6
15
9
20
32
2
7
0
0
1
0
21
20
8
13
16
15
1
20
9
16
0
0
20
11
6
4
0
0
0
8
12
0
6
34
4
11
13
6
8
6
0
13
0
13
13
14
0
26
0
15
2
7
7
20
18
10
3
2
0
0
21
0
5
0
2
0
21
6
6
12
14
6
9
6
6
0
9
0
0
0
0
3
6
9
11
0
7
15
15
4
3
8
8
0
15
4
0
10
10
0
13
14
8
16
0
17
2
8
11
0
4
0
7
2
6
7
1
17
9
9
1
0
8
1
5
0
3
3
0
0
9
0
8
5
5
2
8
3
2
6
4
0
6
1
0
2
2
5
7
0
0
1
2
0
7
3
4
0
0
0
3
4
2
6
6
0
4
1
8
0
8
0
9
0
0
6
4
5
3
1
3
6
7
10
0
3
0
0
6
0
1
3
2
2
0
4
6
0
0
6
0
4
4
4
0
0
0
1
3
0
0
1
4
5
2
1
1
3
0
4
1
8
0
4
2
3
6
5
0
3
1
0
3
0
1
2
5
0
1
4
0
1
4
4
3
7
0
2
0
5
2
1
0
6
0
0
0
6
4
0
0
4
0
5
6
1
1
12
11
9
4
1
1
8
0
7
3
2
0
4
2
6
4
2
4
3
0
0
2
3
4
2
0
0
0
0
4
0
4
2
1
0
0
5
0
2
2
4
0
4
0
0
2
4
7
0
2
0
3
0
10
2
3
3
6
0
0
2
0
3
1
0
0
1
2
2
0
3
0
0
0
6
1
0
0
0
0
0
0
1
0
1
0
1
0
0
0
4
3
6
7
0
0
0
7
0
2
4
0
1
0
1
3
7
3
0
2
3
3
0
2
0
0
5
0
0
0
2
0
2
0
0
0
0
1
9
5
5
1
16
1
1
0
0
0
4
0
0
0
0
0
0
0
0
0
5
2
0
0
5
0
1
0
0
2
3
2
3
0
2
0
2
0
0
0
1
0
0
0
0
0
0
0
3
0
0
1
4
5
7
1
0
2
0
0
0
5
0
0
0
1
1
0
1
3
4
5
0
3
3
6
3
4
1
1
0
0
0
0
1
6
0
0
0
3
2
0
0
2
0
0
1
0
2
0
0
1
1
0
2
0
3
0
4
2
1
2
0
4
3
0
1
6
0
0
0
4
0
0
0
0
3
0
0
1
0
7
2
1
0
0
0
4
0
1
0
2
0
4
0
2
0
4
3
0
2
4
0
0
0
2
1
4
4
3
1
1
0
0
1
1
0
0
0
7
0
7
0
1
0
0
4
0
0
4
0
3
0
0
0
5
2
1
3
2
0
3
0
2
2
0
3
0
0
0
2
1
2
0
5
0
5
0
1
3
0
0
1
1
0
1
1
0
1
2
3
0
0
0
0
4
0
5
0
0
3
1
0
3
2
0
0
0
2
0
0
0
4
7
4
4
4
0
6
3
2
4
2
1
0
0
3
3
0
2
6
0
0
1
0
0
0
0
0
0
4
0
3
2
0
2
0
0
0
0
3
1
0
0
0
1
0
0
0
2
2
9
0
3
6
0
0
0
0
0
0
3
0
1
0
0
7
0
1
4
0
0
0
0
0
4
4
0
0
5
0
0
5
0
4
0
0
0
0
4
1
1
0
0
1
0
1
0
1
3
0
0
0
0
0
0
3
1
5
0
0
0
0
0
0
2
0
0
2
3
0
0
0
0
0
0
3
0
0
3
0
2
0
0
0
2
2
2
1
0
2
0
0
0
0
3
0
0
0
2
4
1
2
1
1
1
0
0
0
2
4
0
0
1
1
0
1
0
0
0
2
0
1
0
2
2
4
4
0
0
0
4
0
1
0
1
1
2
0
0
0
3
0
0
0
0
2
1281
