../2_Decay/DataFilesGe/Decay/415298G2.TXTBackgroundRemoved 
0
0
0
0
0
0
0
0
0
0
0
0
0
0
27
29
0
19
42
26
20
0
12
11
11
8
25
13
6
22
18
18
11
5
24
5
18
27
20
20
32
15
19
3
10
4
8
20
0
3
14
15
20
7
0
12
23
7
18
10
21
16
21
11
27
16
12
6
17
13
0
0
42
17
21
4
0
22
0
28
27
39
43
23
3
7
25
27
16
0
4
17
22
39
19
0
19
15
26
23
15
37
17
40
17
0
41
32
22
38
0
15
37
45
29
29
43
11
29
33
47
35
45
17
37
29
0
27
57
0
25
46
20
0
0
31
29
32
5
22
34
38
25
19
30
21
26
15
25
12
19
18
45
20
18
19
41
28
30
11
27
11
30
28
19
0
22
15
32
52
38
30
23
49
20
19
16
23
13
27
0
10
9
22
29
2
19
33
20
8
32
17
22
19
17
4
35
0
25
3
0
27
26
26
15
22
13
14
30
15
26
4
3
16
5
19
13
20
0
0
1
31
17
14
12
8
15
11
23
6
13
3
9
15
19
18
25
11
2
0
25
0
8
7
9
9
1
10
18
11
0
2
5
6
4
11
5
10
4
12
12
4
1
13
3
1
10
0
9
2
0
18
0
11
19
12
10
13
10
16
15
3
14
5
10
12
0
13
13
1
10
15
6
6
20
3
13
8
11
8
0
16
0
1
0
12
2
8
13
8
5
4
19
9
9
9
0
2
16
5
2
0
4
4
6
7
7
4
4
10
4
6
8
0
0
5
6
4
8
10
2
0
0
7
0
43
0
1
9
0
0
15
7
6
12
0
0
3
6
0
0
10
8
4
4
2
6
16
0
1
0
4
8
10
7
6
11
3
0
0
4
13
10
1
4
8
12
0
7
5
0
4
0
10
0
0
0
8
15
7
1
7
0
3
6
5
2
11
2
2
0
4
3
2
5
2
6
8
5
9
1
4
0
2
9
4
0
3
0
0
1
1
0
5
0
0
14
3
3
3
4
0
0
5
5
4
6
0
6
9
1
0
5
4
0
3
7
0
1
0
4
8
3
0
0
4
4
3
4
4
2
0
5
0
5
0
0
7
0
0
2
10
4
4
0
0
0
0
12
0
2
5
0
8
0
12
6
6
0
0
15
0
4
1
0
9
5
2
7
4
5
5
5
3
0
0
0
0
10
0
2
4
1
0
0
0
0
7
0
0
1
0
0
4
3
0
0
8
0
5
0
0
0
0
1
0
0
0
3
0
0
0
0
0
1
8
0
6
6
1
3
5
2
0
4
5
0
0
4
2
0
3
0
4
2
0
1
1
0
5
0
2
0
0
1
3
1
0
0
10
0
0
0
1
0
4
5
2
3
0
0
2
0
0
0
0
0
0
0
0
0
1
2
1
2
0
3
4
2
0
2
0
0
6
0
0
1
2
0
3
0
0
0
3
1
0
0
2
6
12
2
0
1
2
0
0
0
2
0
0
3
0
0
4
0
4
4
0
1
0
4
1
0
1
0
0
1
4
0
0
0
1
0
2
3
0
3
0
2
0
3
0
2
0
1
0
1
0
0
0
5
3
5
0
0
0
0
0
0
1
2
3
2
3
0
0
2
6
0
0
5
3
2
0
3
2
4
2
3
1
0
3
0
0
0
4
1
5
0
3
0
2
4
1
0
0
3
2
4
2
4
0
2
0
0
1
3
1
1
0
0
0
0
1
0
0
5
1
0
0
5
2
0
0
0
3
0
0
0
0
3
3
1
2
4
0
5
0
0
0
0
0
0
0
0
0
6
0
0
4
2
0
1
1
0
6
3
0
0
0
2
0
2
0
2
4
3
0
1
0
0
1
0
1
0
1
0
2
0
0
0
0
0
0
3
3
0
0
1
0
0
0
1
0
4
1
3
2
1
2
3
0
0
0
0
0
2
0
0
2
0
2
2
7
3
0
1
0
2
4
3
1
0
0
2
0
8
0
1
0
1
1
3
0
2
15
14
3
0
1
3
6
0
2
0
0
0
0
0
2
1
2
0
1
0
4
2
0
3
0
0
0
1
3
0
0
0
1
3
0
0
0
0
0
0
2
0
0
0
0
0
3
3
0
0
0
0
2
0
0
7
1
0
0
0
0
3
0
2
2
0
0
0
0
2
0
2
2
4
0
0
0
2
1
0
0
0
0
0
0
2
4
0
0
2
2
0
0
0
0
1
0
0
3
0
0
0
5
3
2
0
0
0
0
4
6
0
3
0
0
3
0
2
0
0
0
6
1
0
0
3
1
0
0
0
1
0
4
1
0
0
0
2
5
0
0
7
2
4
0
0
0
0
1405
