../2_Decay/DataFilesGe/Decay/415245G2.TXTBackgroundRemoved 
0
0
0
0
0
0
0
0
0
1
0
1
0
0
42
110
1
9
20
0
13
0
0
0
0
16
0
8
17
4
13
0
16
0
0
4
13
9
4
0
4
9
13
0
9
0
4
4
0
12
11
7
13
15
7
1
0
0
7
0
4
2
5
0
17
2
1
29
2
24
0
0
0
0
0
2
0
0
0
0
0
7
15
0
0
0
0
3
28
0
7
4
37
12
25
13
26
21
11
6
0
21
0
41
0
0
0
0
0
0
15
0
23
21
0
2
0
0
19
20
25
6
26
36
12
3
0
14
26
0
12
5
19
17
18
28
3
0
14
26
0
8
21
32
2
0
11
8
14
16
3
17
29
7
5
13
11
21
15
29
0
0
0
16
0
28
8
0
0
27
19
25
4
18
18
13
27
7
9
10
0
1
0
11
1
15
1
0
2
1
18
10
9
9
17
24
18
0
0
17
9
7
9
0
16
0
7
0
27
5
6
0
9
21
11
0
0
0
9
8
0
6
2
6
27
3
0
9
0
17
2
8
6
0
0
11
2
15
0
3
5
0
0
3
12
10
0
0
0
6
0
3
8
0
1
8
5
15
0
0
9
9
0
1
0
6
9
0
13
17
0
6
2
11
1
0
11
6
16
6
12
18
6
10
0
6
7
0
13
8
6
12
12
0
3
0
4
0
3
0
2
7
0
4
0
5
0
5
11
10
0
6
0
2
7
0
6
5
13
2
8
8
0
0
2
0
0
0
0
2
10
8
7
0
8
2
0
6
0
9
0
0
10
3
14
0
0
0
9
4
9
0
7
7
10
6
0
7
4
4
0
8
0
5
0
0
5
0
0
0
1
2
3
6
1
5
0
13
5
1
0
0
4
0
4
0
7
2
6
1
7
0
4
3
0
2
0
0
4
5
5
0
9
0
7
0
0
2
1
5
2
0
6
4
9
2
5
4
3
0
0
1
3
0
0
0
6
0
0
0
1
0
0
0
2
1
0
7
0
0
0
0
2
0
1
0
0
0
1
0
0
0
2
0
0
8
0
3
5
1
3
0
0
1
6
7
0
6
9
3
0
1
3
6
1
1
0
0
0
0
3
3
2
1
0
0
2
0
0
7
5
5
6
0
3
13
5
4
0
0
0
0
7
3
0
0
0
0
2
0
0
0
5
1
0
1
0
4
1
0
6
0
0
0
0
2
5
5
2
1
1
0
0
3
2
0
0
3
0
0
5
0
0
1
1
1
0
4
0
4
0
0
2
3
0
5
3
0
6
5
0
7
3
0
6
4
4
5
0
0
0
1
0
0
3
0
1
0
0
0
0
0
0
0
0
3
3
2
0
5
10
0
2
2
1
4
1
0
1
3
1
0
8
1
0
0
0
1
0
0
3
0
1
0
2
0
2
4
0
0
0
0
3
1
0
3
0
0
5
1
0
1
3
3
8
0
0
5
0
0
0
2
2
0
0
0
0
0
0
0
0
4
0
0
0
0
0
2
0
0
6
0
0
3
1
0
0
0
3
2
0
3
0
0
0
6
2
3
2
1
0
0
3
2
0
0
0
0
2
0
0
0
4
0
4
1
4
0
0
0
2
0
0
4
2
0
0
2
0
0
1
3
4
2
0
2
0
4
0
0
0
0
0
4
0
3
0
0
5
4
2
4
3
3
0
0
2
2
0
0
2
1
0
1
0
1
0
0
0
1
0
0
0
0
0
0
4
0
3
5
2
0
0
1
0
2
0
0
0
0
2
1
0
1
1
0
0
0
0
0
0
1
0
0
0
1
1
2
0
0
1
0
3
3
2
1
1
0
0
0
3
2
0
0
3
4
0
0
1
0
2
0
0
2
0
0
1
1
0
2
2
1
0
0
0
0
2
0
3
0
0
0
1
0
0
2
0
4
5
3
0
0
5
0
0
1
3
1
0
0
0
0
0
5
1
1
1
0
2
3
0
0
0
0
0
0
1
1
0
0
1
0
0
4
2
2
3
3
0
0
0
0
4
1
0
0
3
0
3
3
0
0
0
2
3
4
1
0
0
1
0
4
0
0
0
0
0
1
2
0
0
1
0
0
3
4
2
0
0
0
0
0
0
2
0
0
4
0
0
3
2
3
3
0
0
0
0
0
0
0
0
5
0
0
0
0
0
0
4
0
0
0
2
4
0
0
0
0
0
0
3
2
0
2
2
1
0
0
2
0
1
3
2
0
0
0
0
4
0
0
0
0
0
0
0
0
1
4
0
0
0
3
0
0
0
0
6
2
1
1
3
0
1
0
0
2
0
2
0
0
1
0
0
4
0
0
0
0
0
0
0
3
37
1194
