../2_Decay/DataFilesGe/Decay/415254G2.TXTBackgroundRemoved 
0
0
0
0
0
0
0
0
0
0
0
0
0
0
16
95
25
11
25
10
34
0
16
1
21
17
4
0
0
23
24
3
10
9
0
0
14
25
0
16
17
21
18
13
0
29
0
11
12
0
16
5
1
0
8
0
11
0
20
0
15
10
27
0
32
15
42
4
12
18
11
0
12
5
0
14
0
14
12
0
18
34
3
19
0
32
7
0
23
5
19
15
3
25
8
28
17
0
19
21
32
17
0
46
7
3
0
33
0
10
15
9
14
5
10
3
7
9
24
18
36
8
28
29
12
17
11
0
42
15
15
17
16
27
19
69
39
17
18
23
15
11
31
21
24
9
41
29
21
39
0
18
8
14
29
11
28
13
36
22
33
15
37
12
15
9
14
6
18
4
24
13
39
22
42
8
20
33
5
16
12
7
10
17
0
22
0
4
17
9
22
21
9
19
22
41
5
6
0
22
18
0
0
8
10
21
3
23
41
2
34
11
21
12
10
14
11
15
13
0
1
26
0
0
21
19
8
9
1
14
14
17
12
24
5
3
4
11
14
2
5
7
15
0
8
14
0
0
10
5
10
1
3
0
1
5
9
7
7
13
0
11
6
0
2
8
5
19
7
0
10
12
1
13
9
15
6
10
0
6
9
6
7
0
0
7
11
3
7
15
7
2
13
0
10
0
8
3
0
2
1
11
1
3
0
5
5
2
8
0
0
18
7
12
8
7
0
11
2
1
0
13
7
3
2
1
0
10
0
7
1
0
0
4
7
4
10
8
16
0
0
1
0
9
4
26
0
0
9
0
5
2
0
3
6
1
0
1
11
8
0
7
0
8
14
3
4
0
4
2
0
3
0
7
9
0
2
9
0
2
0
3
4
2
3
0
6
1
7
0
10
2
3
4
5
3
0
1
0
6
0
0
0
14
6
0
2
4
2
2
6
2
1
4
3
2
6
0
1
0
0
5
0
0
0
2
7
2
0
0
1
0
0
1
1
6
0
0
0
1
2
3
0
0
0
1
0
0
6
4
5
0
0
0
0
10
0
0
6
5
5
3
2
2
5
4
4
6
11
7
7
6
0
0
3
1
0
0
6
0
5
3
2
0
5
3
0
0
0
5
2
6
2
1
0
3
5
0
0
0
2
2
7
1
0
5
1
5
0
0
0
0
8
5
0
0
0
0
0
0
2
3
3
5
0
8
1
0
0
0
0
0
0
0
1
2
0
4
0
2
2
0
0
3
0
4
0
0
0
0
1
1
1
6
0
4
0
0
2
0
1
0
0
1
0
8
0
1
10
1
0
0
0
3
5
0
3
2
2
6
0
0
5
0
0
0
6
6
2
20
9
0
0
0
0
2
1
0
0
1
2
2
2
2
0
1
2
2
6
5
1
0
0
2
0
0
1
4
1
4
0
0
5
5
0
0
0
0
0
0
0
2
5
1
2
0
0
5
4
3
0
0
0
4
0
0
0
2
0
0
0
0
0
2
3
0
6
2
0
0
6
3
2
2
0
0
0
1
2
1
0
0
0
2
3
3
0
5
8
0
0
2
0
0
1
0
1
3
2
0
0
0
3
0
3
0
2
5
0
1
3
0
1
2
0
0
0
4
0
2
0
0
0
3
1
1
3
0
3
0
1
0
0
0
1
0
1
0
0
3
0
6
1
0
0
2
4
2
0
3
8
5
0
3
2
3
0
0
0
0
0
1
1
3
3
0
5
2
1
2
0
0
5
0
3
3
0
0
3
0
2
0
0
0
3
0
0
2
0
1
0
4
2
0
2
0
1
1
1
0
0
0
1
2
1
0
4
0
2
0
0
2
0
0
0
3
1
1
0
0
2
4
0
0
0
0
2
0
0
0
1
5
0
0
2
2
2
0
3
6
4
3
0
1
0
0
0
5
0
1
7
0
0
4
0
0
0
3
0
0
0
0
1
0
0
0
6
0
2
2
0
0
0
2
0
0
1
1
0
4
0
4
1
0
1
0
2
0
0
0
3
2
0
0
6
0
0
0
2
5
0
2
0
1
0
0
0
0
0
0
0
2
0
0
0
2
0
3
1
0
0
0
0
0
0
0
2
0
0
5
0
0
0
0
0
0
0
3
2
0
1
0
0
0
0
0
0
2
2
2
0
3
0
1
0
1
0
0
0
0
0
0
0
5
0
0
0
0
1
2
0
0
0
2
0
0
0
0
0
0
1
2
0
2
0
4
0
0
0
1
0
0
0
0
4
0
0
0
0
0
4
1
1
1
0
1
3
0
0
0
1
1
0
0
0
0
1
2
0
0
0
2
2
2
0
0
0
0
1
2
0
1
2006
0
