../2_Decay/DataFilesGe/Decay/415280G2.TXTBackgroundRemoved 
0
0
0
0
0
0
0
0
0
0
0
0
1
0
27
29
42
48
57
48
51
30
42
17
19
20
33
58
30
34
38
13
24
0
26
7
21
19
17
15
38
23
28
5
12
11
17
0
17
10
29
15
3
17
1
0
14
5
14
15
40
25
5
20
16
21
19
18
15
21
5
29
12
17
5
5
6
31
0
11
28
8
30
13
0
9
67
7
30
10
13
19
27
26
29
13
31
52
26
37
4
27
23
30
37
28
46
4
32
32
25
42
43
1
55
47
24
24
32
31
42
25
39
24
21
22
25
12
39
31
16
48
4
31
32
11
27
18
24
29
65
22
42
22
30
27
46
34
37
20
22
14
59
15
29
40
20
0
22
8
30
27
32
20
21
18
6
0
5
19
19
23
6
27
58
34
24
22
14
24
7
16
14
24
0
33
28
40
22
45
34
24
27
58
41
43
44
41
43
61
44
47
41
15
42
38
21
17
24
15
34
18
8
16
28
14
19
19
17
3
0
18
27
8
19
7
8
11
24
6
20
24
16
10
6
10
16
0
19
0
22
25
17
16
26
18
7
7
3
0
16
20
7
4
8
9
9
4
3
15
7
4
8
12
5
15
4
9
6
17
5
17
0
13
9
1
9
0
11
10
2
6
15
14
2
18
13
1
0
2
6
0
0
3
17
13
5
3
5
0
11
16
0
12
6
3
3
4
2
10
7
10
4
7
12
0
7
14
2
8
2
4
5
3
13
1
4
5
3
2
13
5
12
4
0
7
0
12
3
1
1
12
13
0
4
4
0
0
0
14
28
4
6
0
6
0
6
11
5
5
0
13
3
6
4
0
5
15
8
0
0
7
1
6
8
0
5
8
2
1
0
0
7
2
6
0
0
5
0
6
7
2
7
0
0
2
0
4
4
1
1
6
10
2
4
3
4
2
0
3
6
0
11
1
0
3
7
8
3
7
0
8
0
9
3
0
3
0
0
3
0
8
8
0
0
4
5
4
1
5
10
5
7
1
1
1
1
4
0
0
0
2
0
0
0
6
6
0
2
0
0
4
4
1
4
3
2
2
6
6
8
6
7
0
1
0
0
0
4
0
8
6
1
2
6
4
0
8
0
2
1
1
0
4
2
9
9
3
2
0
0
3
13
3
3
8
7
0
1
4
1
0
10
9
0
6
1
3
0
3
2
5
1
2
3
5
1
0
3
6
0
4
0
0
4
5
0
5
0
3
0
4
0
0
0
0
2
8
0
6
3
3
4
3
0
4
0
0
3
3
7
0
1
0
1
2
0
0
2
1
0
2
6
12
3
0
3
4
2
0
0
0
2
0
0
3
0
2
0
12
0
0
0
2
0
0
7
4
9
4
0
0
5
1
0
0
5
0
2
0
1
3
2
1
0
0
2
3
0
0
2
0
1
0
0
0
5
0
5
0
0
4
0
3
8
0
0
1
0
0
0
0
2
6
2
0
7
6
6
1
0
8
0
0
2
3
0
1
0
0
0
6
0
0
0
1
1
0
1
4
0
1
3
6
2
3
8
3
0
1
1
4
5
0
1
0
3
0
0
0
2
1
2
0
0
0
0
0
2
2
5
1
3
0
0
0
0
0
8
0
4
0
0
1
0
3
0
0
0
3
0
0
0
4
2
4
0
7
0
1
0
0
0
0
0
0
6
0
3
1
2
2
4
0
0
1
3
0
1
0
1
7
2
1
4
0
3
4
0
0
3
0
5
3
1
1
2
0
0
0
0
1
2
1
0
1
4
5
0
1
0
0
0
1
1
0
0
1
0
1
0
1
0
0
0
1
1
0
0
0
0
1
4
0
0
2
0
3
0
0
6
0
0
0
0
4
1
1
0
4
0
5
0
1
2
1
2
0
2
1
0
2
6
7
0
0
0
0
5
6
0
0
0
0
2
0
0
0
1
4
2
1
4
4
3
2
5
0
1
2
0
0
0
0
1
0
2
2
3
2
3
0
0
1
0
5
10
0
0
1
2
1
0
0
3
0
1
0
5
1
1
5
2
0
1
2
0
4
2
0
0
1
1
0
2
0
0
0
1
4
2
2
1
0
0
2
2
0
0
1
0
6
0
0
2
4
0
6
1
0
0
2
1
1
2
0
0
2
0
3
1
6
0
2
1
4
0
3
5
0
0
0
0
0
0
0
0
0
0
0
0
0
6
1
1
4
2
0
0
0
0
0
0
0
0
0
0
1
0
0
0
3
0
0
0
3
0
1
0
0
3
2
0
0
0
0
1
0
0
0
0
2
0
3
0
1
2
1
0
2
4
2
0
3
0
0
3
0
1
0
0
0
2041
0
