../2_Decay/DataFilesGe/Decay/415216G2.TXTBackgroundRemoved 
0
0
0
0
0
0
0
0
0
0
0
0
0
0
23
386
179
124
42
9
16
7
1
0
17
13
3
4
16
15
27
3
13
5
8
0
28
12
0
5
0
8
34
0
2
15
0
12
9
3
15
11
0
0
30
0
8
21
20
0
9
12
39
0
29
30
19
0
9
9
6
0
27
29
22
23
0
28
0
8
20
21
24
1
0
0
6
7
15
0
17
24
6
20
2
0
17
5
6
13
0
31
0
30
16
0
14
10
1
4
0
0
27
30
0
7
0
12
33
0
27
0
48
0
8
0
0
9
48
1
0
23
0
38
31
32
38
0
10
44
13
13
26
19
30
0
30
17
19
22
0
12
28
36
26
7
7
0
11
7
33
15
44
12
12
3
29
4
14
23
7
14
1
39
20
28
29
12
9
21
0
0
0
14
6
5
2
0
3
23
15
19
10
22
13
12
0
7
18
12
23
4
0
0
23
17
2
0
14
12
11
0
24
16
7
0
0
0
5
4
0
0
12
15
12
4
19
2
5
5
19
10
0
0
4
15
11
1
3
1
11
3
10
4
0
17
0
1
11
0
9
6
20
19
0
6
8
1
0
11
3
9
8
3
7
7
13
14
0
10
16
3
11
8
7
1
0
10
2
0
3
0
14
17
0
0
21
0
8
8
6
3
13
12
0
0
2
15
7
4
1
9
0
4
5
0
0
0
7
5
4
11
15
12
5
3
12
2
6
8
7
6
0
6
11
5
0
0
6
7
3
12
0
2
0
3
5
3
4
12
0
5
6
6
0
1
6
0
8
2
8
3
12
6
4
1
0
7
0
0
0
4
5
0
0
11
2
0
8
0
4
14
5
0
0
5
0
8
1
0
2
0
0
0
2
0
0
1
0
0
0
6
0
5
1
0
0
3
0
9
0
3
2
1
1
0
2
0
0
0
0
0
9
5
8
0
6
11
0
0
0
3
0
0
0
2
0
5
0
1
5
0
0
8
0
6
0
0
3
8
3
0
7
4
4
0
1
3
5
1
0
2
4
0
3
6
7
0
5
1
4
0
0
0
5
1
2
2
1
5
6
2
12
0
1
0
1
1
0
0
8
0
3
4
0
8
4
0
1
2
0
0
0
0
0
0
2
3
5
0
1
0
6
3
0
6
7
0
0
0
0
0
0
6
2
0
7
0
0
0
2
0
9
2
0
0
7
0
7
0
3
0
0
0
5
0
0
4
2
3
5
0
0
4
4
0
1
2
2
7
1
0
0
0
0
0
3
5
6
2
0
0
1
4
0
3
0
5
0
1
0
5
0
2
0
0
0
0
0
0
0
0
0
3
0
6
3
1
0
0
5
12
2
3
0
0
1
1
0
1
0
7
0
3
0
0
1
0
0
2
0
0
2
0
3
1
4
1
3
0
0
0
1
0
0
2
3
2
0
0
1
0
0
0
2
0
0
4
1
1
4
7
3
2
0
0
0
0
0
1
0
1
0
4
0
4
0
0
0
0
2
3
0
0
0
1
0
0
0
0
0
3
2
4
4
0
0
2
0
6
1
2
1
4
0
0
0
0
0
0
0
0
1
0
4
2
0
0
0
2
5
1
3
3
0
0
0
1
2
0
0
1
0
4
0
1
9
0
0
0
0
0
0
0
0
1
0
0
1
3
0
1
0
0
0
0
8
0
2
0
3
1
0
1
0
5
1
0
0
0
3
0
0
3
0
0
3
4
0
4
2
1
3
4
2
0
0
3
0
0
1
4
0
1
0
1
0
4
0
2
6
2
0
0
0
0
3
1
4
5
2
0
4
5
0
4
2
0
2
0
0
0
0
2
1
3
2
0
0
0
0
0
0
4
0
0
1
0
0
2
0
0
0
0
0
0
3
1
0
6
0
1
11
2
0
5
0
0
1
0
3
1
0
1
0
1
5
3
0
0
3
3
0
1
0
0
0
0
5
2
0
2
0
0
1
0
1
0
1
0
0
2
1
0
0
1
1
0
0
2
0
3
1
1
2
0
0
2
4
1
1
0
0
0
3
0
0
0
0
0
8
0
4
0
0
0
0
0
3
0
3
3
1
3
2
7
2
0
0
1
0
0
0
0
2
3
2
0
1
0
0
0
0
3
5
0
0
1
0
0
2
3
0
0
0
0
3
0
2
1
4
0
3
1
0
2
0
0
0
0
2
0
0
2
2
0
0
0
0
1
0
0
0
2
0
0
1
0
1
2
0
0
0
1
0
1
0
0
0
1
0
0
2
2
2
0
3
0
0
1
0
1
0
0
0
4
1
1
1
0
0
0
0
0
0
0
0
0
2
1
0
2
0
1168
