../2_Decay/DataFilesGe/Decay/415294G2.TXTBackgroundRemoved 
0
0
0
0
0
0
0
0
0
0
0
0
0
0
34
75
69
64
66
21
45
45
22
6
30
23
30
10
17
21
40
11
21
13
20
13
31
11
10
30
15
2
14
20
8
6
29
12
5
17
13
22
12
15
32
32
8
9
20
19
32
21
13
39
21
10
24
3
13
1
15
9
28
34
13
10
17
30
0
15
15
20
26
40
18
5
51
2
61
11
11
11
44
38
49
49
29
24
24
27
22
32
32
54
30
18
32
40
24
6
35
29
27
31
5
48
29
48
39
28
51
13
61
31
16
29
10
39
43
9
62
22
40
27
22
25
19
47
29
27
41
31
57
35
56
23
45
57
45
12
43
43
45
38
26
17
30
21
12
12
47
22
27
15
4
15
26
15
17
13
25
16
39
42
38
22
21
13
20
25
23
30
14
15
9
12
29
15
20
43
20
28
26
25
28
13
6
18
32
32
14
16
11
37
28
31
8
20
44
16
10
16
7
25
17
20
11
4
28
28
28
20
13
13
14
10
20
15
25
5
34
23
24
3
2
10
9
12
44
17
31
4
18
18
10
10
7
7
25
12
15
6
18
12
7
7
7
3
0
1
2
8
4
10
7
15
14
10
15
5
3
7
7
3
11
5
5
5
5
11
7
19
12
12
7
24
4
1
5
15
16
9
20
20
2
7
4
1
6
2
8
14
14
8
8
7
8
3
8
7
3
26
2
16
6
6
1
1
13
12
1
4
8
8
9
10
2
8
12
4
8
3
3
4
0
0
9
14
14
8
8
1
8
3
0
22
22
22
6
1
10
1
6
8
6
8
0
0
1
1
0
9
9
6
5
4
10
4
3
3
9
5
3
13
6
1
6
3
7
8
7
3
10
10
1
1
0
6
10
1
1
11
13
4
4
5
0
0
0
5
7
3
4
1
3
3
2
3
1
1
1
1
6
6
6
15
15
12
4
4
4
4
4
1
2
7
5
6
5
4
1
1
1
3
3
8
15
15
15
1
1
1
11
2
3
3
0
1
9
6
0
3
3
5
5
8
8
8
5
5
1
1
8
8
8
2
7
15
0
8
2
1
6
2
2
2
2
6
6
1
6
9
3
3
1
1
2
11
11
9
3
1
0
4
4
4
7
7
7
7
2
3
5
5
0
9
3
0
1
0
4
1
5
5
6
4
5
5
0
0
9
0
0
3
3
3
5
6
0
0
0
5
5
5
1
3
3
0
0
0
0
1
3
1
3
3
2
2
4
1
2
0
2
2
2
4
4
4
3
2
4
4
0
12
3
8
8
9
4
4
1
1
3
3
6
3
4
6
6
5
5
5
0
0
0
4
4
4
2
16
1
2
2
4
4
4
3
3
7
4
0
0
1
2
1
1
3
1
1
1
1
1
2
2
3
0
3
5
1
2
1
0
0
6
6
6
3
3
3
2
2
3
1
1
5
5
0
0
0
1
1
1
3
8
0
0
0
10
10
10
3
1
2
1
1
9
0
2
2
6
5
1
1
1
7
0
5
5
2
2
2
2
2
3
2
1
2
0
1
4
3
1
1
1
4
4
4
4
5
0
2
2
2
4
2
1
2
0
3
1
1
1
2
1
4
4
4
1
2
2
2
1
0
2
0
1
1
0
1
1
3
3
4
2
3
3
1
2
4
4
1
0
0
0
0
0
1
0
2
3
2
2
0
0
0
1
2
5
1
2
2
2
2
1
1
1
5
0
6
3
1
1
5
1
4
4
4
4
4
3
2
2
2
0
0
2
8
8
8
8
3
1
2
2
2
1
0
1
1
1
2
2
2
3
3
2
2
2
1
0
0
0
0
0
0
4
0
2
6
6
1
0
1
0
0
0
5
3
3
3
2
2
0
0
0
1
1
1
0
0
2
2
2
2
2
1
1
5
4
2
2
2
2
3
1
2
1
6
6
6
0
3
0
2
2
0
0
0
2
0
0
5
5
5
0
0
2
1
0
1
0
1
1
3
0
6
5
5
5
3
0
0
7
3
6
3
4
4
4
1
1
1
0
1
1
1
0
2
2
2
2
2
6
6
1
1
1
3
0
0
2
3
3
3
1
3
2
2
2
0
0
0
0
0
0
1
1
0
0
3
0
9
9
9
1
4
2
3
3
3
3
2
2
3
3
0
0
0
3
0
3
2
1
1
1
1
1
1
1
0
0
0
3
0
2
2
2
2
2
2
0
0
0
0
0
3
3
1
1
1
2
2
2
0
0
0
0
1
1
1
1
2
2
2
2
2
1
1
1
1
1
1
1
2
2
2
3
3
1
1
1
2
2
2
0
0
3
3
2
1
1
1
0
1361
