../2_Decay/DataFilesGe/Decay/415286G2.TXTBackgroundRemoved 
0
0
0
0
0
0
0
0
0
0
0
0
0
0
28
89
32
27
22
23
16
22
9
0
16
8
0
7
25
22
34
0
12
0
22
0
8
16
17
13
21
10
0
13
2
7
5
6
0
4
3
22
7
2
8
0
7
9
17
24
19
19
4
12
22
0
21
29
10
0
22
10
22
27
11
20
20
24
3
27
0
40
22
18
0
17
8
27
20
6
0
14
41
5
0
31
38
32
14
9
0
20
12
37
22
41
58
28
8
42
20
22
47
0
20
20
2
49
23
6
39
30
23
24
7
16
12
11
58
8
28
27
12
28
32
42
25
14
0
45
35
15
55
16
3
37
45
4
43
21
34
24
17
15
45
29
28
0
31
42
6
28
27
9
12
13
2
23
19
18
2
25
27
28
24
43
21
27
5
21
9
4
0
26
0
21
9
2
7
27
10
1
24
48
17
16
3
3
14
20
21
25
18
0
15
26
18
4
22
6
19
0
18
23
15
0
7
0
19
26
1
25
0
9
30
0
8
0
20
4
8
14
0
13
0
7
25
0
22
9
9
7
0
6
21
22
0
9
11
0
11
29
16
27
11
4
17
9
5
6
9
9
5
0
6
6
13
10
20
1
0
15
12
12
7
4
0
4
9
13
1
15
17
15
19
15
9
5
0
13
11
10
34
2
6
4
0
1
7
5
8
12
11
11
0
11
8
0
4
12
2
2
3
1
13
0
7
15
10
0
0
9
12
8
3
9
1
2
0
6
11
10
7
5
5
0
12
11
0
5
0
0
7
13
7
16
0
0
7
0
13
5
0
3
10
2
0
3
6
7
0
15
5
7
4
6
7
0
4
0
8
11
6
8
7
2
0
4
0
0
0
0
5
7
1
0
0
2
8
0
0
2
8
0
5
0
5
7
0
5
6
0
3
3
4
0
5
1
0
1
6
3
10
6
1
1
0
2
4
0
9
5
0
0
7
4
0
6
0
1
0
1
4
5
1
7
6
0
1
6
9
2
2
2
3
0
0
0
6
5
1
0
0
4
1
3
0
2
1
0
0
10
11
0
10
6
2
5
11
0
0
0
5
6
5
3
0
0
5
1
5
5
2
0
3
0
1
1
0
1
0
0
1
3
7
2
12
13
0
0
1
2
0
0
2
0
5
10
1
2
0
2
6
4
0
0
7
0
3
0
6
5
0
2
1
0
5
0
0
1
0
4
0
3
0
0
4
0
0
0
4
3
0
3
6
0
1
0
0
0
1
2
4
2
4
4
2
0
4
5
7
5
2
3
1
4
0
1
4
9
1
1
2
2
7
1
0
6
1
1
0
2
0
0
0
0
2
3
4
8
10
4
2
1
5
2
0
0
0
1
0
0
0
2
0
0
0
4
3
0
7
0
1
0
0
0
4
1
1
0
0
0
4
2
0
0
2
0
0
0
0
0
4
1
0
0
0
1
9
10
4
1
0
2
9
2
0
1
0
3
5
0
1
3
0
0
5
0
0
0
3
1
0
0
0
0
0
2
2
0
2
5
0
3
8
0
2
0
4
0
0
0
0
5
1
0
1
3
2
3
6
0
4
0
4
2
0
4
5
4
0
4
10
1
0
2
1
0
5
3
2
0
0
0
0
1
3
0
3
4
2
0
0
1
0
3
0
5
2
6
0
3
2
0
0
0
3
1
0
1
8
3
1
2
6
1
4
1
0
0
0
8
0
0
2
6
0
3
4
1
2
0
1
4
0
3
2
1
3
0
2
3
7
5
3
1
2
0
0
1
0
2
1
0
2
0
0
4
0
0
0
0
0
0
0
4
1
0
0
0
0
4
2
0
0
6
0
0
6
0
2
3
0
0
0
1
1
0
0
1
0
2
0
2
1
6
0
0
0
0
0
0
1
0
2
1
0
0
1
6
3
2
0
3
1
0
0
0
0
3
1
3
0
0
0
2
2
2
6
4
0
2
0
3
0
0
0
1
0
1
1
0
0
1
0
2
7
3
0
0
1
3
4
0
2
0
0
0
2
3
0
0
0
5
0
0
0
0
3
0
0
1
6
0
4
0
0
2
0
0
1
0
0
1
0
0
0
2
1
0
0
1
1
1
0
0
1
0
0
5
1
0
4
1
0
0
0
0
0
0
0
4
1
2
1
2
2
4
0
1
1
0
3
1
5
0
0
0
1
0
0
0
1
2
1
0
0
0
2
0
0
2
0
0
0
0
0
1
5
0
1
0
1
0
0
0
2
0
0
0
2
0
0
0
2
0
3
0
0
4
0
0
2
2
0
0
0
4
0
0
0
1
2
3
1
0
1
0
1
0
0
2
7
1357
