../2_Decay/DataFilesGe/Decay/415248G2.TXTBackgroundRemoved 
0
0
0
0
0
0
0
0
0
0
0
0
0
0
39
271
102
120
36
34
35
30
20
0
48
7
10
16
18
14
20
13
18
0
9
0
2
14
0
3
18
1
5
0
1
2
5
6
0
21
3
11
15
8
16
0
0
10
4
17
22
15
10
0
14
0
20
9
2
0
2
0
14
0
0
0
1
14
19
0
6
34
28
0
0
26
41
13
21
19
0
19
5
6
28
21
15
0
27
18
1
16
0
49
12
16
12
1
0
3
0
11
0
26
6
6
12
0
0
18
7
11
16
11
2
18
0
0
25
0
27
19
5
2
7
29
15
19
9
3
25
29
55
3
17
23
24
22
25
15
12
0
33
0
13
21
18
20
10
32
6
13
1
14
11
12
0
1
15
0
13
5
0
28
39
7
20
19
16
19
2
12
10
28
1
4
4
12
2
10
17
12
9
26
19
10
6
25
27
5
0
9
3
0
22
12
7
10
10
0
16
0
9
7
0
0
6
14
12
0
13
14
0
0
14
0
0
13
3
12
2
6
4
0
0
11
9
0
25
15
19
0
17
1
16
11
0
0
5
0
7
8
19
12
0
22
9
15
0
3
16
6
14
2
0
21
5
0
5
13
9
11
15
2
0
2
0
0
0
28
2
3
11
1
6
12
4
1
18
5
6
0
0
3
2
8
11
2
0
1
2
4
10
13
0
6
6
0
11
14
6
15
0
7
10
4
3
2
6
15
11
7
4
0
2
10
4
2
4
4
0
0
8
6
5
0
1
6
3
0
0
2
5
0
0
0
7
0
0
0
13
1
0
3
7
8
0
6
4
0
0
4
0
2
1
0
9
0
2
8
0
12
3
16
2
2
0
5
0
0
0
3
1
1
0
0
0
4
0
3
2
8
6
12
0
7
3
0
5
6
5
2
5
0
6
0
1
9
0
0
10
0
3
0
6
3
4
0
2
3
5
5
0
4
1
0
1
1
1
0
0
0
0
0
0
0
2
0
0
1
0
4
0
1
2
0
0
5
0
0
3
1
0
0
0
8
1
0
5
0
3
5
0
2
0
0
0
7
0
1
2
1
1
0
3
0
9
0
2
0
0
0
8
0
0
1
0
0
2
2
0
5
0
4
2
0
0
3
0
0
7
0
6
0
0
2
2
0
0
2
0
3
3
0
0
1
7
0
1
0
0
1
0
0
4
2
1
0
1
6
0
2
1
8
4
0
0
5
0
1
2
0
0
0
3
0
1
4
0
2
2
1
1
0
0
0
0
0
3
4
0
8
3
0
6
2
0
5
9
0
0
2
1
3
1
3
7
0
3
0
0
0
0
1
0
1
3
0
0
2
10
2
0
0
0
0
5
0
0
0
0
0
0
4
3
2
3
2
7
0
1
0
0
5
0
2
0
2
0
0
9
0
3
1
0
0
2
0
0
2
0
0
2
0
4
0
0
8
2
10
0
0
3
2
4
0
0
0
3
0
4
0
4
0
0
5
0
4
2
2
2
1
3
5
4
0
0
0
5
0
3
4
0
3
0
4
3
0
3
4
7
0
0
0
0
0
0
0
0
3
1
0
5
0
1
0
3
0
0
0
0
0
10
2
0
2
0
0
0
2
3
0
0
3
0
5
1
0
0
3
0
0
0
3
0
1
1
1
0
2
0
7
0
1
0
2
3
2
0
4
2
4
0
0
0
3
1
0
5
0
0
3
0
0
1
1
1
1
5
0
1
0
0
2
4
5
0
2
0
0
1
2
3
3
0
0
1
3
0
0
0
3
0
0
0
1
1
3
1
3
0
0
3
0
0
1
0
0
0
0
4
2
0
0
3
1
4
7
0
0
0
0
1
1
0
0
0
0
0
0
0
1
0
0
1
0
0
0
0
1
0
1
0
1
4
0
2
3
0
0
0
0
6
2
3
0
0
0
0
0
1
0
0
1
0
1
0
0
5
3
4
1
0
3
0
1
3
0
0
3
0
0
0
3
0
4
3
6
3
0
6
0
2
0
2
0
2
1
4
4
2
0
0
0
0
0
1
2
1
0
0
4
0
0
2
0
0
0
0
0
0
0
1
1
0
1
1
1
0
0
0
1
1
2
8
4
0
0
2
0
0
0
10
0
4
3
1
0
0
0
0
1
0
0
0
0
0
0
1
0
0
1
1
0
3
0
0
0
1
0
0
0
0
5
5
0
0
1
0
0
4
1
1
0
0
1
0
1
0
1
3
0
0
0
4
4
1
0
0
0
7
0
0
0
0
0
0
3
0
1
3
1
1
0
0
0
3
0
1
0
3
0
3
1
7
2
0
0
1
0
0
0
1102
111
