../2_Decay/DataFilesGe/Decay/415244G2.TXTBackgroundRemoved 
0
0
0
0
0
0
0
0
0
0
0
0
4
0
41
206
68
101
84
54
16
19
0
0
0
11
2
14
8
20
8
0
12
0
0
2
19
17
8
8
17
5
4
0
0
0
0
0
5
1
8
20
0
9
26
5
0
7
0
0
0
6
4
4
6
0
0
0
0
2
0
0
21
0
0
6
0
0
0
10
0
0
0
1
15
0
9
0
25
7
0
0
0
0
10
0
0
0
5
19
15
38
0
0
3
5
48
0
20
12
22
9
9
23
0
0
0
23
17
0
38
1
0
19
8
0
0
0
24
5
25
0
3
17
7
4
33
29
15
16
22
5
19
12
0
11
40
18
17
0
4
9
13
4
13
0
5
8
22
23
3
27
8
0
0
11
10
5
21
1
8
9
10
30
33
12
0
19
9
19
6
0
12
9
0
0
20
9
2
2
7
16
8
16
6
8
15
7
17
10
1
5
7
1
9
7
4
10
24
6
4
1
10
21
11
0
16
0
31
0
11
5
2
2
0
9
9
12
8
11
0
8
10
12
8
3
11
8
22
5
5
13
8
8
8
5
0
8
6
3
0
10
0
21
0
8
7
6
0
0
13
16
0
15
0
15
0
0
6
0
0
5
0
0
1
1
6
0
4
2
0
0
5
0
0
0
13
0
0
7
8
0
16
13
17
5
0
2
0
13
7
6
0
16
0
0
0
0
12
10
3
4
0
1
0
6
1
0
7
0
0
2
12
3
0
8
0
0
4
11
0
0
2
3
0
0
2
0
9
5
0
2
6
2
0
0
14
0
9
0
1
0
4
3
7
0
3
14
0
0
1
11
0
5
5
4
11
6
0
17
0
0
1
0
3
0
4
4
0
1
0
0
5
0
1
0
1
0
1
0
0
5
6
3
0
1
0
0
4
2
0
0
0
0
3
4
6
4
5
5
10
0
8
3
3
0
1
1
2
0
11
0
0
9
0
0
1
1
0
3
0
1
0
0
0
0
0
0
0
6
3
0
3
0
0
0
2
0
3
4
0
0
0
0
3
2
0
0
1
0
2
7
0
2
3
6
0
0
0
3
0
0
3
0
0
0
0
0
1
1
1
2
4
1
4
0
3
0
0
2
0
1
0
0
0
0
7
8
4
0
0
0
0
0
0
0
2
4
1
0
0
7
5
6
2
2
1
0
0
1
0
1
1
0
1
0
6
0
0
1
3
1
1
5
0
0
0
0
2
0
3
0
8
0
3
0
0
0
0
4
0
7
0
0
0
1
0
0
3
1
4
0
1
2
0
3
9
2
3
2
0
4
6
3
0
5
0
0
0
0
1
0
3
5
1
7
0
0
5
4
0
0
0
1
0
0
1
2
3
5
0
3
0
0
0
0
0
3
2
0
1
0
0
0
0
0
2
0
0
0
0
0
0
5
0
0
0
3
8
0
2
0
0
2
0
0
4
2
5
0
0
4
0
2
0
0
0
0
0
2
0
0
0
3
2
2
1
1
0
1
3
0
0
4
0
0
3
0
10
0
0
5
0
1
1
0
2
0
0
0
0
0
0
0
0
0
0
0
2
1
0
0
3
1
3
0
5
0
1
0
0
0
3
2
0
0
0
0
0
0
0
2
0
1
0
2
0
0
7
3
0
0
0
4
0
2
0
1
0
0
2
1
0
0
1
0
0
0
0
0
0
2
0
5
0
2
2
1
2
0
0
1
0
0
0
0
4
0
1
0
2
0
1
0
3
1
0
0
0
0
0
1
0
0
0
0
5
8
0
0
3
2
0
0
0
4
1
0
3
0
1
0
1
2
0
0
0
0
0
0
3
2
0
0
3
3
0
0
0
0
1
0
0
1
0
2
0
0
2
2
0
1
0
0
0
0
0
0
0
0
0
0
0
1
6
4
2
1
0
0
1
0
0
0
0
0
0
2
0
3
0
3
0
2
0
0
0
0
0
0
0
0
0
0
1
0
0
0
1
1
1
1
0
1
0
4
1
0
3
2
0
1
0
4
2
0
0
1
2
0
0
0
0
0
0
3
0
0
5
1
0
0
0
0
1
1
0
0
1
1
4
4
0
2
1
7
2
3
0
0
0
0
0
1
0
1
4
5
0
0
1
0
1
2
2
0
1
8
0
0
0
1
0
0
0
0
0
2
0
0
1
0
0
0
0
0
0
3
0
0
1
2
1
0
5
0
1
0
0
0
0
0
0
1
0
0
1
3
0
0
3
0
0
0
0
2
1
2
0
0
2
2
1
0
0
1
0
2
0
0
0
0
0
2
4
2
2
0
3
1
0
0
1
0
0
1
0
0
2
0
0
0
24
1150
