../2_Decay/DataFilesGe/Decay/415213G2.TXTBackgroundRemoved 
0
0
0
0
0
0
0
0
0
0
0
1
5
0
9
148
68
27
12
7
13
0
11
0
2
8
6
28
0
16
10
4
0
0
25
7
18
0
16
0
0
4
22
0
0
0
0
0
0
11
16
10
12
28
21
0
5
0
7
0
6
23
25
0
11
12
10
20
0
29
1
1
27
10
0
0
0
6
5
0
0
23
0
15
0
11
4
30
19
0
35
14
7
20
0
0
18
20
0
25
0
0
0
31
2
30
29
0
16
8
13
7
16
15
16
9
0
13
25
55
34
15
6
7
32
11
0
0
39
16
0
20
20
21
12
39
23
31
0
13
3
17
21
25
26
0
0
3
24
0
0
5
19
0
0
0
25
0
3
16
19
6
0
9
4
0
14
0
25
20
0
7
0
35
8
12
26
24
0
11
7
26
0
4
0
4
18
6
0
0
25
5
5
33
26
0
8
1
0
13
0
16
10
0
11
22
12
3
3
10
20
0
10
11
0
0
8
0
16
5
12
13
3
14
21
0
7
8
5
13
0
6
6
15
0
14
16
14
14
0
19
0
12
9
19
12
0
11
0
1
9
1
8
23
0
0
4
1
0
2
5
1
0
7
0
15
9
0
0
13
0
10
6
13
1
18
0
0
7
0
8
4
0
6
11
7
0
8
5
3
6
4
18
0
1
1
0
4
0
0
4
0
0
20
3
0
0
0
4
5
11
8
0
1
0
10
2
8
0
4
3
0
1
6
9
7
3
2
8
2
10
8
0
0
13
0
0
0
3
3
0
0
1
8
1
11
11
5
6
1
4
0
4
0
12
9
0
2
6
9
0
13
0
0
5
0
10
0
0
1
0
7
5
0
6
0
0
6
6
0
0
0
4
7
2
0
0
7
4
0
8
0
5
0
0
0
8
0
0
4
0
2
3
0
2
0
4
0
0
2
0
0
5
1
0
4
5
6
6
5
0
2
0
0
0
0
0
2
0
9
0
0
3
0
0
0
8
1
0
0
2
4
1
4
0
2
2
4
5
1
1
0
2
0
3
4
4
0
7
0
4
1
0
0
1
0
7
6
3
3
1
4
4
0
6
1
0
0
0
2
2
0
1
0
6
0
0
5
0
0
0
0
1
3
6
4
2
11
0
0
4
0
2
0
0
2
0
3
0
0
2
0
4
3
0
0
4
0
0
0
4
2
3
6
0
3
2
0
7
1
0
2
0
1
0
0
0
2
0
1
4
0
0
0
0
0
0
0
0
7
7
1
0
0
0
3
0
2
2
3
1
0
3
1
0
2
2
0
0
3
0
0
0
0
0
0
3
1
3
4
0
0
0
0
0
4
0
1
0
2
2
0
0
2
2
0
1
0
0
0
0
4
4
0
0
0
3
0
0
2
1
1
0
0
0
7
2
0
0
0
3
0
0
0
0
0
0
0
1
1
1
2
0
0
3
3
0
4
0
6
14
0
2
0
4
0
0
0
0
0
0
1
0
5
0
0
2
0
0
0
6
0
0
3
1
0
0
0
4
0
0
2
0
3
4
0
4
1
0
0
0
0
2
1
4
0
0
0
0
0
0
0
0
0
0
0
7
1
1
0
6
4
0
7
4
1
0
1
2
0
1
3
4
1
0
3
2
0
0
0
0
1
0
0
3
0
0
1
0
0
0
0
0
0
0
0
0
0
2
0
3
1
0
3
0
0
0
2
0
2
0
0
0
0
4
0
2
2
0
0
0
0
2
0
4
0
0
3
0
0
3
0
2
0
0
0
6
3
0
0
2
1
1
0
1
0
1
4
1
4
1
0
0
0
0
2
3
3
0
0
2
4
0
0
0
3
0
0
0
0
4
0
0
3
0
0
0
0
0
0
0
1
0
3
0
0
2
0
0
0
0
0
0
2
1
0
0
2
0
1
3
1
1
0
0
3
1
0
1
3
9
0
0
0
0
2
2
0
0
2
0
0
0
0
0
0
4
2
2
0
0
1
0
0
0
2
1
0
3
0
0
0
2
0
0
0
0
0
0
0
0
0
0
0
0
2
0
0
0
0
0
3
0
0
0
0
0
0
1
0
0
1
0
1
0
0
0
0
0
0
0
0
0
0
0
0
0
1
4
0
0
0
2
0
0
0
0
1
1
1
0
4
0
2
2
1
1
0
4
0
0
0
4
0
0
2
0
0
0
3
0
1
1
2
6
0
1
0
3
0
0
0
1
0
0
0
1
2
0
1
1
4
1
0
0
0
0
0
0
2
0
1
0
0
2
0
2
0
0
0
2
1
0
1
0
0
0
0
0
3
1
0
4
0
0
0
0
0
2
4
0
0
0
1172
