../2_Decay/DataFilesGe/Decay/415205G2.TXTBackgroundRemoved 
0
0
0
0
0
0
0
0
0
0
0
0
0
0
1
23
16
20
34
0
19
28
3
12
9
10
24
4
17
0
5
0
2
2
8
8
27
10
21
8
15
30
24
0
10
7
1
16
7
0
23
5
0
2
0
4
1
0
4
6
5
0
13
5
10
0
0
18
13
0
0
0
4
16
0
2
12
3
15
10
2
26
19
0
0
0
23
0
24
2
1
0
15
5
23
2
14
10
6
9
20
0
0
0
27
18
17
23
0
19
17
0
0
22
7
2
3
26
11
12
1
3
34
34
22
10
0
11
32
4
2
27
5
30
0
34
21
17
19
32
17
12
26
12
43
17
31
0
19
30
7
33
6
6
0
0
25
0
0
20
0
10
13
8
7
0
8
2
8
37
0
27
0
12
13
25
13
19
1
7
6
8
6
5
8
0
7
20
5
9
3
4
1
6
20
5
17
20
0
18
2
0
18
4
24
3
0
14
21
20
11
0
14
12
2
3
17
0
10
4
7
4
1
0
12
6
8
0
11
5
3
14
13
11
0
10
10
0
0
1
18
6
0
20
22
6
5
6
10
0
11
14
15
27
6
11
14
10
2
20
8
6
0
21
0
7
6
12
10
9
2
0
0
5
6
8
5
0
4
1
11
17
11
13
5
13
9
3
0
10
0
2
2
8
7
1
0
6
3
0
6
8
0
6
3
5
12
0
11
12
15
14
0
3
12
5
0
5
14
0
4
8
0
3
8
4
0
0
0
13
16
10
4
8
5
2
6
6
0
3
0
6
1
4
1
6
7
7
0
7
9
13
2
9
0
0
0
0
10
2
0
4
0
7
11
2
5
2
6
3
4
0
2
4
4
9
0
3
0
2
0
1
10
4
6
2
4
12
2
1
0
10
2
0
0
0
0
0
0
9
10
0
0
3
13
2
17
11
4
4
8
2
2
7
0
3
2
8
3
1
4
0
0
0
0
0
6
1
0
2
2
0
0
0
0
5
0
3
1
0
4
1
7
0
11
0
0
0
5
0
2
3
0
0
4
10
0
0
0
0
3
5
0
0
0
2
4
6
1
0
7
1
3
1
0
0
2
0
0
0
2
0
0
0
0
0
0
0
0
0
0
4
5
4
0
1
3
0
7
0
4
0
1
0
0
9
2
0
0
3
0
2
0
3
7
1
0
3
0
0
5
0
2
7
0
0
3
1
3
0
0
0
0
6
5
0
3
4
5
3
5
2
4
0
0
0
4
0
0
9
2
1
1
0
0
4
0
3
3
12
0
0
0
3
7
4
9
3
1
1
0
0
0
0
0
0
0
0
10
1
0
0
0
2
2
3
7
8
0
13
1
0
1
0
1
2
3
2
0
6
0
1
0
5
0
0
4
1
1
0
4
0
0
0
0
2
2
0
0
0
3
1
0
0
0
3
1
0
0
3
0
0
0
1
3
0
1
0
3
16
4
0
0
8
0
0
0
0
0
0
0
5
0
0
5
3
1
5
0
5
2
3
0
5
2
1
0
4
3
0
0
5
0
0
0
0
4
0
3
0
2
0
0
0
2
0
0
1
2
0
6
0
1
0
1
6
6
0
0
0
5
0
12
2
0
1
0
1
5
0
1
1
0
2
0
0
0
0
8
1
0
1
0
1
0
6
0
4
0
1
0
4
0
0
0
0
1
0
4
4
5
0
0
8
3
0
0
6
0
1
1
2
0
0
0
0
2
1
0
0
3
0
2
3
0
0
0
0
0
1
5
4
0
6
0
1
1
0
0
4
3
0
2
0
0
0
0
3
0
0
0
0
1
0
5
1
1
0
2
0
4
1
0
0
2
2
0
1
0
0
4
2
0
0
0
0
5
1
2
4
0
2
1
0
0
6
2
1
0
3
4
3
1
0
0
0
4
4
0
0
0
0
0
0
5
0
0
0
0
1
2
0
0
1
0
0
0
0
0
0
0
0
0
0
1
0
0
3
0
0
3
5
1
0
0
1
5
5
0
0
0
0
2
0
4
0
0
0
0
1
0
0
0
3
0
4
1
0
3
0
0
2
2
0
0
0
1
0
0
2
0
2
0
0
0
0
4
0
0
1
0
1
0
2
3
2
0
0
1
0
0
0
0
1
0
0
0
2
0
0
2
2
0
3
0
0
0
3
1
0
0
0
0
0
1
0
0
0
2
0
0
1
1
0
0
0
0
0
0
0
0
0
0
0
1
0
1
2
3
7
1
0
1
3
2
2
1
1
1
0
5
0
2
2
0
2
1
2
2
0
0
1
0
0
2
0
0
0
4
0
0
2
3
0
2
0
2
0
8
0
0
0
0
1170
