../2_Decay/DataFilesGe/Decay/415299G2.TXTBackgroundRemoved 
0
0
0
0
0
0
0
0
0
0
0
0
0
0
26
34
22
37
27
14
46
38
4
5
32
25
20
16
7
24
39
3
21
1
23
3
4
15
24
10
0
20
18
6
9
5
17
11
0
20
19
14
3
4
9
9
10
34
9
9
32
32
3
3
22
21
30
32
16
32
9
26
42
2
9
18
2
19
0
16
3
17
17
10
10
21
36
21
13
21
27
6
24
24
39
3
3
3
5
36
29
14
7
41
29
21
27
34
24
14
33
20
21
40
28
33
10
7
21
50
39
1
15
39
43
22
24
24
59
13
14
2
31
30
7
24
35
43
43
34
18
24
48
23
41
32
16
16
5
24
24
21
20
37
29
28
43
11
37
25
13
29
9
18
3
6
26
25
13
16
17
23
13
19
47
17
24
21
5
5
1
0
13
3
10
3
31
12
4
22
22
8
0
22
23
22
19
16
6
22
22
30
5
3
24
29
15
4
31
24
12
10
23
19
7
8
28
7
23
10
5
25
23
9
32
14
4
14
6
22
18
16
1
17
3
16
0
9
26
0
22
0
14
3
10
9
9
5
5
3
19
15
21
6
6
13
16
13
0
2
2
9
9
5
4
1
1
8
3
7
9
3
11
6
0
8
15
5
14
4
7
8
22
19
19
12
12
7
14
23
11
6
9
4
14
14
14
14
12
9
12
6
6
10
8
21
2
2
2
14
12
13
13
3
0
2
2
1
5
13
13
11
6
15
6
9
9
6
8
8
5
6
11
6
0
3
7
2
2
7
7
2
4
4
5
21
21
21
11
2
2
1
10
9
5
5
5
5
5
11
11
4
13
4
6
8
11
1
1
0
6
9
3
11
11
1
1
3
3
3
3
3
10
2
9
2
3
4
1
1
1
8
9
0
6
9
0
6
7
1
1
1
0
3
11
11
4
2
2
2
4
4
2
1
4
4
3
3
1
1
7
3
3
5
5
10
0
5
0
0
0
0
0
0
0
7
1
0
4
5
0
0
7
7
6
3
2
2
4
0
0
0
0
2
2
4
0
0
0
5
5
1
0
4
4
4
5
2
0
4
4
0
0
0
4
1
1
1
1
1
5
2
6
6
8
0
6
0
1
3
4
1
3
3
2
5
10
0
2
2
2
2
4
4
0
6
0
2
1
0
3
5
3
6
6
5
4
4
4
4
2
1
14
5
5
2
5
3
7
7
2
1
1
6
1
4
4
0
0
4
4
0
0
6
6
3
3
0
0
5
5
5
1
0
0
5
1
5
2
9
9
9
2
2
5
5
9
9
7
5
10
1
0
2
4
4
4
2
6
2
0
0
0
0
0
5
8
6
6
20
0
1
1
3
4
1
2
2
6
6
4
5
2
0
0
0
1
9
6
6
6
7
4
4
4
4
3
0
3
3
2
2
2
9
0
0
0
0
0
0
0
2
0
5
3
3
1
0
7
7
0
0
0
0
0
0
2
5
3
0
0
1
0
0
0
0
6
6
6
4
7
3
2
2
5
5
5
1
6
6
6
3
3
7
1
0
2
2
8
8
0
0
5
1
1
1
1
1
1
1
5
3
2
2
0
0
2
0
3
2
2
2
1
1
1
0
0
2
2
2
2
0
0
0
1
4
4
0
4
4
4
0
1
1
3
0
0
2
2
0
0
0
5
5
6
2
1
3
3
2
2
2
0
1
3
3
3
3
3
0
1
4
2
2
2
2
2
3
3
2
2
0
4
4
4
4
4
4
4
4
4
0
5
0
3
5
2
2
2
0
0
2
2
0
0
0
0
2
2
2
0
2
2
1
2
2
3
3
3
3
2
2
1
1
1
2
2
3
3
0
9
2
0
1
1
1
1
3
3
0
0
0
0
0
0
0
0
0
4
4
4
1
2
2
2
2
2
2
3
3
3
1
5
2
2
3
1
1
1
1
3
4
1
1
1
3
3
2
3
1
1
1
0
0
0
0
4
4
0
0
0
0
1
1
3
1
6
6
6
6
6
4
1
5
1
1
3
2
1
2
2
1
0
0
0
0
2
0
7
0
0
5
5
5
2
2
0
0
2
1
2
0
2
2
2
4
0
0
0
0
0
0
0
2
1
4
0
0
4
4
4
5
5
5
1
1
1
2
2
1
2
1
0
1
1
2
1
1
1
1
1
1
8
8
0
1
1
0
0
0
2
2
3
1
1
1
1
4
4
1
3
3
1
2
3
1
1
1
1
1
1
1
1
2
3
3
2
3
3
1
0
1
1
2
2
2
1
5
5
0
0
3
2
2
2
2
0
2
1
0
4
4
2
0
0
3
2
1
1
0
0
1
1
1484
