../2_Decay/DataFilesGe/Decay/415234G2.TXTBackgroundRemoved 
0
0
0
0
0
0
0
0
0
0
0
0
1
0
20
163
16
1
33
29
21
22
4
0
8
0
24
16
10
10
6
0
0
6
0
10
0
2
19
20
0
13
14
21
0
0
8
2
1
16
13
0
0
13
19
0
0
0
0
25
21
11
4
14
0
0
20
7
0
23
0
0
11
0
22
0
0
5
0
0
7
13
16
0
0
5
15
0
6
11
0
0
30
14
0
0
25
1
0
14
3
1
1
30
18
17
21
22
15
0
0
0
18
7
0
0
28
5
13
13
47
0
8
3
0
18
11
25
33
0
10
27
0
13
0
0
32
20
28
24
16
18
19
38
29
3
29
0
6
18
4
0
19
16
13
13
0
21
12
18
17
16
16
6
9
6
0
0
0
8
1
20
16
7
17
7
24
13
8
5
6
0
0
12
0
11
9
18
5
8
8
3
9
11
19
12
8
18
0
18
19
4
0
4
8
20
0
0
7
3
10
0
5
8
7
0
0
0
14
26
3
3
0
3
27
9
27
17
4
6
6
16
10
3
12
16
21
4
23
0
9
1
6
7
4
14
17
0
15
7
2
6
20
11
0
0
11
11
0
0
13
0
0
6
0
10
4
9
4
0
0
18
0
8
6
7
5
2
0
0
15
18
8
15
0
14
5
0
0
12
9
11
0
10
1
0
0
0
7
0
2
11
2
0
0
5
8
0
2
7
6
17
0
11
11
8
0
5
6
5
3
10
5
0
0
7
0
0
0
5
4
10
14
12
0
0
0
0
1
10
0
0
8
6
5
10
0
3
0
5
11
1
0
6
0
4
0
12
4
11
0
0
0
1
3
7
0
0
0
3
0
6
7
3
6
2
5
2
0
3
4
0
0
0
0
5
1
0
0
1
2
5
3
0
0
0
0
0
6
4
8
1
0
4
5
0
3
11
0
0
5
4
5
1
6
0
0
3
6
1
4
2
1
6
0
3
0
6
5
0
0
0
1
0
0
12
2
4
2
0
4
0
0
0
3
0
0
7
7
1
0
1
0
0
2
0
0
1
8
2
0
1
5
1
6
0
0
10
0
7
0
4
2
2
0
6
0
0
0
3
3
2
1
0
0
0
4
3
0
3
0
0
0
0
4
2
6
8
5
0
0
3
2
0
0
0
1
3
4
0
0
0
5
9
0
7
1
0
2
0
7
0
2
1
2
0
0
0
0
0
0
2
1
3
0
3
0
0
3
1
0
0
7
0
2
2
2
4
1
4
0
0
4
1
0
3
0
4
0
8
0
4
0
5
1
0
8
7
4
4
2
5
0
1
0
0
5
2
0
0
0
0
6
0
0
3
0
0
0
3
7
12
5
0
0
0
0
2
3
3
1
1
0
0
0
0
3
0
3
0
2
1
4
1
0
1
0
0
0
0
1
0
1
0
0
6
1
0
2
0
1
0
0
5
1
0
0
4
1
2
4
0
0
1
1
0
0
0
0
5
1
2
2
0
0
3
3
0
0
6
1
0
0
3
4
0
0
0
3
0
0
1
0
2
2
0
1
0
2
0
0
0
0
0
0
0
0
0
2
0
3
0
0
0
1
0
4
2
3
1
0
0
2
2
4
0
0
0
0
0
0
0
0
2
0
3
0
0
3
3
0
0
0
1
2
1
0
0
0
3
0
1
0
0
0
0
1
0
0
0
3
4
0
0
2
3
0
1
0
2
0
0
0
5
0
3
5
3
1
4
0
0
2
0
5
0
1
5
0
1
2
0
4
1
0
0
6
1
0
0
1
0
0
1
0
3
1
2
0
2
0
0
1
1
2
0
2
1
0
0
0
0
0
0
0
3
0
0
0
1
1
0
1
0
0
0
0
3
1
0
0
3
0
0
1
2
0
1
1
0
1
4
2
1
0
0
4
0
2
1
0
0
0
1
0
1
4
1
8
1
1
1
0
2
1
0
5
0
1
0
0
0
0
0
0
0
1
2
1
0
7
2
0
0
0
1
0
0
0
0
1
0
0
0
4
0
3
2
1
1
2
3
0
0
0
0
0
0
0
0
0
0
0
0
0
0
0
3
5
0
0
0
6
0
0
4
0
0
0
3
0
2
0
0
3
4
5
1
0
0
0
1
0
3
1
0
0
1
2
0
0
3
2
1
1
0
1
0
0
2
2
0
0
0
0
1
0
0
0
0
0
2
0
7
0
0
2
0
1
0
1
1
0
0
0
0
0
2
1
0
1
0
0
0
3
0
0
6
0
0
3
1
1
0
1
2
2
0
0
1
3
0
1
1
1
0
0
0
0
0
0
0
0
1
0
0
0
0
0
0
0
0
1
1229
