../2_Decay/DataFilesGe/Decay/415219G2.TXTBackgroundRemoved 
0
0
0
0
0
0
0
0
0
0
1
0
89
389
47
1202
459
345
307
213
211
245
205
121
70
77
33
40
45
46
43
35
49
23
33
40
32
28
59
50
62
85
89
129
167
172
173
154
157
161
142
123
119
64
96
73
55
49
31
46
63
39
40
29
32
10
54
54
40
37
0
42
35
42
33
21
17
43
0
55
38
47
23
38
0
13
26
12
39
32
37
18
34
0
41
17
18
30
44
6
41
6
5
47
21
27
43
13
0
28
15
14
40
15
30
23
23
13
27
14
15
26
15
14
8
6
3
18
9
4
4
0
0
0
6
24
32
9
27
9
21
22
32
31
30
16
13
0
9
11
7
0
21
17
7
0
0
0
7
0
26
9
0
0
1
0
23
4
0
0
0
0
0
30
16
0
0
7
0
6
0
0
0
1
0
4
21
0
0
0
0
14
23
8
26
0
0
10
6
15
4
0
5
0
30
0
2
8
19
0
5
0
9
18
1
2
0
3
0
13
0
27
0
0
31
31
10
11
0
0
0
18
12
0
0
15
2
0
0
0
2
0
0
0
4
13
0
0
6
9
0
27
16
19
11
6
27
1
16
1
15
8
2
4
22
9
2
6
11
0
0
9
0
16
7
16
0
6
9
0
2
4
0
5
12
16
3
0
10
2
0
0
0
0
2
2
0
0
8
0
9
6
11
7
8
14
0
0
11
23
5
18
0
4
14
14
9
15
7
12
15
13
7
6
20
18
13
16
0
7
11
0
0
0
0
10
19
9
0
4
0
0
1
0
0
0
0
0
0
0
9
0
8
3
10
0
0
1
0
3
0
15
2
1
4
0
6
1
0
1
1
1
0
0
11
2
0
7
0
5
4
3
16
0
3
0
5
8
10
2
1
4
0
0
0
0
0
5
7
11
1
12
0
0
12
0
2
10
1
0
5
0
8
2
0
6
2
11
5
3
8
14
5
0
0
9
0
3
0
0
0
0
4
11
0
8
0
4
0
0
2
0
0
0
4
0
0
4
5
1
2
0
0
0
0
0
2
0
5
1
0
0
0
3
3
5
0
7
7
13
10
4
7
1
0
0
3
0
0
0
3
0
0
5
4
0
4
0
3
0
0
0
0
1
3
0
0
0
0
0
0
4
7
0
0
1
0
4
0
0
0
1
0
0
0
1
3
2
7
0
10
1
3
3
1
0
1
2
2
1
0
5
4
7
0
4
0
7
3
0
2
2
0
0
0
0
0
0
0
1
0
3
5
0
2
17
12
8
7
3
5
0
0
0
0
0
0
2
8
5
0
1
1
6
2
9
0
1
0
3
0
0
0
0
0
1
1
0
2
2
0
0
0
0
3
0
9
4
0
5
5
0
0
6
3
2
1
8
0
0
2
0
4
2
5
3
0
0
6
0
4
0
8
6
0
1
0
0
3
0
0
0
0
3
5
0
0
0
0
0
0
0
0
4
0
0
1
1
0
0
3
0
0
0
0
5
0
0
0
1
0
1
0
2
0
4
0
0
0
2
0
3
0
0
2
0
2
1
0
0
0
0
2
2
0
0
0
0
2
5
0
1
2
0
0
0
2
0
0
0
1
1
0
1
0
3
0
0
0
3
1
2
6
4
2
3
1
0
0
0
0
0
0
0
2
1
0
0
0
3
0
3
0
0
0
0
2
0
0
2
0
0
0
4
2
0
0
0
0
0
0
0
3
0
0
0
3
5
0
0
0
0
3
0
0
0
0
0
0
0
2
0
0
3
4
0
0
2
0
0
3
3
3
0
3
0
0
1
0
1
0
0
0
1
1
0
0
0
2
2
0
1
0
0
0
5
0
0
0
0
2
0
0
0
0
0
0
0
0
0
6
1
1
0
3
2
3
4
0
0
0
1
1
3
0
0
0
2
1
2
0
1
0
0
0
0
1
0
0
0
4
2
0
2
3
0
1
0
6
0
1
1
0
0
4
0
4
0
0
0
0
0
2
0
0
0
1
0
0
0
2
2
2
0
1
0
0
0
1
1
0
0
0
5
0
0
1
0
0
3
0
2
0
0
1
0
3
3
0
0
0
0
1
5
1
2
7
1
0
0
0
0
1
0
0
3
0
0
0
0
1
0
0
0
0
0
0
3
0
0
1
6
2
2
0
2
1
0
1
0
0
0
0
0
0
1
0
0
0
1
0
5
0
7
0
0
0
0
1
0
0
0
0
0
3
0
0
4
0
0
0
0
3
0
3
0
1
2
0
0
0
0
2
0
0
0
0
2
0
8
0
1
2
0
2
0
5
0
0
0
3
0
2
3
0
0
5
0
0
2
0
0
2
1012
