../2_Decay/DataFilesGe/Decay/415269G2.TXTBackgroundRemoved 
0
0
0
0
0
0
0
0
0
0
0
0
0
0
12
24
30
44
28
50
24
16
2
12
13
20
20
20
14
10
11
1
19
10
10
20
20
13
25
17
17
19
31
7
20
13
4
13
23
2
21
27
3
23
7
8
12
8
10
18
12
22
22
22
21
16
6
25
2
22
22
5
5
5
47
47
27
18
18
9
13
40
9
9
9
9
21
29
26
19
7
26
26
38
17
55
20
20
38
23
17
38
10
32
10
6
41
1
40
22
5
22
40
27
30
43
32
34
11
17
23
8
25
57
21
35
23
44
37
22
32
5
29
36
18
60
41
20
28
45
28
28
30
28
31
30
42
23
42
25
41
19
16
1
9
46
10
40
13
9
37
25
20
6
9
29
50
13
24
30
25
21
29
38
23
32
16
23
30
14
7
3
5
16
16
10
14
13
18
38
4
7
7
16
32
10
3
4
16
26
28
13
17
18
19
13
21
12
31
0
2
4
3
27
11
0
14
14
8
8
3
6
9
4
6
6
8
8
8
2
11
22
6
19
10
25
10
0
7
23
5
5
10
16
18
13
3
3
4
7
21
3
12
8
4
12
5
14
1
3
2
12
0
0
0
17
7
5
22
2
6
9
7
0
8
5
7
7
11
17
30
8
19
14
17
24
5
5
12
7
13
2
18
13
12
8
4
10
10
17
11
11
3
6
11
6
8
8
4
18
6
13
3
9
4
4
4
4
17
19
8
1
1
8
8
14
14
9
9
7
6
8
8
3
5
5
6
10
10
3
3
17
6
8
8
8
8
4
6
8
9
4
8
7
1
2
2
6
2
14
14
8
3
4
4
3
7
0
5
12
12
5
11
10
2
4
4
0
9
7
3
10
0
0
1
6
3
3
2
3
7
10
5
5
2
11
5
5
11
4
1
5
5
1
1
1
5
6
3
3
8
8
8
1
1
7
2
13
10
5
5
12
8
8
8
5
2
4
7
3
3
4
2
0
0
2
1
1
1
2
2
4
1
0
7
5
5
5
10
7
7
7
2
2
7
12
12
12
12
3
6
2
4
7
4
2
2
4
3
5
0
1
5
5
5
5
0
4
4
4
5
0
4
4
6
2
3
3
1
1
1
4
10
1
1
5
7
9
2
3
0
0
3
0
0
1
1
2
8
6
1
6
6
8
4
3
2
0
0
0
5
0
0
4
6
6
0
0
0
0
0
0
2
8
0
2
1
6
1
8
3
1
1
1
1
0
5
2
0
5
5
9
0
0
6
6
0
0
4
1
1
0
4
8
4
7
2
4
5
7
7
7
7
2
2
2
7
1
7
7
1
0
3
3
5
3
3
3
4
10
10
10
0
2
2
2
5
0
0
0
0
0
0
3
1
1
0
5
4
0
2
2
8
5
5
4
6
3
1
2
0
0
0
0
0
0
0
0
0
0
3
0
1
0
7
7
1
1
4
7
3
1
0
5
0
4
1
3
3
3
1
2
2
1
2
3
3
2
2
3
3
3
5
3
1
1
1
3
6
0
0
0
0
0
3
1
0
1
1
1
1
1
5
5
5
5
2
2
2
2
5
5
5
5
6
6
1
5
5
3
3
3
8
3
1
6
6
2
3
3
3
3
2
1
4
3
3
3
1
1
1
1
2
2
0
2
2
2
2
4
4
0
7
0
1
1
2
2
2
1
5
0
0
4
4
5
1
4
0
0
0
0
0
2
0
0
4
0
0
0
0
2
3
4
1
1
1
3
0
0
0
1
1
5
0
0
0
1
1
3
3
1
1
1
1
3
0
3
3
1
1
1
5
4
2
0
3
3
3
3
2
2
1
3
3
3
3
3
2
2
0
2
2
2
2
1
3
3
3
3
1
0
1
1
1
8
0
0
5
5
5
2
0
1
5
3
3
1
2
3
3
2
0
0
2
1
1
1
1
3
6
6
6
1
1
2
2
2
1
1
4
4
4
0
0
1
0
0
0
2
0
0
0
4
4
4
3
8
1
1
1
3
3
0
0
0
1
0
0
0
0
6
6
1
1
1
0
0
2
2
2
0
0
0
1
1
1
2
4
4
2
2
2
3
3
3
3
3
3
4
4
0
1
1
1
4
4
1
3
2
0
4
5
5
2
2
2
4
1
1
1
4
4
2
2
0
0
1
5
0
1
1
5
0
0
0
0
0
0
4
4
4
5
2
2
2
3
3
3
3
3
3
3
3
1
0
0
1
4
2
0
0
0
0
1
2
2
2
0
2
3
3
0
2
2
2
5
5
5
3
1
1
1
1
1
1
1
2
3
1
1
3
0
3
3
0
2
2
4
4
4
4
2091
2091
