../2_Decay/DataFilesGe/Decay/415282G2.TXTBackgroundRemoved 
0
0
0
0
0
0
0
0
0
0
0
0
6
0
29
106
74
87
84
43
33
7
16
0
22
30
15
15
21
27
29
6
20
20
19
17
6
4
15
15
0
13
14
14
2
10
25
23
0
9
11
20
17
13
26
26
11
11
16
19
0
0
18
17
30
24
16
18
18
13
5
11
21
21
27
16
23
28
28
33
25
5
8
8
8
5
32
40
15
29
29
3
15
35
14
20
24
16
11
51
11
33
23
31
16
27
29
0
2
28
37
6
10
37
7
47
14
61
26
14
58
42
25
22
24
0
20
21
38
57
20
17
31
18
32
42
27
51
29
17
39
36
76
27
31
48
42
32
49
33
6
24
21
10
22
23
27
8
20
22
28
13
13
12
41
38
16
15
18
33
42
29
19
7
29
20
30
34
7
32
4
16
20
24
9
17
28
27
27
20
26
17
30
47
37
4
18
37
43
30
15
3
27
6
43
14
2
5
31
6
32
11
28
19
2
15
4
5
32
18
10
25
9
18
19
9
16
16
23
10
11
13
4
29
22
5
19
23
8
8
18
31
17
15
13
26
26
26
17
1
26
22
8
18
18
18
18
7
7
8
17
16
19
9
17
10
4
17
7
9
1
9
6
26
26
13
17
11
9
3
5
17
22
12
0
13
3
11
5
13
7
12
12
8
13
21
10
6
14
8
19
13
8
11
5
6
6
6
0
17
10
3
4
19
6
12
6
0
7
7
6
5
3
3
18
10
10
7
5
5
8
8
15
5
3
0
6
4
2
4
4
1
5
2
2
3
3
2
2
5
25
4
12
14
8
5
5
4
9
8
8
3
2
8
10
5
0
5
5
3
2
3
2
0
6
8
2
3
3
1
1
3
9
15
4
1
3
7
7
0
0
2
3
6
6
5
5
5
6
1
0
0
6
6
7
7
4
0
0
0
9
0
3
9
2
12
2
13
0
2
0
2
4
6
6
9
9
7
0
0
0
2
4
1
0
5
6
4
4
4
4
5
8
8
0
0
6
2
6
6
3
3
1
1
1
1
5
6
6
1
7
2
2
0
5
6
1
1
1
3
2
6
1
4
4
4
2
9
2
2
4
5
3
7
7
2
2
2
2
5
1
1
5
2
5
5
5
5
5
5
5
5
12
7
2
4
2
8
2
4
4
6
4
10
7
1
8
4
0
0
2
3
4
4
0
0
5
3
1
1
1
3
3
4
3
3
1
6
6
6
6
2
0
4
0
0
2
1
1
7
4
5
2
0
0
0
3
1
6
4
4
0
0
1
9
0
0
0
7
2
7
2
1
13
0
1
5
3
3
0
0
1
2
2
2
1
5
3
0
8
4
4
3
0
2
2
2
5
11
10
2
1
1
0
0
0
7
6
2
1
0
0
3
3
3
8
1
0
2
1
5
5
5
5
0
0
0
2
2
2
2
3
3
1
5
0
3
4
4
3
3
3
0
5
2
2
0
5
3
2
3
1
0
0
2
1
1
4
0
2
2
2
2
1
6
2
1
2
3
2
2
1
1
1
1
4
5
5
5
5
5
5
5
5
5
5
5
1
2
2
0
1
1
0
0
3
4
3
1
7
4
1
4
4
4
2
2
0
0
0
2
7
6
2
2
1
1
1
1
2
4
4
4
4
3
3
1
1
1
4
1
4
2
2
0
5
4
3
3
1
5
3
3
3
3
1
2
3
3
3
3
3
3
0
3
0
0
3
1
1
5
1
10
3
3
3
0
4
0
0
0
0
2
4
2
0
1
6
6
3
3
0
0
0
0
0
0
0
1
1
1
2
1
1
1
1
6
0
0
0
5
5
0
0
2
1
1
0
0
0
6
1
1
1
1
1
1
1
2
1
3
0
0
0
2
1
1
1
0
3
3
3
3
3
0
1
1
1
1
5
5
2
2
1
1
1
2
0
0
2
1
3
0
1
2
2
2
5
5
2
2
2
0
0
0
2
2
2
2
2
2
5
1
1
0
4
6
0
0
0
0
0
0
4
2
2
0
7
1
2
1
1
0
4
4
2
4
1
5
1
1
1
1
1
0
2
2
3
0
4
2
1
0
2
2
0
3
3
3
3
2
2
2
2
2
2
4
4
4
4
4
4
4
2
2
2
2
2
4
3
3
1
9
1
2
1
1
0
0
1
1
4
4
0
0
0
2
1
0
1
2
2
0
3
0
0
1
1
1
0
0
2
2
2
0
2
2
1
0
0
1
2
2
2
4
4
1
1
1
1
1
0
1
2
2
0
1
1
1
2
2
2
0
0
0
0
0
0
0
1
3
3
3
1
1
0
0
0
0
0
0
0
985
477
