../2_Decay/DataFilesGe/Decay/415214G2.TXTBackgroundRemoved 
0
0
0
0
0
0
0
0
0
0
0
0
0
0
7
68
6
20
28
12
1
3
9
4
0
16
24
0
3
26
12
1
21
2
0
21
19
12
17
3
0
17
11
0
0
5
6
0
2
0
17
17
20
15
16
0
9
0
9
3
13
6
9
8
17
14
22
29
0
22
0
0
0
15
0
0
12
0
15
8
9
10
6
36
0
18
4
0
25
7
14
2
7
35
17
0
4
10
5
0
9
15
0
23
7
19
13
0
0
0
11
12
4
14
0
23
17
4
15
20
12
0
24
13
0
38
0
9
35
25
7
0
6
25
18
43
10
16
8
29
28
26
0
6
34
11
26
0
30
17
15
8
20
21
0
27
30
0
14
19
13
27
29
7
0
9
0
15
15
26
13
11
3
19
53
19
0
15
2
6
5
6
0
14
0
7
7
0
0
10
7
2
4
32
27
11
17
0
10
6
19
0
21
10
5
16
5
17
9
1
15
5
17
15
0
8
0
10
16
12
0
13
0
12
10
0
7
7
0
2
0
20
7
11
0
21
0
21
9
7
7
4
17
0
0
12
0
8
2
13
3
9
7
22
3
4
0
15
7
6
5
9
12
0
5
9
1
0
11
2
0
9
16
8
15
2
3
0
9
18
9
6
17
16
0
17
9
0
1
14
3
5
19
8
6
0
0
3
3
5
4
0
5
0
7
7
0
0
8
10
11
14
0
0
7
0
1
0
11
5
6
16
7
0
0
4
7
0
2
6
13
11
1
9
9
0
5
3
0
5
0
3
4
3
4
3
10
0
5
4
7
2
5
0
1
0
2
12
9
4
0
6
0
8
3
2
5
1
6
4
0
7
3
0
8
1
3
5
6
0
3
0
11
0
8
2
1
0
5
0
0
5
11
8
1
4
7
0
2
9
6
9
0
0
4
0
0
4
0
4
6
0
0
6
0
10
1
9
0
2
2
2
0
6
0
2
0
8
0
5
2
0
5
10
2
0
1
2
0
2
7
4
0
0
2
0
0
8
4
3
0
2
0
0
6
6
1
0
2
2
6
5
0
6
1
6
4
8
0
1
7
3
3
2
0
0
2
1
0
0
2
3
5
0
0
0
10
1
0
0
0
3
0
7
0
0
7
0
7
0
0
1
2
0
0
7
3
6
0
2
0
0
2
3
0
2
1
1
0
0
0
4
0
1
1
3
2
0
0
1
0
2
0
0
0
0
1
4
2
0
3
0
0
0
1
1
1
0
0
0
4
2
2
0
2
5
0
2
1
2
0
4
0
3
5
7
4
3
2
6
4
0
0
7
0
0
1
0
0
3
3
0
0
0
0
3
2
0
4
4
0
0
0
3
0
0
1
0
2
6
2
0
0
3
0
0
0
3
2
1
1
2
0
0
0
0
8
0
1
0
3
0
0
3
0
0
0
1
4
0
0
0
0
3
6
0
4
4
1
0
1
0
0
5
4
1
0
3
0
0
1
1
1
0
0
0
0
0
0
0
2
3
0
0
4
0
0
0
5
0
0
2
0
1
1
0
0
2
0
0
0
1
1
0
1
0
0
0
0
2
0
1
2
0
3
2
4
1
0
2
0
2
0
1
0
0
0
2
0
0
6
2
0
1
0
3
0
2
2
0
0
0
0
1
0
4
0
0
0
0
4
0
1
1
0
0
2
0
0
1
4
0
0
4
5
0
0
2
0
2
1
0
1
3
0
0
1
2
0
0
0
0
9
0
2
0
0
2
0
2
0
1
0
0
0
0
4
0
0
0
1
2
0
0
2
0
2
0
0
0
0
2
1
4
0
0
5
0
0
1
1
0
2
0
4
3
0
0
0
2
0
3
0
0
0
0
0
2
0
3
0
0
0
0
2
2
0
0
0
0
1
0
2
2
1
0
0
0
0
3
0
1
4
0
3
3
0
0
0
1
7
1
0
0
0
0
0
0
2
5
0
0
0
4
0
0
4
4
1
0
6
1
0
2
0
2
3
4
3
2
1
3
0
0
3
3
1
0
0
2
0
1
0
4
2
0
0
0
1
0
0
0
3
0
0
0
0
1
4
0
0
3
0
4
1
1
0
0
4
0
0
2
0
1
0
3
0
0
2
4
0
0
0
3
0
0
0
1
0
3
0
4
2
0
0
3
0
0
1
1
0
5
0
0
0
0
0
0
0
0
5
0
2
1
0
0
4
0
0
0
0
0
1
2
0
0
0
0
0
0
0
0
0
0
2
1
2
0
0
2
0
0
3
0
0
1
1
0
0
0
0
2
0
3
0
0
1
2
0
0
0
1
0
1
0
0
0
0
1
0
0
0
2
1231
