../2_Decay/DataFilesGe/Decay/415220G2.TXTBackgroundRemoved 
0
0
0
0
0
0
0
0
1
1
1
1
210
400
26
853
497
243
140
72
38
55
38
23
2
21
28
23
34
31
18
27
16
0
24
32
24
24
45
44
30
54
42
39
56
80
55
68
77
43
81
69
54
47
48
25
28
27
8
6
40
37
23
28
41
35
25
29
2
31
26
17
33
20
7
48
31
41
13
18
34
28
29
29
1
6
2
21
11
75
37
34
46
15
12
33
35
30
12
22
34
28
28
47
21
23
1
15
19
12
12
21
12
34
33
25
20
3
47
36
30
30
18
13
3
54
54
24
20
4
1
37
14
45
5
14
17
6
4
18
18
20
26
18
32
19
38
8
31
23
5
17
19
0
33
20
25
25
10
10
21
19
15
2
2
27
27
13
12
13
13
16
7
13
10
18
0
0
0
12
12
1
2
22
22
11
8
4
4
6
11
2
2
8
13
15
15
15
15
15
13
2
9
9
20
18
1
1
11
21
7
9
12
15
18
16
16
0
12
3
7
13
13
13
16
34
21
10
16
16
16
37
15
16
1
21
21
21
21
3
5
8
3
5
11
12
1
30
2
2
14
22
22
26
29
29
23
18
47
26
34
30
16
9
16
9
17
22
2
2
8
13
10
21
2
15
14
14
8
14
5
5
10
14
2
20
2
4
4
2
0
0
0
4
13
8
6
18
17
25
17
27
24
34
43
24
20
24
32
40
21
29
29
24
22
15
1
16
11
4
6
4
2
1
1
7
26
26
26
3
6
5
5
5
8
12
10
10
10
10
2
1
8
5
1
1
1
1
1
6
7
3
3
4
7
7
4
4
2
2
2
5
14
2
13
1
1
1
0
4
4
10
4
18
7
1
1
1
7
4
1
4
5
6
6
6
10
11
6
8
11
9
15
11
7
9
8
5
0
12
6
8
7
4
9
2
7
5
5
4
5
5
5
3
3
3
5
4
2
2
1
3
3
3
3
4
3
3
0
0
0
1
3
0
0
0
5
5
5
5
5
3
1
4
4
4
0
0
2
2
2
6
6
6
1
8
1
1
1
2
2
2
0
3
5
1
0
7
14
11
11
5
0
0
4
4
3
3
10
4
0
5
8
7
1
1
0
0
0
5
3
0
0
2
0
0
0
0
0
0
0
3
5
5
5
3
5
1
1
1
1
5
12
9
4
4
2
2
4
0
0
2
2
3
1
5
1
1
3
2
4
3
7
13
5
5
5
5
5
5
6
0
1
2
1
1
6
6
10
6
2
3
0
0
1
7
11
18
8
2
4
4
4
0
0
0
0
0
3
6
6
2
10
4
4
4
1
0
11
11
11
11
11
1
1
1
2
4
4
4
4
4
4
0
3
1
1
1
3
3
4
3
5
4
5
5
1
1
1
5
5
5
5
9
9
1
0
0
0
0
7
0
0
3
3
3
0
0
0
1
1
1
1
0
3
1
1
4
4
4
4
4
4
4
6
6
0
0
0
0
2
3
9
9
1
4
4
3
3
3
1
4
4
2
0
1
1
1
4
0
1
7
7
6
6
6
1
1
2
2
2
4
4
4
4
4
4
4
4
4
4
4
0
1
1
1
1
1
3
2
2
2
2
2
0
1
3
3
0
0
1
1
0
0
0
7
7
7
3
3
0
0
1
1
3
2
2
5
5
5
2
3
0
0
1
1
3
3
3
1
4
4
4
0
1
2
2
2
0
0
2
2
1
0
0
0
0
2
2
0
0
0
1
0
0
2
2
2
2
0
0
2
2
1
1
7
2
2
0
2
2
3
3
3
3
1
1
3
0
0
2
0
0
0
0
5
3
1
3
3
0
0
2
4
0
2
2
0
0
0
0
0
0
1
1
1
1
1
2
2
2
2
2
0
0
2
6
5
2
0
0
0
0
1
0
0
0
1
2
2
0
0
0
0
0
0
4
4
4
4
6
1
2
0
0
0
2
2
2
2
2
2
2
0
2
2
6
0
1
2
2
2
0
0
0
0
0
0
0
3
4
0
0
1
1
1
2
2
2
2
3
1
2
1
0
2
0
0
0
0
0
0
1
1
10
3
3
3
1
1
2
2
0
0
0
5
2
2
2
2
2
2
0
0
0
4
0
0
0
0
0
0
0
0
0
0
1
1
1
1
0
5
5
1
2
2
0
0
1
1
1
1
2
2
0
0
0
3
3
3
5
5
2
3
3
3
3
1
1
0
0
3
2
3
3
3
0
2
2
1
1
1
1
2
5
2
4
4
4
2
0
0
0
0
0
1
3
1
1
3
1
1
1
0
0
0
4
1
1
2
0
3
0
3
4
1
0
0
1
0
0
0
2
1119
