../2_Decay/DataFilesGe/Decay/415252G2.TXTBackgroundRemoved 
0
0
0
0
0
0
0
0
0
0
0
0
3
2
12
34
0
5
43
28
15
16
0
0
14
0
14
26
6
20
32
3
6
5
0
21
4
21
5
15
11
24
17
7
5
8
8
0
11
0
0
10
9
5
1
4
13
0
13
0
0
19
17
1
24
28
15
20
0
11
17
0
11
0
11
4
1
17
0
18
0
4
9
0
0
0
24
3
35
4
22
5
11
18
0
1
25
0
19
15
7
40
9
14
0
0
31
24
0
11
20
8
25
10
25
13
40
5
29
2
12
32
37
15
3
27
18
0
41
13
2
32
21
26
23
5
32
5
11
23
13
31
24
25
45
23
33
9
14
1
18
1
40
5
37
10
9
0
27
26
26
30
18
16
1
16
3
2
13
9
4
1
14
39
39
27
19
32
11
27
8
9
3
11
0
36
1
0
17
16
17
5
11
22
11
26
11
22
0
7
11
16
5
10
18
4
9
0
17
0
24
1
14
21
3
14
8
0
14
0
7
0
3
8
13
15
1
8
7
8
12
6
7
13
0
17
3
6
27
6
25
0
13
4
22
16
0
5
2
4
0
12
12
13
3
1
9
3
0
19
5
7
2
0
2
18
11
18
5
8
7
9
5
9
5
8
5
0
9
10
0
14
2
3
0
18
3
0
0
6
6
3
2
15
6
8
4
0
3
5
2
0
0
0
0
2
3
0
7
14
5
6
4
2
5
5
0
0
2
5
0
10
4
11
6
4
0
1
5
3
0
5
0
0
1
2
1
13
10
9
4
11
0
6
0
13
0
0
0
4
1
0
9
1
10
2
4
7
12
4
0
4
1
1
4
4
1
0
9
2
0
11
0
0
7
3
2
3
4
0
0
0
1
1
1
0
10
0
1
0
0
5
6
2
6
16
1
0
1
6
1
0
6
0
9
0
6
5
0
0
4
5
8
3
6
6
6
2
0
2
0
2
0
1
0
0
3
5
0
0
0
4
0
2
2
1
1
0
0
0
1
7
0
0
0
0
0
0
4
0
0
4
3
5
1
6
1
0
10
5
0
8
4
1
5
2
2
3
0
2
1
0
3
3
0
1
2
4
0
0
0
2
4
3
4
1
4
0
0
4
0
0
0
4
0
5
3
8
3
0
0
0
3
1
2
2
3
0
0
2
5
6
7
7
0
0
0
0
0
0
4
3
1
6
5
0
4
0
0
0
0
0
1
0
0
2
0
4
0
4
1
5
2
0
0
3
3
0
0
2
0
0
1
3
5
6
1
0
1
2
0
6
4
5
9
0
0
0
3
3
0
1
0
0
4
0
0
0
1
3
0
0
0
0
0
1
1
4
4
9
3
2
0
0
4
0
0
0
1
0
1
0
2
0
1
0
1
0
0
0
0
2
2
0
0
0
6
1
5
0
0
0
0
0
4
0
1
1
0
0
4
1
3
0
6
0
3
5
2
6
0
3
0
0
5
0
0
1
1
1
0
3
2
3
0
4
0
0
0
0
2
0
1
5
2
0
5
0
5
2
0
3
0
1
0
0
1
1
0
4
0
0
0
0
0
0
0
0
0
0
0
0
1
2
3
0
0
0
4
0
5
2
1
4
0
0
1
1
5
0
0
1
1
0
3
1
2
0
3
2
0
0
0
0
4
1
0
4
0
4
0
0
0
1
0
0
3
0
0
1
0
2
0
1
3
0
0
5
4
4
0
4
0
0
0
0
5
0
2
2
0
0
1
0
0
1
0
5
0
0
5
7
2
5
2
0
0
1
0
1
0
0
0
0
0
0
0
4
0
0
0
0
4
0
0
3
0
0
1
0
2
2
1
1
0
0
0
3
0
0
1
0
1
0
0
0
2
2
2
0
0
1
0
0
0
0
1
0
0
0
1
0
1
0
0
0
0
2
0
5
2
0
0
0
0
4
1
2
0
5
5
5
0
5
0
2
0
0
3
0
0
1
0
0
5
2
4
4
0
0
2
2
3
2
0
2
6
4
0
0
2
0
3
0
2
0
6
0
0
1
2
0
0
0
0
1
0
6
2
0
1
0
1
0
0
0
3
2
0
0
0
0
2
3
0
2
0
0
0
0
0
0
0
0
2
4
1
4
6
0
0
0
0
0
0
0
0
0
4
0
0
2
0
0
0
0
0
0
4
0
2
0
2
1
0
0
0
0
0
0
0
4
2
3
0
0
4
1
0
0
0
2
1
3
0
0
0
2
1
2
0
0
0
1
8
0
0
0
0
0
3
0
0
0
3
0
5
0
0
3
2
2
0
0
0
1
1
0
0
0
0
0
1
2
0
3
0
0
0
1
0
0
1870
0
