../2_Decay/DataFilesGe/Decay/415263G2.TXTBackgroundRemoved 
0
0
0
0
0
0
0
0
0
0
0
0
0
0
34
209
123
42
42
13
48
30
18
12
19
19
15
33
8
7
46
26
28
12
18
1
6
28
17
15
0
23
33
5
1
18
14
37
25
10
7
17
12
25
17
16
32
0
33
24
20
22
37
19
7
35
28
32
6
15
14
13
48
48
29
34
52
30
28
10
33
46
24
16
35
36
43
43
40
43
35
35
43
48
55
45
42
39
92
31
47
28
3
77
15
59
35
27
25
56
70
21
53
35
41
41
32
31
16
42
55
17
54
55
40
38
29
43
61
28
64
58
14
42
32
64
37
53
46
74
73
18
39
44
50
54
71
27
51
50
47
27
34
31
60
38
24
18
62
32
49
48
47
26
22
17
19
24
25
18
18
45
19
53
34
32
28
27
29
42
10
14
25
20
10
30
25
14
54
18
22
15
4
27
43
2
23
18
32
20
25
0
15
19
23
37
8
12
30
19
28
2
20
36
27
7
9
0
27
18
13
44
5
26
36
29
9
11
19
19
19
31
10
21
8
26
23
5
32
11
27
11
16
16
10
17
7
8
17
0
16
15
16
11
20
19
12
11
15
5
18
15
17
10
16
16
16
17
19
9
14
17
29
8
0
12
16
5
11
18
20
25
20
18
13
10
9
6
8
12
19
7
26
13
2
7
8
15
16
6
9
22
7
5
14
9
3
1
9
8
2
19
1
11
10
18
12
17
11
11
0
11
0
0
16
7
0
11
7
7
10
9
6
6
18
9
8
0
4
1
0
0
8
11
1
14
0
0
7
7
8
13
8
10
10
0
0
6
5
6
9
17
0
6
12
4
8
4
0
10
0
9
12
10
7
0
3
19
1
5
0
8
4
13
7
0
6
2
7
0
0
3
12
4
7
0
0
4
2
5
0
9
7
0
5
0
15
1
0
0
3
0
2
0
0
6
6
3
8
5
12
1
0
12
0
2
4
2
0
5
1
4
3
0
6
0
3
3
0
0
7
1
2
0
4
2
1
7
6
6
2
0
0
0
7
4
1
0
7
9
1
6
1
11
5
2
0
8
0
4
3
2
15
5
1
0
3
4
0
0
6
7
0
6
1
1
0
7
3
5
0
1
2
0
0
9
8
9
2
4
0
0
8
0
5
4
3
7
6
0
2
5
4
7
2
1
13
0
0
0
6
1
6
10
0
0
0
4
0
3
0
1
1
1
0
0
1
9
3
2
6
3
3
0
0
7
1
0
2
0
5
5
0
0
1
4
0
1
2
0
3
3
0
6
9
8
0
0
13
7
0
0
0
2
2
0
5
4
0
3
0
0
0
0
0
4
1
6
0
8
11
0
0
0
6
3
5
2
5
2
0
9
8
4
0
4
1
0
5
1
0
2
0
2
0
1
5
6
5
0
1
0
4
4
0
0
0
3
1
4
2
1
1
5
2
2
2
0
1
13
4
2
0
5
0
0
0
0
0
0
0
1
0
3
0
2
2
1
4
2
4
3
0
0
1
3
0
0
3
0
0
3
8
8
3
1
0
3
0
0
2
0
3
0
2
0
0
0
0
7
6
0
6
0
0
1
0
2
0
3
3
2
1
7
0
0
5
5
1
0
0
3
0
2
0
1
1
0
9
0
0
4
3
1
2
4
6
0
4
3
2
7
0
2
0
0
4
0
0
2
4
7
0
3
0
0
5
1
1
0
0
0
0
2
1
2
2
4
0
5
2
0
3
4
3
0
0
0
0
0
0
2
0
2
1
0
0
0
0
1
0
1
3
0
5
0
0
4
0
4
3
0
1
2
3
2
0
0
5
0
1
9
3
0
0
1
0
0
0
0
0
0
0
6
0
1
5
1
0
1
0
0
0
0
0
2
0
2
0
2
3
1
2
1
1
0
1
0
3
7
1
1
0
2
1
0
4
1
0
0
5
0
4
2
0
0
0
0
4
1
0
0
0
1
1
0
0
0
1
0
4
6
2
0
3
5
4
0
0
3
4
0
1
0
4
0
0
0
4
1
4
0
0
0
0
2
2
0
0
2
0
0
0
0
0
6
0
1
0
1
0
0
0
0
0
4
0
0
0
1
2
1
4
2
3
6
2
1
6
0
0
6
0
0
4
0
1
0
0
0
0
2
0
2
4
1
0
1
0
0
0
0
0
3
0
0
0
0
0
0
6
5
5
8
1
0
0
0
0
1
0
0
2
0
4
2
0
1
6
0
2
0
0
0
5
0
1
0
0
4
5
0
0
0
0
0
0
1
0
0
0
0
0
0
0
0
5
1
0
3
4
4
1
0
3
0
1
0
0
1
0
0
2291
0
