../2_Decay/DataFilesGe/Decay/415288G2.TXTBackgroundRemoved 
0
0
0
0
0
0
0
0
0
0
0
0
0
0
56
356
13
14
18
0
6
19
30
3
17
11
36
8
21
25
34
4
14
1
22
15
17
33
20
19
5
23
51
3
0
4
6
11
25
13
11
16
5
8
20
0
18
7
28
0
14
6
14
0
12
4
17
17
40
18
5
19
21
0
25
2
11
17
9
22
25
33
19
33
5
36
25
18
18
23
20
25
4
39
16
12
22
2
18
45
10
59
5
34
25
35
60
24
42
27
11
27
40
21
5
29
28
19
34
38
53
9
26
34
54
49
2
25
35
0
14
37
3
51
9
42
51
33
4
3
16
34
19
26
24
36
40
31
19
19
31
10
50
19
35
20
34
11
19
24
24
25
9
31
14
24
7
2
18
22
18
31
10
26
42
5
40
16
16
16
16
0
1
14
6
0
28
24
20
7
12
0
12
27
24
25
25
6
23
21
9
0
21
5
28
38
9
0
30
11
22
0
14
14
4
0
3
14
11
0
1
20
15
1
27
8
12
13
0
21
4
18
30
12
8
39
14
5
19
0
21
10
0
6
7
18
1
10
0
12
8
29
0
14
0
9
10
4
21
16
2
11
0
0
0
5
1
12
9
0
10
2
21
12
0
6
9
16
16
4
13
18
22
14
7
11
0
5
15
10
5
17
7
11
4
0
3
5
12
0
11
7
3
12
7
0
2
0
14
10
0
11
0
0
5
7
0
6
17
5
5
4
11
8
13
12
0
8
3
6
0
0
2
0
0
0
10
0
5
5
0
4
9
1
7
19
0
1
4
2
12
0
0
13
10
15
0
8
6
1
0
10
8
2
0
9
7
0
0
0
0
0
8
0
5
0
6
5
3
0
4
0
9
0
6
0
5
4
4
0
0
13
7
0
0
17
2
0
12
2
4
6
0
0
9
0
6
11
0
2
0
5
4
4
2
8
5
3
10
0
5
0
7
2
0
7
0
3
1
5
0
0
0
3
0
3
0
0
4
0
0
5
0
4
3
0
0
11
2
3
0
3
0
1
3
6
7
0
1
4
7
2
0
4
2
0
4
5
1
3
2
1
2
4
4
3
0
5
1
0
6
0
1
2
2
4
2
2
6
4
1
3
1
5
4
3
12
7
0
0
2
0
6
0
2
9
0
1
4
1
1
0
7
2
5
0
3
0
2
0
2
5
0
4
0
1
6
0
2
6
5
4
4
5
0
0
0
7
0
0
3
0
0
0
3
0
4
0
1
7
0
0
0
0
0
4
0
0
6
3
2
2
2
3
7
9
0
3
5
3
0
4
0
0
0
0
0
0
4
2
3
5
0
0
0
0
2
0
10
18
5
0
0
6
0
1
2
1
4
0
4
0
0
2
0
0
4
0
0
0
3
4
10
0
4
0
6
0
6
0
2
0
0
0
0
0
0
1
0
0
2
3
0
0
2
0
0
6
0
7
0
0
0
2
0
0
2
0
0
2
0
5
0
0
0
1
2
3
4
1
1
1
0
0
5
4
0
0
3
2
0
0
0
4
1
7
9
0
1
2
0
0
3
4
3
0
0
0
0
0
0
0
6
0
4
0
1
2
2
6
0
8
0
2
0
0
0
0
4
0
0
1
0
0
3
1
0
2
6
0
2
4
1
0
2
2
0
2
0
3
2
4
1
3
0
0
2
0
1
13
3
1
1
0
0
1
3
4
0
0
0
1
0
3
0
2
4
2
2
0
0
3
4
1
0
0
0
0
0
1
3
2
1
0
4
2
2
4
0
0
3
0
5
0
4
0
0
1
0
1
0
1
2
4
0
4
0
3
2
0
0
4
0
4
0
4
0
0
4
0
7
1
0
0
0
5
0
0
0
0
0
2
0
4
0
5
0
1
0
7
1
0
0
1
0
2
0
0
1
2
0
0
4
3
0
0
0
4
6
0
2
0
2
0
4
0
0
0
3
0
2
0
0
0
0
4
3
0
0
0
3
3
2
0
0
7
15
0
0
4
0
0
0
4
2
0
1
3
0
0
1
0
3
3
0
2
4
2
1
1
0
0
0
0
1
0
0
0
0
0
0
0
0
2
0
5
4
0
3
0
2
1
2
1
1
2
0
1
0
4
3
3
0
0
6
0
0
2
0
0
0
0
0
0
3
0
2
5
7
0
6
2
0
4
0
3
0
2
0
3
0
0
0
6
5
0
0
0
0
0
0
3
0
0
2
4
0
1
1
0
1
0
0
0
4
0
4
2
0
0
0
0
4
0
1
0
1
0
0
0
0
3
0
0
0
0
0
2
4
0
4
0
1
5
0
1
0
0
3
2
0
1
1
1335
