../2_Decay/DataFilesGe/Decay/415272G2.TXTBackgroundRemoved 
0
0
0
0
0
0
0
0
0
0
0
0
0
1
38
130
8
4
8
21
5
0
12
7
9
6
12
13
15
33
13
18
9
0
0
9
5
11
0
9
27
18
12
9
0
2
5
31
4
22
17
30
2
1
8
7
20
11
7
0
23
18
19
8
35
1
22
16
0
15
0
6
29
19
0
0
0
26
25
22
4
23
0
15
28
13
9
20
22
0
23
2
0
20
32
20
27
19
10
30
1
40
0
36
31
17
32
19
17
20
9
10
11
0
15
31
23
9
31
33
40
0
15
42
18
16
0
0
48
33
5
15
0
1
30
27
27
21
24
43
21
30
35
20
40
18
36
2
30
59
17
13
33
1
28
32
29
7
22
12
17
18
14
1
22
36
25
11
33
29
29
16
10
22
31
19
17
19
22
18
14
0
4
27
0
11
15
15
11
37
19
20
5
40
33
31
7
13
0
26
32
12
20
29
24
16
9
15
33
5
25
0
13
14
17
4
4
3
20
0
4
17
4
4
28
1
7
10
20
13
2
10
11
5
8
11
6
18
8
0
25
1
9
29
4
17
0
4
7
0
25
5
0
9
3
18
11
7
0
13
19
7
3
0
0
9
7
13
1
6
0
12
0
9
10
0
0
13
14
17
8
3
4
6
2
18
0
12
12
0
16
5
26
9
13
0
0
0
5
0
20
9
0
9
12
6
11
0
2
11
0
1
0
14
1
17
2
0
9
14
8
0
0
0
0
7
0
3
2
0
13
5
0
4
6
0
0
4
0
10
0
6
11
7
1
14
12
0
3
1
9
9
6
8
1
4
1
5
3
0
3
10
6
0
7
0
8
6
2
5
0
8
4
0
12
0
4
6
0
3
1
0
9
10
8
1
2
0
6
2
8
4
7
2
0
0
0
0
1
5
1
0
4
5
3
0
0
10
5
0
10
2
8
0
1
0
0
4
5
7
0
2
0
5
0
0
4
1
0
3
1
1
2
0
0
0
0
2
4
1
4
0
5
2
3
0
4
2
5
2
0
1
0
1
0
5
0
0
8
4
5
0
7
0
2
8
7
5
3
1
2
2
0
4
1
0
0
0
1
1
4
4
0
2
1
9
4
1
0
6
0
0
1
1
2
4
6
6
11
1
1
2
2
2
0
0
7
2
0
2
1
6
8
4
5
0
0
7
0
2
8
0
0
6
4
0
3
0
0
0
0
2
0
5
0
0
0
0
0
0
0
2
0
3
0
6
5
0
0
2
0
0
0
4
0
1
0
0
1
4
0
6
2
4
5
2
9
2
0
9
0
3
3
1
0
1
0
0
0
0
0
1
5
0
1
4
5
6
0
9
0
1
0
0
1
1
0
2
5
0
0
3
1
3
0
1
0
3
0
2
0
0
0
0
0
0
7
1
0
0
0
0
0
3
0
0
0
3
2
0
2
0
0
4
6
4
9
1
1
9
0
0
0
0
1
2
0
3
0
0
4
8
0
1
3
0
4
0
0
0
0
0
1
6
0
0
0
1
3
0
0
0
2
1
3
3
8
3
4
0
0
0
3
0
0
0
1
4
1
0
2
0
1
0
2
0
0
1
2
2
3
0
2
1
0
4
0
4
0
2
4
3
4
0
0
5
0
0
2
1
0
0
0
1
0
2
0
3
1
0
0
3
1
3
0
1
1
4
0
0
3
1
0
0
0
0
3
0
0
0
0
0
0
0
0
0
4
0
0
3
0
0
1
2
4
0
1
1
0
0
1
4
4
3
0
3
0
1
0
1
0
0
6
0
0
1
2
4
1
1
0
0
2
0
0
3
0
1
0
2
0
0
0
3
0
2
0
0
1
0
0
0
2
0
0
1
2
1
0
1
5
2
0
2
0
3
1
0
0
0
0
3
2
2
0
3
0
3
2
1
0
0
2
0
0
0
0
0
5
0
2
3
4
0
0
0
0
4
0
1
0
0
0
2
4
0
3
1
2
3
1
3
0
0
5
2
1
5
0
2
0
0
1
9
5
0
0
1
0
4
1
4
1
0
0
0
0
0
4
1
2
0
0
0
0
0
0
4
3
3
0
0
6
0
0
3
0
0
2
0
0
5
0
0
1
5
0
0
0
1
0
1
3
2
1
1
0
1
1
3
0
0
1
0
0
1
1
2
0
0
0
1
1
0
0
0
0
2
2
4
0
2
1
1
0
0
0
0
1
0
0
0
0
1
1
0
0
1
2
2
2
3
0
0
2
0
3
0
0
3
1
0
0
0
0
0
0
1
0
2
0
0
0
0
0
1
2
1
1
1
0
1
2
3
0
0
0
0
2
0
0
0
2057
0
