../2_Decay/DataFilesGe/Decay/415276G2.TXTBackgroundRemoved 
0
0
0
0
0
0
0
0
0
0
0
0
0
0
113
693
124
99
94
74
11
22
12
9
20
6
13
20
11
16
4
0
21
6
3
1
11
0
6
2
11
1
26
9
1
10
8
0
0
2
12
3
7
23
1
0
0
0
15
17
10
0
29
1
13
3
0
10
8
21
7
25
36
0
0
4
6
31
2
30
21
2
28
0
4
8
15
42
18
22
44
16
21
37
29
0
27
9
25
9
0
32
3
33
14
10
27
31
17
2
30
13
37
10
37
46
0
32
11
5
41
34
35
20
0
16
17
44
30
22
6
14
8
19
0
28
25
29
11
28
19
15
37
30
33
20
45
17
20
11
44
28
19
0
14
27
10
26
29
38
9
22
4
3
28
11
23
12
23
22
20
20
17
12
48
17
3
18
0
18
13
0
10
4
0
1
19
8
0
8
8
3
1
26
36
20
5
21
0
21
5
23
8
13
18
16
0
3
33
13
0
0
9
0
3
12
0
2
12
10
5
13
12
0
17
0
5
6
18
4
15
1
8
15
23
15
54
28
0
0
18
0
2
11
8
10
0
0
10
0
11
12
2
16
7
13
10
0
7
1
13
6
0
7
4
17
6
8
0
3
4
15
5
23
5
3
3
0
5
0
9
8
22
4
7
3
1
3
4
21
10
3
0
10
0
7
0
0
2
0
2
6
0
6
0
7
8
7
7
7
8
14
1
10
19
2
0
0
12
4
3
7
0
4
4
5
0
0
0
3
14
4
4
4
0
0
11
4
6
1
2
0
12
31
0
0
0
0
4
2
12
6
0
4
2
0
0
8
2
1
0
0
1
2
0
2
6
0
0
0
1
1
0
2
7
0
10
2
0
10
0
0
2
6
14
0
6
0
1
0
7
5
3
0
4
6
0
3
9
7
0
2
0
0
6
1
6
0
0
0
13
0
9
4
7
4
3
0
2
0
1
3
2
0
0
5
2
0
0
6
0
2
4
0
0
5
1
5
0
0
1
2
0
1
4
1
4
4
6
3
0
0
0
5
0
1
0
0
4
7
3
0
0
3
10
4
0
0
2
7
1
0
7
1
2
5
0
0
3
0
1
4
4
0
0
0
4
1
0
0
0
9
13
23
9
0
0
0
0
0
0
8
5
0
0
5
0
0
1
3
2
1
5
3
1
0
1
2
0
4
1
1
2
4
1
0
4
0
6
0
0
11
0
0
3
0
0
2
0
3
2
0
0
0
0
3
0
0
1
3
7
0
5
5
0
7
2
4
0
11
8
17
2
0
0
0
0
0
10
5
1
0
2
0
0
0
0
0
1
1
0
3
0
2
15
23
16
8
5
0
0
0
0
1
0
1
0
0
1
3
0
2
1
1
0
0
2
2
6
1
3
3
0
0
0
1
1
0
1
0
0
0
3
1
2
0
2
0
0
4
0
5
0
9
14
17
1
4
0
0
0
0
6
4
1
0
0
4
0
0
1
6
2
3
0
0
5
3
1
3
5
3
0
2
4
2
1
1
3
0
0
2
0
0
3
0
3
0
0
0
0
0
1
0
0
0
0
0
2
0
1
0
3
0
1
0
6
0
0
2
1
5
1
2
0
1
1
2
1
0
2
1
1
1
3
0
0
0
0
4
0
2
3
0
3
1
0
1
0
0
8
4
1
2
0
3
1
0
1
0
0
0
1
2
0
2
0
1
0
0
0
1
0
0
3
0
0
0
0
0
0
1
4
6
0
2
0
0
0
1
0
0
0
1
2
0
0
0
0
0
0
1
1
1
0
0
1
4
0
0
4
0
0
1
0
3
3
3
2
0
0
2
3
0
2
1
0
1
0
0
0
0
0
0
0
0
0
1
0
0
0
4
3
3
0
1
0
0
0
0
0
0
0
0
5
1
0
1
3
4
0
0
2
0
1
0
1
1
0
1
1
0
0
2
0
0
0
0
0
0
0
0
0
0
0
0
2
0
2
1
10
9
1
1
0
0
0
0
0
0
0
1
1
1
0
1
0
3
1
1
1
1
0
0
1
3
0
0
0
0
0
4
0
0
0
4
0
4
0
1
2
2
0
0
0
1
0
3
2
2
5
3
2
1
1
3
2
1
0
0
0
0
0
0
0
0
0
1
1
0
0
0
0
1
0
0
4
0
0
2
0
0
2
0
0
0
0
1
0
0
0
0
0
1
0
0
0
2
1
0
1
3
0
0
0
3
0
0
1
1
0
0
3
3
1
0
2
5
0
3
2
0
0
0
1
0
0
0
1
2
0
0
0
3
2
0
2
1
0
0
2
0
3
1
2
0
0
0
0
0
0
0
2014
0
