../2_Decay/DataFilesGe/Decay/415207G2.TXTBackgroundRemoved 
0
0
0
0
0
0
0
0
0
0
0
0
0
0
20
308
115
72
46
29
4
16
0
7
0
7
25
17
15
23
10
0
10
8
12
19
30
0
26
17
25
9
21
5
8
24
8
2
0
0
20
11
0
8
22
18
9
15
18
0
25
32
6
2
12
4
7
40
24
32
56
56
46
0
3
12
6
5
2
0
5
1
12
0
0
0
7
18
17
0
16
0
5
9
44
0
50
16
27
34
0
2
3
43
17
12
28
0
22
20
0
31
30
20
10
0
2
36
16
24
4
45
38
46
35
16
0
0
34
10
0
24
16
24
4
13
20
23
15
10
7
42
39
0
22
2
23
11
26
28
31
0
26
19
23
13
18
18
9
7
32
31
28
22
7
16
18
13
27
21
12
8
0
22
24
9
16
17
5
3
0
10
0
6
3
7
6
7
0
0
7
11
2
19
15
21
3
13
21
3
1
0
11
4
11
22
0
13
17
0
11
17
3
30
0
3
16
21
14
9
0
2
13
0
14
6
0
5
19
16
0
7
0
5
30
13
2
0
4
0
8
0
2
21
10
7
0
9
20
0
5
5
9
19
0
7
3
7
12
9
2
7
0
7
0
0
9
3
4
0
0
7
0
8
0
10
0
0
9
3
0
12
19
4
7
4
14
8
2
5
2
10
3
13
6
8
0
0
0
11
2
5
0
10
12
4
14
0
7
1
6
2
0
3
13
0
0
0
9
10
0
2
0
0
3
5
7
0
15
2
1
4
3
12
1
0
2
0
0
5
6
8
1
0
2
3
0
4
0
6
7
5
10
3
3
6
5
12
7
5
0
9
11
6
10
6
16
0
2
6
0
0
5
1
6
4
2
0
0
2
4
0
3
0
0
0
5
3
0
0
0
1
7
4
4
0
3
1
1
7
0
8
0
4
3
0
1
7
0
0
5
1
0
3
0
7
0
8
2
7
1
0
0
0
0
0
0
0
0
1
0
0
0
2
1
0
3
5
4
0
0
4
0
5
4
0
1
6
1
0
0
0
0
0
3
6
4
0
5
3
0
3
9
5
5
7
4
2
1
3
1
0
8
1
0
3
4
2
0
0
0
3
7
0
0
3
0
5
3
0
0
5
0
6
0
8
2
2
0
0
3
0
1
1
0
0
1
1
2
0
0
0
5
1
1
1
5
0
2
4
5
0
0
5
7
0
0
1
0
0
8
0
0
3
4
0
6
0
5
3
3
2
3
0
0
0
0
4
1
0
2
2
0
0
3
7
4
0
1
2
0
1
0
2
1
4
7
4
0
0
0
1
0
0
0
0
0
0
0
1
4
0
1
1
0
0
3
0
0
19
0
7
2
0
4
1
0
0
6
0
0
1
0
2
0
0
3
1
5
0
4
4
0
0
2
4
3
1
2
1
3
2
0
6
0
0
0
2
2
0
0
3
1
0
1
0
0
7
4
0
2
6
2
4
4
0
1
4
0
0
3
9
0
2
0
0
5
0
4
0
1
0
0
3
3
4
0
0
4
0
0
4
5
1
0
2
0
3
1
0
0
0
0
0
0
0
2
0
1
0
0
0
4
2
0
0
0
0
0
3
2
0
3
7
0
0
0
0
5
0
0
0
7
2
0
3
0
0
3
1
0
0
0
0
2
5
2
1
2
0
0
2
1
1
0
0
4
0
0
0
2
0
1
1
0
1
2
2
0
0
1
0
0
2
4
0
2
0
3
1
1
2
3
1
1
1
0
0
3
2
0
1
0
3
3
1
0
0
0
2
4
0
1
1
0
2
2
4
2
1
0
0
1
1
0
1
3
6
5
0
0
0
0
0
0
2
0
3
0
0
0
1
0
1
0
0
0
0
1
1
0
0
1
1
0
4
0
0
0
2
0
0
1
4
1
4
0
2
1
0
2
3
3
0
0
0
0
0
0
1
1
0
0
3
0
1
0
3
2
0
0
0
0
0
0
0
1
0
4
0
4
1
2
0
1
0
0
0
2
0
1
2
1
4
2
0
0
0
0
0
0
0
0
0
1
1
0
0
1
2
2
0
1
0
3
2
0
1
1
0
0
4
0
0
0
4
1
0
0
2
4
2
1
0
1
3
2
0
0
1
2
0
0
6
0
0
2
1
0
0
0
1
0
0
0
0
3
3
1
0
1
1
1
0
0
0
0
0
0
0
0
0
4
0
0
2
0
0
0
0
0
0
1
0
1
0
0
0
2
0
0
0
1
0
0
1
3
3
0
0
0
0
4
0
0
0
0
0
0
2
0
0
0
0
0
0
0
2
0
0
0
2
1
0
0
1
2
0
4
0
0
0
0
1253
