../2_Decay/DataFilesGe/Decay/415267G2.TXTBackgroundRemoved 
0
0
0
0
0
0
0
0
0
0
0
1
0
0
42
376
182
116
90
52
54
7
35
35
30
4
33
33
25
18
18
5
30
12
4
28
6
10
15
15
26
23
13
6
19
21
21
22
22
15
14
7
4
20
1
1
23
24
21
34
31
27
9
6
43
6
11
14
14
8
11
14
18
22
14
23
1
14
17
17
8
18
5
21
21
28
26
30
28
39
27
33
52
24
33
29
28
19
37
19
45
42
24
52
26
16
41
22
2
34
43
29
45
41
20
21
42
31
26
19
61
33
89
27
64
32
38
23
52
26
35
55
18
39
49
51
29
18
44
39
40
11
42
56
35
27
36
36
31
20
24
38
35
14
40
12
40
18
54
38
18
22
6
14
33
15
53
24
31
18
10
20
47
43
52
30
23
40
6
10
24
25
24
23
18
25
18
8
12
32
28
16
16
28
24
24
24
31
35
5
23
0
19
1
26
20
23
0
26
33
23
23
8
25
15
5
10
13
19
21
10
30
6
17
17
4
12
0
17
6
15
15
14
8
16
20
20
3
25
6
28
7
5
12
18
18
11
20
13
13
26
16
21
8
11
9
13
8
11
9
12
19
19
13
11
14
2
21
9
9
9
10
3
13
12
7
2
7
9
11
4
11
11
4
13
24
9
9
1
6
4
0
18
16
14
12
12
5
17
6
3
19
19
1
8
2
1
11
2
10
7
16
0
8
12
13
3
1
17
21
2
6
6
6
11
11
13
3
3
1
11
13
6
6
8
8
8
2
2
10
5
15
6
12
10
17
8
3
2
7
9
2
7
3
8
7
5
8
8
2
2
15
15
6
6
5
9
6
6
0
0
6
13
11
9
9
5
15
12
0
0
0
8
3
5
1
7
3
11
11
11
7
2
3
3
2
0
0
4
4
1
10
2
2
14
14
4
2
2
1
7
5
6
2
2
1
9
9
2
0
5
0
1
7
3
3
8
4
4
4
1
1
1
0
4
1
3
3
3
0
3
1
4
1
2
2
2
1
0
6
6
4
4
6
1
0
0
3
4
6
6
1
1
5
7
5
1
0
8
0
0
3
2
2
1
4
1
2
4
0
0
14
4
2
2
2
5
0
10
8
8
3
10
10
4
9
2
8
2
2
2
2
3
3
1
10
2
6
6
5
10
7
6
5
2
3
2
2
2
1
3
0
0
8
0
0
3
0
0
3
0
2
2
3
3
0
0
3
1
4
1
2
1
4
1
1
3
6
1
6
3
7
3
0
0
3
3
3
8
3
1
4
4
8
17
4
0
1
5
5
0
0
0
8
3
3
1
1
3
3
2
1
1
1
1
1
3
5
0
12
12
12
12
5
1
1
3
0
2
2
2
6
1
6
6
6
8
2
4
0
0
0
9
9
9
4
1
0
0
0
0
0
2
2
4
4
4
1
1
0
3
3
3
2
2
2
0
2
2
7
7
2
2
3
0
0
1
0
0
5
5
1
2
1
1
3
3
2
1
0
7
7
7
4
4
4
1
5
1
1
1
0
0
0
7
7
2
0
5
1
1
4
0
0
1
5
0
0
0
5
5
0
1
1
3
0
3
3
2
2
3
4
4
4
4
4
3
1
1
1
1
1
4
2
2
1
0
3
1
2
2
2
2
2
3
4
0
1
2
2
2
2
4
1
1
1
3
1
1
1
8
3
0
1
1
3
2
7
2
2
2
3
5
5
3
6
3
2
4
4
3
3
1
1
3
1
1
1
1
1
3
3
7
7
7
1
1
6
6
2
5
5
1
1
1
1
1
2
2
2
2
3
1
0
1
7
4
2
2
2
2
2
1
1
1
6
0
3
0
0
2
0
1
1
1
1
1
1
1
1
1
3
3
3
4
1
8
8
8
8
8
2
5
1
1
0
1
3
4
1
2
2
4
4
4
5
5
1
1
6
0
1
1
1
1
3
1
1
0
0
1
1
2
2
2
1
5
0
1
1
6
2
2
2
2
2
6
6
6
6
1
1
2
1
7
2
2
2
2
3
1
0
0
3
3
3
3
1
2
2
2
1
0
0
0
4
0
1
0
0
1
0
0
0
0
0
0
0
0
0
0
2
6
6
4
2
4
5
5
2
1
5
5
5
3
0
0
3
1
1
1
0
0
0
0
1
1
1
1
1
4
4
5
0
1
2
2
2
0
2
3
0
2
5
5
2
2
2
2
0
0
2
2
2
2
0
0
0
0
2
2
2
6
1
2
3
2
0
1
1
4
0
0
0
0
2
1
0
1
2
2
4
0
0
1
1
1
0
0
0
0
3
2
4
1
1
1
1
1
0
0
1
2106
2106
