../2_Decay/DataFilesGe/Decay/415242G2.TXTBackgroundRemoved 
0
0
0
0
0
0
0
0
0
0
0
0
7
0
21
178
80
16
21
16
35
43
18
0
0
14
11
16
0
17
9
2
0
0
0
5
10
9
0
4
12
18
3
0
0
2
0
0
5
0
0
2
0
0
0
2
6
0
16
0
13
8
0
0
0
4
26
14
0
0
11
0
0
0
14
11
6
0
6
0
0
11
8
12
0
5
0
17
9
0
0
0
5
4
16
0
6
5
6
0
0
46
0
16
0
5
34
0
16
3
20
8
19
9
1
4
12
4
0
0
17
0
0
34
0
10
0
3
12
0
0
10
0
20
31
6
34
15
8
31
0
11
12
43
25
0
44
0
14
35
13
21
6
22
13
20
0
27
1
16
0
8
0
0
0
7
14
0
15
0
17
11
11
15
14
13
5
6
6
15
26
5
0
5
24
3
12
6
29
3
9
1
9
18
9
8
20
12
0
0
0
16
14
7
1
19
16
3
9
4
18
0
9
10
12
9
0
0
20
7
0
18
0
4
15
3
0
5
19
6
0
13
9
15
1
13
13
0
18
0
19
3
6
12
3
3
0
7
3
4
12
8
0
7
0
1
0
1
0
0
4
13
3
0
0
5
1
16
11
0
0
7
4
0
3
9
8
0
0
4
6
4
14
3
8
11
9
2
5
3
13
0
5
12
0
0
4
3
9
2
1
12
0
10
0
0
3
0
17
14
8
6
4
0
6
2
3
0
4
1
4
0
2
0
0
10
2
0
0
0
6
0
2
10
10
0
0
1
0
0
0
2
0
0
8
2
0
0
9
1
6
3
0
0
0
0
4
7
1
1
0
6
0
2
3
3
7
0
2
0
0
4
6
3
2
7
0
9
4
0
0
4
3
4
14
3
7
3
3
0
0
9
4
9
1
0
0
0
0
5
4
1
0
0
2
0
2
1
3
0
0
6
0
0
0
0
0
11
3
0
1
3
1
0
0
5
6
0
0
4
0
0
2
1
4
8
7
5
0
0
0
5
0
0
0
0
1
2
5
0
0
6
0
0
1
0
2
1
0
7
2
0
0
6
6
0
3
2
0
4
2
3
4
0
5
0
0
0
0
0
4
8
1
1
0
5
0
0
3
0
0
0
0
2
0
0
6
6
1
0
4
3
11
4
1
0
4
0
0
6
0
2
10
6
6
0
4
0
0
0
2
9
0
3
0
0
3
0
0
0
0
4
0
0
0
0
0
1
0
0
3
3
4
0
3
0
3
0
0
0
1
0
0
0
0
2
2
5
10
5
3
0
8
0
7
0
0
0
2
3
3
1
0
0
0
0
4
6
1
3
0
1
0
0
0
5
0
0
3
0
6
0
0
0
2
4
4
0
0
0
1
1
3
4
0
0
1
1
3
2
0
2
0
0
0
0
0
0
5
1
0
0
0
4
0
0
2
0
0
1
0
5
1
3
4
1
0
4
7
2
8
3
0
0
5
0
0
0
0
0
0
1
0
0
0
4
2
1
0
2
6
0
0
0
0
3
0
1
1
1
0
0
4
7
1
0
3
1
0
0
0
0
0
0
4
0
0
0
0
0
0
1
1
0
1
0
0
0
0
0
5
0
5
1
0
4
1
3
0
1
1
3
4
5
0
1
0
4
2
2
0
2
2
0
0
1
1
2
0
0
2
3
3
0
2
0
1
1
1
3
0
2
2
0
0
5
2
0
2
3
0
0
0
0
0
2
4
1
0
0
0
0
0
0
0
0
0
0
0
0
0
1
0
1
0
0
0
5
0
5
2
1
2
0
0
3
2
0
3
0
0
0
0
1
0
0
2
0
1
0
0
1
0
0
0
4
0
0
3
0
0
2
0
1
0
0
0
0
0
0
0
1
0
0
1
3
0
0
1
1
2
1
2
0
5
0
1
3
0
2
0
0
0
0
0
1
1
0
3
1
0
0
2
2
1
1
0
0
4
2
0
0
0
0
0
0
7
1
0
0
0
0
0
0
1
3
0
0
0
0
0
1
2
5
2
0
2
1
0
0
0
3
0
0
3
5
4
0
2
0
0
3
1
0
1
0
0
0
2
0
2
3
0
0
0
2
0
3
2
1
0
0
3
1
0
1
3
1
0
0
4
0
2
2
1
0
0
3
3
0
0
2
0
0
0
0
0
0
2
1
0
2
2
0
2
0
0
1
0
0
0
0
4
4
3
3
0
0
0
0
0
2
0
0
0
0
0
3
1
2
2
2
0
0
1
2
0
1
0
0
0
0
0
0
0
0
5
0
0
1
1
0
1
0
0
0
0
0
0
0
0
0
2
0
0
1
2
1
2
1
0
0
4
1193
