../2_Decay/DataFilesGe/Decay/415293G2.TXTBackgroundRemoved 
0
0
0
0
0
0
0
0
0
0
0
0
0
1
20
44
30
39
58
39
33
38
20
0
34
14
6
14
21
19
19
19
33
3
9
28
5
24
21
9
7
12
15
15
15
0
16
16
6
32
10
14
24
5
13
13
6
2
8
8
15
15
23
19
17
39
5
28
4
10
6
23
29
10
10
23
0
32
32
32
12
48
11
18
18
20
26
33
38
10
36
38
48
65
16
8
16
8
34
34
20
29
18
42
40
25
29
25
25
40
25
40
22
43
2
22
36
17
33
9
36
43
53
25
33
42
35
18
51
12
25
42
25
18
13
45
41
43
31
31
38
49
46
22
39
19
55
3
41
33
8
21
20
43
26
26
56
24
43
47
21
21
23
9
21
29
15
14
23
31
16
17
21
40
39
11
35
10
16
16
19
10
18
34
10
25
25
8
24
15
13
7
6
47
43
24
9
16
26
20
16
17
15
25
27
20
13
16
23
16
25
8
31
28
3
11
5
20
7
7
6
19
19
2
24
22
5
27
18
12
18
18
30
3
13
23
25
11
35
6
17
17
19
16
5
7
0
4
13
13
13
26
10
13
12
10
10
7
0
11
26
9
8
21
5
14
2
14
2
12
2
10
0
12
5
3
1
14
12
27
6
7
12
4
9
16
5
8
8
14
7
8
4
7
15
1
1
7
5
10
4
11
9
9
12
3
3
6
16
5
3
8
15
15
10
12
7
7
10
9
7
7
7
8
0
11
11
3
9
10
2
13
10
2
3
8
8
16
0
10
10
11
5
5
2
35
35
35
6
0
0
7
16
3
3
2
2
21
10
12
12
12
0
4
5
12
9
9
9
5
5
10
3
6
3
3
4
3
0
0
0
9
13
0
2
1
3
3
3
3
7
6
13
0
0
8
8
2
1
3
1
1
1
6
9
9
7
4
2
4
7
7
5
4
3
3
2
4
4
4
0
6
1
4
4
4
3
2
2
0
0
4
4
7
7
9
4
7
7
7
2
2
8
0
0
1
1
2
1
5
4
0
0
2
4
9
9
9
2
3
1
3
1
4
2
2
1
2
2
1
0
0
8
5
2
4
2
5
5
5
6
1
3
1
1
2
4
2
2
7
3
2
9
9
6
7
5
5
0
0
0
4
5
5
5
5
4
3
3
1
7
0
1
4
4
1
1
1
1
1
2
2
7
1
1
3
3
3
3
0
0
0
0
5
6
0
1
3
6
1
1
5
1
1
4
2
1
1
1
1
7
7
5
5
4
6
2
0
2
5
2
1
0
7
11
11
0
5
6
8
1
1
1
2
4
4
5
5
0
11
3
2
0
0
0
0
7
2
9
6
4
4
1
3
2
1
10
10
1
1
0
6
0
6
6
7
5
5
0
0
0
0
1
4
4
3
6
3
3
3
0
0
0
2
2
1
3
3
5
5
5
5
5
0
0
0
0
0
0
8
8
8
1
1
1
0
4
2
2
0
4
4
0
0
1
5
5
5
5
0
0
0
0
9
0
4
4
4
5
0
0
0
0
0
2
2
7
1
4
2
0
0
1
1
1
1
1
1
2
2
0
0
0
0
2
2
0
0
0
3
1
1
7
2
2
2
1
0
1
2
0
0
1
1
1
2
1
1
2
2
0
3
3
1
1
1
3
2
4
4
2
3
2
2
2
0
5
6
2
2
5
5
5
5
5
3
3
0
2
2
2
4
4
4
0
4
0
1
2
2
2
1
1
1
3
2
0
2
1
1
1
1
1
6
2
2
0
0
1
5
5
2
1
1
2
2
2
5
0
4
0
0
3
2
1
1
2
4
1
1
4
2
1
0
1
5
5
0
0
1
1
0
0
0
0
0
0
1
1
1
0
0
0
2
3
4
4
1
1
1
1
0
2
2
2
2
2
2
2
4
4
4
3
5
5
1
0
1
0
4
0
0
1
3
1
1
1
1
1
0
0
1
0
3
0
0
4
0
3
1
0
1
2
0
2
4
7
7
7
7
2
0
3
3
2
2
2
2
0
2
0
0
4
4
4
1
1
0
0
3
3
1
2
2
3
2
2
2
1
0
3
3
3
0
0
4
0
2
0
0
0
1
3
1
1
1
1
1
1
1
4
2
5
5
1
3
3
3
0
2
2
3
3
4
4
3
1
0
0
0
0
0
2
2
1
1
0
0
0
1
3
0
3
0
3
3
3
3
1
1
1
4
4
8
0
0
0
0
0
3
3
3
0
0
0
4
0
0
0
0
0
3
1
1
2
2
1
0
0
0
3
1
4
4
2
1
0
0
3
0
2
0
4
4
1
1
3
3
1
1
1
1
1
1481
