../2_Decay/DataFilesGe/Decay/415251G2.TXTBackgroundRemoved 
0
0
0
0
0
0
0
0
0
0
0
0
6
0
12
43
0
16
52
27
14
26
9
0
4
8
8
21
6
21
22
8
15
7
0
15
13
7
5
18
17
4
11
1
0
2
0
1
6
15
14
10
12
12
1
0
7
0
15
21
5
11
21
8
8
26
7
20
0
15
0
0
16
0
2
0
0
0
0
0
0
10
21
0
0
11
20
0
15
17
22
19
8
3
24
3
9
20
0
18
35
0
10
25
10
0
35
0
2
30
30
25
0
0
11
18
4
19
14
16
15
17
21
3
2
0
0
27
15
0
15
29
9
2
0
18
23
29
5
21
0
35
31
0
25
2
21
27
24
26
36
29
23
0
0
25
5
14
7
18
10
17
29
10
0
0
13
10
10
0
17
9
8
22
22
17
26
3
8
28
25
0
5
12
0
1
23
15
19
15
20
6
43
17
22
21
4
0
5
23
8
36
13
0
25
7
9
15
17
8
5
2
18
12
16
0
0
0
11
18
12
12
6
0
18
15
7
5
21
13
9
15
16
0
10
19
6
22
32
13
20
14
0
8
11
5
5
15
1
1
15
11
6
2
0
2
8
15
10
6
23
12
9
10
4
14
11
19
13
8
0
14
0
17
4
20
7
18
0
3
10
8
4
6
0
10
12
7
12
13
3
15
20
4
14
5
0
13
5
7
0
10
0
4
0
0
0
0
7
3
4
12
0
12
6
0
0
0
12
10
6
3
2
3
0
3
0
8
6
4
0
18
8
6
4
2
0
3
14
10
0
8
12
0
7
5
10
0
8
11
1
0
3
1
0
2
5
7
2
0
0
4
3
7
0
3
6
7
9
3
0
16
7
0
9
3
3
2
4
0
4
3
6
0
0
0
2
9
2
5
2
2
6
0
1
5
4
0
0
0
0
4
5
9
2
0
0
3
0
0
7
0
3
2
5
4
10
6
1
0
0
1
7
0
0
12
1
6
0
1
0
7
0
0
2
0
4
0
0
0
0
0
3
2
0
0
0
0
9
1
4
0
0
0
6
5
2
0
0
0
3
3
9
0
5
4
5
4
3
5
0
3
3
8
7
1
0
3
4
0
5
3
3
0
0
0
3
4
0
0
0
7
0
5
0
7
6
0
0
0
0
0
9
0
0
3
0
0
5
0
2
3
3
2
4
0
3
3
2
0
2
4
5
3
0
1
0
0
7
0
0
7
4
0
0
0
3
7
3
3
1
0
0
5
0
0
0
0
0
5
2
1
1
0
1
1
2
0
6
4
1
0
5
9
3
2
13
0
5
3
1
4
0
0
2
0
0
0
0
2
0
0
0
0
2
0
2
0
0
0
11
1
4
0
2
0
0
4
0
6
0
0
0
7
1
0
3
1
4
1
0
0
0
0
0
0
2
0
0
0
0
0
0
0
0
0
2
0
2
2
0
3
6
5
9
0
0
2
0
1
8
4
0
0
8
0
0
5
0
0
5
3
0
0
3
5
0
1
0
4
4
0
0
0
0
0
0
0
3
0
0
2
0
5
4
0
3
1
0
0
0
2
0
0
1
0
0
0
2
0
0
0
3
0
0
0
3
0
0
4
6
0
0
6
0
1
3
1
1
0
4
2
0
1
0
7
0
0
0
0
0
1
1
0
0
0
0
3
0
0
1
7
4
1
2
1
1
0
0
1
1
0
2
0
2
4
0
4
0
2
0
8
3
0
7
0
1
2
0
2
0
2
3
4
1
4
0
1
1
0
3
2
0
1
5
0
1
0
0
2
2
0
0
0
0
5
2
5
0
0
0
0
2
0
0
0
0
0
0
3
0
0
0
0
0
5
0
0
1
0
2
0
0
0
0
0
6
1
2
3
4
5
0
0
3
4
1
0
0
0
2
0
1
1
0
1
0
1
2
0
2
0
2
0
0
0
0
3
0
5
4
0
0
4
0
1
0
1
0
1
0
2
0
0
2
0
4
0
2
3
0
1
0
1
0
0
0
0
4
0
0
3
0
1
3
0
0
0
0
3
0
0
1
2
1
0
0
0
1
0
1
2
0
1
5
5
0
0
0
0
0
0
0
2
0
3
3
0
0
2
0
1
0
0
0
3
4
3
2
0
0
1
3
6
0
0
0
3
0
0
1
0
0
0
1
1
0
2
0
1
2
0
0
0
1
0
0
2
0
0
0
1
0
0
0
0
0
0
1
0
1
0
0
0
0
0
0
4
0
0
0
2
0
1
0
3
3
1
0
5
2
0
0
0
0
0
0
0
0
0
0
0
0
1
0
1
0
1
0
0
0
3
1
0
0
0
2
0
3
1
0
0
1768
0
