../2_Decay/DataFilesGe/Decay/415292G2.TXTBackgroundRemoved 
0
0
0
0
0
0
0
0
0
0
0
0
4
0
60
226
158
152
158
127
74
66
12
14
43
20
32
42
19
42
32
6
32
31
15
23
24
9
24
30
20
15
29
13
24
0
0
1
16
11
24
16
16
20
8
13
32
10
26
0
16
17
10
22
28
10
15
34
17
9
24
10
19
11
23
16
17
21
9
17
24
36
24
27
19
11
21
13
26
28
31
21
20
39
37
22
14
27
18
20
28
42
0
47
0
35
38
4
5
28
10
37
22
32
27
11
6
47
31
50
14
6
29
35
23
36
11
22
56
32
22
38
11
21
32
34
37
16
10
16
18
30
43
31
53
26
43
24
19
39
26
37
38
25
22
9
34
9
26
31
32
34
32
18
21
27
25
20
32
16
24
28
28
33
65
23
27
15
26
34
13
19
11
28
0
13
10
14
23
25
28
26
38
19
26
13
6
38
6
37
20
15
16
14
21
20
22
0
33
8
37
9
25
30
0
4
2
14
0
17
8
47
6
7
30
15
7
17
18
15
2
1
18
8
19
21
2
0
26
6
0
15
18
14
19
0
0
17
15
0
2
18
16
19
7
6
16
15
3
21
8
7
4
3
8
13
11
15
13
11
4
11
12
12
2
12
4
12
5
26
1
8
13
10
2
17
15
0
11
1
9
14
17
16
7
6
8
8
12
12
3
3
0
14
0
4
2
0
9
14
9
11
9
2
18
7
0
10
7
6
15
2
9
4
0
6
0
3
1
0
2
8
7
10
0
0
0
18
0
0
0
7
15
10
1
30
8
4
7
1
4
6
0
0
11
5
3
12
15
13
1
10
12
8
2
3
8
2
1
6
0
3
1
1
5
13
0
5
0
0
0
0
5
12
7
0
0
1
3
6
0
2
9
14
4
0
7
0
4
3
0
6
3
1
2
0
1
1
0
0
5
0
15
9
0
4
9
10
1
1
4
19
0
7
5
3
0
0
3
5
0
0
6
0
4
4
10
0
5
1
0
5
2
2
3
3
0
10
4
8
1
0
1
0
0
7
2
0
10
8
5
0
0
0
8
3
8
5
6
0
8
4
5
3
4
0
0
1
0
0
0
0
3
3
2
0
2
11
2
2
0
9
1
2
1
12
22
0
12
0
5
0
3
0
5
3
3
2
6
4
5
8
8
1
0
11
3
4
0
0
5
5
2
4
7
0
6
0
11
1
0
0
2
1
1
0
0
3
0
2
0
2
1
4
2
0
0
0
0
0
1
0
5
3
0
0
0
0
0
4
0
4
3
4
5
4
3
4
3
0
2
2
0
0
5
0
8
4
2
4
3
3
1
0
0
3
0
1
4
7
13
2
2
1
4
0
5
6
0
6
3
3
1
2
0
0
3
1
2
0
0
0
1
0
0
0
2
0
3
1
1
1
0
1
3
1
0
0
6
2
0
0
0
2
12
0
1
4
3
4
0
4
0
4
2
0
0
4
1
0
1
6
1
2
0
1
4
0
0
3
7
4
1
8
2
2
0
0
4
1
0
0
2
2
2
2
0
0
0
0
0
0
0
1
0
0
0
0
3
1
5
0
5
0
2
0
0
1
0
1
0
2
0
2
2
3
0
1
1
0
0
1
4
1
0
3
0
0
15
4
0
0
0
0
1
6
3
0
0
0
0
3
3
2
1
0
3
0
1
2
0
2
2
0
2
5
1
0
0
0
3
2
0
5
5
0
0
1
3
1
0
0
2
0
0
0
0
3
0
5
2
0
3
0
0
0
0
4
0
1
0
2
1
0
0
2
1
1
1
0
1
0
1
0
4
0
0
5
0
0
5
0
3
0
2
5
0
2
0
0
0
2
0
0
0
0
1
2
0
0
0
0
0
2
0
0
2
0
4
0
2
0
1
4
1
0
0
3
0
2
1
0
3
0
6
1
5
6
0
4
0
5
0
0
2
0
1
0
2
0
0
0
2
0
1
0
1
0
0
0
1
2
3
4
4
5
8
0
0
2
3
4
0
1
2
0
0
0
5
2
0
5
0
1
2
6
2
0
1
1
0
1
4
0
0
2
0
0
6
3
0
2
0
1
0
0
1
0
0
0
0
1
3
1
0
5
0
0
0
0
0
5
2
0
0
1
0
0
4
0
0
1
0
0
0
2
0
3
0
4
0
0
4
0
0
1
0
4
3
1
2
1
0
1
0
0
0
0
0
0
0
1
0
0
0
4
0
2
0
0
0
3
0
0
0
1
0
0
0
3
1
0
0
1
0
1
0
4
0
1
2
1
0
1
0
0
1
1
1
0
3
0
0
2
0
0
1
0
2
0
0
0
0
1447
