../2_Decay/DataFilesGe/Decay/415235G2.TXTBackgroundRemoved 
0
0
0
0
0
0
0
0
0
0
0
0
0
0
13
128
13
11
10
29
14
21
12
0
12
0
12
11
18
11
2
4
19
0
10
0
13
6
12
6
20
20
1
9
0
0
14
11
4
1
20
6
9
21
8
0
1
3
9
0
7
11
0
16
2
0
8
0
0
0
0
0
27
1
3
6
0
0
6
2
0
16
12
0
0
0
15
1
25
0
11
8
23
0
1
2
11
0
2
20
13
15
0
13
15
5
18
0
0
0
22
30
12
0
18
2
22
10
9
8
7
0
32
0
7
9
0
27
27
5
12
29
10
12
15
21
13
12
8
28
0
18
23
2
31
0
51
10
34
24
0
0
3
0
34
13
10
0
12
7
32
12
2
0
5
11
0
18
16
12
0
1
11
11
7
0
5
3
31
29
5
13
9
4
0
0
5
1
20
29
0
0
17
18
24
2
15
19
0
0
9
1
7
0
12
18
0
12
32
11
22
0
14
11
0
0
0
7
13
0
0
7
5
5
0
6
20
5
19
8
2
31
0
8
24
0
6
3
31
14
12
0
15
0
0
16
0
0
17
17
4
1
6
0
0
8
0
3
13
0
4
3
10
7
3
0
9
5
6
8
0
0
0
10
3
5
1
3
0
21
0
0
4
9
0
5
5
0
0
6
0
4
8
8
0
0
0
0
0
5
4
13
5
0
10
0
10
0
11
6
13
19
10
3
8
7
1
0
24
9
3
0
2
4
0
4
0
1
5
7
6
0
0
0
0
7
0
0
1
0
1
2
5
7
0
0
8
0
2
0
10
3
0
0
2
1
0
8
4
0
0
7
0
0
1
0
4
0
1
0
0
18
9
2
0
1
3
12
0
0
0
4
5
6
1
0
4
0
1
0
8
9
12
1
0
2
7
3
1
5
0
3
1
0
0
0
0
2
7
0
10
0
13
3
1
0
8
2
9
0
4
8
0
1
0
8
0
3
0
0
0
2
0
0
0
4
2
1
0
1
4
8
3
3
6
0
0
4
7
0
2
5
1
9
0
6
0
0
2
0
1
0
6
3
3
0
0
1
3
0
1
5
3
1
1
0
2
0
0
0
0
4
1
0
3
1
4
1
0
0
5
8
2
6
0
4
0
4
7
0
0
0
4
0
0
0
2
0
0
8
0
5
2
4
0
0
3
0
0
0
7
0
0
0
4
4
1
0
5
0
0
3
0
0
0
0
0
0
0
3
2
2
4
0
0
1
0
0
0
0
0
2
1
1
0
0
0
3
4
2
3
0
1
1
3
9
0
5
0
3
0
0
0
0
4
0
3
3
1
0
0
2
0
4
2
1
1
7
1
0
12
2
0
4
2
4
3
0
1
0
0
0
0
4
0
0
4
1
0
2
0
0
0
0
0
0
4
3
0
1
0
0
1
6
1
0
3
0
3
2
0
4
0
6
5
2
0
3
0
0
0
0
0
0
0
0
0
0
0
0
0
6
0
0
0
0
0
0
0
0
0
0
4
0
1
0
0
0
1
0
0
1
0
1
0
2
0
0
0
0
0
6
4
3
0
0
3
3
3
0
0
0
4
0
0
0
6
4
0
0
0
3
3
3
1
1
0
1
0
0
1
3
3
0
1
2
0
3
1
0
0
0
0
0
3
6
3
1
0
2
0
2
0
5
0
1
2
3
1
2
1
2
2
1
0
0
0
3
0
0
0
1
0
0
0
1
0
3
4
2
5
1
2
1
1
6
0
0
0
1
0
0
2
2
0
0
0
0
0
0
1
0
3
0
0
3
0
0
1
0
0
0
1
0
0
3
2
0
0
0
2
1
0
0
0
1
0
2
0
0
1
3
0
0
0
3
0
0
0
0
2
2
0
2
0
2
1
0
0
0
1
0
2
1
0
4
0
2
0
6
0
3
0
0
0
0
1
0
1
0
0
0
0
2
0
2
0
0
1
0
0
0
2
0
2
0
2
0
1
0
0
2
0
0
0
3
3
1
0
0
4
3
0
0
1
2
2
0
0
2
5
4
0
2
1
1
0
0
4
0
4
0
5
1
2
0
0
2
2
1
0
0
0
0
0
0
2
2
0
1
2
1
0
0
1
2
0
2
0
1
0
0
0
1
1
1
4
0
0
0
0
3
2
1
0
0
0
0
2
0
4
0
0
0
4
1
0
2
0
0
0
0
1
1
4
0
0
0
2
0
0
3
1
0
0
0
6
3
4
0
2
0
1
1
1
0
1
0
0
1
0
1
1
0
0
0
5
0
0
0
0
0
2
0
0
0
0
3
1
1
2
0
3
1
4
1
0
0
3
0
0
1
0
1152
