../2_Decay/DataFilesGe/Decay/415256G2.TXTBackgroundRemoved 
0
0
0
0
0
0
0
0
0
0
0
0
0
0
14
89
19
47
46
23
33
23
12
12
25
17
23
32
16
26
27
14
26
1
21
21
10
15
4
10
16
26
24
22
12
21
9
5
6
27
30
23
12
25
19
0
29
7
11
13
26
31
34
16
17
3
34
28
23
23
10
9
23
18
19
25
21
0
8
20
35
51
2
31
2
42
24
5
33
20
29
35
34
50
29
38
41
25
43
10
22
24
14
34
15
36
29
27
14
48
11
41
34
40
41
37
35
48
48
28
33
38
65
51
38
32
17
35
61
17
30
35
18
44
25
54
32
25
29
45
36
19
69
57
65
18
30
11
30
27
35
22
29
18
18
43
24
21
29
39
27
30
7
19
12
21
43
23
14
33
29
29
37
39
47
21
21
12
15
26
24
11
7
28
29
15
34
16
16
28
11
21
7
28
44
5
10
16
17
34
17
25
13
13
25
18
12
13
25
14
22
17
16
31
13
15
1
14
39
22
6
21
1
8
23
13
16
13
16
14
13
20
29
25
23
22
18
5
18
6
37
16
7
4
39
23
23
8
9
14
4
6
5
14
16
10
13
7
9
0
12
4
25
6
7
22
11
11
16
4
1
1
10
15
9
2
7
9
13
23
11
27
21
6
6
19
5
5
12
10
7
14
11
1
8
0
2
6
6
6
9
8
10
11
5
3
2
2
1
10
12
6
3
22
11
0
3
0
7
6
2
8
13
9
1
11
6
6
6
10
14
10
13
0
9
1
3
2
2
12
9
9
3
10
10
15
6
6
4
15
0
2
7
8
13
10
0
9
4
7
0
3
6
0
9
9
4
7
0
4
8
8
2
12
0
5
9
5
5
4
4
2
1
1
4
4
2
2
2
1
4
4
7
2
7
7
2
3
3
2
2
6
2
2
3
1
7
0
7
7
11
1
1
7
2
1
3
8
5
5
5
0
7
9
9
5
0
0
2
0
1
6
6
2
3
5
5
0
0
0
0
2
5
5
0
0
1
2
5
5
5
5
4
4
4
3
6
9
0
2
8
3
6
6
3
5
1
6
5
2
8
10
10
10
0
2
6
4
5
5
3
12
2
2
3
2
2
4
1
1
5
3
4
1
5
10
8
3
0
0
6
6
6
3
9
0
2
4
0
3
3
1
7
6
6
6
4
2
1
3
8
0
4
4
6
6
0
0
0
2
0
5
10
1
6
6
4
4
2
1
10
10
1
1
1
1
6
6
6
5
5
2
2
5
10
2
4
1
3
0
7
7
0
0
13
15
3
0
1
2
3
3
1
1
3
3
0
3
1
1
3
4
2
2
1
9
9
9
2
6
15
15
2
0
6
1
1
0
2
3
1
3
1
6
6
3
0
6
1
3
3
3
3
3
3
4
5
5
3
3
3
3
4
5
5
5
4
4
2
5
0
0
1
1
2
1
2
4
3
3
10
10
10
10
1
1
3
4
4
4
3
2
2
2
2
1
1
4
4
3
2
1
2
2
0
7
7
3
1
1
2
6
4
3
4
5
2
2
2
2
2
2
2
2
2
2
2
2
2
3
5
0
6
0
3
1
3
3
0
1
0
3
3
5
5
1
1
2
2
2
2
2
3
2
0
2
1
5
1
7
0
0
0
1
4
4
7
1
1
1
1
2
0
1
3
3
4
1
1
6
2
1
1
1
1
2
2
2
6
6
6
2
2
1
0
0
4
3
3
3
3
3
3
7
2
0
0
4
1
1
2
3
3
2
2
2
1
1
2
3
3
3
3
1
1
3
0
1
1
1
1
2
4
4
4
4
2
0
0
1
1
4
3
3
0
4
2
4
4
4
1
2
0
1
1
1
1
0
0
2
2
3
3
0
0
0
1
1
0
0
0
4
2
3
2
0
1
0
2
3
2
1
0
0
0
0
1
0
0
3
1
1
1
2
2
3
3
3
0
1
0
0
0
0
4
4
3
3
3
1
3
0
0
4
4
2
2
4
4
4
4
4
0
4
3
2
0
0
0
0
0
1
1
9
0
0
7
2
4
4
4
4
3
1
2
2
2
4
4
4
1
1
3
3
3
1
3
3
5
3
3
2
2
2
2
5
1
6
3
1
4
4
3
3
3
0
0
0
0
0
1
0
3
0
0
2
2
2
0
0
0
2
3
7
7
7
2
2
1
1
1
1
2
7
1
1
1
1
3
0
0
0
0
1
1
1
1
1
7
7
2
2
0
0
2
2
2
1
3
1
5
2
0
0
2
1
3
3
3
0
1
1
1
0
0
2
2
2
3
3
0
0
0
0
0
0
0
6
0
0
1
1
2197
2197
