../2_Decay/DataFilesGe/Decay/415218G2.TXTBackgroundRemoved 
0
0
0
0
0
0
0
3
1
0
1
2
33
51
35
423
225
196
147
117
112
90
156
209
142
110
116
85
85
85
92
92
70
93
118
101
112
99
117
97
101
103
88
84
85
87
97
132
123
126
116
142
166
177
250
256
319
368
431
379
421
388
379
344
331
248
267
249
256
215
207
219
218
177
196
198
185
165
163
114
115
129
100
67
65
32
50
73
68
44
23
49
20
28
17
21
12
0
26
10
5
17
0
22
0
4
22
1
13
11
8
0
2
25
2
16
11
6
26
9
4
0
17
6
11
25
0
18
2
0
0
2
0
0
24
0
15
0
15
17
0
15
14
12
39
0
21
8
13
16
6
3
0
0
7
6
13
9
0
9
0
7
21
0
0
17
19
0
8
0
0
27
0
21
13
0
0
14
5
12
0
8
3
28
4
0
7
0
0
0
8
1
2
8
6
9
0
3
20
7
2
3
3
0
14
7
0
11
35
0
9
6
26
14
0
7
26
0
10
12
0
11
0
0
10
9
12
10
2
0
0
21
26
8
0
15
7
1
0
0
13
0
0
2
2
2
0
1
1
0
2
10
0
5
0
0
0
0
5
0
4
0
0
0
0
1
0
0
0
0
0
7
0
4
0
5
3
9
21
12
0
16
20
8
16
12
6
3
3
1
6
0
0
0
0
0
0
0
3
0
2
0
0
0
0
9
6
0
0
7
5
11
0
0
6
0
6
4
7
0
15
0
7
0
3
8
2
3
3
11
6
3
0
0
4
8
7
12
0
0
0
0
0
3
0
0
0
0
1
0
3
0
8
0
2
0
2
7
9
0
0
8
0
6
7
1
0
0
10
0
3
12
0
6
3
0
0
0
0
9
0
0
8
0
0
0
0
2
2
0
2
2
2
0
0
3
5
0
0
1
0
0
0
4
0
0
0
0
0
0
0
0
0
2
0
3
0
0
0
6
3
0
3
9
0
6
5
4
0
0
0
0
6
0
0
10
9
0
0
1
1
2
8
0
0
0
0
0
1
0
0
0
0
0
0
6
0
0
4
2
0
0
1
1
0
0
1
0
0
6
3
0
6
0
6
0
0
0
0
0
0
5
4
1
8
0
12
0
0
2
0
0
0
9
2
0
0
0
0
0
0
0
0
1
2
0
0
1
0
3
0
4
0
7
1
2
0
0
1
2
1
0
1
0
0
0
4
4
1
0
4
2
0
5
0
0
0
4
5
0
1
3
0
0
0
4
5
2
4
1
2
11
0
0
0
2
0
8
3
0
3
13
6
0
0
0
0
3
2
5
3
0
5
3
1
1
13
0
0
1
0
1
0
0
0
0
0
0
0
0
0
0
0
0
0
0
6
0
1
0
0
0
0
7
1
0
1
3
8
4
1
0
0
3
5
2
2
1
1
0
7
0
10
10
5
0
0
1
0
0
0
0
0
3
5
0
0
2
0
0
0
0
0
0
0
0
0
1
2
0
2
1
0
0
2
2
0
2
0
1
1
2
0
2
2
1
0
0
4
0
0
1
0
0
0
4
3
3
0
2
0
0
0
0
2
0
0
0
0
0
5
0
2
0
1
0
1
0
2
0
3
0
3
4
2
3
2
8
3
0
1
2
4
0
2
0
0
0
3
2
1
1
0
0
1
3
3
0
0
1
6
2
0
0
0
0
3
0
0
2
1
1
0
0
0
0
1
3
0
2
0
0
0
0
1
0
1
0
0
0
2
1
0
0
0
0
0
2
0
0
0
1
0
0
0
0
4
1
0
0
0
0
0
0
0
0
0
5
0
0
0
0
2
0
1
1
2
0
0
0
0
4
1
0
0
2
0
7
0
0
0
1
1
0
0
0
0
0
0
0
2
0
0
3
0
0
0
0
0
0
0
1
3
4
5
0
0
2
2
0
0
0
3
1
0
0
0
5
1
3
2
2
0
4
0
3
4
1
0
1
0
1
0
0
0
0
3
0
2
0
0
2
0
0
0
1
2
0
0
0
0
0
1
0
3
0
2
0
0
0
2
0
0
2
0
0
1
0
0
0
0
0
3
0
6
0
0
1
3
0
5
1
0
0
0
2
0
0
1
0
0
2
2
0
0
1
0
0
0
0
0
0
0
0
0
0
0
1
0
0
0
4
2
1
0
0
0
1
0
1
1
0
0
0
0
1
0
2
2
1
0
1
0
0
1
0
1
3
0
0
0
5
0
0
0
0
0
1
0
2
0
0
0
0
0
0
0
3
1
0
1
0
1
3
2
0
0
1
0
3
0
1
2
3
0
0
3
0
2
4
0
5
2
0
0
2
0
1
4
0
0
1
3
1053
