../2_Decay/DataFilesGe/Decay/415287G2.TXTBackgroundRemoved 
0
0
0
0
0
0
0
0
0
0
0
0
0
0
30
94
11
38
82
22
10
24
0
0
15
0
8
6
8
13
18
4
21
20
7
13
11
10
18
11
24
22
21
18
13
0
12
14
9
0
30
8
0
0
12
9
0
22
3
0
18
26
25
8
16
10
23
20
0
9
10
8
16
6
9
0
0
20
0
0
27
13
5
35
3
2
26
25
39
3
0
30
29
2
2
17
0
11
17
15
3
42
0
15
13
10
21
15
14
7
34
25
6
23
25
35
34
46
0
25
0
0
18
49
12
28
7
18
21
24
8
33
32
33
53
23
33
32
12
29
26
40
44
30
55
21
26
0
36
40
39
10
30
15
28
24
34
22
16
15
20
0
5
0
23
10
16
25
44
12
24
21
18
38
26
27
17
25
1
17
19
8
1
31
7
1
25
9
10
17
21
0
8
17
17
21
0
5
10
14
34
9
0
17
19
25
17
0
15
2
13
0
24
19
0
0
1
3
24
22
0
17
0
8
16
13
12
11
16
24
10
12
7
9
8
20
7
31
29
0
22
16
0
21
6
17
0
1
0
7
14
13
10
19
7
21
7
4
0
16
19
5
0
3
0
13
10
19
8
8
0
23
11
7
13
5
6
9
11
7
2
12
16
8
17
6
6
2
10
15
11
8
16
9
16
0
13
8
5
8
3
9
0
4
6
14
1
0
7
0
8
5
1
4
4
8
0
3
2
10
1
0
8
0
7
2
8
9
13
9
7
7
1
6
2
6
7
3
0
2
9
3
1
5
7
9
5
0
13
0
3
0
8
2
4
1
0
11
10
6
4
9
2
4
11
0
0
0
9
0
5
11
3
3
1
0
5
0
0
0
0
6
12
0
9
2
6
0
4
2
5
0
3
0
0
7
0
0
8
6
0
0
0
0
0
0
6
0
0
0
2
4
0
5
6
3
1
0
1
9
3
1
0
6
0
0
1
0
0
0
0
2
11
0
3
2
1
4
0
0
1
0
1
1
0
0
0
2
10
2
3
0
0
3
2
4
1
0
2
4
1
0
5
2
0
6
7
5
9
6
4
4
7
3
7
4
0
0
0
0
0
0
0
0
1
3
2
0
0
1
0
3
2
4
1
13
3
11
3
0
9
0
7
0
3
4
1
0
0
0
5
6
12
2
3
2
2
2
2
0
2
0
2
0
7
0
5
4
2
1
2
1
4
0
0
1
0
0
0
0
0
0
0
0
1
7
0
1
0
5
0
5
1
0
2
2
3
2
0
3
4
0
2
1
6
12
0
1
6
5
5
5
1
0
0
0
1
0
5
0
0
4
1
0
0
4
4
0
0
9
14
0
1
0
2
2
0
0
0
8
5
6
0
6
0
1
2
1
7
2
4
0
3
3
0
5
1
3
1
0
3
0
0
2
5
0
0
0
2
4
0
0
0
0
4
0
0
3
8
0
0
0
0
5
0
0
9
0
0
0
2
1
5
0
0
2
0
8
0
3
8
0
0
3
3
3
2
3
1
0
0
3
0
2
1
2
2
1
0
0
0
0
3
0
0
0
0
0
0
5
0
0
3
2
8
0
7
2
2
0
8
2
4
3
0
1
0
0
2
4
0
2
1
2
0
5
2
0
1
0
3
1
0
3
0
3
0
3
0
3
0
3
0
1
0
7
0
0
0
5
0
4
0
1
2
6
1
0
0
0
0
4
1
0
2
1
0
1
0
0
0
0
2
1
1
2
1
0
0
0
1
2
2
1
2
0
3
5
0
8
0
0
3
0
0
0
3
0
8
1
2
7
4
5
0
0
0
1
0
0
0
5
0
0
3
2
0
2
2
0
3
0
0
0
0
0
0
3
0
0
0
0
0
2
2
3
0
0
2
0
0
0
3
0
3
4
0
1
0
0
0
0
0
3
0
0
1
3
0
3
1
0
0
0
0
0
0
0
2
1
1
0
0
0
0
2
1
0
0
3
2
3
3
5
1
5
16
0
0
0
2
4
0
0
0
0
6
0
2
1
1
0
0
0
2
3
1
0
3
0
0
0
2
0
0
0
1
1
0
0
0
0
0
2
0
7
0
0
0
4
0
5
0
0
0
3
1
0
0
3
5
0
0
5
0
0
0
2
0
3
0
3
0
4
0
0
0
0
5
2
2
0
2
1
0
0
0
2
1
2
3
0
0
3
0
2
0
0
3
0
0
0
0
0
0
1
0
3
1
0
0
0
0
3
2
0
0
2
1
0
1
0
0
1
1
2
0
1
0
0
0
0
0
4
2
0
0
1
0
1
0
0
0
3
0
0
0
0
0
1
0
0
0
1349
