../2_Decay/DataFilesGe/Decay/415253G2.TXTBackgroundRemoved 
0
0
0
0
0
0
0
0
0
0
0
1
0
0
7
45
28
15
72
31
20
32
13
0
0
34
11
17
8
10
14
0
5
9
0
15
10
3
16
9
10
18
16
3
0
5
19
10
0
10
5
9
16
23
0
5
26
9
25
15
6
15
5
10
15
4
7
22
0
0
0
0
7
6
14
4
16
0
0
12
8
15
9
29
0
0
29
0
44
1
0
30
49
13
15
14
28
24
0
4
0
19
10
4
32
0
5
33
21
3
7
43
11
4
42
29
15
1
2
35
19
6
25
14
5
0
27
26
25
10
3
0
41
8
24
10
21
1
20
29
10
22
36
25
10
14
41
6
13
33
25
6
14
16
43
27
20
2
11
21
23
10
10
2
0
20
0
9
4
8
16
20
32
25
24
32
22
22
0
3
9
12
0
2
29
2
6
18
22
14
7
11
12
29
35
10
24
11
21
16
16
25
15
15
33
3
0
6
10
4
7
6
12
26
4
2
0
0
0
6
1
21
2
25
7
3
0
8
8
22
8
4
12
3
16
22
10
7
31
4
9
2
14
9
7
8
11
2
4
0
5
13
20
16
4
5
10
12
7
0
3
10
0
4
3
0
0
3
8
0
0
16
11
2
0
25
3
3
11
1
8
0
18
20
0
8
5
0
4
12
2
0
11
12
4
11
0
0
17
2
4
2
0
0
8
5
5
0
6
9
8
14
0
3
7
11
0
0
7
5
0
2
8
0
8
17
10
2
1
0
12
9
5
12
5
0
4
0
8
3
0
5
2
0
6
16
6
0
2
4
5
0
8
3
0
12
0
13
8
0
7
0
1
6
8
6
10
3
0
1
2
0
0
1
10
0
0
13
8
4
0
1
10
2
2
1
0
0
6
4
12
3
15
5
0
12
0
0
7
5
4
5
0
2
0
1
9
0
0
3
0
0
9
5
0
3
0
13
0
0
0
0
0
3
0
0
0
4
0
4
5
0
2
7
0
6
0
2
11
0
3
0
0
1
2
4
4
2
0
1
0
0
1
0
0
9
0
0
8
1
10
0
0
0
4
3
8
0
6
0
0
0
2
0
8
0
0
3
4
0
6
5
1
0
0
3
1
3
0
4
3
3
0
3
0
7
5
0
4
0
0
0
5
0
0
3
2
5
2
2
4
5
7
5
1
0
0
3
0
0
13
5
3
5
2
1
0
0
0
0
0
2
0
0
3
0
0
5
0
2
0
0
4
2
1
2
7
0
2
0
0
3
4
0
4
1
0
0
6
8
1
2
0
3
4
8
0
8
5
2
0
5
0
0
0
0
3
0
2
1
2
3
0
0
0
1
4
0
2
11
8
1
3
0
2
0
1
1
4
5
0
0
1
4
0
3
3
1
1
0
5
0
4
0
0
1
3
6
0
0
0
1
0
0
1
0
0
0
7
2
6
1
6
3
5
0
2
4
1
8
3
0
0
0
3
0
0
0
0
3
0
2
4
0
0
0
2
0
1
6
5
1
2
1
0
0
3
0
3
0
0
0
0
1
1
3
2
1
6
0
0
2
0
0
1
0
0
0
0
0
5
0
1
0
8
0
0
0
2
3
1
0
5
4
0
8
0
0
1
0
1
2
3
0
0
1
1
2
4
0
0
0
0
2
0
0
0
1
0
0
1
3
2
0
0
0
0
4
0
7
4
2
0
0
0
1
1
5
0
3
0
3
0
0
1
0
7
2
1
0
0
0
4
0
0
0
1
1
2
0
2
4
1
0
0
0
1
3
0
0
3
1
0
0
0
1
2
0
3
1
0
0
1
0
0
0
1
1
0
0
0
1
3
0
1
3
3
2
0
0
0
0
4
0
0
0
0
4
0
0
0
0
0
0
0
4
3
0
3
0
0
2
4
3
5
0
0
0
0
6
0
0
6
0
0
0
0
0
0
0
1
1
0
2
0
0
0
2
2
5
0
0
0
0
0
0
3
2
4
2
3
1
0
2
0
4
2
0
0
1
0
0
0
1
3
1
0
0
0
0
1
0
0
0
1
6
2
1
0
0
0
0
1
2
2
5
1
0
2
0
3
0
0
1
0
3
3
0
0
0
0
1
0
1
3
7
1
2
0
4
4
11
1
3
0
1
0
0
0
0
3
1
0
0
4
0
4
0
3
0
0
0
3
0
0
0
0
3
0
0
0
2
0
1
1
0
0
0
0
0
0
0
0
3
0
0
0
0
1
0
0
1
1
0
0
0
1
0
0
1
2
2
0
0
0
4
7
0
0
3
0
0
0
1
3
1
0
0
1
0
0
0
1
2
0
0
1
0
3
0
0
7
1901
0
