../2_Decay/DataFilesGe/Decay/415266G2.TXTBackgroundRemoved 
0
0
0
0
0
0
0
0
0
0
0
0
1
1
34
158
129
150
123
101
53
9
2
10
4
14
12
10
0
11
13
9
18
8
17
8
16
8
15
11
9
17
14
14
14
23
13
4
9
7
47
22
13
13
11
4
18
18
12
11
38
25
6
6
31
5
30
22
21
11
2
14
29
10
11
20
1
14
7
11
20
4
5
50
1
5
29
6
38
18
18
27
20
23
51
12
29
32
57
29
62
26
4
42
18
27
31
36
31
18
35
13
21
13
7
23
30
9
18
55
42
24
20
36
32
29
41
27
45
17
37
33
34
57
22
46
46
39
15
28
68
33
50
39
48
15
33
22
33
8
28
24
39
37
25
29
36
27
37
9
24
32
29
10
23
28
17
15
5
15
4
13
24
19
43
38
19
10
8
19
10
2
28
28
0
1
35
9
9
15
22
9
9
28
25
15
15
18
11
31
3
17
5
14
14
13
25
22
20
16
21
11
5
10
7
0
1
1
28
28
28
27
6
10
22
14
1
5
14
10
15
20
7
16
18
20
16
16
19
16
11
9
13
14
19
21
8
7
8
0
9
17
10
6
18
15
3
6
13
12
12
10
4
4
0
24
24
3
3
1
2
8
18
19
12
10
2
8
8
16
17
6
16
7
16
13
13
13
10
10
11
4
13
4
13
13
4
2
4
4
6
18
2
10
11
13
8
8
16
7
7
9
14
8
6
4
2
2
1
18
18
3
12
3
6
14
4
10
5
7
9
10
11
6
2
12
3
3
5
2
4
4
4
12
12
21
2
2
3
5
9
3
4
4
10
5
7
6
3
9
2
7
5
9
11
11
4
6
0
1
1
2
6
2
2
2
7
1
1
2
2
2
6
3
7
8
6
6
1
7
3
3
6
0
8
3
3
2
2
7
3
5
5
3
8
8
1
13
13
4
13
2
2
4
4
4
2
7
5
0
10
3
4
8
8
8
1
9
9
1
7
6
2
1
2
1
0
2
2
5
6
3
3
3
6
6
6
5
6
1
2
1
1
1
1
4
4
1
6
0
1
1
8
8
4
4
6
9
4
5
5
3
3
3
4
5
5
3
2
5
2
1
9
7
2
4
7
1
5
3
5
5
5
1
3
10
14
9
7
7
7
5
8
8
4
7
3
7
5
5
7
2
5
0
0
1
2
2
4
1
4
5
3
2
2
1
1
1
4
4
4
4
3
5
4
4
4
5
5
1
3
3
5
5
7
10
10
10
7
7
7
3
6
0
0
0
0
0
3
1
2
2
4
6
1
1
2
2
2
4
4
2
2
0
0
0
0
0
2
2
2
4
4
0
0
7
0
9
6
2
11
2
5
1
5
5
2
2
2
6
0
4
7
7
7
7
1
5
4
4
2
2
2
2
4
4
7
3
1
4
0
0
1
4
2
2
2
0
2
2
0
0
2
6
2
2
2
4
4
1
6
0
3
3
1
1
3
3
3
3
1
2
0
0
0
1
1
3
3
3
3
3
3
2
2
1
1
1
1
1
1
6
5
2
3
3
3
3
3
3
3
0
0
0
3
3
2
4
4
4
0
0
0
0
6
2
6
6
3
0
4
4
6
5
5
5
5
5
7
7
4
0
0
0
5
6
5
2
1
0
6
6
6
0
6
1
3
0
0
0
0
1
2
2
2
0
3
3
1
0
1
6
6
3
0
2
2
3
1
2
2
3
3
3
1
0
2
2
2
2
2
0
3
5
3
6
2
0
0
0
3
2
1
2
4
0
2
4
4
3
2
2
4
0
0
1
1
1
1
1
1
0
2
3
2
0
2
2
0
1
3
3
0
0
0
0
0
0
0
0
0
2
0
0
0
0
0
4
4
3
1
5
0
1
5
3
1
1
2
1
1
4
4
1
4
4
0
0
0
2
8
8
2
0
0
0
2
0
0
0
2
2
4
6
2
2
3
1
2
0
0
0
0
0
0
0
2
3
0
0
2
0
0
2
2
2
2
2
2
2
2
1
5
1
5
5
1
0
0
6
0
2
4
4
0
1
1
3
4
5
1
1
2
0
2
1
1
1
3
3
0
0
2
1
1
1
1
1
1
1
1
0
0
3
2
2
2
2
2
0
0
0
1
1
0
0
0
1
0
5
0
2
2
2
0
3
1
1
1
1
1
4
0
1
1
1
0
0
0
0
2
2
3
3
3
3
3
3
3
1
1
1
2
2
1
1
1
0
3
1
1
1
0
5
5
1
2
0
0
4
4
4
4
4
4
2
0
3
3
0
6
1
1
1
2
2
2
2
1
1
5
2
5
6
6
6
6
6
1
1
1
1
2196
2196
