../2_Decay/DataFilesGe/Decay/415226G2.TXTBackgroundRemoved 
0
0
0
0
0
0
0
0
0
0
0
0
53
95
122
2302
256
178
158
167
97
87
84
39
77
31
33
5
34
0
11
3
23
5
36
29
20
28
35
29
31
20
30
0
5
19
0
7
3
8
22
0
0
12
10
0
0
20
5
13
7
19
15
12
11
1
28
14
0
12
0
15
8
0
0
1
0
37
2
16
24
29
16
30
0
8
13
20
38
0
16
0
23
39
26
0
0
0
0
0
0
30
0
16
0
10
22
26
27
15
5
21
7
34
27
32
0
23
48
11
11
3
19
20
3
21
18
34
33
12
30
20
17
8
16
0
2
8
4
35
1
30
24
10
6
8
22
27
4
11
0
1
18
8
13
0
40
10
16
13
12
25
10
11
8
24
11
13
0
0
9
29
2
20
28
17
0
6
12
0
15
13
11
27
0
8
9
9
0
12
9
18
0
31
12
4
21
0
5
2
7
0
0
4
24
16
2
9
9
13
28
11
10
8
0
8
13
0
20
8
2
28
0
1
6
12
2
22
3
4
10
43
13
11
16
6
10
0
0
0
17
3
0
11
6
12
0
8
9
4
20
2
0
18
11
4
3
0
0
6
9
9
11
0
0
5
0
4
4
2
0
0
2
0
0
0
0
6
4
3
4
6
16
24
15
16
8
4
15
6
15
7
0
0
6
0
5
10
13
4
9
2
1
18
0
3
0
0
4
3
12
8
12
2
1
9
1
0
6
13
10
4
0
4
13
0
0
8
0
2
11
18
1
0
0
16
26
5
0
6
0
1
2
0
3
0
0
0
2
9
6
0
4
1
0
4
0
1
8
0
0
3
6
1
5
6
1
2
2
6
1
0
6
9
2
0
9
6
9
0
0
2
2
3
3
9
9
0
5
2
0
0
3
0
0
2
0
1
4
3
0
0
10
1
2
0
0
3
7
0
3
0
9
7
0
8
1
2
0
8
1
3
0
0
0
0
1
0
0
4
0
0
0
6
0
3
0
0
4
0
2
0
0
3
5
0
0
1
12
6
0
0
0
0
3
2
5
0
3
0
4
0
0
0
2
2
0
2
5
1
0
0
6
0
0
0
0
2
2
0
2
9
13
13
7
5
0
0
1
0
0
6
0
0
0
0
0
0
0
0
0
4
2
0
0
0
0
2
2
0
9
0
5
4
2
0
0
3
5
0
0
2
1
3
0
0
0
0
0
0
0
1
4
0
3
0
0
0
1
0
2
6
3
2
2
2
7
0
4
19
11
3
2
0
2
2
0
0
5
1
5
0
3
0
0
0
0
0
5
2
0
0
6
16
29
8
0
0
4
0
0
0
0
0
0
2
0
0
0
0
0
0
0
0
0
0
6
0
2
0
2
3
0
2
2
5
3
2
6
0
0
1
0
4
0
0
0
2
1
0
0
10
22
8
2
0
3
3
0
0
0
1
0
0
6
0
0
8
1
0
0
0
0
0
1
1
0
4
0
1
0
3
2
0
0
0
0
0
0
2
8
1
0
5
2
0
3
1
8
1
0
1
0
3
0
1
7
7
0
2
0
0
0
0
0
0
0
0
0
0
2
4
4
0
1
0
1
0
2
2
2
0
1
5
0
0
1
0
1
0
5
0
2
0
0
2
0
0
0
0
0
6
2
4
4
2
0
1
0
0
0
5
4
0
0
0
0
1
0
5
0
0
3
1
1
0
3
2
0
0
0
0
0
0
0
0
3
0
0
0
0
0
2
1
3
0
2
0
0
0
1
0
2
0
1
0
2
2
0
1
0
0
2
0
2
1
1
0
3
0
2
0
3
0
0
2
0
0
0
0
1
3
0
0
0
2
0
1
0
0
0
4
0
1
0
0
0
1
2
0
0
0
0
0
2
0
0
0
0
0
0
0
1
0
0
0
0
0
0
2
1
1
3
0
3
0
2
0
0
1
3
0
1
7
1
3
4
0
1
0
0
1
4
0
2
5
5
0
1
2
0
1
1
5
0
4
1
0
0
1
2
1
2
7
2
1
0
1
2
3
1
4
0
0
2
1
0
0
0
0
0
0
5
0
0
5
2
2
2
2
0
0
0
0
0
0
0
3
0
0
0
0
1
0
1
2
1
0
0
2
0
0
0
0
0
0
0
0
1
0
0
0
0
2
0
0
0
0
1
3
2
0
0
1
0
4
0
2
1
0
1
0
3
1
3
0
0
0
0
0
0
0
4
0
1
0
1
3
2
0
0
0
4
1
1
0
1
3
0
0
3
0
0
2
3
0
1
0
0
2
0
0
1
3
0
0
1
1
0
0
0
0
0
0
0
0
1
4
1
1
0
0
0
1162
