../2_Decay/DataFilesGe/Decay/415268G2.TXTBackgroundRemoved 
0
0
0
0
0
0
0
0
0
0
0
0
0
0
25
33
33
64
62
42
22
19
0
3
15
6
24
14
25
36
26
16
30
13
16
18
7
2
13
6
7
31
18
10
17
15
4
4
4
19
14
18
8
9
15
10
18
13
10
12
19
24
15
15
14
1
3
3
8
38
38
38
44
44
30
10
10
23
5
14
0
17
15
14
14
4
38
19
37
37
26
37
41
11
31
31
15
60
27
8
14
14
2
38
13
22
37
31
29
12
33
10
45
29
22
37
18
47
9
30
27
4
25
11
15
47
32
35
62
45
14
42
50
14
33
10
30
37
9
17
18
19
32
37
37
35
24
22
36
43
23
16
42
4
26
17
17
17
39
16
21
24
39
31
1
31
23
14
36
37
16
18
26
32
39
18
15
16
23
14
13
19
14
11
0
8
24
12
24
24
21
33
24
15
18
18
1
18
18
21
21
4
16
6
14
19
8
12
35
9
15
7
17
15
19
0
4
4
30
16
16
7
9
4
7
3
1
5
6
6
17
18
18
15
10
19
19
19
15
9
11
7
12
15
10
15
15
17
13
11
20
13
17
12
11
13
12
0
12
2
12
13
7
2
6
24
2
9
13
3
5
6
1
9
16
9
8
3
3
4
4
3
15
5
7
10
3
1
0
3
2
2
3
14
3
10
12
12
14
14
0
13
9
11
11
18
11
6
6
19
9
10
1
6
5
12
12
1
12
13
7
7
7
7
6
2
9
9
4
11
6
2
23
10
3
3
11
11
11
5
5
5
4
4
4
17
3
7
6
6
15
5
5
2
8
3
2
3
10
0
0
10
10
4
6
2
7
8
6
18
18
0
2
4
1
1
11
7
3
2
2
2
9
4
6
0
6
3
5
3
3
5
2
9
9
5
2
2
2
12
0
0
2
6
7
7
7
7
7
2
12
6
14
8
8
8
7
14
11
2
9
5
7
2
1
4
1
5
5
5
5
1
1
2
7
2
4
5
5
3
3
8
8
2
0
0
3
3
14
4
4
3
3
5
5
7
2
0
8
2
4
5
5
2
6
10
0
0
0
0
0
6
5
3
5
3
4
0
8
8
6
1
3
4
4
1
3
3
1
1
2
4
4
4
2
2
4
9
2
2
2
1
8
4
5
0
0
5
2
7
0
6
5
7
2
2
0
0
0
0
1
1
2
8
2
4
9
9
4
4
4
4
3
3
5
5
5
3
1
2
6
1
1
1
6
1
1
1
3
0
3
3
2
1
1
1
0
0
0
0
6
4
2
6
1
7
5
2
4
4
5
1
1
1
1
1
1
0
0
1
4
4
1
1
1
1
2
6
0
8
16
16
16
16
2
2
3
3
3
3
3
1
1
0
0
0
3
3
2
2
3
2
2
1
2
2
2
1
0
1
0
0
0
5
5
0
5
4
1
1
0
0
0
0
2
5
3
2
5
4
1
1
1
3
3
3
6
1
1
4
4
6
6
6
6
0
1
0
1
3
4
0
0
1
3
2
4
1
3
0
0
7
7
5
2
0
0
1
0
0
4
4
4
4
2
2
2
2
4
1
4
1
2
2
1
1
0
0
2
2
2
3
8
4
0
2
0
0
4
4
1
4
1
0
0
4
5
1
4
4
4
0
1
1
1
2
2
4
4
4
1
4
0
0
0
0
2
0
0
5
1
1
1
3
3
3
0
3
1
3
3
2
2
1
1
2
1
0
1
1
1
1
1
1
1
1
1
3
3
3
1
1
4
1
4
2
2
2
2
0
0
3
4
4
4
4
2
4
4
2
0
1
2
6
2
6
6
4
4
1
0
1
3
3
3
1
1
1
1
1
1
1
1
5
5
5
1
1
1
2
4
4
4
3
3
4
4
4
2
2
2
2
5
1
1
1
1
7
0
0
5
1
2
1
5
3
1
1
1
0
4
0
0
1
1
1
1
1
3
2
2
2
2
2
1
2
4
4
0
1
1
1
1
0
0
2
8
3
3
1
1
1
1
1
5
5
1
2
2
2
2
3
2
0
0
0
4
4
0
5
5
4
4
4
1
0
1
0
4
4
1
1
1
1
1
0
0
0
0
2
1
0
0
0
2
0
0
0
0
4
1
1
0
2
0
0
0
2
2
1
1
3
3
1
1
1
1
1
1
1
2
2
0
1
1
2
2
2
2
0
0
4
2
4
4
4
1
0
0
0
4
2
0
2
2
1
1
4
1
1
1
1
1
3
2
2
2
0
0
0
2
1
1
1
1
0
1
0
1
3
0
2
0
0
1
1
2
2
2
2
0
2
1
1
2
2
2
2
2
0
0
0
2122
2122
