../2_Decay/DataFilesGe/Decay/415223G2.TXTBackgroundRemoved 
0
0
0
0
0
0
0
0
0
0
0
1
78
239
32
542
217
85
88
82
55
47
29
31
25
24
42
22
24
41
44
60
56
69
96
83
59
47
40
23
35
60
38
38
28
9
28
20
34
28
30
26
22
14
6
20
20
22
28
19
44
35
11
34
26
37
33
42
26
56
22
16
19
18
19
45
9
20
20
23
23
29
41
3
3
2
31
29
46
11
7
32
42
49
33
20
8
6
39
15
16
26
25
31
27
54
11
11
44
20
23
34
20
25
15
36
43
27
23
16
33
4
41
41
41
41
18
13
24
27
16
2
3
18
31
1
17
26
3
11
42
23
55
24
27
11
15
15
1
30
19
9
24
24
37
4
13
13
10
16
13
9
5
16
35
1
7
17
19
0
8
23
23
37
40
9
14
11
10
33
17
17
5
20
20
15
25
6
2
2
19
16
5
21
24
24
9
0
0
17
14
7
8
8
2
2
2
13
27
9
13
6
22
15
16
2
1
1
9
16
16
21
21
21
17
17
63
63
2
8
8
11
11
11
2
6
2
14
14
14
2
2
2
15
14
23
23
5
11
7
1
22
4
4
2
2
2
7
0
7
15
8
3
11
11
24
11
7
4
4
3
3
3
4
4
0
20
14
0
4
0
8
7
3
3
10
0
1
13
11
5
3
3
0
0
0
2
2
2
2
0
2
6
5
9
9
5
5
5
11
5
15
15
6
6
12
9
4
9
15
15
15
15
15
6
2
2
15
23
3
5
3
3
3
8
8
12
3
3
3
4
4
4
4
2
2
2
2
2
2
3
0
2
11
9
9
5
4
9
4
1
1
1
1
8
1
1
1
5
5
5
3
0
7
5
1
1
3
3
3
12
4
3
4
3
1
1
3
12
12
2
2
12
3
3
3
3
3
3
0
0
0
0
3
4
4
2
2
2
13
7
2
5
2
1
1
7
3
3
1
2
7
7
3
0
8
1
3
3
3
2
7
7
7
7
3
7
3
3
0
10
6
6
1
1
1
0
1
0
0
0
0
0
0
2
14
5
5
2
1
1
1
1
1
0
3
1
1
4
18
21
8
11
11
0
1
1
1
3
3
0
0
0
0
2
5
5
5
2
6
6
6
6
3
0
0
0
0
0
0
2
2
6
6
3
2
3
3
3
3
8
2
7
7
7
1
1
1
0
0
3
0
8
8
2
2
0
0
3
3
2
3
4
3
3
12
14
2
2
4
1
1
1
1
6
0
0
0
0
1
1
2
9
3
1
2
0
6
8
27
17
17
17
1
1
1
1
6
1
6
6
4
4
2
2
2
2
3
3
2
2
0
2
2
1
1
1
0
0
0
0
0
0
1
1
0
2
2
3
0
2
0
3
1
1
3
18
12
4
1
4
4
0
0
0
0
4
4
2
2
2
0
0
1
1
1
1
1
0
0
1
1
3
3
5
1
1
1
1
1
1
1
1
6
6
6
6
3
3
2
2
7
5
0
0
0
0
4
4
0
2
0
6
6
3
3
3
3
4
4
0
0
3
0
0
0
0
0
4
4
4
4
0
0
0
0
1
1
3
3
3
0
2
2
1
1
2
0
4
3
3
1
7
4
4
4
1
2
0
0
3
3
4
5
5
0
0
0
0
0
4
0
0
1
0
0
0
0
0
0
0
0
1
1
0
0
0
0
1
1
1
1
1
3
3
5
6
2
4
2
0
0
0
0
2
2
2
2
1
1
2
1
0
1
4
2
2
0
0
0
1
1
1
0
1
5
5
5
5
5
5
0
0
0
3
6
5
5
5
2
2
0
0
0
2
3
3
0
0
4
5
3
0
0
2
5
5
0
0
0
0
0
2
2
2
2
0
0
0
2
2
0
0
0
6
3
3
3
2
2
9
8
1
2
1
0
0
2
0
0
2
2
2
2
0
2
2
0
2
4
3
6
0
3
3
2
1
0
4
4
4
4
4
4
0
0
3
3
3
0
2
2
4
3
4
4
0
0
0
1
1
4
12
9
0
1
2
2
2
0
1
1
0
0
0
2
2
2
3
3
2
1
1
1
4
4
1
4
3
6
6
4
0
0
0
2
2
3
3
3
0
3
2
2
4
1
4
4
4
4
4
4
4
4
4
0
0
0
2
0
2
2
1
0
0
3
3
2
0
0
1
0
0
0
1
1
1
1
4
4
4
1
1
1
0
0
0
0
0
4
5
1
1
1
5
5
1
3
0
0
2
3
3
3
0
2
0
2
2
3
2
2
5
0
2
2
1
1
1
1
1
0
0
0
0
2
1
2
4
4
1
1
5
5
3
1
3
4
12
7
2
1
1
1017
