../2_Decay/DataFilesGe/Decay/415204G2.TXTBackgroundRemoved 
0
0
0
0
0
0
0
0
0
0
0
0
0
0
0
50
1
32
30
33
20
0
5
0
16
9
15
25
11
24
23
0
12
5
6
12
26
0
6
11
3
19
16
0
0
2
8
0
0
13
15
21
16
19
19
0
0
0
0
0
11
5
7
4
12
6
24
11
2
0
0
0
6
0
0
0
0
17
0
11
35
18
5
0
0
0
13
11
0
37
23
12
9
36
6
1
28
2
5
0
16
0
13
12
8
0
48
0
0
14
1
35
1
20
15
22
9
38
0
35
14
12
38
18
1
19
0
30
43
0
16
18
26
20
25
21
28
6
0
55
27
29
13
19
20
24
27
43
12
0
0
0
20
0
22
5
39
2
25
12
17
19
16
21
5
4
4
0
4
10
5
0
4
17
14
30
6
18
13
15
2
18
19
24
1
0
20
0
2
26
4
13
18
17
13
0
0
14
0
13
12
6
0
0
12
0
1
0
16
2
11
11
4
17
10
0
2
2
8
10
0
25
16
15
14
4
0
0
1
12
6
4
9
13
0
9
6
0
21
1
17
0
7
2
18
0
0
2
10
0
2
27
4
11
0
3
17
5
0
20
0
11
0
0
8
4
0
14
5
3
0
9
14
14
3
1
6
6
5
9
0
14
5
4
6
18
0
7
0
0
2
10
14
10
2
1
13
4
7
1
19
8
12
1
8
0
0
0
5
5
1
9
0
5
0
7
1
0
11
7
0
1
0
16
0
0
0
10
4
10
5
2
3
10
2
0
10
2
0
0
1
0
2
4
5
13
1
5
5
5
5
0
0
0
7
9
0
4
7
0
0
4
0
13
8
0
5
5
11
0
0
4
0
3
11
4
0
4
1
5
1
0
4
0
0
0
7
0
0
1
0
6
1
3
0
6
2
1
6
2
0
11
10
2
6
0
2
8
1
3
3
3
9
4
2
0
1
9
4
4
8
5
3
3
0
4
0
3
5
0
3
3
0
0
0
0
6
0
0
5
0
0
0
1
6
0
0
0
1
0
0
1
0
0
7
4
0
0
4
7
3
5
0
2
7
0
6
1
6
5
4
0
4
0
0
0
0
0
0
0
7
0
0
0
0
0
1
1
0
4
6
2
2
2
0
9
8
6
1
0
2
0
0
0
1
3
1
1
5
0
2
7
6
6
1
0
1
0
3
1
0
0
8
0
0
0
5
1
4
0
0
0
0
0
0
1
0
0
2
0
8
1
0
1
0
0
0
0
0
7
0
0
2
0
0
4
2
2
0
4
0
3
0
2
6
9
0
6
8
8
0
0
0
3
1
0
1
0
2
0
0
5
2
0
0
4
8
4
0
6
1
8
5
1
2
3
8
0
1
0
0
7
1
0
2
0
1
0
3
0
6
0
0
0
0
0
0
0
0
0
1
0
0
4
0
1
0
0
4
0
0
0
0
0
1
2
0
0
7
3
4
0
0
1
0
0
4
0
0
2
2
0
0
4
0
0
2
2
0
1
4
0
1
0
1
0
1
0
1
2
0
2
0
0
0
7
2
2
0
3
0
0
0
0
0
0
0
4
2
0
2
0
0
0
6
2
0
0
1
3
2
8
7
3
1
0
1
0
0
1
0
0
2
0
2
0
5
0
4
2
0
0
0
2
1
0
0
0
0
0
3
5
3
2
0
0
7
1
0
1
1
2
4
4
2
2
2
2
2
3
4
0
0
1
0
0
1
3
0
1
0
0
3
4
0
1
0
0
0
1
8
2
6
2
0
0
0
0
0
0
0
0
0
1
0
2
0
3
2
0
0
0
0
2
5
0
2
0
2
0
4
3
0
0
0
3
0
3
3
0
1
3
0
0
0
0
0
1
0
0
0
5
0
2
1
0
6
0
0
0
1
1
5
0
0
2
0
0
0
2
0
0
2
0
0
0
0
1
0
2
4
0
3
0
0
0
0
0
2
0
3
0
0
0
0
0
0
0
0
3
0
0
4
0
0
2
4
0
0
0
0
0
2
6
4
0
0
0
0
1
0
0
0
4
0
0
0
0
3
1
0
5
2
0
0
0
0
0
0
1
2
0
1
2
1
5
0
0
0
1
0
1
0
0
2
3
1
0
1
4
0
0
0
0
3
0
0
0
0
0
3
0
0
0
0
0
2
0
0
3
0
0
0
4
0
0
0
3
1
0
0
0
0
1
0
0
0
0
1
0
2
3
4
0
0
3
0
1
0
0
0
0
0
2
1
0
0
1
1
0
5
0
0
0
0
3
1
0
0
1
0
0
0
1
0
0
0
0
1
4
1
1
0
3
0
0
1
0
0
0
0
0
0
1261
