../2_Decay/DataFilesGe/Decay/415249G2.TXTBackgroundRemoved 
0
0
0
0
0
0
0
0
0
0
0
0
0
0
20
135
141
119
64
32
24
0
25
0
9
0
7
22
8
13
0
7
12
0
0
2
0
10
10
8
32
18
0
5
0
12
7
13
0
2
0
3
12
0
0
0
0
0
0
0
12
18
4
3
28
0
12
42
0
28
10
0
7
3
2
0
0
11
4
26
11
2
11
0
0
0
11
19
9
10
0
5
8
37
6
6
0
0
14
21
0
20
0
35
19
0
33
26
0
28
29
30
9
0
15
22
7
7
11
8
15
6
32
14
0
14
12
9
40
13
19
11
20
22
54
12
11
17
17
20
15
2
17
25
30
3
28
22
30
26
17
8
53
1
23
26
24
24
21
2
20
0
0
14
0
6
30
13
3
0
6
21
27
29
11
23
20
15
0
25
9
0
0
3
9
4
11
18
19
10
14
7
5
36
12
11
4
7
15
2
18
6
1
11
17
21
1
0
28
0
32
0
16
33
5
0
6
6
17
2
0
17
0
2
21
0
10
0
4
23
20
0
0
5
0
14
10
8
18
8
11
0
9
2
4
5
0
0
0
8
4
14
11
11
9
2
14
0
14
9
4
0
9
0
7
11
10
8
0
2
3
12
0
13
0
1
5
3
6
8
15
1
14
10
0
12
5
0
0
6
0
0
18
18
0
1
12
8
2
0
6
1
0
3
5
4
0
5
17
2
5
0
0
11
0
0
3
0
7
0
5
0
10
10
7
9
0
2
4
3
1
2
2
7
7
1
4
2
2
7
0
0
3
6
0
0
9
9
0
1
3
7
10
4
0
5
0
9
8
0
0
11
1
4
3
0
2
0
0
3
0
10
13
6
2
12
0
5
0
0
0
0
6
0
8
0
9
0
0
0
0
0
16
4
6
9
0
0
3
6
3
8
9
0
8
0
1
2
0
0
10
8
7
10
0
5
4
7
7
0
1
0
0
2
0
0
7
0
0
4
4
0
4
1
9
7
2
0
0
0
1
0
0
5
7
3
4
3
11
1
0
0
0
0
0
10
0
1
4
6
0
2
0
4
9
4
0
0
0
0
7
3
3
6
2
0
3
2
0
6
1
6
3
0
0
0
0
0
3
2
0
0
0
3
1
0
0
4
0
0
0
0
4
0
0
0
0
0
2
0
0
4
1
2
5
0
0
0
0
0
1
1
8
3
4
0
0
0
0
0
0
3
4
0
8
0
0
0
0
0
0
5
1
0
0
4
1
0
3
5
0
2
4
0
5
1
0
0
0
2
2
2
0
6
5
7
0
0
4
0
1
3
0
2
0
0
0
1
0
0
0
0
0
2
0
0
1
6
0
0
8
2
0
0
1
0
1
0
0
0
6
3
0
3
0
0
0
1
8
2
0
0
0
1
4
2
0
5
3
4
0
0
5
6
0
5
0
0
2
3
2
2
1
0
0
0
5
2
0
4
0
0
2
3
0
0
3
1
0
0
0
4
9
4
0
0
0
2
2
0
2
0
1
2
0
5
0
0
3
0
0
9
0
0
1
4
0
0
0
1
0
0
0
0
0
1
0
1
1
3
0
0
0
3
0
0
0
0
1
0
5
0
1
2
1
0
0
0
0
0
1
1
0
0
0
1
3
0
1
5
0
0
0
0
4
0
0
1
0
0
0
1
0
0
0
0
0
0
2
0
0
4
0
5
0
2
2
3
1
0
0
1
2
0
0
0
0
4
0
1
3
1
5
3
1
3
0
0
0
1
0
1
0
0
0
0
4
0
0
4
0
0
5
0
0
3
4
0
1
0
0
0
1
0
0
2
6
0
0
1
0
0
0
1
0
0
0
0
2
0
1
1
0
0
0
0
0
0
0
0
2
0
0
2
6
0
0
0
1
0
0
2
0
0
1
6
0
0
3
3
0
2
0
0
0
0
0
0
0
0
3
4
0
0
0
0
0
0
3
3
0
0
1
0
4
0
2
1
1
1
0
3
0
2
0
1
3
0
14
3
1
0
0
4
3
4
4
0
4
1
0
4
0
0
0
0
1
0
0
0
3
0
0
0
4
0
0
0
0
0
0
0
0
0
0
0
5
0
0
2
3
0
0
1
4
2
0
0
0
1
0
1
0
0
4
0
0
0
0
3
0
1
0
0
1
0
2
1
0
1
0
0
3
0
0
1
0
3
1
3
0
1
0
1
1
0
0
0
0
0
0
1
0
0
0
0
0
4
0
0
2
0
0
0
1
0
0
0
0
0
0
2
3
0
0
0
1
0
0
1
0
6
2
0
0
1
5
0
0
0
0
0
3
2
1
0
0
0
4
1
0
0
1173
54
