../2_Decay/DataFilesGe/Decay/415239G2.TXTBackgroundRemoved 
0
0
0
0
0
0
0
0
0
0
0
2
5
1
22
151
40
16
69
40
22
14
6
15
2
0
4
7
15
7
16
1
6
5
1
0
15
14
18
0
0
30
21
0
5
4
13
19
0
9
11
0
0
2
16
0
11
0
0
9
15
0
0
0
17
0
27
18
10
2
0
0
25
0
0
0
0
0
0
0
9
25
17
0
0
0
0
11
2
5
4
0
10
21
0
11
11
0
24
1
7
2
0
19
18
20
18
8
0
0
18
0
0
17
13
0
11
8
16
17
20
24
13
9
9
10
0
3
16
15
0
20
21
1
16
0
34
6
23
15
20
0
5
27
0
18
57
20
10
0
25
0
39
0
1
20
19
2
17
2
14
8
0
7
0
16
19
0
13
13
0
22
19
2
18
22
6
17
0
28
4
6
5
20
6
12
13
18
4
23
7
18
14
7
28
0
2
21
6
4
0
12
7
0
13
16
2
3
7
5
8
14
9
9
0
24
0
1
10
0
0
10
4
4
8
7
10
15
13
0
0
6
10
10
0
21
18
3
22
8
7
2
7
2
11
10
0
0
0
3
7
10
2
11
7
6
19
14
0
2
8
5
1
0
0
8
0
3
9
5
0
6
4
0
0
2
5
6
12
5
18
4
18
4
5
5
0
1
11
11
6
4
17
9
0
6
2
3
12
0
3
1
0
1
0
3
5
0
1
0
11
8
1
1
2
3
6
0
0
10
0
9
0
11
3
2
1
1
10
2
6
5
7
4
3
0
14
3
0
1
3
0
12
5
5
0
0
0
3
0
7
0
8
0
10
1
0
9
2
7
0
9
0
0
6
0
10
4
7
8
0
0
5
10
2
0
0
6
0
3
0
10
3
0
3
5
3
0
11
0
0
6
3
0
2
0
0
0
5
7
5
6
0
0
2
0
0
0
0
0
5
3
4
0
0
2
0
4
0
0
3
0
0
2
0
5
0
3
0
4
0
0
0
0
5
0
0
0
0
7
7
7
3
5
1
0
0
6
8
0
1
2
0
0
0
2
5
6
2
1
0
0
0
2
7
4
0
0
5
5
0
1
3
6
7
0
2
0
0
0
0
3
0
3
0
0
0
4
1
0
3
0
0
7
0
0
1
3
3
2
0
0
0
0
0
0
0
0
0
3
0
8
3
2
0
0
0
0
0
0
3
7
3
8
5
0
1
0
0
3
0
3
1
0
0
3
1
0
0
7
0
0
6
0
0
0
1
3
0
6
1
0
0
0
0
1
1
0
2
0
3
0
2
0
0
0
5
0
0
3
1
0
0
1
0
0
0
2
1
0
0
0
0
0
1
0
0
3
0
0
11
0
0
1
2
0
1
0
0
0
2
0
0
0
0
0
1
0
2
4
0
0
1
0
0
1
0
0
0
3
4
1
6
4
0
1
1
0
0
0
0
6
1
3
0
0
0
4
4
0
3
3
1
0
0
2
4
4
0
2
0
2
2
0
2
4
1
1
0
0
6
0
1
2
5
3
0
0
3
2
0
0
0
0
0
0
0
0
0
0
0
0
1
0
0
0
0
0
6
2
5
0
2
0
2
0
0
0
2
2
5
0
1
7
0
0
0
2
0
0
0
1
2
2
0
2
0
0
1
1
0
0
0
0
0
2
0
5
1
0
0
1
1
0
0
2
0
3
0
0
0
0
0
1
0
0
0
4
1
1
0
0
0
0
1
0
1
1
2
2
1
0
0
0
2
4
0
0
0
2
1
4
0
1
5
0
0
1
0
1
0
3
0
0
1
0
0
3
2
0
0
4
3
0
0
0
2
5
3
0
1
0
0
0
0
10
0
0
0
0
1
2
0
1
0
0
0
1
0
3
0
0
0
1
0
1
0
0
0
0
3
6
0
1
0
5
0
0
0
0
3
0
0
3
2
0
0
0
2
1
3
1
0
4
1
0
0
0
2
0
0
1
0
0
0
3
5
0
0
7
1
0
0
1
1
1
3
0
3
1
3
0
2
1
0
0
1
0
1
0
4
0
0
0
0
0
0
0
0
4
2
0
2
0
0
3
0
2
0
1
1
1
2
1
0
2
4
2
0
0
0
1
4
6
0
0
0
1
1
0
1
2
0
0
0
2
0
0
0
0
0
0
0
0
0
0
0
2
0
0
1
0
0
0
0
0
0
3
2
1
2
0
0
1
0
0
0
0
0
0
0
0
1
0
0
0
0
2
1
0
1
0
1
0
2
0
1
3
0
0
3
0
0
0
0
0
1
0
0
0
2
0
0
0
2
0
0
0
1
2
0
0
0
0
3
0
0
1
6
0
0
0
2
1236
