../2_Decay/DataFilesGe/Decay/415228G2.TXTBackgroundRemoved 
0
0
0
0
0
0
0
0
0
0
0
0
0
0
21
163
163
16
27
45
41
29
14
14
19
4
11
25
15
22
18
18
11
11
2
26
26
9
10
3
3
12
32
15
15
15
15
9
9
3
10
9
11
14
25
6
6
0
20
20
12
22
13
13
21
15
41
7
7
18
18
18
20
4
9
7
7
27
27
10
10
6
11
1
1
1
1
1
1
1
0
13
13
30
14
15
15
7
0
12
33
29
2
23
11
11
8
28
28
28
28
14
6
17
0
0
19
9
43
12
48
25
20
30
27
30
11
16
11
8
3
19
6
16
16
23
23
8
0
52
7
30
37
14
23
25
36
29
21
21
19
4
13
1
22
15
13
5
13
4
22
16
13
17
17
34
10
29
10
12
10
19
10
33
44
24
2
2
2
2
11
0
6
3
3
3
33
8
21
27
27
13
10
12
6
20
14
14
11
13
3
15
13
18
5
8
5
5
8
7
10
11
1
3
3
5
3
1
13
8
8
21
2
11
17
14
3
3
11
9
9
8
9
21
21
13
3
6
28
28
15
5
3
0
30
30
6
1
1
1
1
11
7
16
16
2
4
4
23
7
7
5
2
6
6
10
11
1
2
2
7
7
7
16
12
9
4
7
7
5
5
7
10
4
4
14
2
2
2
6
6
4
16
14
1
1
0
4
2
2
5
10
10
10
10
10
10
10
1
11
6
6
6
6
1
1
3
3
12
4
2
6
6
6
4
3
8
4
5
10
0
0
7
4
5
1
1
1
1
10
8
4
2
7
7
6
15
2
2
4
3
0
13
3
7
3
3
14
2
2
2
3
3
5
6
4
11
3
7
5
5
6
8
0
2
6
2
9
3
4
4
4
5
5
5
8
8
3
2
3
3
4
4
2
3
6
6
5
2
1
0
0
0
4
1
1
4
4
3
3
2
2
7
3
1
0
10
9
4
4
4
0
2
1
1
1
0
0
1
3
3
3
2
2
3
5
0
4
7
0
2
2
3
6
4
4
2
1
3
3
1
1
1
1
1
8
2
2
2
1
3
4
6
0
2
3
4
8
3
3
12
12
1
2
6
6
6
2
1
1
3
1
1
1
2
2
2
2
2
5
0
0
0
0
0
4
3
5
1
3
3
3
7
4
3
3
2
4
5
1
2
4
10
10
11
0
0
0
2
2
5
4
5
1
1
3
4
4
0
0
0
0
2
2
2
1
1
1
4
4
4
3
1
0
8
8
8
8
2
6
2
1
1
0
0
0
0
0
1
1
1
1
1
6
10
6
6
4
0
0
9
4
4
1
1
1
1
2
6
0
2
2
2
2
3
3
2
4
7
8
8
8
1
1
4
4
0
1
1
1
2
4
1
3
3
3
1
3
0
0
0
0
1
1
1
5
5
1
3
3
3
3
3
1
1
1
2
2
0
1
1
1
1
1
2
0
0
4
3
6
6
6
5
5
5
5
5
1
1
2
2
2
0
0
0
1
1
4
1
3
3
3
0
4
2
2
1
1
5
1
1
2
5
1
1
1
4
4
1
1
1
2
2
2
0
0
1
1
1
2
3
1
1
1
2
2
3
3
2
2
2
7
7
2
2
2
0
0
0
0
2
1
1
1
1
1
1
5
2
2
2
2
2
1
2
2
2
1
1
1
1
0
0
0
0
0
2
1
2
1
6
4
4
6
3
4
4
4
4
0
0
2
2
2
2
2
0
0
0
0
3
3
1
4
4
0
0
0
0
3
3
1
3
3
3
4
0
2
2
2
3
1
1
0
0
1
3
3
3
3
3
3
2
0
0
6
6
3
1
0
3
1
0
0
2
2
0
0
5
5
0
0
2
2
2
0
0
2
0
2
2
2
2
1
3
5
1
1
1
1
0
0
0
0
0
1
1
2
2
0
0
0
2
2
2
2
0
1
1
1
1
1
1
4
4
4
4
3
0
0
0
0
0
0
0
0
0
4
0
3
3
3
3
0
0
4
2
0
1
1
1
2
2
1
1
1
1
2
0
0
0
0
0
0
0
1
0
0
3
3
3
3
1
1
2
0
0
0
2
2
1
4
4
4
4
4
2
2
2
2
2
0
1
1
1
2
0
0
1
1
2
2
9
9
1
0
0
1
1
3
3
3
3
2
2
2
0
1
1
0
3
3
4
3
3
0
0
0
0
0
0
2
2
1
0
0
2
2
2
0
0
4
0
0
2
2
2
1
1
2
1
0
1
1
0
0
4
1
1
3
4
1
1
0
0
0
1
1
1
2
2
2
0
2
2
2
1
1
0
0
5
5
5
5
1
1
1
1
0
0
0
0
0
1301
