../2_Decay/DataFilesGe/Decay/415227G2.TXTBackgroundRemoved 
0
0
0
0
0
0
0
0
0
0
0
0
0
0
12
118
0
15
31
48
10
4
1
10
0
24
13
3
18
23
16
9
12
0
0
18
3
16
6
16
12
5
18
1
2
14
9
15
5
3
10
2
4
17
0
0
2
0
1
0
5
6
2
0
3
3
0
0
15
0
0
0
0
5
0
7
10
7
1
31
0
7
1
0
0
0
27
1
29
19
9
1
20
10
27
0
14
21
10
10
0
34
0
36
0
9
10
16
0
5
7
19
15
0
16
15
15
22
0
35
1
23
42
44
10
37
25
0
25
40
44
21
23
11
4
43
32
11
28
1
19
30
15
18
16
20
20
10
10
36
20
12
27
1
27
3
26
0
14
24
24
16
4
17
11
0
16
5
14
5
32
3
17
47
39
25
23
13
11
36
4
4
5
0
0
0
13
13
16
21
22
4
7
18
7
27
0
20
0
19
5
4
18
0
16
12
7
11
3
0
8
17
22
24
4
0
0
0
2
1
0
30
3
12
7
6
0
20
18
4
2
8
14
1
11
10
15
9
7
18
17
10
19
0
10
21
0
5
3
11
0
15
6
15
0
8
14
11
4
14
3
13
14
7
6
11
1
5
22
8
5
14
0
4
10
0
0
1
5
18
11
8
17
15
3
15
0
6
10
11
11
6
21
4
7
0
8
0
0
0
0
20
17
3
7
5
0
0
1
9
0
11
2
14
8
3
4
10
6
1
0
0
1
10
5
0
3
8
4
0
4
2
2
1
4
1
0
1
5
10
4
9
6
2
3
0
0
0
0
1
3
8
7
4
7
0
0
14
9
0
0
3
1
0
1
0
8
5
3
0
0
0
3
0
0
2
4
6
0
0
4
3
6
9
0
0
4
1
0
3
5
0
10
2
5
3
0
6
9
3
0
0
0
0
0
0
0
0
0
3
3
3
3
0
0
2
1
3
0
2
0
10
0
0
0
0
0
0
0
0
0
2
4
5
1
0
1
10
4
9
1
0
1
0
0
0
0
3
3
0
2
0
0
2
0
9
0
5
1
0
5
0
3
3
8
3
4
0
5
0
0
0
2
1
0
5
0
0
2
0
0
0
1
5
0
0
0
1
0
5
1
0
0
2
5
8
8
12
7
0
0
0
9
1
0
3
0
2
8
3
6
3
2
2
3
0
0
7
0
6
3
0
0
3
0
1
0
2
0
9
0
2
2
1
0
1
0
3
0
0
5
0
7
0
1
2
0
0
0
0
3
0
5
5
0
2
0
0
2
3
2
6
2
6
7
0
0
10
2
6
0
5
0
0
0
0
1
0
6
0
0
2
0
0
0
3
0
0
0
7
10
4
3
0
1
0
5
4
2
0
0
0
0
3
0
2
0
6
7
3
0
0
2
0
3
1
1
3
0
0
0
0
0
4
0
0
0
1
0
3
3
0
4
6
1
1
0
0
0
0
4
2
0
1
0
3
0
7
0
5
0
7
0
2
0
0
3
5
0
2
0
0
5
7
3
0
0
0
1
1
0
5
0
0
2
6
0
0
0
2
0
0
0
2
0
0
0
1
1
4
3
0
3
0
0
3
2
1
0
0
1
3
4
6
0
0
0
0
4
0
1
0
1
0
2
0
0
0
0
0
0
1
0
1
0
0
0
5
0
0
2
4
2
0
0
0
2
2
1
0
1
1
0
1
1
0
1
1
0
0
0
1
0
0
0
2
0
2
1
1
0
0
0
3
0
0
0
2
0
0
0
3
0
1
0
0
1
0
0
0
3
1
3
2
0
0
4
8
2
0
0
3
0
1
0
1
0
0
0
0
2
0
0
0
0
3
1
0
0
0
1
0
0
1
2
0
0
0
0
0
2
0
0
2
0
0
0
0
0
0
1
3
2
1
2
1
0
0
1
0
1
1
4
1
0
0
0
0
0
0
1
0
0
0
0
0
0
0
4
1
0
2
0
0
0
0
2
0
0
0
0
2
0
0
0
0
2
2
6
3
1
0
1
0
0
0
0
1
1
1
2
0
0
3
0
0
0
4
0
5
0
2
2
0
3
0
0
0
0
1
0
0
0
0
1
3
4
1
0
0
0
2
3
1
1
3
1
1
6
0
1
0
5
3
1
0
1
2
2
1
0
3
2
0
5
0
0
0
1
0
0
0
4
0
0
0
0
0
1
2
1
0
0
3
1
0
0
1
0
0
0
1
7
0
2
1
1
0
0
0
0
0
1
0
1
0
2
0
0
0
1
0
1
4
0
3
1
0
0
0
1
0
0
0
0
0
1
0
0
0
0
2
0
0
1
2
0
0
5
0
0
0
0
1249
