../2_Decay/DataFilesGe/Decay/415241G2.TXTBackgroundRemoved 
0
0
0
0
0
0
0
0
0
0
0
0
0
0
24
180
94
2
36
30
17
22
18
0
5
6
0
18
0
3
3
2
1
5
7
0
16
7
10
10
6
6
4
7
0
4
0
11
0
6
1
0
5
13
0
0
2
0
23
0
0
10
7
0
0
0
8
18
11
10
0
0
8
7
10
0
0
13
3
0
0
32
0
0
0
0
0
0
8
0
8
0
34
20
18
14
5
0
23
0
17
5
0
15
18
6
12
8
0
5
11
0
0
0
8
12
0
0
0
34
33
5
34
27
29
24
4
0
37
17
0
7
0
0
18
0
1
15
23
13
2
0
19
38
12
0
4
0
26
9
20
11
24
11
0
3
1
27
0
35
17
20
29
5
16
4
18
0
17
8
0
13
0
27
23
29
14
2
1
38
0
7
0
16
9
26
9
0
8
3
18
13
0
17
12
0
0
0
0
12
6
0
27
14
18
14
8
15
0
4
12
0
3
13
9
2
0
12
6
0
0
9
10
0
18
10
0
7
6
4
3
8
0
9
9
4
12
5
2
0
8
5
0
0
8
5
2
0
11
6
8
3
7
12
1
1
8
0
15
0
0
14
3
10
0
7
3
11
0
0
0
15
0
14
0
10
0
0
11
15
2
2
6
3
5
15
12
0
12
11
0
0
2
4
0
5
7
1
0
0
1
11
0
0
0
4
0
0
10
10
3
7
0
3
5
0
0
9
6
1
3
0
0
7
4
0
0
0
1
0
0
2
0
0
12
8
8
1
6
2
8
8
1
1
2
3
0
0
10
14
2
2
0
11
3
9
0
8
4
0
0
7
2
5
1
0
3
4
4
0
0
13
0
0
5
0
0
9
5
7
3
0
2
0
0
0
0
0
2
0
2
6
4
4
1
6
0
0
4
11
0
4
0
0
6
0
0
1
0
3
0
9
4
0
0
3
11
8
0
2
3
11
0
1
0
7
0
0
0
2
4
3
0
8
0
4
2
1
8
1
1
2
3
2
3
0
3
5
8
6
6
2
0
0
2
7
0
0
0
4
4
0
1
0
7
4
0
1
4
5
0
0
1
0
9
5
1
0
1
0
0
2
3
2
4
5
4
4
5
0
0
0
3
7
0
0
4
14
5
0
8
0
8
0
0
4
4
0
0
1
0
0
0
2
0
1
0
0
0
0
1
0
0
1
0
0
2
2
0
0
0
3
1
2
3
0
3
1
0
0
7
3
0
1
0
2
0
0
0
1
5
2
2
0
0
1
2
0
0
5
1
0
1
5
5
5
1
6
3
4
2
2
2
0
0
0
5
3
0
1
0
0
0
2
0
1
2
0
3
1
0
1
0
0
0
0
1
0
4
0
1
0
3
0
4
0
1
0
1
3
0
4
2
0
0
3
3
0
0
0
0
0
0
0
0
0
0
0
0
0
0
0
0
1
3
2
0
2
0
5
3
0
0
0
3
0
2
5
0
2
0
0
0
0
0
4
0
0
0
6
6
2
0
1
0
3
0
1
2
0
0
4
0
1
3
0
2
0
2
0
0
0
0
0
0
0
0
2
0
0
2
1
0
0
8
2
6
0
1
0
1
0
8
8
4
0
0
3
2
0
1
0
0
0
0
4
0
4
0
3
0
2
0
6
0
0
2
5
0
0
0
2
6
0
0
0
1
0
2
2
6
0
0
0
2
2
1
0
4
0
0
1
0
0
0
1
3
2
0
0
0
0
5
0
0
2
0
0
0
2
5
0
1
3
3
0
0
0
0
0
0
0
2
0
0
0
4
0
0
0
0
1
0
0
3
1
0
1
0
0
4
0
0
0
0
0
0
0
1
0
0
1
0
0
0
0
0
0
2
3
0
2
0
0
2
2
0
0
3
3
0
4
3
1
0
0
2
0
3
1
2
0
1
1
0
3
1
2
0
0
5
0
1
2
0
0
1
0
0
0
0
1
0
0
0
0
4
2
1
0
3
3
0
1
0
5
2
0
0
0
0
0
2
1
0
0
6
0
0
0
0
4
1
0
0
2
1
0
0
0
0
3
0
0
6
0
0
0
0
3
2
3
0
3
0
0
1
0
0
0
2
1
1
0
0
1
3
0
11
0
2
0
3
2
0
1
1
0
0
0
0
1
0
0
0
0
1
0
1
0
0
6
0
0
0
2
0
0
0
0
2
0
0
0
0
0
0
0
0
0
2
1
0
0
0
0
0
0
2
3
0
0
0
3
0
0
0
0
0
0
4
0
0
0
0
0
0
0
0
0
0
1
0
1
1
0
0
0
2
0
0
1
0
0
1
0
2
1
3
4
0
0
0
1246
