../2_Decay/DataFilesGe/Decay/415236G2.TXTBackgroundRemoved 
0
0
0
0
0
0
0
0
0
1
1
0
0
0
50
490
93
31
42
35
13
33
3
0
5
15
5
26
0
13
7
5
4
0
0
0
19
9
8
5
9
17
11
0
0
9
5
3
0
18
6
7
12
22
0
0
0
8
0
0
10
20
0
0
10
2
18
9
8
13
0
0
0
2
2
0
0
0
0
0
12
16
0
0
0
0
27
14
9
0
13
0
13
15
2
0
21
0
11
18
9
26
0
16
0
1
16
0
0
0
0
22
32
0
9
1
0
13
0
32
0
0
7
4
26
25
13
1
29
19
0
7
14
33
20
42
0
13
20
28
0
26
32
0
23
0
31
23
15
2
0
0
2
0
28
27
12
26
19
11
5
0
10
17
0
0
12
0
0
7
0
24
6
18
27
26
0
0
15
4
4
0
0
21
0
0
12
0
21
11
23
0
4
6
35
0
0
0
25
7
8
18
13
6
5
30
5
9
18
0
3
7
1
13
10
7
6
0
0
8
2
13
0
9
22
10
0
18
9
0
9
3
6
12
6
18
16
2
24
0
6
0
7
7
10
3
7
0
7
5
6
8
16
10
5
7
4
13
0
6
10
2
0
0
0
1
8
16
7
0
0
5
5
6
3
0
0
3
0
16
9
5
7
8
3
12
10
4
1
4
17
0
14
10
0
3
0
0
0
12
0
6
1
0
1
0
4
0
5
7
7
8
0
17
2
3
6
1
9
7
0
2
0
2
0
6
0
0
0
2
9
6
1
3
0
5
2
0
7
3
2
0
0
0
8
16
0
0
3
0
5
2
0
7
10
0
4
8
7
4
0
5
5
5
0
3
5
0
4
2
0
0
0
1
5
0
1
9
0
6
3
0
6
0
0
0
4
0
3
0
2
0
5
0
0
3
0
0
4
7
0
3
0
1
6
0
5
0
0
0
1
0
12
6
4
9
5
0
0
6
5
0
1
6
0
7
5
5
0
0
0
0
1
1
0
4
2
3
0
2
8
5
8
2
0
1
1
3
4
3
0
0
2
0
6
5
0
0
0
2
1
1
1
0
0
8
0
2
9
4
0
0
6
0
1
0
7
6
0
0
0
3
0
0
5
0
4
2
5
6
0
0
0
3
2
0
1
7
0
0
0
0
7
0
0
1
0
8
0
1
4
7
1
1
0
4
2
0
0
0
1
1
0
5
0
1
2
4
0
0
2
0
3
0
1
0
2
0
0
2
4
0
1
3
0
1
2
0
1
1
0
6
11
0
0
4
0
0
3
0
3
0
0
0
5
4
3
7
1
0
1
0
0
0
0
1
2
0
2
0
0
0
0
0
0
0
1
1
0
7
0
0
0
0
0
2
0
0
2
2
0
0
1
2
0
0
3
2
6
0
0
0
0
3
0
2
0
2
2
0
0
0
2
0
0
0
0
3
0
3
0
5
0
1
0
0
0
1
7
11
8
0
0
2
0
0
0
5
0
2
0
0
0
0
0
0
0
3
0
3
0
0
2
4
0
0
0
0
1
0
0
3
0
0
0
0
0
0
0
0
0
6
0
0
1
0
3
1
1
0
2
5
2
0
3
0
2
0
0
4
7
7
1
0
1
0
0
0
0
0
0
0
1
2
0
0
0
1
1
3
0
0
0
0
0
1
2
0
0
0
1
4
7
1
1
0
0
1
0
3
0
0
0
2
1
0
5
2
2
0
1
0
0
1
5
3
5
1
4
2
0
0
1
0
0
5
0
1
0
0
3
1
0
1
4
0
0
0
0
4
3
2
3
0
0
2
3
3
0
0
0
0
0
0
0
5
0
0
0
3
4
2
0
0
0
1
0
3
0
0
0
1
0
4
0
0
0
1
0
2
0
0
0
2
0
0
0
0
0
0
0
3
0
1
2
1
0
2
0
2
2
0
0
0
0
2
0
0
0
0
0
1
0
0
0
2
1
0
3
0
0
0
0
0
0
0
3
0
0
0
3
0
0
0
0
0
5
0
0
2
0
3
2
2
0
1
1
3
1
1
0
0
1
1
0
0
2
0
4
0
0
0
0
0
0
0
0
0
0
0
0
0
0
0
0
1
4
0
0
3
0
0
0
0
0
3
0
2
0
0
2
3
0
0
3
0
0
3
0
1
5
0
0
0
0
2
3
0
2
0
0
0
0
0
1
0
0
0
0
0
0
0
3
5
3
0
0
0
0
0
0
0
0
0
4
0
0
2
0
0
0
1
1
0
2
0
0
0
0
2
0
0
0
2
0
3
2
1
0
2
3
1
0
0
0
0
0
0
1
2
2
0
0
0
0
0
1
0
0
0
1
3
0
1142
