../2_Decay/DataFilesGe/Decay/415278G2.TXTBackgroundRemoved 
0
0
0
0
0
0
0
0
0
0
0
0
0
0
14
84
57
25
31
40
27
23
20
4
27
9
10
37
13
20
21
13
10
27
3
17
4
11
16
4
23
16
14
0
20
9
14
15
6
6
2
20
16
22
19
8
2
15
21
27
30
9
34
33
20
15
30
10
2
18
5
3
28
15
26
13
13
33
21
26
26
26
28
20
13
1
13
9
27
25
47
22
23
27
43
24
20
18
38
17
6
40
3
29
29
3
54
54
2
9
9
26
22
38
31
13
10
24
14
22
30
30
47
37
24
8
44
5
54
27
4
28
17
24
23
30
27
35
15
22
11
34
52
21
38
6
34
24
51
56
12
28
49
49
32
17
32
1
34
24
4
42
4
22
4
20
29
9
30
8
30
27
12
31
23
15
30
33
3
38
28
4
0
24
1
34
32
13
20
9
30
32
18
19
32
56
19
42
20
19
20
52
38
40
29
45
10
46
25
27
32
10
10
24
21
16
4
17
16
16
8
6
11
0
24
19
9
8
14
2
2
24
10
22
2
7
21
12
21
2
22
0
9
17
12
24
24
8
4
21
10
22
11
23
10
6
8
24
6
13
7
9
9
2
10
13
17
16
0
0
14
12
6
14
8
9
9
11
8
11
5
7
21
12
8
4
20
3
2
13
1
1
23
8
5
5
2
2
6
8
7
9
6
6
6
6
6
9
0
10
2
13
13
2
3
2
2
3
6
12
6
4
2
12
6
11
5
8
3
4
14
14
8
8
10
2
4
13
4
12
12
2
8
12
0
19
19
19
4
4
8
8
0
0
7
8
4
7
3
3
14
7
2
4
6
15
4
4
5
2
0
11
9
9
7
3
2
9
2
0
4
0
11
5
5
5
6
0
4
4
5
0
7
4
8
4
4
4
4
1
1
9
1
1
11
11
3
3
0
0
2
10
5
5
0
5
5
4
6
2
2
3
4
4
4
9
5
1
1
1
6
7
1
2
2
4
1
1
1
2
2
8
0
2
4
4
4
0
1
2
2
2
2
2
2
0
0
0
2
5
4
4
5
0
0
0
0
9
4
5
5
5
2
2
2
2
2
2
2
2
5
7
0
0
0
0
3
4
5
3
3
6
0
5
6
5
14
6
5
5
4
1
2
2
0
2
3
0
0
2
2
5
0
7
3
3
7
7
3
6
0
2
1
4
4
4
5
0
0
3
3
0
3
5
5
5
3
3
0
0
0
0
0
0
0
0
0
4
4
4
4
4
2
1
1
2
1
4
1
6
5
8
2
5
10
1
1
1
8
0
0
3
6
6
6
6
8
0
0
0
0
1
1
1
1
2
1
1
1
10
3
3
3
4
2
2
2
0
3
3
3
0
4
5
5
5
3
0
0
3
1
7
4
4
4
2
1
0
1
1
2
2
1
6
6
6
2
2
2
0
3
3
3
0
0
2
2
2
2
15
15
15
15
4
0
2
2
0
0
0
4
3
0
0
4
1
4
7
0
4
0
0
0
4
0
6
3
3
7
7
7
1
1
5
8
0
1
5
4
0
5
3
0
0
0
0
0
3
0
0
0
0
0
0
5
5
2
1
1
1
2
0
5
6
6
4
0
0
0
2
1
0
0
1
0
0
0
8
4
1
5
2
2
3
1
3
3
1
1
3
3
4
4
1
1
1
2
4
3
4
6
6
6
2
3
5
0
4
0
0
0
0
0
0
0
1
1
2
2
2
4
4
3
4
0
4
4
0
0
4
3
1
1
1
0
2
2
1
1
2
3
2
2
2
0
2
2
2
2
1
1
0
2
3
1
2
5
0
3
3
2
1
1
1
1
4
4
3
1
1
3
0
0
0
0
0
0
2
3
0
4
3
3
3
3
2
2
2
1
1
1
0
0
0
3
3
1
4
2
4
2
2
1
3
3
3
6
7
0
1
2
2
2
3
3
0
3
3
3
1
0
3
3
3
3
3
2
2
1
1
1
3
2
2
2
9
3
3
3
0
0
0
1
3
2
2
3
2
1
3
1
0
0
3
3
1
1
1
2
3
1
3
5
1
1
3
3
3
4
4
3
3
1
0
0
0
1
1
1
4
4
1
0
1
2
2
2
4
4
1
2
1
1
1
6
6
6
6
6
6
6
1
1
2
3
3
1
0
5
0
3
3
0
0
1
0
0
0
3
3
0
1
1
2
2
2
2
2
2
2
0
0
0
0
0
1
1
3
3
3
4
4
4
1
5
1
2
2
0
2
3
3
2
2
2
2
2
0
0
0
3
4
4
4
0
0
2
0
3
1
0
0
0
2
2
2
2
2
2
0
0
1
2000
2000
