../2_Decay/DataFilesGe/Decay/415290G2.TXTBackgroundRemoved 
0
0
0
0
0
0
0
0
0
0
0
0
0
0
49
227
44
8
24
21
16
7
15
13
12
4
40
25
0
33
13
3
16
14
0
11
11
20
15
33
11
7
27
0
8
3
9
4
10
20
28
28
2
23
24
0
20
4
19
20
8
29
20
18
24
3
0
29
7
13
0
0
32
12
18
4
0
26
0
29
0
8
11
20
0
26
18
43
40
8
12
54
19
29
40
29
16
6
10
29
15
43
22
54
36
27
21
23
7
34
8
44
22
44
40
22
6
29
24
20
19
19
41
37
13
10
13
19
57
30
11
36
23
49
21
37
30
32
14
14
2
27
42
36
46
24
35
18
16
38
31
26
12
32
16
27
32
26
25
42
30
41
5
14
15
29
20
2
21
29
7
26
18
32
22
26
21
9
33
21
12
16
6
4
0
3
35
22
15
15
13
28
13
29
32
35
13
20
16
10
6
3
17
4
25
24
6
11
32
24
27
4
12
23
12
0
5
24
20
10
0
22
20
6
25
0
14
3
10
20
13
29
0
12
20
18
4
12
35
9
15
11
0
18
12
5
5
8
12
9
11
16
18
0
4
0
18
9
12
17
0
9
0
2
12
9
8
3
7
13
12
5
8
2
5
10
7
9
16
21
12
23
23
11
0
13
4
0
11
13
3
12
8
17
8
0
2
5
20
5
12
3
0
17
7
7
2
0
6
4
9
10
3
11
0
19
3
13
12
3
0
13
0
8
8
6
3
7
3
0
17
7
6
7
14
2
8
15
2
10
0
5
4
1
6
24
0
0
1
6
10
3
2
5
8
0
3
12
0
1
0
4
7
11
7
0
10
0
2
11
0
5
6
5
1
1
3
4
0
3
3
5
9
5
0
0
1
5
4
0
0
6
10
2
2
3
5
3
5
10
0
0
7
1
3
0
0
1
8
8
0
2
2
4
0
4
12
4
3
3
1
5
0
2
0
2
0
2
0
5
0
9
0
8
0
0
8
1
0
4
0
2
0
0
7
3
1
0
5
0
0
4
0
0
3
1
0
0
9
0
4
5
0
6
2
0
2
7
9
8
0
4
5
2
1
5
5
0
1
0
4
12
5
0
0
0
6
7
2
9
0
5
0
0
3
11
3
6
1
3
4
0
1
0
0
5
4
2
0
4
0
7
5
1
7
1
0
0
0
0
0
3
0
1
3
4
8
1
0
0
0
7
3
5
0
1
1
4
1
0
1
2
1
1
0
9
0
0
0
1
5
1
1
2
0
6
0
6
2
4
4
0
2
4
0
12
1
2
2
4
0
3
1
2
3
0
3
1
5
0
8
0
1
0
0
6
3
0
2
16
13
0
3
0
8
0
0
1
0
0
3
3
3
1
0
0
3
0
3
2
0
1
1
0
2
0
2
7
0
0
0
5
2
0
4
0
5
0
2
4
0
0
0
0
6
0
0
5
2
5
2
0
0
0
0
0
4
2
0
0
0
1
0
0
0
0
0
0
1
0
2
0
5
2
0
0
0
3
8
0
0
0
0
2
6
3
3
3
0
0
0
0
2
0
4
0
0
0
0
0
4
0
6
0
0
6
5
0
3
2
2
2
0
2
1
0
0
4
4
0
7
3
7
2
0
0
0
0
0
3
0
0
0
0
0
2
0
2
0
1
0
2
4
0
0
0
4
2
0
1
3
0
0
1
0
1
4
3
0
1
0
0
0
0
0
1
2
3
0
0
0
0
3
2
0
0
0
2
0
0
5
0
0
1
3
0
0
5
0
0
0
3
0
0
0
0
0
1
0
4
0
0
1
2
0
5
2
0
0
0
0
3
3
0
0
6
0
3
3
0
5
2
1
0
0
0
3
2
0
3
3
5
3
0
0
0
2
0
0
0
1
0
0
1
0
5
0
3
3
0
0
1
1
0
0
0
3
1
1
1
1
1
0
0
0
0
1
1
6
0
4
1
1
1
0
1
5
0
0
1
2
3
2
0
0
5
5
4
0
2
0
6
0
3
0
0
0
2
0
2
3
0
3
0
4
0
0
0
1
1
1
1
0
1
0
0
0
0
0
4
1
0
0
0
0
2
4
0
1
0
0
0
0
0
0
0
1
7
0
2
0
2
0
0
0
0
0
6
1
0
1
2
0
0
0
0
3
1
0
3
2
0
6
1
0
0
0
5
5
2
3
2
3
3
5
1
0
2
0
0
0
3
2
0
2
2
0
0
0
2
1
0
0
0
1
0
4
0
1
1
5
3
2
0
0
0
3
1
0
7
0
4
3
0
2
2
0
0
1
4
3
0
2
0
0
6
1
2
0
4
1
0
0
1367
