../2_Decay/DataFilesGe/Decay/415209G2.TXTBackgroundRemoved 
0
0
0
0
0
0
0
0
0
0
0
1
0
0
23
466
424
131
52
43
29
20
27
0
1
12
2
17
2
12
1
0
3
8
17
17
23
1
15
15
26
27
19
0
9
7
7
0
2
5
5
15
38
0
0
0
12
14
18
10
25
33
22
0
14
4
3
7
39
7
0
22
10
0
0
5
0
0
3
0
0
35
13
7
0
0
15
0
7
11
0
4
0
4
2
12
0
0
31
20
0
13
4
57
0
13
31
0
6
0
0
1
20
3
11
19
0
23
4
27
0
0
18
14
5
22
0
0
32
0
15
41
14
26
8
26
9
25
3
21
10
38
40
20
33
25
23
12
11
24
12
8
3
0
37
12
34
0
24
15
43
13
20
18
0
11
26
4
15
1
10
20
32
0
27
1
7
9
8
0
0
0
17
19
0
17
12
15
10
0
4
14
0
13
11
21
2
23
0
20
0
4
7
0
17
13
4
0
11
0
11
0
14
12
16
0
0
0
8
9
0
10
0
6
5
0
5
27
5
0
0
16
0
0
8
24
3
0
10
13
7
0
4
0
4
23
0
7
13
9
2
23
19
0
6
1
8
7
2
0
0
7
7
5
8
14
9
0
1
2
0
6
0
1
0
3
6
12
7
18
6
3
11
6
0
21
16
0
0
8
1
0
7
11
5
1
4
0
7
0
0
0
3
0
7
6
9
0
3
7
9
12
0
0
0
1
3
6
8
8
9
2
0
10
6
5
3
0
0
0
0
7
9
8
10
0
12
4
0
11
4
0
7
0
2
0
22
0
9
8
14
0
2
1
11
0
0
13
8
3
0
11
0
2
2
0
10
2
14
0
2
9
0
3
10
3
6
4
1
0
1
2
12
1
0
0
6
0
9
3
0
3
0
0
8
5
3
1
1
8
0
2
0
0
8
0
0
9
7
0
3
1
7
3
5
0
13
5
0
0
1
2
0
2
0
2
2
7
0
0
0
0
3
0
0
2
4
11
0
0
0
1
10
0
1
0
0
6
5
4
0
0
0
0
3
7
6
0
8
0
0
0
1
2
5
4
0
4
3
2
0
4
3
5
1
0
0
0
0
0
5
8
0
2
0
0
9
1
1
4
1
2
0
1
6
0
6
8
0
0
7
1
2
3
0
1
1
0
0
1
0
8
3
10
0
0
0
0
0
0
1
1
0
2
1
0
0
0
0
1
1
1
1
5
0
0
0
3
6
1
0
6
0
0
2
0
0
0
0
1
1
0
7
1
0
0
0
1
3
2
1
0
1
0
0
3
12
8
3
2
0
0
2
2
3
0
1
0
4
5
0
0
0
0
2
0
0
3
1
7
3
0
0
0
0
0
0
7
0
3
0
1
0
3
0
0
0
10
5
0
4
0
0
2
0
4
5
1
0
4
0
0
0
1
0
0
0
0
5
7
2
0
6
0
0
0
0
2
0
0
0
3
1
3
0
0
2
1
0
3
2
0
3
6
1
2
1
1
0
2
2
0
0
4
0
4
2
4
4
1
0
5
0
2
0
2
0
0
1
0
0
1
3
0
1
0
0
0
0
0
3
0
2
0
3
1
3
0
0
3
4
0
5
4
0
1
2
7
0
0
0
1
1
0
0
4
2
2
0
2
0
0
0
0
0
1
0
1
0
0
0
7
3
1
5
0
3
1
3
1
2
3
1
5
1
2
0
0
2
0
3
7
0
0
0
1
1
4
0
1
0
0
0
0
0
2
0
1
0
0
6
1
0
0
0
0
1
2
0
0
1
2
1
0
0
2
6
2
0
2
0
0
1
0
0
2
0
0
1
0
1
0
1
0
1
4
0
1
0
0
2
0
0
0
0
2
0
0
0
0
0
3
0
1
0
0
0
0
0
0
0
1
5
3
0
0
2
0
3
2
0
2
2
3
0
0
0
0
2
1
3
0
0
4
0
0
3
1
2
0
0
0
0
0
0
0
1
0
0
1
0
3
0
0
0
3
1
0
3
0
1
0
2
0
4
0
2
0
0
3
0
1
0
3
0
2
0
0
3
0
3
0
4
0
2
0
2
2
2
1
0
0
0
0
0
0
0
3
0
0
0
4
0
0
0
0
0
2
0
2
0
0
0
0
0
2
0
0
0
1
0
1
0
0
1
0
2
0
0
2
2
2
0
0
0
0
0
2
0
1
2
5
2
2
0
2
1
3
0
0
0
5
0
2
1
1
0
0
0
0
0
0
0
0
1
1
0
2
0
2
0
0
3
3
0
0
1
0
1
0
1
0
0
0
2
0
0
5
0
0
0
0
0
0
0
0
0
0
0
0
0
0
1
1201
