../2_Decay/DataFilesGe/Decay/415224G2.TXTBackgroundRemoved 
0
0
0
0
0
0
0
0
1
0
0
1
96
201
41
1001
639
643
476
285
84
92
94
87
153
48
27
48
41
63
71
131
241
311
328
278
234
149
94
79
74
82
59
28
36
37
33
42
32
42
58
58
101
83
85
104
106
134
137
171
167
144
159
154
150
148
144
109
90
67
55
47
92
17
21
22
2
48
0
26
32
66
21
17
0
6
35
22
71
15
26
66
32
37
40
14
46
33
18
29
19
31
25
39
16
45
40
13
19
4
0
19
20
29
3
46
0
16
9
1
53
22
52
11
0
50
5
18
23
3
0
34
0
31
1
19
7
27
24
43
22
20
10
10
25
4
14
18
18
6
7
0
22
19
25
16
14
10
7
15
14
4
4
13
0
25
14
11
0
24
13
10
0
12
38
2
39
28
0
31
4
0
9
8
0
4
0
17
5
19
16
22
18
15
31
14
0
4
2
6
14
16
0
14
15
13
9
16
8
0
10
13
12
10
4
10
0
0
17
3
0
25
9
0
10
11
43
10
0
33
4
5
5
8
0
9
10
15
0
0
19
0
0
10
12
8
0
0
15
0
11
10
12
12
5
0
0
14
6
3
13
21
3
1
1
7
16
4
1
0
0
6
0
9
0
10
15
22
1
15
0
12
15
4
0
14
9
0
6
1
9
0
0
3
10
10
10
2
3
0
0
3
0
0
5
0
8
0
16
0
11
7
0
7
1
9
10
3
5
14
0
6
12
0
10
0
0
26
34
0
16
0
0
1
2
0
5
0
14
4
0
0
0
2
0
0
0
0
7
1
0
0
1
0
6
3
0
1
2
0
0
9
0
9
6
6
3
1
0
2
0
0
3
3
0
3
0
2
9
0
0
0
2
0
8
2
3
3
2
0
3
8
5
0
0
2
0
0
0
5
0
0
0
0
3
0
3
0
0
0
5
3
2
1
5
8
5
5
7
0
1
4
3
0
0
0
0
7
0
0
2
2
0
1
6
6
0
0
2
0
6
4
0
0
0
0
0
0
0
9
0
0
0
3
3
2
0
3
0
6
3
3
1
14
0
5
0
2
1
13
15
8
0
0
6
0
0
0
0
2
0
4
6
1
4
0
0
0
0
5
2
0
2
0
0
0
0
0
0
0
2
0
2
0
0
4
3
3
3
0
5
0
0
3
0
0
5
1
0
0
7
2
1
0
2
0
1
0
0
0
0
5
1
4
0
2
6
11
8
0
6
0
2
0
0
0
3
0
2
1
1
0
0
0
3
0
3
0
13
25
14
6
1
0
4
0
0
1
4
0
2
1
0
0
4
0
1
0
3
0
5
0
1
0
0
2
2
4
0
0
0
0
0
3
2
0
4
0
8
0
2
3
0
1
0
6
11
13
11
1
2
6
0
1
0
0
2
0
0
2
0
2
0
0
0
0
2
0
0
0
0
1
0
1
2
1
0
4
0
0
0
0
0
0
0
0
0
1
0
0
4
1
0
0
0
2
4
0
3
9
0
6
0
0
0
3
0
0
4
2
0
4
0
1
0
2
0
0
1
3
0
0
1
0
3
0
3
0
0
2
0
1
0
2
0
0
0
3
1
0
0
5
6
2
0
3
4
0
1
0
3
1
2
3
0
1
2
0
1
0
0
0
3
0
6
2
1
0
0
0
3
5
1
1
0
0
3
4
0
3
0
1
0
3
0
3
2
7
1
0
2
9
0
1
0
4
3
1
0
0
0
0
1
1
1
0
2
3
0
0
2
0
1
3
0
0
0
1
0
2
0
0
0
2
2
0
5
3
0
0
0
0
1
2
7
4
1
4
0
0
1
3
0
0
0
7
0
1
0
0
0
0
0
0
0
0
0
2
0
2
0
4
0
2
0
2
0
0
1
3
13
5
4
4
0
3
1
2
0
0
2
0
2
5
0
0
0
0
0
3
0
0
1
4
0
2
0
0
3
0
0
0
2
0
0
1
0
0
6
0
2
0
2
0
0
0
0
0
0
1
0
2
10
1
6
0
1
0
1
1
0
0
0
2
2
4
0
0
0
2
0
0
0
0
1
0
0
0
0
0
0
1
0
0
0
9
2
0
0
0
0
0
2
2
5
1
0
0
0
0
0
0
0
0
3
2
0
4
2
0
2
0
0
0
0
0
1
2
0
0
0
0
1
0
2
0
0
0
4
0
2
3
1
3
0
4
1
0
1
0
1
2
0
0
0
0
2
1
1
1
5
0
2
3
0
3
0
6
0
0
0
0
2
0
3
0
2
3
0
0
0
0
0
0
0
0
0
3
1
1
0
0
3
0
0
6
0
3
9
0
0
0
1
1022
