../2_Decay/DataFilesGe/Decay/415237G2.TXTBackgroundRemoved 
0
0
0
0
0
0
0
0
0
0
0
0
0
0
19
174
40
25
1
35
0
0
16
6
18
12
14
5
0
0
17
1
9
0
10
10
6
0
7
1
2
8
1
0
0
17
0
3
12
0
12
0
2
12
21
3
2
0
0
0
20
11
0
0
6
9
0
0
12
2
0
0
7
24
16
13
0
6
0
3
21
14
19
0
0
0
25
25
33
13
0
7
0
18
15
5
19
12
25
4
5
23
0
0
0
5
21
19
14
4
6
0
0
22
24
18
0
42
13
23
29
0
22
14
31
0
0
18
30
6
25
6
14
16
19
0
7
3
0
42
7
11
22
18
15
10
12
28
26
15
0
17
23
0
0
1
13
11
20
11
0
17
1
0
16
0
0
3
15
18
25
24
6
5
11
14
12
1
22
8
0
15
8
19
0
0
8
6
13
2
20
11
5
29
24
1
13
8
0
2
3
1
3
0
4
14
10
5
20
2
12
0
16
7
17
0
0
7
9
9
4
14
6
1
23
13
0
25
8
7
5
12
0
7
0
10
9
3
19
4
7
4
0
0
7
5
1
0
1
2
5
12
9
1
0
0
3
8
0
10
1
8
4
0
0
5
0
4
12
0
0
5
5
12
12
19
0
5
8
12
3
3
10
6
0
8
7
0
9
9
8
0
5
5
17
0
5
0
7
0
2
18
0
1
9
12
0
2
5
1
5
1
6
0
0
18
4
7
3
0
1
0
1
6
6
6
0
5
0
0
3
5
0
5
0
3
3
5
7
0
3
4
7
7
0
12
2
0
0
0
4
0
3
2
4
4
0
0
9
5
0
11
3
3
0
6
3
5
0
0
6
14
0
0
6
6
0
11
0
6
0
10
3
0
1
0
1
0
6
0
6
6
2
5
8
8
0
0
1
0
0
0
0
0
4
0
0
9
0
0
0
0
9
0
3
2
7
2
2
2
2
9
1
2
0
4
0
0
0
4
0
0
0
1
4
1
0
0
0
0
8
0
0
5
5
0
6
3
11
0
0
0
0
0
2
0
0
0
1
2
0
0
8
1
1
4
0
2
0
3
4
2
0
0
0
1
1
4
0
1
4
9
1
0
0
5
0
4
1
0
0
2
0
2
7
0
8
0
0
0
0
2
4
0
0
2
7
4
1
2
2
2
5
5
0
0
1
0
0
0
0
0
1
7
0
2
10
0
1
0
0
5
0
0
0
2
0
6
1
0
7
3
2
0
0
1
0
0
6
3
3
0
0
0
0
0
0
2
4
8
4
0
5
3
0
5
1
1
3
6
0
6
2
0
5
0
0
6
5
0
0
0
0
0
0
4
3
2
5
0
8
3
4
0
1
0
1
0
1
2
1
0
3
5
0
3
1
1
9
2
3
0
0
3
0
1
2
1
0
0
0
3
2
8
0
0
3
0
0
1
0
3
0
3
0
0
0
1
1
0
0
0
0
0
0
0
0
4
0
0
0
3
8
1
0
0
6
0
0
4
1
4
5
0
0
0
1
3
1
0
0
0
0
1
1
4
3
1
0
4
0
0
0
0
3
0
0
0
0
0
2
0
4
0
2
0
0
0
3
2
4
0
4
6
1
1
0
0
1
0
0
2
2
3
4
6
1
3
0
0
0
2
1
0
0
4
0
0
0
0
0
4
3
5
1
0
0
1
0
0
2
0
0
0
0
2
1
2
2
1
0
0
0
0
0
1
0
2
2
0
0
0
0
0
2
0
0
5
0
0
6
0
0
1
2
0
0
1
0
0
0
0
0
5
0
2
1
3
4
2
0
0
0
0
0
2
0
0
0
0
0
0
0
0
0
9
0
0
0
0
1
3
1
0
0
0
0
0
0
0
0
2
1
0
0
2
1
0
2
0
0
7
0
3
3
1
1
3
6
2
0
0
5
2
0
0
0
2
0
3
0
4
0
0
0
0
0
2
1
0
0
2
0
0
1
0
1
0
0
0
2
1
0
2
0
0
0
4
6
0
0
0
0
1
3
0
2
1
0
0
1
0
1
3
0
3
1
0
1
2
1
0
1
3
2
0
0
0
4
0
0
3
0
4
3
1
0
1
1
0
0
2
5
0
0
3
2
0
0
0
3
0
3
3
1
0
0
1
0
0
0
3
0
1
2
0
2
1
0
0
0
0
2
2
2
2
0
3
1
0
1
1
1
3
0
2
0
0
1
0
0
0
0
0
0
0
0
1
0
0
0
0
0
0
4
0
2
4
2
2
0
0
0
0
0
0
2
0
0
0
0
2
0
0
3
0
2
0
0
0
0
1
1
3
0
0
0
0
3
2
0
0
0
1197
