../2_Decay/DataFilesGe/Decay/415289G2.TXTBackgroundRemoved 
0
0
0
0
0
0
0
0
0
0
1
0
0
1
55
212
24
15
12
26
23
25
15
8
14
30
35
26
26
12
14
5
28
12
4
0
20
13
0
0
24
24
3
0
0
21
17
9
20
21
18
28
11
29
11
0
14
0
18
16
14
13
40
14
19
18
8
31
0
34
11
2
28
17
2
29
19
11
25
23
0
29
42
43
10
24
5
29
12
22
18
13
40
20
17
13
19
0
19
31
37
24
5
28
27
13
13
20
35
8
47
36
3
31
13
20
10
21
34
29
39
19
37
37
27
17
14
34
32
8
23
34
24
42
17
43
38
34
32
49
44
32
31
25
24
13
49
24
41
26
46
35
29
35
44
43
24
21
37
35
36
17
8
0
25
23
10
13
24
24
30
13
38
25
29
31
29
42
29
16
9
8
22
24
27
29
10
13
27
27
26
19
13
41
27
4
0
6
6
12
18
0
27
6
30
4
23
14
17
4
9
5
10
34
14
7
0
3
28
8
6
5
4
6
26
13
0
14
4
7
5
10
14
5
7
14
22
10
32
3
13
15
18
13
15
14
0
0
7
2
5
7
26
11
0
26
9
1
6
8
11
4
8
2
7
4
11
9
12
13
12
10
23
12
0
12
16
0
5
11
0
11
18
5
4
12
0
1
11
18
11
26
29
6
4
5
17
0
3
11
0
7
0
7
0
7
2
0
7
0
10
12
8
4
1
5
9
6
10
2
1
0
4
13
15
9
10
4
1
4
8
8
12
7
9
0
10
8
0
4
7
6
1
0
0
25
0
11
4
13
9
3
6
6
3
5
5
9
10
13
0
7
0
13
1
4
7
0
8
0
9
11
8
0
5
1
0
13
4
0
5
0
11
0
13
0
0
3
4
0
0
0
15
4
0
6
9
0
2
14
0
2
4
2
5
0
0
0
0
0
3
0
6
0
4
6
4
9
6
0
6
3
10
1
0
1
0
0
0
4
0
0
1
2
0
8
7
2
1
3
6
5
0
0
4
0
11
4
1
3
0
0
0
0
0
10
5
0
4
2
4
1
2
0
6
0
4
10
8
9
0
5
0
1
3
0
0
7
0
0
5
0
2
0
5
1
0
0
0
6
1
4
0
0
4
8
3
0
0
0
4
0
3
3
1
6
2
4
2
0
0
0
11
2
0
6
3
2
0
0
1
0
5
1
2
0
0
4
0
2
0
2
1
1
0
0
3
0
0
4
0
2
3
0
8
3
0
0
2
2
0
0
3
0
0
7
0
0
6
7
1
1
2
9
4
8
5
3
6
4
2
1
0
3
0
0
0
0
7
0
0
5
0
0
0
11
0
0
0
8
11
0
0
7
1
2
0
5
0
3
4
1
2
1
0
0
4
8
5
4
2
0
7
0
4
0
6
2
3
0
0
0
2
0
4
0
2
0
0
0
0
5
0
2
0
1
0
2
5
10
0
0
1
2
0
0
0
0
0
0
0
0
0
4
0
0
5
0
0
0
9
0
0
1
6
2
0
5
5
0
0
2
0
1
4
1
6
3
0
4
0
0
0
1
6
0
8
0
1
0
2
1
3
4
5
2
2
0
6
0
1
7
5
7
0
1
3
7
3
2
0
1
0
2
3
3
2
1
0
0
0
1
0
0
2
0
0
1
0
0
0
0
0
3
0
0
1
0
0
0
0
0
0
2
0
1
3
0
1
1
1
0
0
0
0
4
5
0
0
0
0
3
3
5
0
0
0
7
0
2
3
3
0
0
1
0
0
0
0
0
2
0
0
0
0
0
2
4
5
0
1
2
1
0
1
1
0
1
4
1
0
3
0
1
0
1
0
1
0
0
3
0
2
3
0
0
0
0
3
2
2
5
0
0
0
2
0
0
3
0
0
5
0
5
3
0
3
1
2
1
0
0
3
0
0
0
1
1
0
3
2
1
0
2
0
4
0
0
1
1
5
2
0
1
1
1
2
1
4
2
2
5
0
0
0
5
10
0
0
4
0
0
0
2
1
0
0
2
0
1
0
3
0
1
1
0
1
0
1
1
0
0
2
0
0
1
0
0
2
1
1
1
0
0
3
5
0
2
0
3
0
0
0
0
0
2
0
2
1
2
2
5
0
0
2
0
0
1
0
1
1
2
1
0
0
0
3
2
0
0
3
3
0
2
0
2
0
0
0
2
5
1
4
5
2
0
0
0
0
0
2
0
1
0
1
2
0
0
3
2
1
1
0
4
2
0
1
4
0
0
1
0
3
1
0
0
3
0
0
2
0
4
0
0
0
2
3
1
0
4
2
0
0
0
0
0
1
0
7
2
0
0
0
1286
