../2_Decay/DataFilesGe/Decay/415264G2.TXTBackgroundRemoved 
0
0
0
0
0
0
0
0
0
0
0
0
0
0
27
110
0
0
29
52
26
14
8
13
32
21
29
21
28
36
16
28
24
8
9
22
13
21
18
10
19
31
9
13
10
38
12
10
18
36
26
25
18
37
14
6
25
6
37
31
21
15
19
11
39
18
18
14
21
23
21
28
14
22
22
14
14
46
17
25
23
37
22
13
12
38
21
42
40
14
34
36
27
27
46
37
41
27
57
37
36
59
5
31
22
45
30
40
33
54
44
50
23
7
42
31
39
30
38
32
65
55
47
33
24
42
24
40
76
32
13
58
43
39
34
35
42
42
50
36
46
46
44
45
46
39
43
26
47
36
37
23
51
22
14
29
48
21
27
19
33
51
32
28
12
13
8
25
17
33
22
25
35
44
31
27
33
26
38
27
24
15
13
30
20
27
27
14
44
9
32
25
13
28
32
23
19
24
18
19
5
13
12
16
18
21
12
23
34
11
16
11
11
20
24
17
21
2
19
32
6
5
10
26
18
12
11
14
22
23
11
7
14
23
19
25
20
9
29
14
30
27
4
24
16
17
0
14
8
14
17
35
16
7
2
5
11
17
20
15
6
25
25
5
11
11
5
13
11
11
11
21
2
13
10
9
10
13
5
11
1
17
19
26
6
17
20
11
4
17
1
1
21
12
4
12
13
9
6
3
8
5
1
7
5
16
13
5
13
10
18
14
3
5
10
4
4
8
2
8
5
1
5
4
6
5
4
14
5
5
11
17
4
12
12
19
4
4
6
10
9
2
13
8
0
11
10
4
1
8
11
6
0
7
16
8
1
10
3
3
3
5
2
2
12
6
7
5
5
2
5
12
7
13
8
8
1
5
6
6
6
14
4
4
12
9
4
10
10
10
0
2
9
9
1
1
2
2
2
7
2
6
6
6
0
0
6
6
0
5
10
10
9
12
11
11
5
11
2
5
0
3
8
8
8
6
2
4
4
3
12
1
4
1
6
9
3
3
3
4
7
8
6
8
8
5
8
4
2
5
5
5
5
5
2
2
7
7
8
2
5
3
3
1
6
3
5
6
8
10
5
1
8
8
8
8
2
2
2
5
0
1
0
4
2
2
2
0
3
3
2
4
3
2
3
1
11
3
7
0
5
5
6
7
8
8
5
4
1
2
0
3
11
10
1
3
2
10
1
2
2
6
5
5
1
1
3
1
1
3
3
11
7
2
2
1
1
6
3
1
3
2
3
6
6
6
7
1
1
4
3
3
3
2
2
0
0
0
0
1
2
9
1
4
9
10
7
9
3
3
5
4
4
0
0
0
0
4
4
4
4
4
4
0
0
0
7
7
1
11
6
5
5
3
4
4
4
4
4
0
2
2
2
6
2
2
3
3
5
6
1
2
2
2
3
0
2
2
0
0
0
3
5
0
5
1
1
1
2
1
2
2
2
4
5
5
2
3
2
7
1
1
1
5
0
0
3
6
6
4
0
7
2
2
2
2
3
1
1
5
6
6
7
1
1
1
1
1
6
2
2
2
5
2
2
0
4
1
3
3
1
1
2
2
1
1
1
0
0
0
0
5
3
3
0
8
4
4
4
1
4
5
4
1
1
0
0
0
0
0
3
3
2
2
2
1
1
5
0
0
0
0
0
1
0
1
0
4
0
4
4
3
3
4
1
1
5
5
5
2
2
2
2
1
2
0
0
3
3
2
0
2
1
1
1
0
4
3
3
0
0
1
5
2
2
2
1
3
3
2
4
4
1
2
2
2
4
0
0
0
1
3
1
3
1
5
2
0
0
0
0
1
6
3
1
2
2
0
3
3
3
3
3
3
5
2
1
2
2
2
3
3
2
6
6
6
6
5
1
1
0
8
8
3
2
1
1
1
0
0
3
3
4
4
0
4
1
2
4
1
2
2
1
1
3
3
0
2
2
3
3
3
4
6
6
2
5
4
0
4
4
2
0
0
0
1
5
0
3
3
0
11
11
0
0
1
1
4
4
4
1
1
1
3
1
3
3
0
1
3
1
0
0
7
1
2
2
1
3
3
0
1
1
1
2
3
3
2
8
8
1
1
1
1
3
6
0
0
0
0
0
1
1
1
3
2
2
1
3
5
1
1
2
5
3
3
3
3
0
3
3
3
3
1
4
4
3
0
4
2
2
1
0
2
2
0
0
0
0
2
2
4
0
3
4
4
4
4
4
4
4
1
1
1
1
1
1
2
6
6
2
2
2
2
0
0
0
6
6
0
4
4
3
2
2
2
5
3
3
0
0
4
2
2
0
0
2
2
2
2
2
0
2
1
1
0
0
0
4
2
2
2
2256
2256
