../2_Decay/DataFilesGe/Decay/415240G2.TXTBackgroundRemoved 
0
0
0
0
0
0
0
0
0
0
0
0
1
0
26
133
52
9
30
42
30
16
7
7
5
13
4
4
14
14
21
5
13
13
6
3
15
1
2
3
3
3
4
4
0
0
0
0
0
0
22
12
12
12
11
11
6
16
16
16
0
0
0
0
3
8
23
19
19
9
9
0
10
1
1
15
15
13
13
13
1
7
8
0
0
0
0
0
1
14
5
5
5
19
17
0
0
7
12
12
12
12
12
28
28
10
11
2
2
2
3
17
17
17
17
25
27
1
1
23
14
14
33
6
15
38
38
38
45
20
10
10
14
5
10
19
3
19
19
35
18
12
33
17
17
12
43
16
6
18
14
13
25
24
39
9
13
6
17
18
14
16
12
12
12
24
3
14
14
14
12
21
16
18
21
4
18
23
13
14
14
14
14
9
9
9
9
10
7
16
29
0
0
30
24
2
2
2
3
22
4
1
10
10
10
22
18
17
1
12
9
5
7
15
15
11
11
14
12
12
6
16
6
6
7
19
2
9
9
7
1
17
7
5
5
7
4
19
21
21
7
6
6
11
12
13
6
2
13
13
2
18
15
12
12
12
12
5
3
3
13
13
1
6
7
6
2
14
0
1
22
12
12
5
5
5
5
0
8
4
3
13
23
3
4
7
6
4
6
6
4
3
24
1
8
8
8
8
8
1
4
6
14
5
5
3
3
3
4
1
1
8
8
1
5
5
0
0
2
3
0
0
0
9
4
4
4
10
6
6
9
2
7
6
5
5
5
9
6
6
7
9
12
4
4
0
2
5
1
8
9
2
7
0
5
10
10
6
0
6
6
7
4
2
2
3
3
7
5
3
3
1
2
5
2
3
3
8
0
0
5
5
2
5
5
3
3
4
4
2
5
3
1
1
0
1
5
5
1
5
4
4
1
1
5
5
2
5
0
0
12
12
14
2
2
1
0
4
7
7
7
2
3
3
3
2
2
2
2
2
3
2
2
3
2
0
1
7
3
3
3
6
6
8
2
0
4
7
0
0
5
5
5
1
0
0
0
4
7
4
1
0
5
1
1
2
3
5
2
10
3
2
3
1
1
2
2
7
7
2
2
7
1
3
3
3
0
2
0
5
1
1
0
0
3
2
3
6
2
2
2
1
2
2
2
6
5
7
7
7
7
5
5
6
6
1
1
1
1
1
6
4
4
1
1
0
4
4
0
4
0
0
1
1
1
1
1
1
4
5
0
0
0
0
2
7
2
2
1
3
3
1
1
1
1
2
0
0
7
0
0
0
0
4
9
1
1
6
5
1
2
4
4
5
4
4
4
4
4
3
3
0
0
3
3
0
0
0
1
8
11
1
1
6
1
1
1
1
0
0
0
0
0
2
2
2
2
2
4
3
3
0
0
1
1
1
3
3
5
5
2
2
0
0
0
0
2
2
3
3
3
3
4
0
2
1
1
3
4
10
6
6
7
1
1
1
0
3
3
3
3
0
0
0
1
1
4
2
3
4
6
6
3
0
2
2
2
4
1
1
1
2
2
5
1
1
2
1
0
0
0
3
2
2
2
2
2
0
0
1
1
1
3
3
2
2
2
2
2
5
5
0
3
5
5
5
1
3
3
3
1
0
6
6
3
5
5
2
2
3
1
1
1
1
1
0
1
1
1
0
1
1
1
0
0
0
2
2
2
2
1
1
1
3
3
2
1
0
0
2
2
2
2
0
0
0
3
5
5
5
5
0
5
5
0
0
0
0
0
2
5
0
0
0
1
1
1
6
6
0
0
2
4
4
4
4
4
0
2
2
1
1
1
4
1
0
0
1
0
0
1
0
0
1
1
5
5
1
1
1
0
3
0
0
0
0
4
2
2
5
5
0
0
4
3
2
0
0
8
8
2
2
0
0
0
0
0
3
2
2
3
3
2
2
2
1
1
1
1
1
2
2
2
0
1
1
1
1
1
0
0
2
2
0
0
1
4
4
4
1
6
1
1
3
3
3
8
0
0
0
2
1
1
1
1
2
6
6
0
3
0
0
0
0
0
2
0
0
0
0
0
4
1
0
5
5
5
5
2
4
2
1
1
1
1
1
2
0
1
1
2
2
2
3
3
2
0
0
0
2
2
0
1
5
0
2
2
1
2
2
1
4
4
4
4
0
0
0
0
1
2
2
2
1
1
1
1
1
0
0
1
1
1
0
0
0
0
0
0
0
0
0
0
1
0
0
0
0
4
4
4
4
4
0
3
3
2
2
2
2
2
1
0
0
1
1
1
2
2
2
0
0
0
0
2
2
2
0
1
1
1
1
1
2
0
0
0
0
0
0
0
0
1
1146
