../2_Decay/DataFilesGe/Decay/415259G2.TXTBackgroundRemoved 
0
0
0
0
0
0
0
0
0
0
0
1
1
1
17
150
26
46
37
40
24
38
49
12
22
22
30
34
26
23
36
36
16
14
15
39
30
29
24
36
33
23
23
9
10
13
17
11
30
34
30
15
31
28
34
29
6
27
35
23
43
49
14
20
39
18
34
24
47
33
19
12
66
12
21
59
53
33
34
31
68
58
39
67
21
35
36
39
53
46
51
23
54
42
61
64
61
46
41
41
81
70
39
52
40
46
72
22
64
63
44
55
35
45
28
84
56
42
69
47
44
32
62
59
58
41
24
49
87
36
32
37
28
57
45
30
59
60
52
59
22
53
57
42
64
54
59
27
50
49
53
34
45
5
37
28
36
42
47
48
40
24
36
32
34
23
17
29
28
27
31
35
17
63
62
31
39
33
27
53
51
8
39
39
10
32
26
35
43
22
28
34
23
24
42
36
13
28
29
21
13
38
21
20
40
34
14
16
30
27
40
21
31
19
17
16
19
7
21
24
2
28
11
21
41
13
11
42
27
17
12
19
14
20
20
35
30
14
61
18
29
35
24
1
25
10
10
5
26
11
19
21
17
37
19
9
25
19
12
3
29
14
19
14
5
23
18
9
8
22
18
20
14
20
17
14
18
13
13
18
24
16
25
13
11
21
18
10
10
0
10
16
20
12
22
15
8
21
10
5
5
10
9
7
7
17
22
22
14
6
10
11
11
12
12
11
4
22
19
10
5
8
8
10
0
15
4
24
12
7
12
13
1
23
8
0
5
8
2
7
5
6
3
6
6
24
27
6
2
17
8
16
5
13
11
10
10
6
7
7
6
4
4
2
16
10
3
3
8
14
5
12
2
3
18
2
2
17
0
8
8
7
8
7
7
6
13
2
12
12
11
1
13
8
3
8
8
4
4
4
4
1
10
10
11
11
12
2
6
6
6
7
5
15
3
9
10
5
5
5
1
2
2
11
2
8
9
1
2
4
4
6
0
9
9
1
8
10
3
3
1
2
2
3
0
1
1
1
5
7
7
5
4
8
1
11
0
3
6
4
7
3
7
10
4
8
0
2
7
1
9
5
6
8
4
5
5
5
0
2
4
7
5
5
5
5
7
1
5
8
4
9
5
1
1
1
13
5
5
2
5
3
9
1
1
1
5
2
2
4
4
7
7
4
3
1
9
4
4
11
3
3
4
3
4
4
2
2
2
0
0
3
2
2
2
7
2
4
3
9
5
1
4
1
1
0
0
5
5
5
0
6
4
0
1
7
7
1
7
7
10
10
3
6
10
7
5
1
2
2
2
2
2
1
1
1
1
3
8
2
4
4
1
1
1
1
0
7
4
10
10
10
1
1
0
2
5
3
5
7
1
1
1
2
2
0
8
0
3
3
3
0
1
1
1
6
6
8
3
0
0
0
6
2
4
4
3
3
2
5
0
0
3
6
3
3
4
3
2
3
10
10
0
5
2
4
5
6
6
6
4
1
0
3
5
2
4
1
4
6
6
1
1
1
1
2
2
1
2
1
0
0
0
4
5
3
3
8
0
1
1
1
1
1
0
0
0
0
0
2
0
0
0
0
9
2
2
5
0
3
7
3
7
8
8
0
8
2
2
1
2
0
2
2
2
2
6
5
6
3
5
5
0
1
4
6
6
6
6
4
0
2
2
2
3
2
5
1
1
2
4
6
6
6
3
1
0
6
0
2
0
2
2
4
4
2
5
3
6
0
2
2
5
2
3
2
2
6
6
2
3
3
1
3
0
3
0
2
2
5
5
5
2
0
0
5
3
4
5
5
0
3
3
1
6
5
6
1
1
0
0
0
0
1
3
5
3
7
7
1
4
3
0
1
1
0
5
5
5
2
0
1
1
5
7
1
1
2
2
2
2
4
2
2
5
3
0
0
3
3
5
0
2
2
2
3
9
2
1
1
0
1
0
1
4
4
5
2
3
1
1
1
2
2
5
2
5
2
3
1
0
3
4
3
3
4
10
0
2
3
2
3
3
1
1
1
0
0
0
0
6
1
1
1
2
2
3
6
0
4
4
4
1
1
5
1
3
3
5
3
3
3
0
5
5
4
4
2
0
1
1
6
6
6
2
5
5
2
0
0
0
7
0
0
1
1
1
1
0
0
6
4
2
2
1
1
3
3
6
6
0
0
0
1
1
1
1
2
2
3
3
4
4
4
4
2
2
2
1
3
1
1
0
1
1
1
1
0
0
4
4
2
0
1
1
1
2
2
0
1
3
0
3
1
1
1
2
2
2
0
2
1
1
3
4
1
2
2
2
2
2
4
2
2
2
2
2
2
0
1
1
1
2404
2404
