../2_Decay/DataFilesGe/Decay/415222G2.TXTBackgroundRemoved 
0
0
0
0
0
0
0
0
0
0
2
2
42
111
20
405
128
51
52
43
34
26
33
0
20
5
18
10
11
28
31
12
8
11
19
34
0
0
23
8
2
36
19
0
18
13
28
24
36
30
21
31
31
29
21
14
9
24
39
24
25
15
12
0
13
17
30
14
5
24
7
0
36
0
37
2
18
35
24
28
15
17
13
18
5
0
24
9
16
15
37
17
18
15
20
0
20
8
0
1
0
14
10
2
17
0
19
0
13
34
0
22
17
12
3
14
12
11
0
12
16
14
15
34
11
34
1
9
15
6
8
34
23
34
18
16
32
42
14
33
34
23
18
10
23
11
25
0
31
0
3
0
3
3
26
0
0
0
4
13
0
0
0
2
1
15
0
0
29
0
0
3
10
7
32
15
0
8
11
17
5
0
13
0
0
0
2
7
0
0
23
0
0
4
18
5
1
0
0
1
0
4
0
0
11
3
0
0
21
0
0
0
9
6
2
0
0
0
7
0
0
7
0
18
12
29
0
0
21
7
0
7
1
0
1
7
0
0
0
0
6
0
0
0
14
4
6
0
5
1
0
17
0
9
0
5
0
0
8
6
24
0
0
13
0
2
0
13
0
0
0
4
1
5
2
9
13
0
0
4
0
15
16
0
0
9
10
0
8
0
1
9
0
16
1
0
0
0
8
0
22
0
20
8
11
0
11
0
7
3
0
3
0
4
12
1
0
0
0
3
0
0
0
0
8
1
15
19
4
0
8
6
0
0
0
11
0
0
8
4
0
0
6
0
0
0
0
0
0
0
2
0
0
6
3
4
0
8
8
3
0
0
0
2
0
0
3
3
10
0
0
6
0
6
0
4
0
0
1
0
0
0
0
6
0
0
0
1
2
0
0
0
1
0
2
0
2
1
0
3
0
5
0
4
0
0
5
7
0
0
6
3
6
1
6
8
3
4
5
4
0
3
0
0
0
0
0
0
0
3
4
0
0
0
0
4
0
0
2
4
1
0
6
0
0
0
0
4
1
4
0
2
0
4
0
3
0
0
3
0
0
0
0
0
4
6
5
6
15
8
3
3
7
0
0
0
0
0
0
0
7
0
4
0
2
0
3
0
0
0
6
3
1
3
0
1
0
0
0
0
0
0
0
0
0
1
1
3
0
2
6
0
3
5
2
0
0
0
0
0
4
3
1
0
0
0
0
2
0
4
0
7
1
2
11
1
0
1
0
1
2
1
0
1
0
0
0
0
1
7
0
0
0
0
0
0
5
15
17
3
0
0
0
0
0
0
0
0
0
0
0
0
0
3
0
0
0
4
0
3
0
0
0
0
0
0
1
0
0
0
0
0
0
1
0
0
3
0
3
0
0
0
0
5
0
5
3
10
0
0
6
3
4
0
0
0
0
0
2
3
4
1
0
4
0
2
0
0
2
2
3
0
0
2
3
0
0
0
0
0
0
0
0
3
1
0
0
1
0
3
5
5
0
4
0
0
3
0
0
5
6
1
2
6
5
4
0
1
7
1
1
0
0
0
0
2
0
0
0
1
0
0
0
0
0
0
0
0
4
0
0
0
1
0
2
0
5
2
0
4
4
0
2
2
0
0
0
0
0
0
0
5
4
0
2
0
0
0
1
0
0
2
3
1
4
4
0
1
0
0
0
0
1
1
0
3
0
0
0
0
0
1
0
1
2
0
0
1
4
0
0
1
0
0
0
0
0
7
0
1
0
3
0
1
2
4
0
0
0
0
0
0
4
3
2
0
0
0
0
0
0
3
0
2
0
0
1
1
0
0
4
0
0
0
0
2
4
0
0
0
1
3
0
0
0
3
1
0
1
0
0
0
1
0
0
0
0
3
0
0
0
2
0
1
3
0
1
2
0
0
4
8
1
2
0
0
2
2
0
0
3
0
0
2
1
0
2
0
6
2
1
0
0
0
0
2
0
0
3
1
0
0
0
0
2
0
4
0
1
0
3
0
0
0
0
5
0
0
0
2
6
6
0
0
0
1
4
2
0
0
1
3
0
3
0
0
0
0
0
0
1
0
0
1
3
3
0
0
0
0
0
2
0
0
0
0
0
0
0
0
0
2
2
0
0
1
0
0
3
0
1
0
0
0
0
0
0
0
0
0
1
3
0
0
0
3
0
3
1
0
0
2
0
0
0
0
0
1
0
1
0
2
0
0
1
0
0
2
3
0
2
0
0
0
0
3
0
3
2
0
3
0
0
1
0
2
3
3
0
0
1
2
1
0
0
0
7
0
0
1
0
0
0
0
0
0
0
2
1
3
0
1
1
4
1
5
2
0
10
0
0
0
0
947
