../2_Decay/DataFilesGe/Decay/415231G2.TXTBackgroundRemoved 
0
0
0
0
0
0
0
0
0
0
0
0
3
0
20
170
0
27
0
27
25
12
2
4
8
8
7
4
13
5
12
0
5
0
4
0
0
29
4
0
6
15
17
7
0
0
25
20
10
11
8
0
3
1
6
0
4
12
9
12
12
10
28
0
28
0
14
0
2
5
0
0
14
0
7
0
0
17
0
14
0
20
22
0
0
0
23
0
28
9
27
31
15
21
11
0
23
40
7
0
0
20
0
17
23
9
15
0
0
2
23
9
13
14
15
30
45
9
17
25
12
27
28
1
35
29
0
0
20
6
27
24
17
6
25
22
6
2
9
27
3
9
16
11
0
55
22
10
24
29
0
26
13
20
5
11
1
44
5
22
35
5
21
16
15
30
15
0
26
19
21
24
6
18
18
4
24
7
22
22
11
5
4
12
0
8
2
11
4
24
16
18
0
3
11
9
0
0
0
10
6
7
2
4
21
12
4
0
13
1
33
0
33
12
7
8
8
0
18
10
0
4
0
4
13
23
5
0
3
9
0
8
18
11
2
8
7
3
12
3
8
0
29
23
15
11
1
0
8
4
22
12
15
1
10
6
4
0
13
0
7
1
0
0
0
10
2
3
6
0
2
15
0
19
2
13
0
0
0
3
4
17
10
13
0
16
14
4
5
0
12
8
22
0
8
0
3
0
7
0
0
5
5
3
2
1
0
0
3
0
0
3
1
7
5
0
2
0
11
2
3
11
3
0
3
3
2
0
0
5
14
9
7
4
1
0
1
12
0
6
0
14
0
5
0
0
9
5
5
0
3
0
3
0
11
0
0
2
0
0
0
17
0
5
0
0
3
0
2
4
6
4
0
1
6
0
3
8
8
0
1
0
4
9
0
0
0
5
6
1
0
4
3
3
0
0
0
6
4
6
0
1
0
4
4
0
3
1
2
5
5
4
6
5
0
0
6
7
0
0
5
6
3
2
0
6
2
0
0
3
0
5
0
5
1
6
0
0
7
0
7
1
1
0
3
4
0
1
3
0
4
0
0
0
0
3
3
1
0
0
6
0
2
0
6
6
9
0
4
4
0
7
1
0
0
0
0
0
0
5
2
6
0
4
3
0
5
7
0
6
0
1
0
0
9
3
14
9
7
2
8
3
3
4
6
11
1
0
1
4
0
3
7
2
5
5
4
0
1
2
0
2
2
0
1
2
3
3
2
0
1
1
0
3
0
0
3
4
3
4
6
1
2
0
0
0
0
0
0
5
0
1
3
1
2
5
2
1
1
3
2
3
0
3
7
0
0
3
10
6
0
4
0
0
1
0
2
0
0
1
0
0
0
0
0
8
4
1
0
6
2
9
5
6
0
0
0
2
2
0
0
2
0
10
0
0
0
1
2
0
1
0
3
0
0
0
4
1
0
0
0
0
0
0
0
0
0
0
1
0
5
0
1
6
3
2
2
7
2
1
1
6
0
8
0
0
2
4
0
0
0
0
0
0
0
1
5
6
0
0
0
0
3
0
1
3
1
0
1
1
3
5
0
0
0
6
5
0
0
1
0
0
0
0
0
0
3
0
0
0
0
0
1
0
1
0
4
0
0
2
1
4
2
5
1
0
0
1
0
0
0
0
3
0
0
2
0
11
0
2
0
2
0
4
0
2
2
0
0
3
0
2
3
1
0
0
6
0
0
2
8
1
0
0
1
0
0
4
0
0
0
0
0
0
3
0
0
1
4
1
0
1
2
4
3
0
0
0
0
5
1
1
0
0
4
0
0
0
0
3
0
1
0
1
0
0
3
2
1
0
0
1
2
0
0
4
0
0
2
2
1
0
0
0
0
3
0
0
0
0
1
1
0
0
0
0
2
0
0
1
0
1
0
0
3
0
0
0
0
4
1
0
0
2
0
0
0
0
2
0
0
0
1
1
0
0
4
0
0
0
0
1
1
0
0
1
0
4
2
0
0
0
1
0
1
0
1
1
0
0
0
4
0
2
0
1
6
0
0
0
0
0
2
1
1
0
2
0
0
1
6
1
0
0
0
0
0
3
0
1
0
0
2
0
1
0
0
0
1
1
2
1
0
0
1
4
3
1
4
0
0
1
0
2
0
5
0
0
0
0
1
0
4
4
1
0
0
4
1
1
0
1
2
1
1
0
1
4
2
0
0
0
0
0
0
0
0
1
0
0
1
0
0
5
4
0
0
0
0
0
0
3
2
0
0
0
0
1
0
0
0
3
1
0
0
0
3
0
1
1
3
0
0
1
0
0
0
1
0
0
2
4
0
0
0
0
1
0
0
0
1
0
0
0
0
0
0
0
3
0
0
0
0
1225
