../2_Decay/DataFilesGe/Decay/415274G2.TXTBackgroundRemoved 
0
0
0
0
0
0
0
0
0
0
0
1
0
2
22
86
34
15
90
90
29
25
48
60
71
42
44
42
48
16
32
61
84
120
160
178
210
179
187
149
101
79
78
35
3
26
28
8
3
20
39
25
11
23
12
3
17
4
15
4
27
8
10
9
25
0
7
47
27
7
8
19
28
11
0
11
35
21
10
27
25
7
30
36
3
18
18
24
47
23
9
10
35
20
25
28
33
27
47
11
56
61
29
74
26
76
81
26
62
79
78
39
72
77
64
57
67
65
23
40
16
34
23
23
15
16
0
44
30
18
1
3
0
19
4
12
3
21
27
6
28
26
21
15
39
38
28
9
26
25
17
40
24
7
18
23
21
12
12
33
38
21
22
16
2
35
6
1
14
20
25
41
9
23
24
11
17
19
10
7
0
1
27
37
2
20
28
36
13
10
20
11
15
28
19
2
0
8
7
9
8
12
8
6
11
20
6
25
14
8
31
0
6
3
9
14
15
5
15
11
16
19
17
0
9
6
2
2
24
18
22
9
11
0
15
19
53
22
0
0
21
0
8
6
6
6
0
4
35
0
0
24
8
13
17
17
0
17
11
0
4
6
0
8
0
16
1
13
11
1
0
12
5
9
0
0
3
2
0
8
0
23
17
15
11
6
4
0
6
12
31
2
0
0
9
5
4
0
11
0
1
12
3
16
8
0
7
3
11
8
10
2
3
0
11
0
0
5
5
7
5
2
0
6
3
8
0
5
19
1
19
12
4
0
8
0
10
7
10
8
4
1
7
40
16
0
0
0
6
4
3
0
6
2
1
1
0
3
0
7
0
6
3
0
5
10
5
8
3
7
0
0
6
8
3
0
15
7
6
0
0
0
2
2
5
6
0
0
0
3
0
2
4
6
0
3
0
3
2
8
4
8
4
3
5
0
11
0
0
3
8
0
8
1
0
0
5
7
2
0
2
2
2
3
0
6
6
2
3
0
3
0
2
0
1
0
7
0
7
0
2
3
7
1
0
0
9
7
12
1
3
0
0
7
0
5
0
5
2
0
5
0
6
1
7
5
0
5
2
4
8
4
0
7
0
0
5
0
2
5
1
0
0
6
0
0
2
0
0
2
0
6
14
15
0
0
0
0
0
0
0
0
3
0
0
5
3
2
2
5
0
2
7
2
1
4
0
5
0
3
4
3
1
0
0
6
0
2
4
0
0
5
0
0
3
0
1
3
6
4
1
4
2
0
5
0
0
2
0
3
0
4
3
6
2
0
0
0
4
9
6
10
13
3
0
0
0
2
3
4
0
3
5
1
5
0
2
0
2
0
0
0
0
0
7
31
22
7
0
0
0
0
0
0
2
0
3
0
0
5
1
0
0
0
0
0
1
3
1
1
0
0
0
0
3
3
4
5
1
0
2
1
3
0
0
0
2
0
2
0
1
0
1
0
15
16
4
5
1
3
0
0
0
8
0
0
3
0
0
0
0
3
0
0
0
2
2
0
0
0
0
0
0
11
0
0
0
3
6
2
3
1
0
1
0
0
6
0
0
3
0
0
1
0
0
0
0
0
0
0
4
0
1
1
0
0
3
0
0
5
6
0
1
1
0
0
1
0
0
0
1
0
0
0
5
2
0
4
1
0
0
0
3
0
4
1
3
0
0
0
1
0
2
0
0
0
6
0
0
2
1
0
0
5
0
2
0
5
6
2
1
2
1
0
1
0
3
2
0
0
6
0
2
0
0
0
0
0
0
0
0
3
6
1
2
1
0
5
0
1
0
0
3
3
0
0
1
3
0
3
4
1
1
4
0
0
6
0
2
0
0
2
1
0
0
3
0
1
0
0
0
0
0
0
0
0
5
0
1
0
0
4
1
2
1
2
3
0
0
2
0
0
2
1
0
0
1
2
1
0
0
0
2
0
5
0
0
0
0
3
1
0
0
1
0
3
0
1
1
0
0
0
0
2
2
0
2
1
6
1
14
2
3
2
0
2
0
0
0
0
0
0
1
0
5
0
2
3
0
6
0
4
2
0
1
0
0
0
0
0
0
1
1
0
3
3
0
0
1
0
4
0
0
3
4
2
4
0
2
1
1
3
3
2
3
6
0
2
0
0
0
0
0
0
0
0
0
2
0
0
2
0
0
0
0
0
0
5
4
0
0
0
1
0
0
0
0
3
0
0
3
2
2
2
0
0
1
0
0
0
0
0
0
3
1
1
0
0
0
0
0
0
0
2
4
2
2
2
0
1
0
0
3
0
0
0
2
4
0
0
0
0
1
0
0
0
0
5
0
0
0
2
2
0
0
0
0
1
1
0
0
3
2077
0
