../2_Decay/DataFilesGe/Decay/415322G2.TXTBackgroundRemoved 
0
0
0
0
0
0
0
0
0
0
0
0
6
6
25
40
64
38
67
78
57
35
37
4
40
17
29
36
47
39
24
9
5
45
25
28
15
34
19
26
12
34
20
19
19
15
30
38
8
17
31
33
24
17
2
27
22
12
13
21
27
50
19
27
35
24
33
30
30
18
28
24
35
42
7
24
8
20
22
43
56
69
27
2
46
21
64
42
31
40
41
23
22
65
55
46
60
37
54
29
29
31
9
50
74
50
63
44
28
9
53
9
36
43
29
55
27
62
52
67
72
47
59
52
34
28
26
35
62
82
39
43
44
20
43
51
61
45
23
62
58
37
64
71
46
40
43
11
53
26
58
34
40
50
29
38
42
21
46
42
76
47
34
25
35
31
15
26
43
55
15
45
39
41
53
40
45
67
35
37
27
30
27
34
22
16
40
27
13
34
36
41
26
23
20
50
24
10
16
36
36
67
35
26
52
51
32
26
51
35
40
27
43
21
30
21
22
24
23
30
13
16
4
2
37
24
7
6
27
17
15
21
11
39
16
27
24
10
10
0
34
53
18
19
44
20
20
18
16
21
17
20
20
17
17
6
6
2
11
16
20
26
26
9
8
5
15
3
21
13
2
15
20
10
10
7
16
5
19
18
11
1
25
18
7
18
21
4
18
16
17
17
17
6
12
34
31
12
16
9
3
18
1
19
14
13
3
0
16
25
15
4
3
5
7
13
2
5
18
18
3
6
7
7
7
13
10
6
0
3
5
28
28
28
4
3
1
20
14
6
0
8
9
6
1
1
1
4
9
9
60
20
8
15
4
4
16
13
3
8
1
4
2
12
1
1
11
5
5
10
0
6
12
8
15
7
3
13
11
4
1
1
8
0
1
5
13
13
15
15
12
11
8
12
0
13
6
6
6
4
5
2
2
2
9
0
7
3
3
3
6
1
6
3
1
8
11
11
1
15
11
13
7
8
8
8
8
8
8
2
5
3
17
7
2
5
3
1
2
5
0
2
3
2
1
1
5
8
3
1
2
2
2
2
9
17
6
14
8
5
4
6
5
5
10
9
5
1
3
5
5
0
1
4
4
4
1
11
0
0
9
1
8
8
8
4
4
11
11
6
0
5
5
1
9
9
9
9
9
9
1
9
21
35
15
6
3
0
7
2
1
1
8
3
3
2
7
0
1
1
6
6
2
4
3
3
9
9
9
0
3
15
9
9
2
2
2
6
6
8
3
2
2
6
6
6
4
0
4
5
2
3
3
7
4
2
3
3
6
7
3
1
2
5
6
6
6
6
6
2
2
2
12
11
9
2
1
3
5
5
5
3
3
3
3
5
0
0
4
4
4
4
4
0
7
3
9
14
30
18
4
2
3
4
4
4
1
0
3
3
3
2
2
4
4
4
5
4
1
3
3
2
3
3
6
2
2
2
7
4
7
0
3
3
4
4
1
6
6
6
6
6
6
2
3
2
4
13
17
10
7
2
4
3
1
5
5
2
2
5
6
8
1
0
0
3
3
2
3
0
1
0
0
4
5
7
3
1
3
5
5
2
2
1
0
0
1
2
1
8
1
0
2
4
2
1
1
1
1
1
1
1
1
5
0
7
7
5
0
6
2
9
4
8
0
8
0
0
5
5
2
3
3
1
1
5
5
0
1
1
4
0
1
1
6
6
7
4
4
2
4
0
0
2
2
2
0
1
3
1
1
5
3
3
3
5
2
0
0
0
0
3
0
0
3
6
5
2
0
0
5
2
2
6
6
2
3
0
0
1
6
1
2
2
2
2
2
2
7
1
1
3
3
3
5
2
4
4
6
6
3
0
0
0
0
1
1
4
1
1
1
1
2
0
0
0
3
3
3
3
2
2
2
2
1
5
2
2
1
1
1
1
2
4
7
0
0
1
3
4
3
3
0
0
1
1
1
7
7
2
11
4
3
1
1
1
3
0
0
3
3
3
1
2
1
1
0
2
4
0
0
3
0
1
0
4
4
1
1
2
2
5
5
5
4
2
9
2
5
7
1
1
5
0
0
1
2
2
2
2
2
1
0
0
1
3
3
0
1
1
5
5
2
2
5
5
4
4
1
0
0
1
2
0
0
1
1
2
1
1
1
1
1
1
4
0
0
5
2
5
3
6
3
5
5
3
1
6
0
0
2
0
2
2
2
2
0
0
1
1
2
2
1
4
1
5
5
5
1
1
1
2
0
0
9
9
9
0
0
1
6
6
4
4
1
0
0
0
1
2
3
3
3
1
3
1
0
0
0
2
1
1
0
0
0
0
1
1
2
2
2
2
3
3
1
2
2
0
4
4
4
4
4
1700
