../2_Decay/DataFilesGe/Decay/415367G2.TXTBackgroundRemoved 
0
0
0
0
0
0
0
0
0
0
0
0
1
1
18
74
54
65
69
63
41
7
32
25
31
24
24
35
34
29
30
22
25
18
15
32
15
22
43
27
8
18
31
15
12
6
26
32
16
20
33
30
36
28
10
10
29
18
32
23
42
42
22
36
33
48
25
46
20
30
26
15
23
22
29
20
24
32
28
34
9
38
34
17
13
22
21
16
38
38
41
75
29
44
34
22
17
12
56
58
43
49
30
58
45
46
51
44
28
59
33
53
53
44
39
38
36
26
63
34
25
36
59
53
41
31
15
42
40
47
30
61
77
32
60
53
72
72
30
45
41
28
59
27
58
29
66
33
49
58
38
8
32
34
46
25
48
37
19
51
39
46
21
15
24
40
21
10
46
54
15
56
31
50
45
38
33
21
41
27
17
33
4
23
1
20
35
24
26
45
34
40
33
39
23
13
10
30
22
16
7
20
11
32
32
18
10
28
20
7
24
15
20
34
9
5
15
22
43
34
12
20
20
11
33
19
22
10
1
14
23
24
30
42
12
28
11
21
35
24
9
12
14
25
12
13
17
10
13
11
14
18
13
24
21
13
8
23
15
12
17
14
10
15
6
14
13
4
14
16
15
12
10
15
29
11
5
15
15
15
5
11
10
10
8
15
9
9
10
19
18
9
20
15
11
12
4
8
10
8
18
12
4
14
14
3
3
3
21
1
22
16
9
10
7
2
8
15
14
15
2
6
16
14
0
20
15
8
4
4
10
12
5
0
10
9
11
6
5
10
3
8
19
12
14
24
6
6
4
2
16
2
0
8
3
9
1
16
16
2
7
0
4
11
13
9
3
3
13
7
7
9
5
9
0
13
7
7
5
8
8
7
7
7
8
6
6
8
13
7
4
4
8
6
1
12
7
0
4
12
12
6
3
8
5
5
4
2
2
2
5
0
1
9
3
1
4
5
15
9
3
5
2
6
6
2
3
5
5
1
4
5
10
16
1
8
5
3
2
8
3
6
4
4
11
8
4
0
7
2
4
4
4
4
4
10
7
0
4
11
9
5
3
1
10
13
13
8
0
5
4
9
9
1
9
2
0
6
6
8
8
7
9
8
8
1
0
0
5
5
2
4
10
4
6
10
12
8
2
2
2
1
3
3
8
0
5
5
4
4
2
2
3
6
0
0
1
1
0
2
2
6
3
4
0
6
5
3
4
1
1
3
7
1
1
1
1
5
2
2
0
0
0
0
1
7
6
6
7
2
7
5
2
7
3
7
1
1
0
4
1
4
4
7
7
8
5
6
2
3
1
5
0
4
4
4
5
1
1
4
4
4
1
1
1
3
3
8
2
14
13
13
2
4
1
6
4
4
3
0
1
0
1
6
4
0
1
1
4
4
2
4
4
4
1
1
2
2
2
2
1
1
1
4
0
0
0
0
3
0
5
2
2
1
2
5
0
3
3
9
10
10
10
0
0
0
5
6
6
5
5
5
4
5
5
2
2
0
0
1
1
1
1
3
3
0
0
0
6
6
6
3
0
2
5
2
2
5
1
2
2
2
5
5
0
2
0
0
2
1
4
6
6
3
2
2
5
3
6
5
2
10
1
4
4
1
2
5
1
4
0
0
3
0
0
5
0
2
1
2
2
1
1
1
1
3
3
3
0
6
1
2
5
2
1
4
5
5
1
3
2
5
2
1
3
7
0
7
5
0
0
4
0
0
0
0
5
0
4
5
1
1
2
2
4
4
4
3
3
3
0
1
2
5
1
1
1
1
1
2
1
1
5
5
5
3
3
2
0
0
0
0
7
7
1
1
1
1
1
1
1
2
2
2
2
8
8
6
2
2
5
5
5
0
0
0
3
0
0
0
0
1
1
2
2
0
1
1
1
0
2
1
2
2
0
5
5
1
1
4
1
1
3
2
2
3
3
7
3
2
3
3
3
0
0
1
7
7
3
4
2
2
2
1
1
1
0
0
7
7
2
0
2
2
4
8
5
3
3
0
0
0
6
0
1
1
1
3
2
3
3
3
3
3
3
3
3
3
2
1
1
4
1
0
3
0
0
0
0
0
4
2
0
2
2
1
5
0
0
0
0
0
2
2
2
2
4
4
0
0
2
1
4
2
1
1
1
2
2
2
0
3
2
0
0
4
0
2
2
2
2
1
1
1
1
1
1
4
6
3
3
5
4
3
2
0
0
0
1
1
0
1
1
1
1
0
0
2
0
0
0
0
2
2
1
1
2
1
1
1
4
2
1
2
2
4
4
1
1
1
1
6
6
0
2
2
2
0
0
3
0
0
0
5
5
5
5
5
5
5
1
0
2247
2247
