../2_Decay/DataFilesGe/Decay/415345G2.TXTBackgroundRemoved 
0
0
0
0
0
0
0
0
0
0
0
0
0
0
15
126
63
33
28
37
50
27
16
8
52
44
47
19
26
30
36
37
21
21
35
7
29
35
22
23
34
29
16
34
14
25
16
14
15
43
13
36
20
17
34
13
15
11
42
31
33
24
21
21
20
20
27
20
66
23
26
0
45
19
35
2
18
9
27
33
40
59
47
32
28
36
56
35
59
47
31
20
68
44
44
35
71
20
53
34
72
58
23
39
56
29
24
53
40
44
43
46
42
64
60
34
69
28
45
37
46
49
66
64
65
41
28
40
64
52
63
51
45
46
41
47
61
62
33
49
60
40
46
41
65
47
66
42
62
39
55
44
21
33
48
41
50
40
47
24
40
51
37
29
65
26
18
48
38
44
31
33
35
48
45
55
45
58
45
37
45
23
18
29
35
23
14
35
16
59
44
47
20
27
21
24
5
19
44
41
34
45
7
17
36
41
17
23
23
21
47
11
24
43
19
18
33
13
16
20
20
36
20
11
26
12
18
28
37
17
29
39
22
13
25
24
19
23
23
23
26
41
26
24
29
35
31
11
32
23
11
17
8
30
3
3
25
17
15
10
32
15
20
27
9
14
19
9
17
7
10
31
7
8
6
4
7
4
9
11
3
17
20
10
8
22
22
22
9
21
12
4
2
7
14
20
37
5
10
14
17
9
4
12
15
0
5
5
10
15
14
22
9
5
16
17
4
8
7
12
3
9
14
8
11
12
9
12
6
9
17
1
16
16
8
10
18
25
8
12
13
8
2
1
9
9
9
9
17
17
41
25
7
3
13
6
6
11
8
2
2
7
17
11
12
4
7
15
11
17
10
14
3
8
7
7
2
20
2
2
8
10
8
20
10
6
5
2
9
9
1
14
4
6
9
6
6
5
5
12
7
9
11
6
6
10
15
3
1
1
8
9
15
7
9
4
0
8
1
6
6
13
0
9
9
0
0
14
14
4
1
2
0
8
5
5
4
4
5
1
8
6
8
3
3
3
3
10
3
5
5
5
2
3
3
12
4
2
8
0
4
10
9
5
4
6
3
13
7
0
5
7
6
7
4
3
7
9
9
9
3
4
6
3
4
6
10
10
6
7
6
5
9
1
5
5
5
5
5
4
1
8
17
24
9
7
3
10
3
1
2
2
4
2
7
4
9
11
0
1
5
9
2
6
6
7
3
3
6
0
0
7
5
2
8
2
3
9
7
7
0
6
3
3
3
5
8
0
0
5
6
4
0
17
5
4
0
0
5
6
6
6
2
5
4
4
4
2
7
5
5
1
6
22
7
3
0
5
2
4
5
4
0
1
1
4
2
7
7
0
0
0
3
3
7
4
4
17
41
8
3
0
5
1
1
1
6
3
3
6
2
2
2
3
2
2
7
7
1
3
4
4
1
3
0
1
1
4
2
0
3
3
3
3
5
9
1
3
3
3
3
3
1
4
4
2
1
10
24
11
9
2
6
0
2
2
4
1
0
2
1
1
3
6
4
0
0
0
2
2
3
1
0
2
0
1
6
0
0
0
0
2
2
2
2
0
0
2
1
1
9
2
1
1
1
1
1
4
4
1
1
7
7
3
2
1
1
4
3
0
5
3
6
7
7
2
2
2
0
2
2
5
1
2
1
3
3
3
3
1
0
6
3
9
0
2
7
0
0
5
3
0
0
0
2
0
3
3
2
3
3
4
4
4
2
4
2
5
3
0
3
3
0
7
1
4
4
2
2
2
9
2
4
3
1
1
8
0
0
2
6
6
2
2
2
9
3
3
1
1
1
5
6
2
2
1
1
5
5
5
5
2
2
3
6
4
4
3
3
1
5
5
1
1
0
1
1
1
2
4
7
4
3
3
6
6
1
1
1
1
0
1
5
3
4
1
1
6
8
8
1
2
3
1
0
0
0
3
3
2
2
2
5
3
1
1
1
0
7
4
4
1
1
0
1
1
1
1
6
6
6
6
6
6
6
6
2
2
2
2
1
2
2
5
4
2
7
6
12
2
2
0
1
3
0
1
1
1
1
4
4
4
2
0
2
3
3
2
2
3
3
1
1
1
1
1
3
0
0
0
0
1
2
0
0
2
0
1
1
1
1
1
1
1
1
2
2
2
1
0
6
4
1
4
6
4
4
7
7
0
3
3
0
4
1
1
1
6
0
0
0
4
4
4
2
0
2
0
0
0
0
3
0
0
4
0
2
2
0
0
4
4
3
3
6
2
3
4
1
3
2
2
0
0
0
1
2
3
3
3
0
2
2
4
3
2
5
4
4
2
2
2
3
3
0
3
3
5
1
2
2
2
0
1763
