../2_Decay/DataFilesGe/Decay/415330G2.TXTBackgroundRemoved 
0
0
0
0
0
0
0
0
0
0
0
0
1
0
23
73
42
68
110
52
47
12
10
0
9
29
39
21
18
26
28
25
14
0
21
2
2
22
16
10
26
14
0
6
17
11
0
13
1
0
24
21
3
10
8
6
19
0
3
0
12
27
11
11
9
12
3
28
33
22
0
9
19
20
0
12
46
26
5
3
20
33
29
24
0
0
39
40
12
18
22
25
31
40
23
19
49
24
36
13
14
30
25
39
19
19
33
6
10
13
16
32
34
43
27
23
28
22
48
36
38
16
44
27
29
50
19
36
37
14
19
47
4
55
34
49
27
27
38
37
40
56
58
48
27
45
40
24
23
43
5
43
10
30
38
12
40
25
20
26
7
32
10
16
13
33
5
6
19
28
27
31
26
36
36
5
19
12
5
39
17
22
19
25
1
25
19
38
2
29
37
21
13
16
53
25
25
5
23
21
5
15
24
30
27
24
14
18
15
19
26
22
26
33
11
16
7
6
29
10
7
22
4
17
35
7
4
26
10
16
20
25
7
22
13
23
14
16
11
7
14
44
0
5
38
16
7
14
17
8
8
7
14
16
3
0
0
4
0
14
8
28
22
10
0
9
15
15
18
4
5
21
4
19
7
1
4
11
7
23
2
16
11
23
4
23
10
4
12
3
2
7
0
15
3
20
17
0
15
0
7
8
3
2
2
6
5
0
11
0
15
11
0
7
3
2
6
0
20
15
7
11
13
6
4
7
9
13
0
4
13
0
0
0
3
4
8
12
4
3
6
4
2
6
2
0
0
2
10
16
48
6
14
3
8
2
0
3
0
9
2
9
4
14
10
2
5
2
6
7
4
9
3
20
9
5
5
8
5
5
0
0
14
1
7
5
3
0
6
0
1
1
2
1
1
9
4
1
0
0
1
0
0
10
4
0
5
5
0
0
1
6
7
0
0
9
3
7
5
2
3
10
1
4
0
3
0
11
0
0
0
0
0
5
4
0
7
3
0
8
0
10
0
9
1
1
0
7
6
1
0
0
0
0
12
3
8
4
6
0
7
0
3
0
9
2
3
8
7
3
10
5
6
0
3
0
4
3
0
0
1
2
0
5
0
2
3
2
5
1
5
1
3
5
0
7
0
0
0
0
0
3
14
3
1
0
7
6
4
5
11
2
6
0
0
0
0
5
3
8
9
0
3
6
0
5
4
1
0
5
0
10
8
6
2
1
0
0
4
0
0
1
3
0
3
3
3
0
0
2
0
0
9
1
1
1
3
2
3
1
4
0
0
3
6
0
0
3
6
1
0
3
18
6
8
0
0
0
4
2
1
1
1
0
0
0
10
2
0
0
0
0
0
1
2
0
5
13
16
2
1
1
0
4
0
0
4
0
0
1
2
1
4
0
1
0
1
0
5
0
0
2
0
2
0
0
0
2
2
1
4
2
0
2
3
1
0
10
2
1
0
0
0
0
0
0
1
1
8
7
3
5
2
0
3
5
4
0
0
2
5
0
0
5
3
1
4
3
7
3
1
3
0
0
0
0
0
0
2
0
0
3
8
1
3
0
2
0
0
0
0
0
7
0
6
2
3
0
2
0
1
7
3
3
0
0
1
1
1
0
0
5
2
7
1
2
0
2
1
8
0
4
0
2
1
2
1
6
0
0
0
6
5
2
3
4
5
0
2
3
2
1
0
1
1
0
1
0
0
0
0
4
0
0
0
0
2
3
0
0
0
0
0
0
0
1
2
5
0
0
0
0
0
1
0
0
0
0
0
1
0
3
0
0
0
2
5
2
5
3
0
0
5
0
1
0
0
3
0
0
0
0
3
0
1
6
0
0
3
0
0
1
1
2
0
0
2
4
0
2
0
1
1
0
0
4
0
0
3
0
0
6
2
0
2
5
0
2
4
2
0
2
5
1
0
5
2
0
0
0
1
1
0
0
6
3
0
0
0
0
0
0
0
0
0
1
1
0
1
0
2
2
0
0
0
6
1
0
0
4
0
0
3
3
3
0
0
0
5
3
4
0
0
8
2
0
0
1
1
0
0
0
2
0
0
0
0
1
2
0
1
0
0
0
0
0
5
0
0
1
0
0
0
0
0
5
2
0
0
0
0
1
0
0
10
0
2
2
0
4
0
1
0
0
4
0
1
0
0
2
3
0
0
0
0
0
1
2
0
1
0
1
2
0
4
0
2
0
1
1
0
0
0
0
0
0
0
3
0
0
0
0
0
3
3
3
0
0
0
0
2
3
4
0
0
4
3
1
0
0
0
3
0
1
1
4
2
0
0
2
0
0
0
0
0
1
0
1
5
2
0
0
0
1485
