../2_Decay/DataFilesGe/Decay/415337G2.TXTBackgroundRemoved 
0
0
0
0
0
0
0
0
0
0
0
0
0
0
18
44
19
55
84
46
23
0
11
16
0
14
13
22
36
34
25
19
22
9
11
14
35
35
4
4
25
26
16
2
0
19
0
5
0
11
3
11
8
18
11
0
0
7
17
9
0
29
5
1
40
21
1
22
10
18
7
0
24
22
31
25
22
28
3
11
18
33
25
4
17
31
28
31
53
33
17
24
23
44
0
18
20
52
13
19
30
36
16
26
19
45
45
28
9
39
40
12
47
0
34
49
0
32
52
36
45
49
39
30
9
13
36
18
67
40
35
22
21
37
36
7
43
43
25
28
38
42
36
38
52
18
52
39
32
38
31
26
47
26
22
19
17
39
12
33
27
24
19
23
22
24
30
0
19
31
32
18
15
49
38
30
35
6
23
21
11
1
22
42
10
15
24
31
21
22
17
14
25
26
17
37
7
22
16
37
29
0
18
15
21
25
16
9
40
11
21
0
22
24
24
17
11
8
22
35
2
17
14
6
18
9
0
14
19
5
16
18
9
15
1
10
16
14
13
22
24
25
5
12
17
17
16
4
7
6
6
13
16
21
7
5
0
10
6
18
16
16
15
7
13
20
5
12
9
4
6
7
7
17
6
23
11
10
15
12
9
20
18
6
2
18
24
18
10
3
1
18
11
3
9
15
17
7
0
2
7
3
11
11
11
15
6
5
9
18
13
6
4
12
5
0
2
6
28
13
13
4
7
5
0
9
5
16
9
3
10
6
2
9
3
4
2
16
14
0
4
5
8
0
3
18
0
0
7
7
25
2
12
11
10
5
5
10
9
10
0
3
8
1
8
1
14
11
4
7
0
3
8
1
2
7
6
3
2
5
0
3
3
1
13
0
2
2
4
0
4
3
5
0
1
1
3
0
4
1
13
6
5
0
8
1
7
3
0
5
6
0
10
5
6
10
5
6
7
0
4
6
4
3
1
5
0
4
3
0
5
0
11
4
6
3
3
4
1
11
2
5
4
3
0
1
0
8
9
3
0
4
0
0
0
2
2
3
8
6
7
16
4
1
10
4
5
1
6
3
6
0
3
3
4
0
2
2
3
3
3
4
3
0
6
1
0
2
0
1
4
5
1
0
3
0
6
0
0
4
8
0
9
0
0
2
7
2
3
5
5
1
5
3
2
4
7
0
0
0
4
2
0
2
6
0
0
0
0
0
0
0
2
4
0
3
0
7
0
3
0
1
9
0
2
0
1
0
3
0
0
5
10
0
4
4
2
0
4
3
4
2
13
1
1
0
0
3
5
3
1
2
1
13
1
2
0
1
3
1
4
0
0
0
0
2
5
6
6
15
0
0
0
0
0
1
8
3
18
4
1
0
3
8
0
1
4
0
5
1
0
1
3
3
0
0
0
0
3
3
3
0
0
0
0
0
0
0
4
0
0
3
3
5
3
0
5
3
2
8
0
0
0
0
5
0
3
6
8
6
1
1
5
1
0
0
2
1
2
0
0
0
2
2
1
3
0
0
6
0
0
0
2
7
3
0
1
2
0
2
0
0
2
1
2
0
3
2
2
3
0
1
0
0
5
0
0
3
0
1
6
0
7
1
4
2
3
1
0
0
0
3
4
3
2
4
0
6
6
0
0
0
0
3
0
3
0
3
2
0
5
0
4
0
1
0
0
4
2
2
4
2
0
7
0
4
5
0
3
0
0
0
0
2
1
0
1
2
1
0
0
2
3
3
3
4
0
4
2
2
5
0
0
0
4
2
0
2
0
2
0
0
4
0
0
0
1
1
1
9
1
0
0
1
0
5
3
1
0
0
1
1
2
0
2
5
0
2
0
0
0
0
4
1
0
0
0
0
0
1
5
1
0
0
0
0
0
0
1
1
0
6
5
1
1
0
2
1
0
8
2
0
5
3
0
1
0
3
1
0
0
2
0
3
2
5
0
3
4
1
1
1
0
0
0
0
0
8
0
0
3
4
0
3
0
6
8
0
0
2
1
0
1
3
6
0
2
0
7
4
4
3
4
4
2
1
0
0
0
0
0
0
2
0
0
3
0
3
0
0
0
3
2
3
0
3
0
1
0
0
0
3
3
0
0
0
2
0
0
0
3
2
0
0
0
0
1
2
2
1
0
0
0
0
2
0
0
1
1
1
0
0
2
0
5
0
0
5
0
5
0
0
1
2
0
0
5
0
0
0
0
2
3
0
0
3
0
0
4
3
4
0
0
2
4
1
1
3
0
1
3
0
3
1
0
1
1
1
0
3
2
2
0
0
3
2
5
1
0
2
0
0
0
1
1
4
0
0
7
2
0
1
0
1559
