../2_Decay/DataFilesGe/Decay/415362G2.TXTBackgroundRemoved 
0
0
0
0
0
0
0
0
0
0
0
2
2
1
16
67
47
40
42
46
54
29
40
15
7
43
41
35
54
39
44
34
30
30
35
35
30
36
42
25
56
52
22
15
29
15
22
48
29
16
21
28
8
29
36
16
18
46
17
24
48
9
30
9
16
34
18
44
43
27
20
53
50
37
40
15
40
44
25
37
26
55
44
49
58
20
49
44
73
29
47
42
51
73
46
43
46
43
49
37
53
41
71
72
52
36
40
55
36
37
57
18
75
65
27
56
50
57
58
51
42
54
58
44
39
53
56
57
72
49
34
59
67
73
74
64
52
36
41
49
55
39
62
57
44
38
67
56
58
28
51
14
54
23
49
40
42
34
57
28
62
55
36
37
51
41
20
48
35
32
26
69
26
37
52
58
48
25
27
16
20
23
43
44
15
51
56
35
33
23
37
38
31
45
46
26
39
30
56
37
40
43
50
9
35
46
23
35
39
13
20
21
15
32
30
14
6
23
18
27
18
26
3
27
29
21
24
12
20
19
19
20
26
30
20
21
21
32
68
5
23
23
17
15
29
23
21
24
16
23
14
26
24
18
2
0
19
13
24
12
11
31
3
13
2
21
13
18
14
9
18
20
19
14
10
11
3
7
7
20
17
15
19
20
13
21
22
13
9
28
13
18
26
20
4
2
0
7
6
3
9
18
5
7
8
8
16
15
26
14
20
12
10
13
17
12
18
4
1
15
16
7
2
17
20
9
13
8
10
22
6
15
13
2
7
10
10
17
11
2
2
9
13
5
2
15
28
12
6
15
4
7
1
13
13
6
4
13
8
7
2
12
7
2
8
11
11
4
8
4
1
9
3
13
4
7
7
4
3
2
3
10
10
1
7
2
6
2
11
11
0
6
12
6
0
4
0
11
2
7
1
4
9
0
6
3
17
8
8
2
9
4
4
12
12
6
4
19
19
7
7
9
1
10
1
7
1
9
4
4
4
2
2
7
5
5
4
0
14
4
12
1
1
5
10
10
10
5
7
7
0
0
0
0
12
8
4
9
6
6
6
10
1
1
3
7
6
8
8
10
7
6
8
8
6
2
2
4
0
6
5
5
2
2
1
0
0
4
4
6
6
14
14
10
0
9
12
13
6
6
7
7
8
1
3
3
5
7
2
9
4
1
6
8
2
1
7
5
4
0
5
2
6
5
6
7
5
5
7
5
0
2
6
2
2
1
1
8
6
1
8
2
2
0
3
10
6
6
1
1
8
3
12
12
4
4
1
5
5
8
8
13
0
7
10
15
15
6
9
5
4
6
6
6
5
1
1
5
4
4
5
3
2
2
2
0
2
4
3
12
12
1
1
8
8
8
4
4
2
0
0
0
5
4
4
4
6
4
5
10
3
5
3
4
0
3
3
0
1
3
2
2
4
3
2
2
1
5
1
1
2
1
1
4
6
6
0
4
4
13
13
13
0
6
2
1
2
1
1
2
0
5
1
1
2
2
3
3
1
2
8
1
7
7
6
6
1
0
6
0
1
2
0
0
5
3
3
3
7
7
7
1
7
2
5
5
5
5
2
0
0
1
5
5
3
2
9
9
2
5
2
5
5
6
2
3
2
3
5
5
2
4
2
1
1
0
0
5
0
4
5
2
2
0
0
1
0
0
2
3
0
2
2
1
1
1
0
1
1
5
8
2
1
1
6
3
3
5
5
0
0
4
4
2
6
6
2
2
7
1
0
0
3
2
5
5
5
5
5
5
5
2
1
2
3
6
2
2
2
0
0
1
5
1
1
1
0
2
2
1
4
2
4
5
5
2
3
3
2
0
3
2
2
0
6
6
0
4
1
1
4
1
1
2
2
1
1
1
1
1
1
1
0
0
3
2
5
3
2
2
6
6
1
2
2
0
2
3
0
4
3
0
3
1
1
1
0
0
0
0
3
3
0
10
10
3
1
1
5
4
5
1
1
1
6
6
6
1
1
1
2
0
0
2
2
12
10
3
3
2
2
1
1
5
1
2
0
0
2
5
5
5
5
3
3
3
6
1
0
0
0
0
3
3
3
2
2
1
0
0
1
1
0
4
0
0
0
3
3
3
1
2
1
2
2
4
5
1
10
4
5
4
2
2
4
4
6
0
0
0
0
2
5
0
0
1
0
3
1
1
7
0
2
2
2
2
2
0
3
1
0
0
0
1
1
1
0
0
0
0
0
2
1
1
1
6
6
3
3
2
2
1
0
0
6
3
0
2
2
4
2
1
1
0
2
1
1
1
1
0
0
3
0
0
1
1
6
3
1
0
0
0
3
6
0
0
0
0
1
0
0
0
2433
2433
