../2_Decay/DataFilesGe/Decay/415333G2.TXTBackgroundRemoved 
0
0
0
0
0
0
0
0
0
0
0
1
1
1
25
108
54
45
42
32
12
30
24
21
15
19
20
30
43
43
31
18
27
8
21
29
29
11
19
20
15
41
14
29
15
23
11
20
16
18
17
46
18
21
16
1
21
29
25
18
32
32
15
14
41
28
16
64
26
20
47
15
42
15
24
32
23
41
21
24
26
27
56
26
14
35
67
22
74
20
50
46
74
53
43
18
42
45
35
26
47
76
38
47
27
21
69
37
39
32
43
47
45
37
42
67
30
36
15
47
48
31
51
21
36
42
43
49
57
13
46
43
46
48
21
63
67
45
45
62
70
23
51
45
62
38
66
54
35
47
47
12
58
31
21
40
54
36
52
26
48
43
24
34
37
37
24
23
35
23
18
40
43
36
45
26
36
17
27
44
63
20
24
25
20
10
11
32
34
22
27
38
10
37
64
21
34
19
22
32
24
44
1
18
27
25
16
25
26
13
19
17
25
25
25
25
26
8
38
16
11
22
13
29
35
19
21
10
14
14
18
24
32
23
16
29
38
32
48
12
31
18
16
37
21
7
2
12
29
8
5
24
20
8
23
11
20
18
2
2
20
23
8
17
4
14
13
5
13
10
10
11
17
13
19
20
19
19
9
13
8
18
15
12
7
10
12
3
7
18
18
33
13
9
13
7
6
11
12
5
5
11
11
12
6
6
15
7
8
6
4
12
6
19
19
11
8
19
17
23
4
4
14
7
6
5
5
1
19
16
6
15
16
20
5
2
2
8
3
3
3
18
6
6
15
43
43
43
8
1
7
5
0
0
9
6
6
13
5
0
1
14
14
8
7
2
8
7
13
3
1
7
12
4
5
0
10
13
1
11
11
11
7
2
4
5
5
5
13
3
8
11
9
7
3
6
13
4
0
5
1
7
7
3
11
6
10
2
2
2
5
3
0
11
0
8
2
10
2
6
4
10
10
4
4
1
1
5
5
0
3
1
7
4
4
1
1
3
3
3
6
7
3
5
1
5
6
6
4
7
3
2
6
9
6
10
11
8
6
1
5
4
3
3
13
5
5
6
6
5
2
8
3
3
1
4
0
0
1
2
7
6
7
7
10
2
0
0
3
3
7
2
6
4
3
19
13
13
13
13
13
2
7
1
6
7
2
6
2
4
1
3
6
3
4
4
2
1
0
3
3
3
4
4
4
4
6
1
2
0
0
1
2
4
4
1
1
3
5
4
2
6
0
0
0
5
1
1
1
2
1
0
0
0
0
4
4
3
0
2
2
2
8
8
14
6
6
6
3
9
0
5
1
0
2
2
3
3
3
2
8
8
0
0
1
11
7
7
10
21
13
13
13
13
0
0
0
2
3
2
1
1
1
7
5
1
3
8
4
6
1
1
9
9
9
9
6
6
3
3
6
0
3
10
10
5
2
3
5
5
5
2
7
0
3
2
2
6
1
11
11
11
11
3
3
3
3
3
3
4
4
4
0
0
0
5
0
2
0
4
7
3
6
2
7
0
1
2
3
5
5
5
0
4
3
2
1
4
4
4
4
4
2
1
2
1
1
3
0
0
0
0
1
1
0
0
4
4
2
4
7
5
8
2
2
4
1
5
5
2
2
2
1
0
0
3
3
3
0
6
3
3
3
1
1
2
3
0
1
1
4
2
4
3
3
0
3
3
0
1
8
4
4
4
5
0
9
1
1
5
0
3
3
2
2
1
7
2
1
2
2
0
5
3
4
4
9
4
3
3
3
3
3
3
0
3
0
1
1
2
4
4
4
2
2
1
4
0
1
2
2
0
2
0
4
4
6
0
0
0
0
6
4
4
3
2
0
2
1
1
1
2
1
6
6
6
6
6
1
5
5
1
1
1
0
0
2
2
2
3
0
0
4
3
0
0
1
1
5
4
0
0
1
1
2
2
2
7
2
2
3
1
0
9
9
2
1
1
3
1
1
1
1
1
4
4
8
0
8
4
1
1
1
2
0
7
13
2
2
0
0
2
2
6
6
6
4
2
1
2
3
3
3
2
2
1
2
2
2
0
1
1
1
1
0
0
2
1
3
0
2
6
0
1
1
2
0
0
0
1
1
2
2
2
2
6
4
5
5
5
6
2
0
0
4
4
0
2
2
2
1
1
1
1
1
1
2
5
1
0
1
1
0
1
1
3
1
0
0
0
2
4
1
5
5
5
1
1
1
5
2
4
3
3
2
0
0
2
7
2
3
3
3
0
3
3
1
0
0
2
4
4
4
4
2
0
0
3
4
4
1
1
3
0
0
0
2
4
4
6
0
0
5
1
4
4
4
4
3
1
0
5
5
1639
