../2_Decay/DataFilesGe/Decay/415361G2.TXTBackgroundRemoved 
0
0
0
0
0
0
0
0
0
0
0
0
0
0
11
81
49
49
29
33
36
35
47
44
32
40
33
42
42
48
29
33
40
18
37
28
30
40
24
36
31
37
37
12
28
28
19
8
11
41
48
47
51
31
26
16
35
27
47
34
35
59
19
34
37
29
60
27
35
52
52
36
65
42
29
62
19
51
41
54
43
67
38
60
41
38
41
63
52
73
67
38
73
79
75
79
63
54
89
72
40
75
46
50
39
60
64
46
58
59
60
50
92
73
50
62
59
64
85
74
62
27
58
72
54
45
59
75
71
58
65
93
49
48
60
50
59
50
56
66
42
52
91
86
51
55
74
43
41
77
45
29
39
42
71
51
58
42
74
57
44
38
48
52
51
44
40
43
33
37
38
46
62
43
55
22
44
46
65
38
39
23
23
41
18
26
36
30
67
54
43
36
37
53
38
50
18
30
31
26
39
44
41
17
21
33
18
41
39
26
30
32
51
25
26
31
16
34
40
39
16
33
6
16
29
18
40
27
24
38
12
22
23
16
4
22
15
24
53
15
33
31
10
26
36
18
23
16
30
14
19
27
22
9
32
32
12
31
21
26
26
14
25
6
2
18
9
19
16
16
19
21
20
25
9
27
22
29
15
13
5
23
20
14
11
18
25
14
28
14
13
17
23
16
26
1
8
10
20
7
14
13
13
11
13
14
15
8
14
18
20
25
4
24
24
6
6
8
12
5
1
2
2
14
7
16
16
1
10
15
18
7
12
18
5
8
12
11
4
6
8
13
19
8
6
11
14
8
6
10
7
11
10
5
10
6
11
11
6
15
15
2
6
9
7
7
6
11
6
5
2
9
12
17
12
12
2
13
4
2
2
5
8
11
14
4
9
7
3
9
3
9
6
5
7
5
8
4
11
5
8
6
6
3
6
2
10
9
1
0
12
12
7
6
9
8
6
16
16
9
9
5
0
2
5
7
6
12
0
9
1
1
6
8
3
7
3
6
14
2
1
0
9
7
5
1
7
9
7
7
2
16
0
5
7
12
5
3
10
10
10
9
16
5
3
10
13
2
0
7
3
8
6
4
8
5
1
6
1
12
4
9
1
6
4
4
6
2
2
5
1
2
1
1
8
4
24
24
5
5
3
3
5
5
7
6
2
2
2
3
3
11
4
8
3
9
0
9
3
3
5
1
4
10
7
0
6
4
3
3
8
2
1
2
8
0
0
4
0
0
0
8
8
3
3
0
0
2
1
3
6
2
13
1
7
0
5
1
6
1
4
2
11
7
12
4
7
6
2
2
2
7
0
0
6
6
10
7
2
6
1
1
1
1
2
2
2
14
7
11
18
18
4
5
2
2
1
2
7
7
7
1
1
9
5
8
6
6
1
5
9
0
0
0
0
4
2
3
1
1
1
2
4
5
2
0
3
5
5
3
0
5
2
3
2
0
5
8
4
19
12
12
0
7
4
2
0
3
3
3
2
6
1
6
6
10
2
3
3
8
0
2
7
4
1
1
1
1
4
3
1
2
2
2
1
0
6
4
1
1
1
2
6
2
5
5
4
1
3
3
7
7
2
2
12
2
1
1
6
4
13
6
9
5
2
0
0
3
4
4
3
3
3
2
2
1
0
1
3
0
0
2
2
2
2
5
4
0
0
5
5
1
5
4
2
4
7
7
0
5
5
2
4
5
8
4
2
2
6
6
1
1
2
4
7
7
1
8
7
7
7
7
1
5
3
5
5
6
6
6
3
2
3
3
8
2
1
7
1
0
1
3
3
0
2
1
1
4
1
2
2
3
3
3
6
5
9
4
4
0
1
1
0
0
4
2
2
2
3
3
2
7
4
4
3
3
3
3
3
2
5
3
3
1
1
1
2
0
8
6
0
0
0
5
5
5
4
10
2
1
2
0
2
5
3
1
1
1
1
3
3
0
0
7
7
1
1
2
3
3
3
3
1
1
3
4
8
0
0
3
4
1
2
1
1
2
16
3
3
3
2
3
3
3
3
1
0
0
8
3
3
4
4
4
4
6
0
2
1
4
4
1
0
0
6
3
3
1
1
5
1
6
2
1
1
0
1
0
1
1
0
4
1
1
1
5
0
7
5
2
5
3
6
1
5
5
1
5
4
3
0
4
0
2
0
1
0
2
3
0
0
0
4
0
0
5
5
0
0
0
3
0
4
0
4
2
3
2
2
2
0
5
0
0
0
3
3
5
2
2
4
4
4
3
0
1
5
2
0
0
4
1
0
0
0
0
2
2
0
2
2
3
3
3
3
1
5
6
6
2
4
4
1
6
2
2
0
0
2
1
0
0
2596
2596
