../2_Decay/DataFilesGe/Decay/415315G2.TXTBackgroundRemoved 
0
0
0
0
0
0
0
0
0
0
0
0
0
0
29
57
38
23
41
25
17
34
6
17
27
21
11
9
14
25
31
1
21
4
5
14
14
16
23
22
31
23
14
15
15
21
21
3
23
3
17
21
21
15
24
24
24
17
20
14
21
7
14
3
7
27
18
22
13
21
10
37
33
28
19
23
23
22
22
9
19
4
1
20
7
4
33
14
51
51
23
28
43
30
20
26
24
24
22
22
11
57
14
1
40
64
43
31
2
24
4
4
53
39
50
6
28
42
10
31
53
22
44
45
44
43
4
4
34
38
43
0
18
44
56
29
57
50
39
42
41
18
34
20
27
18
38
36
45
55
32
9
29
24
25
18
16
17
40
25
12
35
27
19
19
19
32
0
25
11
18
42
19
23
36
15
31
18
20
17
14
21
15
28
11
15
19
14
18
3
17
5
4
12
23
10
22
1
10
18
18
5
25
15
25
30
17
11
16
6
11
10
29
32
8
5
15
14
36
9
10
16
12
21
19
15
5
5
10
11
15
10
3
10
1
29
17
4
9
5
27
13
17
16
8
8
3
7
5
22
8
9
10
18
4
10
5
5
21
1
8
13
2
2
4
9
15
11
13
7
3
3
15
8
29
1
1
11
12
15
15
22
25
5
1
8
9
8
18
10
4
6
11
6
5
2
11
6
4
2
5
1
5
6
2
7
1
1
14
10
8
14
3
12
2
5
3
5
16
8
13
13
7
5
5
9
3
3
15
11
12
13
15
8
10
0
0
3
3
11
2
5
11
11
4
20
6
6
11
1
8
11
3
5
5
9
4
4
3
8
8
7
3
7
13
1
7
7
3
13
1
3
5
2
4
1
4
12
7
7
7
7
6
4
5
2
8
5
5
6
4
8
7
3
5
5
5
2
3
7
7
7
7
7
7
7
12
6
3
4
13
2
12
8
2
4
9
1
8
1
0
2
2
3
3
3
4
4
2
4
5
7
7
7
0
6
1
1
3
2
1
7
5
5
8
8
8
3
5
10
7
7
7
0
6
7
7
6
4
4
4
0
10
0
3
1
1
7
2
10
3
4
4
4
4
2
0
6
1
1
4
4
4
0
0
0
5
5
0
4
3
3
3
0
2
2
12
12
12
12
12
7
8
3
3
4
4
10
3
2
7
7
2
0
0
0
0
1
1
1
4
1
3
3
5
0
0
0
0
8
4
0
0
1
1
5
5
3
2
1
3
3
3
4
4
4
2
3
5
2
2
2
2
2
2
2
2
3
7
4
4
15
3
5
7
9
9
4
3
3
2
2
2
1
5
5
2
3
3
2
4
0
0
0
3
1
1
6
6
24
2
2
2
1
1
1
1
1
8
8
8
6
2
0
0
0
3
10
3
5
3
9
2
2
2
2
2
2
2
0
2
1
1
2
4
4
4
3
1
1
1
3
3
3
3
3
0
1
5
8
6
6
1
2
3
3
3
4
2
1
1
4
1
1
1
1
7
0
4
2
0
2
6
0
0
0
4
4
5
2
2
0
0
5
4
4
4
4
4
4
1
2
2
3
3
3
3
3
3
3
3
1
2
3
1
2
0
0
6
1
8
8
0
0
0
0
3
0
1
1
4
1
0
0
2
6
1
1
4
2
2
2
2
2
9
5
1
2
3
0
0
8
2
2
1
1
5
2
2
4
1
1
1
2
0
1
1
0
2
3
1
4
4
4
2
0
0
1
1
1
1
0
2
2
2
4
6
6
2
2
2
1
1
1
1
1
4
4
4
1
1
3
4
4
0
5
2
3
3
3
3
3
2
2
8
2
0
0
0
0
1
3
4
3
0
6
6
0
1
1
4
0
0
0
0
2
2
1
3
6
1
1
1
6
6
5
1
1
0
0
4
1
3
5
3
3
0
0
2
5
5
2
2
8
3
0
1
4
4
1
2
0
0
0
0
2
2
4
4
2
1
1
1
1
2
2
4
2
1
1
1
2
2
5
5
5
13
13
13
7
6
6
0
0
1
1
2
0
2
0
0
0
2
0
0
1
0
1
5
3
3
3
6
6
6
3
0
0
0
0
4
4
4
1
1
4
0
0
1
1
1
3
9
1
3
3
1
0
0
0
3
1
3
3
0
0
0
3
0
0
1
2
2
2
0
2
2
3
2
4
4
3
2
2
2
0
0
2
2
2
0
0
7
0
3
3
3
3
1
1
1
1
0
2
1
4
0
1
0
2
2
2
1
0
0
0
0
0
0
3
3
2
2
4
4
2
2
1
1
1
1
1
1
0
0
1
1
3
1
1
1
1
1
0
1
1
1
1
0
0
0
0
0
1458
