../2_Decay/DataFilesGe/Decay/415378G2.TXTBackgroundRemoved 
0
0
0
0
0
0
0
0
0
0
0
0
0
0
39
89
125
96
33
34
6
44
33
5
21
28
31
22
27
31
21
25
25
11
7
23
19
26
33
14
1
24
12
27
9
24
8
14
2
10
22
20
20
12
26
7
14
3
21
10
26
20
4
18
7
30
30
31
25
24
18
2
20
13
13
4
41
37
3
43
36
44
20
8
1
23
26
49
46
21
36
35
41
34
0
20
29
24
45
34
3
37
12
65
32
20
25
48
26
24
19
41
46
23
48
40
38
62
45
37
79
44
55
48
6
34
45
26
57
55
49
66
25
51
52
48
67
50
43
30
34
59
51
51
40
35
50
60
68
36
32
20
62
33
25
29
48
33
30
25
30
40
42
15
26
13
29
14
35
35
15
24
7
26
54
55
24
26
29
19
27
14
14
41
23
29
32
20
0
31
16
49
39
34
33
6
27
42
43
46
18
10
12
41
28
30
22
14
45
24
17
16
24
28
29
6
22
18
33
22
5
21
3
20
22
23
13
16
23
28
15
20
13
20
13
22
19
19
19
14
23
59
11
26
19
22
9
10
40
13
13
10
9
21
11
11
4
6
14
9
6
29
13
17
12
12
12
18
3
10
4
24
12
16
17
5
7
9
5
20
14
13
20
8
6
21
12
19
17
0
7
7
7
4
24
27
25
6
11
3
9
16
13
12
1
6
3
4
17
14
16
15
18
4
6
18
10
3
12
3
11
0
10
5
14
5
18
1
11
13
19
7
7
3
9
12
13
13
16
16
5
7
5
5
1
1
1
1
8
29
62
16
7
13
10
4
4
13
7
3
4
11
11
7
2
14
7
1
1
1
1
11
11
10
3
5
6
5
8
3
4
12
4
1
5
6
0
7
6
6
8
10
14
3
1
15
2
9
9
9
9
4
4
1
12
7
14
2
2
5
3
6
8
9
4
6
7
21
4
4
4
4
4
2
2
2
10
6
6
6
0
3
3
9
6
6
1
6
2
3
5
2
5
5
6
1
5
12
3
0
1
6
4
2
2
5
5
9
1
1
4
8
4
3
5
6
7
7
7
2
1
14
1
5
7
3
3
3
3
3
9
0
5
8
11
11
1
3
5
6
5
1
8
3
2
7
7
7
7
7
10
10
17
16
8
7
10
5
5
8
8
5
11
5
8
4
3
3
12
12
2
4
1
0
0
6
7
3
0
0
1
4
4
12
12
12
12
7
0
6
7
2
6
0
2
2
2
2
4
8
7
7
7
3
4
2
6
0
10
0
2
5
11
11
2
2
2
6
6
1
1
5
10
12
7
0
1
3
0
0
0
2
1
4
1
1
3
3
3
3
3
3
3
0
0
2
7
21
22
9
8
2
2
1
1
1
4
5
5
5
3
1
5
1
8
1
2
1
4
4
3
3
1
5
5
5
3
4
2
1
2
1
1
5
2
2
1
1
1
1
1
2
1
0
2
3
6
11
14
5
6
5
2
8
0
3
2
0
0
0
7
0
1
0
3
3
0
0
5
1
1
0
1
4
1
7
6
6
0
0
2
3
6
1
2
0
1
0
2
0
5
1
2
2
3
0
4
1
1
2
2
3
3
4
4
0
2
4
2
0
3
3
3
1
2
1
1
1
7
9
9
4
0
0
3
3
3
1
1
1
5
5
3
3
3
3
3
4
4
10
3
3
2
0
3
3
0
2
1
5
2
11
1
1
1
1
0
0
0
6
6
6
4
4
4
6
6
2
0
4
4
1
0
1
2
3
6
1
1
5
0
2
0
0
1
2
4
2
2
0
1
1
2
2
0
7
4
4
3
3
2
2
0
0
0
6
6
6
6
6
2
3
1
2
2
2
2
3
0
2
3
3
1
0
0
5
5
5
2
0
0
1
1
4
2
2
2
3
1
1
6
2
2
2
4
7
3
0
0
4
1
3
3
0
0
6
6
0
4
1
1
1
1
1
0
2
5
3
1
5
5
0
0
0
0
2
2
2
2
2
2
0
0
2
4
4
6
4
14
11
5
0
0
2
1
0
0
0
1
1
0
0
1
0
1
2
2
2
0
0
2
0
0
0
0
2
1
3
3
1
1
2
0
0
0
1
0
1
4
4
1
1
1
0
3
1
0
1
1
3
0
0
2
4
12
12
12
3
3
1
1
1
5
1
0
0
0
5
5
5
1
1
3
1
0
0
2
1
4
0
0
1
5
5
5
2
1
1
2
1
2
2
0
2
1
1
0
1
1
5
2
0
1
5
2
2
9
9
0
0
5
2
2
9
0
0
0
9
9
9
9
3
1
0
3
1
1
3
1
1
1
3
129
1464
