../2_Decay/DataFilesGe/Decay/415374G2.TXTBackgroundRemoved 
0
0
0
0
0
0
0
0
0
1
0
0
1
0
34
95
58
25
28
54
42
15
37
23
30
26
22
26
28
35
31
23
32
5
34
27
27
31
21
34
34
31
39
24
19
19
30
20
6
12
29
10
31
12
36
18
26
38
21
26
27
18
19
23
50
26
26
29
22
39
26
0
31
36
36
27
29
40
11
40
20
49
50
10
31
12
52
67
47
62
18
57
47
58
54
24
47
30
59
33
55
42
18
57
23
51
33
8
49
49
58
34
34
45
72
65
47
45
39
46
51
29
41
62
43
49
24
39
78
17
37
3
36
57
40
31
53
43
29
42
36
64
59
37
62
36
60
56
59
46
21
50
63
40
53
46
45
20
26
34
36
47
32
33
33
21
47
19
43
36
54
45
48
55
60
44
50
24
20
31
22
5
14
48
27
25
21
27
41
23
27
42
22
49
37
35
19
33
27
38
22
45
56
26
51
45
23
22
23
14
16
14
28
35
19
18
13
31
29
23
0
17
9
16
32
26
20
23
18
39
8
16
27
33
25
19
14
0
0
11
24
51
31
25
31
19
21
14
24
16
2
19
0
5
15
17
25
16
20
9
9
32
11
15
14
8
4
22
9
5
10
10
13
17
17
7
5
15
26
28
23
20
23
14
10
22
0
7
5
10
11
0
0
9
13
24
15
8
8
20
27
20
6
9
9
8
11
3
5
18
9
13
9
10
4
1
9
5
10
13
10
14
19
8
0
5
9
17
9
9
4
8
5
6
0
6
8
18
15
5
6
5
5
0
4
0
0
1
15
28
58
10
7
8
5
3
9
4
5
7
4
7
4
8
7
10
15
13
11
9
5
4
2
0
4
5
3
12
0
7
4
2
0
10
9
0
5
4
4
2
0
7
3
6
1
0
8
3
0
8
8
9
7
14
5
7
0
8
0
0
4
7
18
8
7
14
4
11
9
7
2
8
6
12
0
7
2
5
0
6
0
0
9
10
3
6
16
11
0
8
7
4
3
8
3
0
3
0
7
0
1
5
2
0
5
9
12
5
10
3
1
0
3
4
3
2
7
7
0
0
1
0
0
0
0
0
10
2
0
2
10
7
3
0
3
0
5
5
7
0
9
6
0
3
2
1
2
0
0
0
4
12
23
15
2
21
5
2
0
5
2
4
2
0
0
3
0
0
3
2
3
5
1
10
5
2
6
0
3
7
0
2
4
8
5
8
0
3
9
7
8
4
0
5
2
1
5
5
4
6
6
3
3
0
0
3
0
3
0
9
5
3
0
6
10
0
0
0
7
5
7
8
24
6
3
0
1
0
4
1
0
0
0
0
0
6
5
10
0
3
0
0
1
2
4
1
5
32
24
5
3
0
5
7
1
0
7
3
3
1
0
1
4
6
0
3
1
0
2
0
1
0
2
0
0
3
0
0
5
0
2
2
1
2
0
2
0
2
0
2
0
0
2
2
2
0
3
14
15
5
5
0
4
3
0
3
1
0
1
1
4
0
4
0
0
0
0
2
3
1
0
6
0
0
2
1
5
0
0
5
0
1
1
3
5
3
2
1
4
3
6
2
0
2
9
0
5
4
4
1
3
6
2
2
0
0
4
3
2
0
2
7
3
0
0
1
2
0
1
1
2
0
0
5
3
5
6
2
2
2
2
2
1
4
0
0
2
0
0
5
4
0
0
0
5
0
0
8
3
4
2
1
5
2
0
0
5
2
2
0
0
0
11
4
4
3
0
2
8
3
5
3
2
0
5
4
4
0
0
1
3
2
1
0
0
6
0
2
1
4
2
0
0
7
0
2
4
0
5
1
1
0
1
0
4
1
0
4
0
0
0
0
0
0
1
0
0
2
0
0
1
4
1
0
1
1
0
0
2
0
0
0
2
0
0
0
0
3
7
3
6
0
2
0
0
1
0
1
4
6
2
1
0
0
0
2
2
1
0
4
0
4
1
0
0
0
6
0
1
0
2
3
0
3
0
2
1
0
0
6
0
1
1
0
1
0
6
8
18
7
4
1
1
3
0
2
1
2
0
0
0
2
2
0
2
7
0
0
3
5
2
0
0
0
0
2
0
2
0
0
0
0
3
0
0
5
0
0
0
0
0
0
0
0
0
1
0
0
2
0
4
7
3
7
3
4
2
0
0
0
0
3
4
0
0
0
0
2
0
0
3
2
0
4
0
1
0
1
0
0
0
4
0
2
2
1
2
1
4
0
0
0
1
0
1
0
2
0
0
2
0
1
4
0
0
0
3
0
0
4
4
0
0
0
1
1
3
3
0
0
0
0
0
1
0
0
0
0
4
0
0
0
2256
0
