../2_Decay/DataFilesGe/Decay/415327G2.TXTBackgroundRemoved 
0
0
0
0
0
0
0
0
0
0
0
0
0
0
27
90
47
66
63
60
60
38
34
15
43
17
11
23
47
49
26
26
33
34
39
20
36
22
19
43
39
38
16
22
20
16
17
40
19
30
31
20
37
19
41
30
20
54
32
32
60
42
33
16
48
33
28
36
33
39
26
16
64
33
28
39
51
43
34
43
53
52
60
51
58
53
63
43
56
66
48
28
45
61
51
59
45
52
58
103
50
70
57
53
40
50
73
71
66
38
57
85
65
51
62
46
45
71
56
66
57
74
78
87
50
41
80
54
81
85
41
26
57
41
68
71
74
75
30
45
29
61
96
37
68
49
74
45
56
63
51
34
51
53
70
43
39
29
47
27
44
51
41
49
21
38
24
42
24
46
42
54
42
35
60
66
36
34
9
41
24
51
53
34
14
17
31
53
37
54
34
37
40
45
45
43
42
27
28
42
26
26
38
20
31
43
33
21
46
17
40
22
32
36
6
22
24
11
20
21
21
26
20
30
43
9
17
20
18
30
21
29
17
29
27
26
22
24
45
28
32
18
24
25
37
25
3
15
34
13
3
27
24
21
24
10
7
18
20
15
15
12
4
2
2
15
19
24
32
26
4
18
15
30
26
16
14
15
9
11
15
16
20
15
11
19
6
3
21
14
16
13
35
14
14
0
12
16
8
9
3
5
5
11
4
18
6
10
25
5
7
16
14
9
10
16
7
6
7
5
12
4
20
19
15
21
1
8
8
6
16
12
17
11
1
15
1
16
17
7
15
8
9
9
6
35
11
4
4
7
17
3
6
14
8
1
11
17
8
17
17
11
11
13
3
10
12
1
4
11
3
10
2
2
2
5
8
8
4
5
8
1
10
15
14
2
8
8
5
0
10
10
11
10
10
7
9
6
1
14
9
3
3
1
2
2
10
3
3
4
12
3
8
7
11
6
3
8
5
3
12
2
2
5
5
11
1
5
2
1
3
3
4
4
5
6
5
3
3
6
5
7
5
10
8
0
0
10
7
12
1
11
4
4
6
6
5
10
7
0
2
6
7
5
9
2
1
1
4
5
2
4
6
9
11
11
4
4
4
6
4
9
4
5
0
6
1
0
0
4
3
3
4
0
2
12
10
8
8
8
1
1
1
2
0
2
2
7
8
4
5
3
6
9
6
1
1
3
3
1
2
7
3
6
2
2
1
1
6
1
1
1
12
6
6
6
3
2
1
6
5
5
6
6
3
3
3
5
5
5
10
1
3
6
0
0
5
6
7
3
6
7
7
9
22
19
19
3
4
4
9
8
7
4
5
1
0
1
11
1
11
3
1
1
1
7
1
10
8
27
15
1
1
6
3
2
5
0
4
0
14
6
3
2
2
2
3
3
9
4
2
2
2
2
2
1
4
0
4
3
3
2
2
6
6
5
1
1
1
4
4
4
2
5
0
0
0
2
2
15
4
4
3
2
2
2
2
5
5
4
9
5
2
4
4
1
1
0
1
1
7
2
6
6
8
3
3
3
9
9
3
5
5
5
2
1
9
7
6
6
1
2
1
1
5
0
0
0
0
3
4
3
1
5
2
0
0
0
0
2
9
5
3
5
1
2
4
2
2
2
2
2
4
4
3
0
8
5
1
1
1
2
3
3
2
1
4
3
3
0
2
3
4
2
1
1
1
1
2
7
3
3
3
4
4
1
4
5
3
3
3
0
0
0
3
3
6
4
1
1
3
3
0
2
2
8
0
0
0
3
1
5
0
3
0
6
6
5
5
5
1
3
5
5
5
2
2
2
0
0
0
0
3
1
3
0
3
0
0
2
5
0
0
0
0
7
7
0
2
2
2
1
1
8
8
8
1
0
2
2
2
1
1
1
5
0
3
3
7
0
1
1
1
3
3
3
2
2
0
4
2
1
3
2
5
5
1
4
0
6
4
2
2
0
4
4
4
5
5
4
4
4
1
1
1
0
4
3
0
0
2
1
4
3
3
3
9
2
2
3
3
3
3
1
3
3
4
2
2
4
2
0
2
4
3
3
1
1
1
1
1
0
5
5
2
1
1
4
3
3
3
1
0
3
1
1
2
1
2
2
2
2
4
4
1
1
1
1
3
0
5
6
5
5
0
0
3
0
2
4
4
5
5
1
1
1
1
1
1
5
3
0
2
2
2
2
0
4
4
2
2
0
5
3
1
1
1
3
2
0
0
1
1
1
1
1
1
4
1
1
0
0
0
0
0
0
2
3
3
3
2
0
5
1
0
2
1
1
1
7
3
2
3
3
3
3
3
0
0
1
7
1
4
4
3
2
0
0
6
0
0
0
0
1734
