../2_Decay/DataFilesGe/Decay/415380G2.TXTBackgroundRemoved 
0
0
0
0
0
0
0
0
0
0
0
0
0
0
30
139
53
33
7
8
43
23
21
21
18
28
23
19
22
46
15
10
17
22
28
12
11
21
9
22
23
23
8
25
16
9
6
25
18
1
9
46
29
17
38
6
16
10
32
16
10
22
33
11
27
21
39
33
28
14
19
14
52
35
34
22
27
21
22
23
29
26
34
21
26
14
54
21
60
20
21
51
31
67
53
42
21
30
40
39
30
42
56
51
47
36
52
8
26
36
19
60
51
52
85
40
49
40
38
33
46
30
44
27
60
40
34
50
51
56
57
13
52
68
51
54
41
34
33
77
34
46
46
75
64
24
43
52
49
61
50
18
47
27
45
35
42
36
41
21
46
44
44
7
12
43
31
56
47
37
4
40
33
53
43
17
47
33
21
46
9
22
32
36
10
20
15
22
9
23
31
49
45
40
47
35
21
35
23
28
34
23
19
7
11
34
25
9
31
9
33
33
20
28
16
19
28
16
26
26
8
37
15
23
22
16
8
15
32
15
18
22
20
24
20
29
25
11
11
12
28
64
34
28
59
42
5
16
20
24
24
21
19
12
17
27
25
9
11
9
15
19
8
24
11
26
7
12
12
6
10
28
13
12
3
13
2
4
10
8
10
25
27
14
2
23
20
8
15
0
8
4
4
9
16
17
37
11
7
6
20
12
12
5
10
8
2
10
13
2
8
15
12
15
24
9
15
7
10
14
20
2
14
13
8
18
18
18
8
11
9
9
5
7
6
2
0
11
13
11
6
6
17
10
1
1
1
1
11
29
66
21
2
8
8
8
5
17
2
9
9
9
6
0
6
8
10
16
6
4
4
12
1
4
16
11
11
2
3
3
3
3
12
5
5
2
3
5
3
3
8
2
7
5
9
2
4
2
0
5
5
4
5
5
9
9
5
13
4
8
2
2
8
2
3
3
6
9
6
6
1
4
3
5
7
3
0
6
7
7
9
2
8
8
8
5
7
0
0
7
3
4
4
0
5
5
7
8
9
11
6
6
0
1
9
3
6
6
2
3
1
0
1
1
8
0
8
3
3
4
0
10
4
0
9
9
2
2
2
8
5
6
7
3
6
4
4
15
6
2
0
4
0
2
1
1
1
1
1
1
1
7
28
20
10
5
5
8
3
3
6
4
14
7
0
10
10
6
3
3
1
1
0
3
3
5
6
0
5
0
2
1
0
2
3
4
6
3
2
2
4
2
2
1
5
3
0
0
3
9
2
1
6
4
4
6
2
2
2
5
1
0
0
0
0
0
0
3
6
0
6
0
11
12
2
2
0
7
2
2
3
2
2
1
1
2
1
4
3
3
3
3
3
10
5
4
8
38
21
9
2
2
0
4
3
3
6
4
3
2
0
4
8
1
1
1
5
0
7
7
2
0
0
0
3
0
5
5
0
2
2
2
2
3
8
1
1
5
0
0
0
0
0
11
2
2
7
11
31
9
5
2
4
1
1
1
0
3
2
0
3
4
0
3
4
3
0
1
8
8
1
8
8
1
0
0
4
4
4
2
4
4
4
4
3
3
3
2
5
3
3
5
4
4
1
1
2
2
3
1
5
1
1
5
5
5
2
0
4
4
2
1
7
3
0
6
6
6
4
5
7
0
2
4
4
2
2
2
2
0
4
4
9
9
1
2
3
2
2
0
2
2
0
2
2
2
3
2
2
0
1
9
9
0
2
2
5
6
4
0
0
0
4
3
3
2
2
2
0
0
0
1
0
1
7
4
5
4
1
1
1
0
1
1
1
0
4
3
3
3
1
0
3
1
5
0
0
1
1
1
1
2
1
1
0
0
0
3
1
1
0
2
2
5
5
5
1
0
1
4
7
3
3
1
0
5
5
5
4
4
0
3
3
3
1
0
1
0
0
5
2
0
2
2
0
3
1
1
1
2
6
3
1
7
2
2
2
2
3
3
3
3
3
3
1
1
3
0
0
1
0
4
2
3
3
3
3
3
3
3
1
1
5
4
2
0
6
1
13
14
2
0
1
0
4
4
2
0
0
0
0
0
1
1
2
3
3
1
1
1
4
2
1
2
2
1
3
0
1
1
0
2
2
0
1
2
2
2
1
1
3
3
3
3
5
5
5
2
3
3
1
5
3
3
4
3
0
0
1
1
6
6
3
0
0
0
3
3
3
1
2
2
1
4
2
2
0
2
1
1
1
2
4
0
0
2
0
2
3
3
4
4
1
1
2
2
2
2
1
0
0
0
2
2
0
2
1
1
1
0
2
1
0
0
3
3
2
4
4
3
2
2
0
0
0
2
1
0
4
2
2
0
12
1609
