../2_Decay/DataFilesGe/Decay/415325G2.TXTBackgroundRemoved 
0
0
0
0
0
0
0
0
0
0
0
0
2
1
41
108
45
27
57
41
54
13
29
28
28
23
50
15
27
36
13
27
24
14
5
23
26
37
33
18
15
30
36
2
10
10
24
16
39
15
41
37
23
9
9
12
13
11
11
11
23
38
22
16
36
39
10
48
21
49
20
26
32
36
23
36
13
43
19
37
31
37
24
40
40
33
46
58
29
14
49
59
56
29
22
31
69
49
48
44
44
60
17
48
33
68
46
29
34
39
34
41
41
24
43
76
24
47
38
77
59
73
74
64
39
45
41
45
77
27
45
32
31
43
42
78
45
28
53
39
33
37
69
56
50
59
63
39
34
30
67
48
37
27
53
36
13
27
29
25
50
37
25
33
24
24
44
33
29
21
18
30
34
26
33
42
30
36
22
24
23
12
10
48
5
23
37
29
24
19
29
24
14
45
50
11
8
34
10
57
12
21
34
16
36
35
15
28
25
16
37
25
22
18
19
7
8
7
34
26
13
26
24
15
22
30
13
16
29
17
17
16
2
26
14
19
17
18
55
10
23
42
13
15
26
6
5
14
8
32
14
26
6
17
6
18
27
6
32
20
17
2
7
26
7
12
9
8
10
10
6
15
24
31
16
18
18
13
12
17
9
26
17
14
11
21
10
4
17
18
15
17
23
12
9
9
1
1
19
11
13
13
1
12
12
2
6
6
12
17
15
16
13
21
7
2
2
2
12
20
4
16
6
9
0
12
12
9
3
12
13
5
15
8
1
1
11
15
8
2
9
0
5
7
9
32
3
3
9
6
22
0
2
9
10
19
19
3
7
5
2
20
3
4
2
3
11
3
10
10
7
4
6
3
3
5
8
8
7
7
7
4
5
5
3
3
0
5
2
0
9
4
7
4
4
9
3
3
3
7
2
12
5
8
13
13
17
3
6
6
6
0
10
5
3
3
13
10
11
3
7
3
6
17
6
6
6
1
1
11
0
1
1
3
3
4
8
4
7
12
3
2
5
5
11
1
1
5
9
7
2
0
0
7
10
2
6
6
5
8
7
4
4
0
3
7
3
3
3
2
2
4
1
10
6
5
5
1
7
3
4
4
0
0
4
0
5
3
2
8
8
6
4
4
8
8
6
13
13
1
1
5
3
3
1
4
8
1
0
0
7
4
10
0
8
1
8
1
1
1
7
6
1
5
5
0
0
1
0
0
0
7
2
8
8
8
8
6
1
3
3
3
3
0
2
3
3
3
4
3
5
0
9
9
9
2
2
2
5
5
1
0
12
3
17
5
4
7
0
3
3
4
3
3
3
2
2
4
4
3
2
2
2
1
1
11
8
4
7
12
4
0
0
0
0
7
7
7
7
2
2
2
0
0
0
0
3
1
0
3
0
2
2
2
2
2
2
6
2
0
4
2
5
4
4
4
4
3
9
0
0
8
5
4
3
0
0
0
2
16
4
4
0
5
5
2
2
10
10
2
3
0
3
3
3
2
3
3
7
0
3
0
1
2
4
4
0
0
0
0
0
3
1
1
0
4
2
2
6
6
6
6
0
0
0
0
0
0
1
1
6
8
3
3
1
2
2
0
3
14
14
8
7
1
1
2
2
2
2
2
2
4
3
0
0
4
2
4
1
1
1
4
2
0
0
1
2
0
0
2
7
5
5
2
1
1
4
0
0
3
10
0
0
0
0
0
4
5
0
4
3
1
0
0
1
1
4
4
1
1
0
0
3
1
0
8
8
1
1
1
3
3
0
2
0
1
3
1
1
1
3
0
2
2
2
0
0
3
2
1
1
2
2
1
3
3
2
2
4
4
5
1
3
3
0
7
7
4
1
1
1
1
1
2
2
2
2
3
0
0
1
5
1
1
0
0
2
1
7
7
6
6
6
1
2
0
0
5
3
0
0
0
6
1
1
3
2
2
2
0
2
1
1
3
0
1
1
1
4
7
1
2
2
3
2
2
2
5
5
4
0
2
4
6
1
4
6
6
6
6
0
0
0
2
4
0
2
4
4
0
2
3
2
2
1
3
3
3
1
0
3
0
1
3
3
3
3
1
1
0
2
3
3
3
0
4
0
3
5
2
2
2
3
3
0
6
3
4
6
6
5
1
1
1
6
6
0
0
2
0
3
1
1
1
1
1
2
0
4
2
3
2
1
0
0
0
0
1
2
2
2
4
4
6
3
1
5
2
2
2
2
2
1
1
2
0
0
0
3
3
1
1
1
0
3
0
0
4
0
0
2
1
4
2
2
1
2
2
0
9
0
0
0
1
1
1
1
1
2
2
8
0
4
4
4
4
2
2
2
2
2
0
2
1612
