../2_Decay/DataFilesGe/Decay/415360G2.TXTBackgroundRemoved 
0
0
0
0
0
0
0
0
0
0
0
0
0
0
20
77
49
34
20
48
57
44
29
31
34
32
26
37
24
23
22
19
44
22
23
48
31
40
19
28
30
51
42
26
36
24
32
25
34
16
25
17
23
38
40
21
27
28
35
33
39
62
24
44
34
45
49
43
35
26
16
15
34
34
46
59
30
45
40
43
26
64
65
81
60
42
25
64
62
81
43
56
68
79
45
19
89
43
39
48
51
74
45
93
72
54
73
98
39
71
55
84
63
64
55
87
51
58
68
54
75
59
65
59
61
78
18
74
63
73
74
95
73
51
90
71
50
48
57
49
74
53
64
89
66
47
71
50
70
46
49
73
61
47
58
27
44
68
59
37
66
73
57
46
59
41
28
57
43
36
41
58
79
47
68
32
28
54
42
27
48
48
13
37
27
31
37
24
46
41
33
24
41
44
37
47
39
34
40
30
22
37
48
40
34
48
44
10
39
45
41
41
41
39
49
17
5
42
39
22
2
18
13
11
38
16
32
22
2
28
25
24
11
32
23
28
17
35
52
11
15
11
32
21
29
32
11
7
20
26
18
43
34
25
6
12
13
6
27
6
12
27
24
18
8
17
18
9
11
16
12
21
13
12
23
9
28
11
18
19
12
10
26
12
13
18
12
22
27
23
15
29
28
14
17
5
7
7
12
8
8
28
5
27
19
7
12
7
9
21
6
10
11
18
5
6
9
0
10
3
7
17
18
10
18
13
4
1
8
4
6
8
3
18
16
10
15
10
11
0
7
8
7
2
7
31
19
19
12
4
25
14
7
24
7
10
0
16
4
3
14
11
10
18
11
5
16
9
0
6
13
20
2
3
5
9
9
3
4
1
3
2
8
4
5
18
11
1
7
0
9
4
5
3
4
16
8
7
4
12
3
7
2
2
6
5
17
5
10
2
4
2
11
9
1
5
8
18
7
3
7
7
14
12
3
7
9
6
4
4
3
6
1
11
5
8
0
1
11
1
6
5
8
3
9
0
0
6
8
12
7
9
9
2
9
13
8
0
11
11
3
4
6
6
5
10
5
11
14
1
7
1
10
8
3
2
7
5
10
7
7
5
2
12
12
1
1
2
0
2
2
4
4
5
1
8
26
14
0
1
1
3
3
3
5
8
3
0
4
2
1
14
9
6
8
9
5
2
0
1
6
7
5
0
1
2
2
1
1
3
4
5
2
4
4
3
9
6
4
4
7
9
9
2
1
4
11
4
7
3
3
8
4
4
6
4
3
4
6
4
5
9
1
8
6
10
0
3
3
10
2
2
1
5
5
5
7
7
6
1
4
4
4
0
2
10
5
13
5
18
24
12
1
3
3
3
3
3
7
9
6
9
9
2
2
2
6
3
3
4
9
9
3
2
1
4
6
4
4
4
3
2
2
6
0
0
1
1
5
1
2
0
7
5
7
1
0
3
6
5
3
3
0
5
2
2
3
0
3
1
1
7
3
2
4
7
3
2
2
2
1
2
4
0
4
4
3
7
2
4
4
2
1
3
8
1
3
5
0
7
4
1
0
0
1
1
1
3
1
2
5
2
7
1
2
3
3
4
1
2
3
1
8
5
5
0
0
0
5
5
3
2
2
0
0
7
2
3
4
4
3
1
0
2
5
5
1
1
3
0
2
9
6
4
6
3
4
4
4
2
5
1
0
4
4
4
3
9
1
1
2
4
1
7
2
2
10
3
2
2
1
2
7
8
2
2
0
1
0
2
0
0
0
3
0
2
3
2
2
2
1
1
0
2
0
2
2
5
1
3
3
4
2
4
4
4
0
7
7
7
7
0
4
4
1
3
3
2
2
2
4
5
0
8
8
0
0
2
0
0
0
2
2
2
2
1
4
1
0
0
0
0
1
2
2
10
10
2
1
3
3
2
2
2
2
3
3
1
1
6
3
1
1
3
0
0
1
2
1
0
6
0
2
2
3
3
4
4
0
3
1
2
1
1
1
3
8
2
2
3
2
2
0
4
4
3
3
4
6
7
7
7
4
7
7
6
4
4
3
6
6
8
1
0
1
7
2
2
3
4
1
2
2
1
1
5
0
0
0
0
0
0
5
5
5
2
1
2
2
0
2
6
1
0
1
2
2
3
3
3
3
9
3
1
0
0
1
3
0
3
6
6
3
0
0
4
4
0
0
0
1
1
9
2
0
1
0
0
0
2
4
5
5
0
0
0
0
5
1
1
0
0
0
0
1
2
2
2
0
3
6
2
5
5
1
1
2
0
0
6
1
1
0
1
1
0
3
3
3
1
1
3
5
2
2
0
3
3
0
0
0
0
2570
2570
