../2_Decay/DataFilesGe/Decay/415340G2.TXTBackgroundRemoved 
0
0
0
0
0
0
0
0
0
0
0
0
2
0
17
116
116
26
28
51
43
24
26
14
24
20
22
27
16
31
33
26
40
10
37
26
6
32
20
37
25
18
9
37
12
28
0
7
2
24
5
30
15
14
9
5
22
22
13
40
17
9
30
2
21
10
10
12
36
23
23
32
44
22
3
31
23
22
20
45
32
25
32
21
33
11
47
19
57
27
40
81
40
48
36
28
41
38
65
20
39
42
33
60
60
46
51
38
42
43
52
19
42
65
15
56
33
59
20
58
59
19
55
65
34
53
13
25
71
35
74
35
38
47
43
62
35
47
41
65
56
56
28
43
31
31
40
17
42
76
42
33
52
17
53
19
31
18
36
49
40
36
33
26
38
35
24
10
30
19
47
28
16
35
41
44
27
39
25
23
17
19
11
47
29
10
17
8
23
17
21
19
3
35
32
22
25
17
37
41
15
2
8
5
38
46
6
13
27
30
34
19
23
26
30
34
34
18
7
19
19
23
7
26
36
15
21
7
5
21
26
36
17
26
12
21
14
14
14
14
37
53
9
20
37
16
21
7
20
14
22
30
19
4
12
15
12
11
15
2
21
17
15
12
2
13
15
0
27
17
3
24
18
17
10
11
2
11
22
17
18
11
8
19
6
29
8
10
17
29
21
13
13
7
14
25
23
10
12
12
13
2
1
10
5
3
10
7
9
3
15
14
4
4
3
10
7
11
9
8
13
6
6
5
4
14
3
6
9
9
18
0
4
4
21
13
18
22
14
14
12
1
8
7
7
7
7
7
7
31
34
12
3
2
13
13
7
3
21
1
6
12
5
4
6
7
7
0
0
9
0
1
4
14
13
6
6
9
9
7
0
0
4
8
5
11
6
6
2
2
11
4
7
5
5
3
8
7
6
17
0
0
7
0
19
5
6
3
3
4
6
3
19
3
3
2
7
9
11
2
5
8
8
8
8
9
5
1
1
0
4
4
15
7
9
5
5
11
1
11
11
7
2
3
11
5
1
4
11
15
1
8
8
2
2
5
6
2
5
8
3
3
6
6
8
3
3
3
5
12
2
5
7
7
4
2
3
0
0
1
7
8
8
13
13
1
7
6
7
5
4
4
11
5
5
5
5
5
5
5
2
7
21
20
14
8
3
0
6
6
5
10
8
3
1
11
4
3
3
10
4
3
4
8
13
3
6
1
0
5
5
4
4
9
3
3
3
1
6
3
4
8
9
5
7
9
5
5
2
2
2
4
5
1
1
6
6
6
6
2
8
8
2
7
8
8
8
0
3
3
9
15
17
7
8
0
5
2
0
0
0
4
4
4
0
2
1
1
4
4
4
4
4
3
6
0
21
25
12
5
8
5
2
2
0
5
1
1
5
5
4
4
3
3
5
0
2
2
5
0
0
2
5
3
3
3
3
1
0
2
2
2
4
1
1
1
1
9
9
9
9
9
4
4
0
6
6
23
11
4
1
2
0
0
3
3
1
1
1
2
5
3
3
3
3
4
0
2
5
5
5
5
0
5
3
2
2
2
2
2
2
1
3
2
4
4
5
2
2
2
5
2
2
2
4
4
4
4
5
7
0
0
2
2
2
2
1
0
2
2
8
2
4
2
2
2
1
1
4
6
5
4
1
1
0
4
4
3
3
0
1
8
0
0
2
5
1
0
0
2
1
1
1
1
4
4
0
8
0
3
7
2
0
3
4
5
4
6
2
3
3
3
7
2
1
6
6
2
2
2
7
7
2
2
2
5
5
4
6
4
2
3
3
3
5
0
0
4
2
2
2
2
4
2
0
4
6
6
2
2
2
2
2
2
1
5
0
0
2
0
3
4
4
8
8
0
0
0
0
0
0
1
1
1
0
5
5
0
2
2
2
2
0
0
0
0
0
2
2
6
2
2
3
0
2
1
1
0
0
0
3
1
0
5
5
1
1
5
4
4
0
0
3
3
3
3
5
5
1
4
4
1
1
4
1
1
1
1
1
1
3
0
0
2
8
8
5
13
8
1
2
4
3
1
3
2
0
1
1
1
1
1
0
0
2
2
0
2
0
0
1
0
1
3
0
0
1
2
1
1
1
3
3
2
0
4
2
1
6
0
0
0
0
0
0
0
0
2
2
1
1
7
2
0
3
0
4
4
3
1
1
1
3
3
3
1
1
3
3
4
4
3
0
3
1
1
1
0
0
0
0
2
3
3
3
3
3
3
3
1
5
0
3
4
3
0
2
2
2
3
3
1
0
0
0
0
2
0
0
1
3
0
0
1
1
1
1
3
0
0
0
0
1
0
0
2
1
0
2
2
4
0
1
1733
