../2_Decay/DataFilesGe/Decay/415393G2.TXTBackgroundRemoved 
0
0
0
0
0
0
0
0
0
0
0
1
3
2
25
63
0
32
26
29
16
0
28
11
26
20
21
19
39
20
23
7
7
0
13
17
4
20
15
16
2
12
18
18
8
12
27
7
0
12
12
0
8
19
13
23
16
13
16
0
28
12
0
0
9
16
13
12
6
1
0
5
15
8
27
0
0
0
19
13
2
7
20
0
20
17
40
30
39
5
6
19
15
29
20
0
46
12
22
40
0
36
0
22
44
24
32
24
24
17
15
32
8
23
21
18
12
21
1
2
35
0
21
32
31
30
18
16
20
54
30
13
25
45
35
59
27
37
11
33
24
20
16
44
53
17
21
8
21
9
33
13
31
10
50
21
15
15
39
33
14
32
1
28
4
11
14
26
15
26
26
20
8
33
45
33
42
28
3
27
9
3
21
11
8
4
21
1
0
6
12
25
19
15
31
5
24
24
14
17
2
11
40
0
22
23
13
19
19
9
33
9
31
38
17
7
9
18
9
11
4
13
2
5
23
19
0
19
3
14
0
36
19
20
27
0
3
6
0
0
11
44
19
7
30
19
16
18
7
0
2
9
6
13
9
2
1
2
5
3
8
9
2
8
0
17
16
2
5
14
0
6
3
0
5
0
10
7
5
13
2
10
13
11
10
12
14
10
3
15
0
4
0
11
12
22
31
0
18
8
24
13
0
13
0
0
3
1
13
9
17
9
6
7
10
9
5
5
12
0
8
4
13
4
0
5
0
3
1
5
8
0
9
0
0
13
21
16
5
5
5
5
13
0
0
0
0
0
2
21
55
14
10
14
5
4
1
6
6
8
0
6
0
4
6
3
6
3
0
0
1
6
0
5
11
11
5
12
5
7
4
6
2
6
1
1
10
7
0
0
0
3
10
4
5
10
0
2
1
2
0
3
0
2
6
0
3
0
0
1
0
0
0
2
8
2
1
5
8
1
3
6
3
6
2
1
0
1
0
2
4
5
0
0
1
4
9
2
0
4
0
0
0
1
3
0
6
6
9
6
0
0
0
0
3
5
5
1
0
5
2
3
3
0
10
5
7
0
0
7
0
1
6
0
7
1
3
2
0
0
9
0
9
1
0
0
1
6
0
0
0
3
8
2
5
0
0
0
0
0
14
0
16
20
10
2
0
5
1
10
1
2
5
4
0
0
3
0
0
0
3
1
0
0
1
0
3
4
0
0
0
1
5
1
0
3
2
5
0
8
6
2
0
0
0
1
2
0
0
1
1
1
1
5
0
0
0
0
0
0
4
0
0
1
0
0
0
0
1
4
0
7
8
14
7
0
4
0
0
2
0
4
0
0
0
4
2
1
0
2
0
0
0
0
0
0
6
20
30
10
1
3
1
3
0
0
7
0
5
0
0
0
1
0
1
0
3
1
0
3
1
0
0
4
0
2
0
0
6
0
2
5
0
2
3
0
5
2
0
0
0
0
0
6
0
1
5
14
12
15
7
2
1
0
1
3
0
2
2
1
2
3
0
0
3
1
0
0
3
0
0
2
0
2
0
5
1
0
3
0
0
4
4
0
0
0
0
0
0
1
3
1
5
1
1
1
4
3
3
0
0
0
0
11
4
2
0
2
2
1
1
15
5
0
0
0
0
0
1
3
0
1
0
0
0
1
4
2
0
0
1
3
7
0
0
0
0
0
0
6
5
0
0
0
0
0
5
5
1
4
5
2
0
5
0
0
4
3
0
8
0
0
3
1
1
1
1
2
0
1
3
4
0
1
0
5
1
1
0
0
3
4
3
1
0
2
0
4
1
5
3
0
0
0
2
2
2
3
0
2
3
0
0
0
1
1
0
4
1
0
0
1
0
0
0
1
2
2
4
4
2
0
0
2
0
2
1
0
0
0
0
2
7
3
0
0
1
0
0
1
2
1
0
0
0
0
2
0
3
0
2
1
0
3
2
0
0
0
2
0
0
0
0
0
0
0
4
0
3
0
0
5
2
1
2
3
0
0
0
2
2
0
0
3
1
1
4
2
14
7
5
6
4
0
2
2
1
0
1
0
0
0
2
2
1
2
0
0
0
0
8
0
0
0
0
2
3
5
0
0
0
1
0
4
2
4
0
0
2
0
0
0
0
0
1
0
0
1
2
0
0
2
1
4
5
7
4
2
3
0
1
0
0
1
0
1
1
2
0
0
3
0
1
1
0
0
0
0
0
2
1
0
1
0
0
0
0
0
0
3
0
0
0
1
0
0
1
4
0
0
1
0
0
0
2
0
1
4
0
1
3
2
0
2
0
0
5
0
1
0
1
4
1
0
0
0
0
1
0
0
0
3
0
1406
