../2_Decay/DataFilesGe/Decay/415321G2.TXTBackgroundRemoved 
0
0
0
0
0
0
0
0
0
0
0
1
10
1
32
108
48
37
70
58
75
36
29
37
31
25
53
24
6
52
31
36
22
36
26
10
29
20
32
20
20
27
28
16
13
28
36
26
17
20
41
32
26
17
7
9
32
18
17
26
28
28
24
13
27
28
39
33
19
24
5
12
32
31
29
27
30
21
36
45
23
64
32
20
43
27
59
45
77
14
15
53
42
54
34
17
42
44
53
44
26
42
35
66
43
65
62
20
40
39
53
47
53
43
64
31
15
59
47
66
66
44
80
40
55
73
42
49
75
40
40
43
65
36
45
78
64
53
41
78
39
61
59
60
63
36
44
48
27
30
72
38
50
59
39
34
32
52
54
51
54
64
52
37
36
58
49
55
38
58
40
62
40
62
56
24
62
41
48
29
26
35
27
39
11
27
45
31
26
42
55
27
27
51
37
11
15
56
33
39
30
34
30
16
35
38
32
15
40
18
40
18
28
28
30
24
12
12
30
29
9
27
8
30
34
14
10
13
19
13
21
17
20
27
18
31
7
25
2
2
23
61
35
25
35
27
15
22
23
12
12
18
31
21
5
14
11
1
1
3
22
36
20
15
3
14
13
26
20
12
7
15
14
15
10
1
13
8
21
14
19
18
11
17
4
22
6
21
5
22
14
0
0
13
12
35
34
9
9
9
12
12
8
9
12
4
2
4
7
7
17
17
18
7
19
1
6
10
6
11
6
4
13
8
15
19
3
7
18
18
8
8
2
2
13
6
11
13
3
4
4
14
7
5
3
3
3
9
12
9
62
17
11
9
7
5
5
14
6
7
7
6
9
13
5
5
12
10
14
11
0
14
10
2
10
10
7
5
0
5
7
7
8
8
4
3
6
8
9
9
9
10
11
2
0
5
5
10
10
4
4
0
0
6
6
3
10
3
4
1
0
4
2
10
13
6
7
10
5
1
1
4
10
1
1
8
1
12
12
12
4
7
7
9
9
4
3
3
0
10
7
9
6
6
2
8
8
8
12
0
1
1
3
0
10
7
0
3
6
6
6
8
2
1
4
6
12
5
2
8
1
4
1
1
4
4
3
3
0
0
4
5
10
6
6
6
3
3
0
5
5
5
2
2
1
2
2
2
2
2
2
7
17
17
21
11
5
11
0
0
1
0
3
4
0
4
10
5
3
3
9
9
8
2
1
1
5
5
2
3
4
5
0
1
1
1
2
4
1
1
4
1
4
8
1
0
10
3
2
2
2
9
1
0
5
1
5
1
4
7
1
13
4
3
2
2
2
1
0
5
3
10
21
13
7
7
0
2
3
0
0
0
0
0
0
4
8
2
2
2
2
2
2
2
2
0
4
22
36
7
5
8
8
0
0
7
5
4
4
2
6
1
3
7
1
3
0
6
6
6
5
3
3
4
0
1
3
4
5
3
3
3
3
0
8
3
4
4
1
1
1
1
1
4
3
3
5
16
16
9
6
4
1
3
3
1
1
4
0
0
1
3
1
4
3
0
0
1
6
3
0
2
3
3
2
9
2
5
2
2
2
1
3
0
1
0
0
4
5
1
2
2
0
0
4
0
3
0
2
5
4
1
4
3
3
9
5
5
5
5
8
7
8
4
4
0
2
2
2
0
0
0
1
2
0
0
0
1
1
0
0
1
0
4
1
3
8
1
4
7
5
5
0
0
2
0
0
2
5
1
2
7
2
2
1
4
2
4
4
2
4
0
6
3
0
4
4
6
0
0
0
0
2
2
5
2
2
2
2
3
0
0
1
1
1
4
0
4
0
3
3
0
3
4
3
3
1
1
3
3
0
2
5
1
1
5
0
0
0
0
2
5
5
5
5
3
2
2
2
4
2
3
3
2
2
3
3
3
2
3
3
4
6
4
1
0
0
2
8
4
2
1
1
3
3
2
0
2
0
4
1
1
1
3
4
3
1
1
0
0
0
0
0
0
1
1
3
3
3
3
0
2
0
1
1
0
0
0
0
2
2
5
1
7
4
0
1
1
15
14
2
2
2
8
8
8
3
2
0
1
3
4
4
1
4
0
0
2
2
1
6
6
2
2
2
7
4
4
3
1
0
2
3
3
1
2
1
2
2
5
3
3
3
3
3
1
3
3
3
1
3
2
2
4
8
1
0
4
0
0
2
1
2
2
1
1
1
4
4
1
5
4
3
2
0
0
0
0
1
1
5
0
1
1
2
1
1
1
2
3
3
3
2
2
0
0
1
3
3
1
7
1
1
1
1
1
4
4
4
3
4
4
0
0
0
1
0
0
2
2
2
0
7
3
3
1
1
2
3
0
0
0
0
1785
