../2_Decay/DataFilesGe/Decay/415347G2.TXTBackgroundRemoved 
0
0
0
0
0
0
0
0
0
0
0
0
1
1
32
121
19
41
34
52
58
39
31
19
23
18
31
43
31
40
36
18
45
16
26
20
22
20
35
22
46
36
44
36
17
13
21
25
30
12
24
27
36
23
23
36
23
40
21
31
45
15
22
43
22
32
43
16
24
5
18
21
34
39
17
45
22
69
48
4
27
37
40
46
36
10
55
13
97
23
52
41
67
38
37
44
31
32
71
58
35
37
32
57
66
53
75
29
59
14
47
68
26
58
49
66
43
55
70
62
62
41
65
60
54
98
30
44
88
43
41
34
24
78
32
55
50
51
72
65
39
61
62
77
62
72
74
49
67
65
48
33
59
48
36
52
55
40
53
40
60
45
58
25
39
49
19
31
42
39
37
53
48
35
56
26
34
41
32
33
27
22
29
30
38
32
34
41
31
43
34
43
47
46
45
38
30
27
33
34
24
24
31
14
32
43
21
21
40
39
39
1
42
46
37
26
24
25
15
25
29
41
9
23
38
26
25
8
32
26
18
17
33
13
26
39
20
8
8
0
41
80
23
30
45
44
19
13
32
16
22
34
19
26
6
12
33
11
16
16
15
16
16
15
12
31
19
17
9
10
17
30
22
18
10
7
1
2
18
17
11
9
31
8
11
21
10
8
10
11
5
10
10
10
19
37
23
23
11
4
15
15
15
8
14
16
5
10
1
16
8
8
22
15
11
14
15
15
16
14
8
5
5
5
4
14
12
10
12
10
10
14
14
4
4
4
21
9
3
11
7
8
6
2
7
7
7
3
18
17
82
20
17
8
3
2
4
13
19
0
0
14
9
15
6
6
11
6
13
6
3
12
3
13
1
15
14
10
2
6
3
8
14
5
9
9
13
3
12
10
3
8
13
3
0
11
6
15
0
12
5
10
10
3
10
2
0
4
4
4
10
3
10
5
4
14
4
15
8
8
6
5
5
14
0
8
2
3
1
16
16
5
4
8
8
16
6
8
5
2
6
6
8
4
3
2
2
2
11
11
0
0
0
0
0
3
7
12
7
6
4
4
5
0
12
4
4
15
4
4
5
2
0
6
2
2
0
6
4
2
4
8
0
3
6
6
1
0
0
8
0
8
7
3
3
2
1
1
1
0
12
13
19
17
9
12
10
5
10
1
0
10
8
8
6
2
2
4
0
10
9
9
3
3
4
4
10
10
7
4
1
8
8
11
2
0
0
8
0
5
5
1
0
8
8
14
6
6
6
6
4
2
4
1
2
4
3
1
8
6
3
5
2
6
6
6
6
4
2
8
8
20
28
9
5
1
0
0
7
3
2
2
8
0
1
1
4
3
3
3
3
3
3
4
1
2
13
32
42
3
5
3
3
0
0
0
6
6
1
4
6
8
2
2
3
3
5
5
2
2
2
6
6
0
4
7
9
9
3
3
7
3
0
6
1
4
3
3
2
2
2
2
2
0
1
1
9
21
11
16
8
3
4
0
2
2
3
3
3
3
1
1
2
0
3
3
2
3
4
2
2
4
4
5
2
8
2
2
2
2
3
6
6
6
3
9
4
1
2
7
5
0
0
0
7
7
5
6
6
4
1
1
3
3
3
3
0
1
0
0
1
2
8
8
3
6
0
0
3
8
0
0
0
2
2
5
0
6
6
3
2
7
1
1
1
1
3
3
3
2
0
2
2
1
1
5
3
2
2
2
7
8
8
1
4
4
3
7
3
3
0
0
4
7
1
2
0
0
0
4
3
2
3
0
0
3
1
1
1
4
3
3
0
0
8
0
1
1
3
8
3
2
3
0
0
4
5
5
5
5
2
6
6
2
2
10
1
8
1
0
2
2
3
3
3
0
0
4
1
0
5
5
5
3
0
1
1
1
1
1
3
3
3
2
0
4
0
2
3
3
1
3
4
4
1
4
3
3
3
3
2
2
2
0
2
2
2
2
1
1
2
2
2
2
8
8
4
3
7
7
2
3
3
1
1
1
1
1
1
1
1
0
0
10
2
4
4
5
20
6
2
4
1
0
3
0
0
0
0
1
1
1
2
2
2
2
0
0
4
0
6
2
0
5
5
5
0
0
0
4
0
4
4
4
2
4
4
4
4
4
4
4
4
4
2
1
1
1
0
7
7
6
2
4
5
3
1
2
2
2
2
2
1
1
0
4
2
2
0
3
0
1
3
2
5
5
5
3
0
0
3
1
3
1
4
2
5
5
3
0
4
1
1
2
2
2
0
0
4
2
5
5
5
5
4
1
3
0
1
0
0
1
1
0
0
2
2
3
3
3
3
2
2
4
0
0
1
0
2
2
2
0
1
1739
