../2_Decay/DataFilesGe/Decay/415353G2.TXTBackgroundRemoved 
0
0
0
0
0
0
0
0
0
0
0
0
0
1
13
29
0
39
17
35
32
5
31
13
12
1
0
40
18
41
32
1
22
7
22
11
13
9
22
6
21
37
34
7
14
11
13
4
11
23
5
5
34
16
32
3
11
0
17
23
5
34
16
9
27
11
17
17
17
3
3
3
15
27
4
25
2
40
30
3
13
43
17
20
20
8
10
3
27
35
0
22
14
39
37
14
21
12
43
29
36
51
6
42
48
20
39
22
34
7
22
42
26
45
36
42
34
43
33
37
30
5
46
52
29
40
27
55
25
41
13
30
12
62
18
32
41
32
48
44
37
35
31
21
61
28
49
39
50
53
25
5
45
31
6
34
23
28
31
21
38
20
22
14
5
31
32
2
45
26
2
23
11
21
46
34
36
50
15
33
23
26
15
22
10
5
24
0
24
19
33
33
15
49
20
19
31
39
31
21
4
4
8
8
29
38
38
19
35
11
29
11
28
33
6
6
6
13
16
5
1
22
5
22
39
12
12
4
16
19
18
19
30
21
5
27
14
16
16
1
14
54
24
28
20
34
14
14
9
1
8
23
16
20
8
8
18
18
14
4
11
17
5
6
10
22
0
10
6
4
8
26
11
8
5
5
15
8
18
2
18
12
22
10
7
15
17
17
17
17
17
11
11
7
4
30
29
2
0
6
6
21
0
4
4
12
3
3
6
0
9
14
12
15
15
6
0
0
10
14
1
0
10
10
7
3
6
14
9
5
5
11
11
11
4
12
6
18
8
6
6
4
16
15
15
15
15
0
5
23
48
7
12
12
12
6
3
10
14
14
14
14
14
11
11
11
5
7
7
2
2
10
2
5
10
10
10
2
2
1
1
8
8
2
0
0
6
4
5
0
6
5
13
3
3
9
0
0
0
7
0
9
1
1
10
10
3
9
3
4
5
7
4
1
1
3
3
19
8
5
8
0
5
5
5
8
1
13
13
2
2
2
2
2
2
6
0
4
4
2
6
2
8
7
3
3
2
0
10
2
2
2
2
2
2
3
6
13
3
0
8
5
9
10
9
5
6
5
5
9
2
2
1
0
0
1
5
5
4
1
0
8
5
5
4
0
2
10
2
2
5
2
6
1
1
1
1
1
1
5
5
6
10
21
11
2
9
8
7
0
0
9
8
7
5
5
5
5
2
2
1
2
0
0
4
4
2
2
5
1
2
2
7
3
3
0
0
1
5
2
1
0
4
4
8
8
3
2
2
1
1
1
2
8
8
5
5
1
4
3
3
3
3
8
7
7
7
0
8
5
1
1
19
24
3
3
3
4
4
4
2
5
5
5
6
7
7
2
2
2
2
2
2
0
1
1
8
28
22
8
3
5
0
4
4
4
7
7
0
0
0
1
1
1
0
0
2
1
3
3
2
2
4
5
2
0
2
0
2
1
1
1
1
1
4
4
4
7
2
2
2
2
2
3
0
0
7
16
9
5
1
5
1
3
3
6
6
2
1
0
4
4
4
4
0
2
2
1
4
1
1
0
2
3
0
2
0
3
3
1
5
5
1
1
4
4
4
4
1
1
3
3
2
0
7
3
7
2
5
6
4
4
4
3
2
2
0
0
0
0
8
3
8
8
8
3
3
5
9
0
4
4
4
3
2
0
2
1
0
5
1
1
1
1
9
9
9
5
4
0
0
0
0
2
5
0
2
0
0
3
5
2
2
7
6
3
7
0
1
1
2
2
1
5
2
0
0
0
0
0
6
1
1
1
1
1
1
5
5
2
1
4
4
0
0
1
0
7
3
1
0
0
1
0
0
4
1
1
1
1
2
1
3
0
0
2
0
1
1
4
4
0
0
1
1
0
0
0
0
3
1
5
5
3
0
0
0
0
0
1
2
2
0
1
1
1
4
1
2
5
5
0
1
1
1
1
2
2
0
0
0
0
1
1
1
2
0
1
2
0
1
1
1
1
3
0
2
3
2
2
2
2
3
3
3
1
0
0
0
0
0
4
1
2
2
2
2
9
11
5
2
5
0
1
1
2
0
0
0
0
1
5
2
2
3
1
1
1
3
1
4
4
1
3
1
1
1
1
1
1
1
2
1
1
1
4
0
0
0
1
1
1
1
1
1
0
0
0
2
2
6
4
1
7
5
4
4
2
3
3
0
0
3
3
1
1
0
1
3
0
0
1
3
3
3
1
1
2
6
6
2
0
0
2
0
0
0
2
10
4
3
5
1
0
1
1
2
1
1
1
1
1
0
0
3
1
1
2
1
5
6
1
0
3
2
2
3
3
3
3
0
3
2
2
2
2
2
2
0
4
4
0
830
706
