../2_Decay/DataFilesGe/Decay/415341G2.TXTBackgroundRemoved 
0
0
0
0
0
0
0
0
0
0
0
0
2
2
25
105
30
39
66
47
41
46
40
24
29
33
34
42
34
46
44
31
39
38
26
31
18
28
6
31
26
41
20
9
4
26
28
19
16
36
32
28
9
26
27
20
28
20
15
34
39
23
59
45
26
41
51
50
31
50
22
4
19
24
41
15
18
37
20
58
41
52
55
11
35
19
50
45
62
26
54
37
71
68
77
26
68
39
41
43
42
87
43
52
35
38
44
44
43
50
37
74
45
58
69
78
64
42
41
58
60
43
85
64
56
66
55
80
92
60
38
53
71
52
45
53
66
66
47
77
33
51
61
80
77
58
47
47
57
50
70
47
79
42
52
53
52
43
68
16
40
55
24
27
43
51
12
46
44
50
38
46
42
42
48
38
42
43
31
55
37
50
56
39
39
28
31
34
19
26
61
60
38
36
31
43
34
26
33
39
17
26
43
25
28
19
32
29
34
29
46
28
33
42
29
34
29
4
28
45
32
14
17
30
25
34
1
9
16
23
12
21
15
26
31
31
33
21
4
9
48
48
20
15
37
29
29
17
31
31
19
30
19
22
16
17
14
9
13
12
5
22
12
9
17
4
7
10
7
19
15
25
21
14
3
9
15
16
20
22
11
24
24
10
20
14
16
11
20
12
2
6
5
10
21
30
21
11
7
0
7
23
7
21
8
4
5
13
20
10
21
28
7
11
12
13
11
7
14
19
9
5
8
5
5
14
14
19
10
6
0
8
8
15
15
0
22
21
21
12
12
5
7
14
8
1
1
1
7
32
33
10
3
3
3
9
4
6
1
8
1
10
4
10
10
15
8
2
5
6
1
13
12
6
5
4
4
17
8
7
1
11
10
2
18
5
10
5
3
3
19
0
8
14
10
10
4
10
4
15
9
6
11
7
8
8
3
10
2
2
10
5
17
7
17
7
9
14
0
2
2
11
11
5
2
5
2
9
9
7
7
8
8
7
12
13
4
4
0
0
7
9
3
3
8
9
5
5
7
13
4
1
6
3
5
15
10
2
13
5
15
0
5
5
1
7
11
7
4
7
4
6
11
8
3
3
4
3
3
3
6
8
5
3
4
4
6
3
6
11
3
5
10
4
4
2
2
2
2
1
4
17
17
11
5
1
2
6
3
1
7
9
6
10
6
4
4
4
0
3
5
5
1
3
2
2
13
1
1
3
0
2
3
9
2
8
1
10
6
1
1
3
3
9
12
0
2
4
1
5
1
3
4
0
4
2
2
1
6
6
6
6
6
3
0
0
0
0
7
5
4
17
14
12
7
7
5
8
1
1
1
0
2
2
1
5
5
0
0
0
0
0
1
7
1
6
26
21
19
10
10
9
3
6
6
7
7
3
5
5
3
0
0
6
6
1
6
4
4
4
6
6
2
3
8
8
1
3
3
4
4
3
4
5
5
11
4
2
0
0
0
0
3
2
4
4
12
14
6
5
8
1
1
5
0
1
5
3
2
3
7
2
2
2
2
2
1
1
6
2
2
1
3
1
0
5
2
0
4
4
1
0
6
1
2
2
1
1
3
3
4
1
5
5
4
4
3
3
0
1
4
1
1
1
1
0
3
3
0
1
12
13
13
13
13
13
1
4
5
4
4
4
4
2
4
4
0
0
1
1
0
7
7
0
1
1
3
0
0
2
3
3
2
3
3
1
12
3
1
0
3
3
2
2
0
2
6
3
0
0
2
2
6
3
3
5
5
2
2
1
1
2
3
3
5
5
0
5
5
2
8
0
0
1
4
2
2
3
0
0
4
0
0
0
0
3
6
10
10
0
5
5
0
0
9
8
6
1
1
1
4
8
1
4
4
1
4
4
7
1
7
7
7
7
0
0
2
2
2
3
7
0
5
2
6
4
0
2
2
7
7
7
4
0
3
5
5
0
0
0
5
3
3
4
4
3
3
3
1
4
1
1
6
6
1
1
3
1
3
3
3
2
0
0
3
1
1
0
0
2
5
0
5
0
8
4
9
2
2
4
2
5
2
4
5
4
0
0
0
0
2
2
3
3
1
1
1
5
3
2
3
2
3
3
3
3
3
1
2
1
1
1
4
4
0
1
2
2
2
3
0
0
0
2
0
0
0
2
1
1
3
9
8
0
1
1
2
2
3
1
0
0
0
2
2
3
0
2
0
1
3
4
0
3
3
0
0
0
4
0
2
3
3
4
8
1
1
2
2
2
4
4
4
4
3
3
2
4
5
3
1
1
2
2
0
0
4
1
3
4
4
2
0
0
0
0
2
2
2
2
2
3
0
0
4
4
0
0
2
1
1
1
0
1803
