../2_Decay/DataFilesGe/Decay/415350G2.TXTBackgroundRemoved 
0
0
0
0
0
0
0
0
0
0
0
0
3
1
22
217
58
66
93
71
35
56
40
33
26
38
49
45
33
22
43
8
36
0
42
11
3
28
12
26
25
26
26
34
10
2
21
24
20
24
30
24
19
30
22
20
20
28
48
0
24
12
35
24
24
28
33
17
23
23
32
44
31
35
33
26
25
17
0
44
19
35
24
22
39
31
39
74
58
22
87
92
95
87
107
86
112
90
92
123
63
106
91
105
81
65
51
34
45
46
44
43
49
65
63
50
61
54
30
52
60
48
75
49
0
65
42
37
103
38
52
38
41
48
36
50
37
46
37
47
37
47
59
71
41
29
44
41
36
53
44
13
36
59
42
64
32
36
48
45
47
47
37
54
29
20
28
23
47
13
41
31
26
43
50
37
62
35
23
20
32
21
21
37
22
1
37
10
3
21
47
49
30
34
35
24
18
29
21
36
28
29
24
14
23
11
18
27
40
30
34
23
23
55
26
17
11
25
26
26
0
31
12
22
19
11
26
40
27
21
26
25
15
16
13
37
48
24
0
0
34
65
19
17
36
27
7
15
11
10
18
24
23
19
6
0
17
9
7
9
16
22
17
18
14
7
8
12
14
16
1
11
12
17
8
17
15
16
15
8
12
18
10
11
15
17
19
6
22
18
10
11
0
13
14
28
36
8
15
20
16
13
7
12
7
21
12
17
18
13
9
11
4
17
5
11
3
13
7
9
7
18
4
0
8
22
10
11
11
12
11
11
2
0
4
13
7
13
8
3
5
6
1
0
4
0
0
0
11
21
49
23
8
12
13
5
4
13
3
12
0
11
5
12
16
7
13
0
17
12
1
11
11
13
13
10
4
9
11
2
3
3
10
11
0
1
8
1
10
10
5
14
7
13
1
3
0
6
12
8
2
4
9
2
0
2
6
14
0
0
11
0
1
12
8
4
14
15
1
6
5
10
0
5
4
3
1
12
0
4
6
6
11
7
3
5
4
7
0
8
4
4
1
12
5
6
0
6
13
7
0
4
0
1
2
8
0
2
1
4
1
6
4
6
6
4
5
0
9
2
5
0
7
0
0
0
4
0
4
5
2
5
8
0
0
0
8
0
1
1
3
5
7
11
11
1
0
0
1
0
4
11
10
17
11
6
14
0
0
7
4
3
15
5
3
6
1
6
0
2
0
2
2
1
0
0
0
3
4
0
1
1
3
3
2
3
5
6
6
6
4
7
0
2
1
5
2
3
2
6
5
1
3
0
2
3
1
5
4
0
6
1
0
2
0
0
0
5
10
10
0
12
18
22
6
0
1
0
3
0
3
0
0
5
0
0
6
3
5
0
0
0
0
4
7
4
4
21
31
11
5
3
2
5
0
1
1
4
6
2
5
0
2
0
0
5
0
0
2
0
1
0
0
8
0
2
0
0
3
6
0
10
5
3
6
0
0
0
0
0
0
0
0
3
8
2
11
11
31
8
5
3
1
7
4
3
3
9
0
4
0
3
2
0
3
0
3
0
1
3
0
5
8
0
0
4
3
3
2
0
0
2
6
0
2
4
0
0
5
0
2
4
4
0
3
0
6
2
8
1
7
11
0
2
2
2
2
2
0
2
1
15
2
0
3
1
0
0
2
3
0
0
0
0
4
6
7
1
1
1
8
5
5
1
0
2
2
7
0
2
0
3
0
3
0
1
3
2
1
3
1
3
0
1
2
0
0
1
0
0
1
1
2
4
2
0
0
0
0
0
0
0
0
0
4
3
4
1
0
2
3
1
3
0
0
0
0
0
2
3
0
0
1
2
4
2
0
2
0
0
0
2
0
0
1
8
0
8
4
0
7
4
0
0
0
0
4
0
0
1
0
2
0
3
3
1
0
0
0
1
1
3
0
2
4
3
1
5
2
7
0
0
2
0
3
2
2
1
0
1
2
5
4
1
1
0
2
0
6
0
0
4
0
2
0
1
3
0
1
0
1
1
0
1
0
0
0
0
0
1
3
2
3
3
1
0
5
2
10
10
2
1
0
0
0
0
0
0
0
0
0
4
6
1
3
4
0
0
0
5
6
4
1
1
0
0
1
0
4
3
1
4
0
3
1
4
1
0
2
2
1
0
0
0
3
0
0
4
0
4
5
5
3
1
5
3
3
0
1
2
0
0
6
1
0
0
0
0
0
1
1
0
2
3
2
0
4
0
4
0
2
0
0
6
0
0
1
0
0
0
1
1
0
0
1
0
8
6
1
4
1
5
3
0
0
0
1
0
0
2
0
0
0
1
0
0
5
1
0
0
2
0
3
2
0
0
2
1
0
0
0
0
53
1611
