../2_Decay/DataFilesGe/Decay/415351G2.TXTBackgroundRemoved 
0
0
0
0
0
0
0
0
0
0
0
0
8
4
25
66
40
37
48
38
46
57
48
30
29
29
16
35
51
32
39
24
44
30
19
21
30
31
37
16
23
34
36
49
25
11
29
21
16
25
18
21
23
15
25
15
21
27
18
14
24
29
35
33
30
29
21
53
32
21
8
23
17
57
22
48
26
42
16
24
18
31
27
41
52
6
51
14
41
61
38
44
45
54
50
16
57
28
39
16
32
53
57
89
48
30
47
38
40
54
56
47
84
66
56
41
65
36
29
57
79
43
82
56
22
49
53
62
87
55
51
53
88
66
56
73
58
67
60
47
43
38
40
45
70
40
50
33
33
30
34
33
29
54
52
34
39
67
50
41
57
27
26
51
43
49
23
55
65
41
48
44
38
42
57
41
34
34
42
41
41
22
34
29
26
27
45
49
22
56
30
40
31
35
31
23
5
22
17
15
22
47
43
14
17
22
21
42
24
36
38
38
36
60
21
8
28
18
27
13
2
20
27
31
34
9
21
15
36
5
18
9
32
29
20
21
19
8
8
4
30
82
26
24
25
27
18
21
20
4
22
16
15
1
14
19
14
16
21
15
31
5
8
13
1
19
22
19
17
14
15
13
7
20
13
13
7
19
20
11
19
13
31
30
5
16
22
11
6
14
12
2
2
8
16
34
35
21
19
12
19
23
20
9
7
16
15
3
19
10
25
4
16
4
26
11
9
13
19
10
10
6
10
14
11
14
14
10
3
5
9
7
3
8
7
15
13
14
8
10
1
4
4
9
13
3
3
3
10
20
68
21
4
6
4
18
1
12
0
6
13
10
10
4
9
13
11
5
15
5
10
4
2
3
19
10
10
7
5
11
11
11
12
2
4
6
9
9
9
3
11
10
12
12
9
6
0
3
5
13
2
5
5
4
5
7
9
6
5
5
6
4
10
7
7
0
14
6
7
4
6
2
3
9
9
6
7
2
0
3
6
0
1
9
1
3
0
9
3
7
2
6
4
5
11
0
2
7
5
3
4
4
4
7
1
7
11
6
6
5
4
2
10
5
5
5
7
7
5
6
0
2
2
2
2
2
5
6
6
6
11
6
6
2
2
1
5
10
0
13
0
8
2
5
2
9
9
9
6
6
8
4
17
18
7
19
1
3
6
4
3
5
7
5
1
7
2
3
3
3
7
12
12
9
0
4
5
1
1
4
4
4
5
0
0
0
1
7
6
6
4
4
2
2
2
6
0
0
0
4
4
6
5
8
8
3
7
2
1
3
2
5
3
0
4
4
4
1
4
3
4
8
9
19
10
1
3
3
0
2
0
1
4
0
2
1
0
8
1
2
2
2
2
4
1
7
6
23
28
11
8
1
3
4
0
0
2
8
6
1
1
1
4
2
2
2
7
0
3
3
3
6
5
2
0
0
7
3
4
4
1
1
0
0
3
3
3
3
3
3
3
3
3
1
2
3
7
6
29
13
7
6
6
3
9
2
1
1
2
1
2
1
1
6
2
3
1
4
2
4
4
2
1
0
6
7
5
3
4
4
4
5
2
2
5
5
1
1
1
1
3
4
4
4
5
2
0
1
2
2
1
2
0
8
0
0
0
1
4
4
5
10
2
2
2
3
3
3
6
3
0
0
0
1
4
7
3
3
1
1
1
2
5
5
2
2
2
3
0
0
3
5
1
4
6
1
3
3
2
3
3
2
6
1
3
0
0
2
3
6
6
0
1
3
1
1
1
4
1
6
6
1
1
3
3
3
8
2
1
1
0
0
0
0
2
2
2
6
6
2
0
1
6
6
6
6
2
2
10
2
7
3
3
3
3
1
1
1
1
1
3
2
4
4
4
2
2
6
6
4
4
2
4
1
1
1
1
1
1
1
0
5
0
5
3
2
1
2
7
5
1
3
9
5
5
5
5
1
3
8
8
8
1
2
2
3
2
2
3
1
4
4
4
2
2
2
9
1
5
4
4
4
2
0
0
2
2
2
2
2
3
2
4
3
4
4
2
6
10
13
4
4
0
0
2
2
0
0
3
0
0
0
0
0
3
2
3
3
1
4
7
0
7
7
7
7
3
3
1
2
2
2
1
1
1
5
0
2
3
3
0
0
0
0
0
3
3
1
0
5
3
6
3
2
5
1
2
2
2
0
3
1
4
0
2
0
3
3
6
0
3
1
6
2
2
2
0
1
5
6
6
2
2
1
0
0
0
3
0
1
4
4
1
0
0
0
1
1
1
1
1
4
2
2
1
0
2
0
0
2
3
2
2
2
2
2
2
1
1
1
1
2
5
3
3
5
5
0
8
0
4
1
132
1587
