../2_Decay/DataFilesGe/Decay/415366G2.TXTBackgroundRemoved 
0
0
0
0
0
0
0
0
0
0
0
0
0
0
38
210
139
112
73
87
94
69
67
27
24
28
40
33
39
46
19
34
34
21
33
23
17
4
31
6
30
43
41
31
32
17
20
14
10
44
38
31
28
36
37
5
25
23
36
26
44
24
37
28
42
29
36
23
0
36
11
29
42
29
49
46
29
52
33
38
37
62
36
38
18
16
31
50
72
58
55
33
60
32
54
22
54
66
30
36
49
29
42
84
29
69
58
35
21
36
79
73
58
39
59
53
30
49
59
56
80
42
71
38
64
54
41
36
56
73
59
68
49
45
60
51
62
64
51
79
77
59
30
55
60
20
50
52
65
28
29
35
81
40
62
45
37
54
49
38
51
30
51
25
25
18
34
16
32
26
51
61
28
32
63
37
69
38
44
25
7
27
28
49
13
5
34
32
31
22
37
43
44
62
41
21
23
31
41
40
22
18
25
12
16
48
25
33
33
24
44
12
24
34
20
14
21
20
27
22
10
35
19
13
21
30
30
37
28
27
27
34
21
42
17
24
19
18
38
23
27
9
27
13
10
16
10
12
6
11
22
21
14
17
17
7
16
21
25
22
15
26
8
24
24
12
7
23
12
13
5
4
8
9
6
13
5
16
15
8
17
10
13
15
19
22
0
4
17
14
7
11
35
7
14
6
23
8
20
3
6
4
6
11
3
10
7
1
7
2
14
29
5
5
16
22
3
14
3
13
9
17
6
10
11
10
12
5
11
9
5
9
13
7
6
1
12
16
8
10
5
9
14
0
15
11
11
9
13
7
20
1
20
8
6
16
6
6
10
4
3
8
3
8
3
3
14
8
9
11
2
8
8
15
10
8
4
6
7
0
5
6
6
9
7
4
2
7
14
14
1
1
13
2
4
3
0
0
5
16
18
5
5
0
6
0
2
1
9
9
12
12
8
6
8
1
2
8
8
5
8
7
0
11
1
1
5
6
6
4
4
4
14
14
14
7
5
3
1
8
3
12
12
3
5
5
1
6
9
9
0
3
1
1
6
14
2
2
2
3
3
3
9
1
4
13
9
8
8
5
6
10
4
7
1
5
5
3
1
11
8
6
0
8
3
3
11
4
7
4
0
8
4
5
1
8
12
9
6
6
3
1
10
4
1
2
3
9
11
1
1
7
2
6
4
4
1
13
3
6
6
6
3
12
4
3
2
2
9
4
6
7
1
1
2
2
2
2
1
5
1
7
2
2
2
2
1
5
0
3
4
5
2
2
1
5
6
0
4
6
2
1
1
11
5
11
3
3
1
2
1
7
2
3
4
4
0
4
0
6
1
3
3
3
3
2
4
4
3
18
32
4
4
8
2
8
3
3
7
2
7
3
5
2
1
3
5
3
4
5
5
1
5
4
4
4
1
0
0
6
0
0
1
1
4
4
4
4
8
1
4
2
0
9
4
5
6
7
1
7
9
1
1
1
1
1
1
3
3
5
0
4
4
4
7
1
3
7
2
6
2
2
5
2
4
5
3
3
5
2
0
3
3
1
7
2
4
5
2
4
4
3
5
5
5
5
5
5
6
6
6
0
4
5
5
3
0
0
1
2
8
8
12
8
8
2
1
7
0
2
1
2
0
5
5
5
1
6
3
3
1
2
2
1
1
0
3
3
3
3
3
2
4
1
1
2
6
3
1
0
9
3
3
3
3
1
1
3
2
2
4
1
1
1
12
12
2
4
1
5
5
5
1
6
3
6
2
0
0
0
0
1
1
3
2
2
1
1
1
1
0
2
0
0
4
3
4
2
3
2
1
1
3
5
3
3
2
4
2
0
2
4
4
4
1
4
1
1
1
1
2
3
7
0
0
1
1
2
2
2
2
1
1
3
2
2
1
1
2
3
3
2
4
3
0
4
4
4
4
5
1
1
1
4
3
3
4
2
2
6
6
6
6
3
3
3
3
3
5
0
0
1
1
1
1
3
1
6
6
2
4
3
0
3
4
2
6
3
3
0
1
0
7
8
3
0
0
0
6
3
4
4
4
4
4
2
1
5
5
5
0
2
1
4
3
6
0
4
2
5
5
0
2
2
1
1
3
2
2
2
2
2
0
2
2
4
4
2
0
0
0
0
7
7
5
0
0
2
3
0
0
4
3
0
0
0
3
0
2
1
1
5
5
2
5
2
2
2
2
6
2
6
4
3
3
3
3
3
1
1
1
3
3
3
0
2
1
0
0
0
4
4
4
4
4
1
1
1
1
3
0
1
1
1
1
1
0
2
2
3
3
1
3
0
5
5
3
0
0
0
3
0
4
2
2
0
3
4
3
0
1
4
2292
2292
