../2_Decay/DataFilesGe/Decay/415310G2.TXTBackgroundRemoved 
0
0
0
0
0
0
0
0
0
0
0
0
0
0
32
58
16
33
49
40
33
33
43
8
4
12
35
22
9
27
27
27
24
5
2
0
24
10
28
20
13
1
30
30
30
32
21
27
8
6
29
33
31
31
16
9
20
14
2
8
10
28
12
14
41
11
17
17
12
12
12
24
30
12
18
29
8
39
4
1
26
28
38
19
14
32
32
33
26
34
21
21
26
34
18
11
38
26
23
27
44
13
3
24
11
32
32
20
36
29
33
5
52
48
27
37
10
36
35
21
47
47
46
28
20
29
13
40
56
35
14
47
30
37
60
37
63
39
16
40
23
40
55
22
5
35
32
30
36
48
23
16
28
27
39
12
23
27
35
12
22
4
43
3
18
29
42
36
23
33
17
30
25
35
28
39
0
14
21
20
7
15
22
37
9
11
30
18
23
12
18
17
13
23
20
3
11
11
5
16
7
2
17
23
40
29
4
21
29
29
20
11
18
20
19
12
17
19
4
5
5
19
13
1
28
20
5
17
17
5
3
12
21
28
9
18
9
33
19
19
24
2
23
10
18
3
2
8
11
3
12
15
14
23
5
5
5
15
0
15
8
13
13
8
9
12
4
15
7
7
6
6
11
16
16
2
2
13
11
18
17
22
5
21
0
24
24
11
3
8
18
19
8
6
4
6
1
10
4
6
1
15
1
12
16
14
0
0
9
21
21
12
3
15
6
7
3
3
11
8
8
1
1
6
4
14
13
6
11
2
6
7
13
7
10
6
3
3
8
5
1
11
4
13
27
13
13
13
3
0
4
16
10
10
3
3
16
4
4
4
1
14
14
10
10
6
10
10
13
5
5
11
11
2
2
2
1
14
1
1
6
6
6
4
3
3
5
2
3
3
7
11
8
3
3
9
9
9
4
4
0
10
10
1
3
3
2
1
3
8
0
5
12
17
8
2
11
6
2
5
7
2
2
4
5
2
2
2
2
2
8
7
7
3
7
0
9
2
3
0
7
9
3
2
2
3
3
3
9
3
4
4
5
4
3
3
6
6
1
1
0
11
5
4
3
2
1
7
9
8
8
1
10
2
5
4
2
4
0
0
8
0
1
4
4
4
10
0
0
7
7
2
5
9
5
14
1
5
1
0
0
0
6
1
1
3
1
1
1
5
6
3
8
2
1
4
1
3
3
3
1
1
0
10
2
1
0
5
1
1
7
6
7
8
3
0
0
0
0
0
0
5
0
0
0
0
2
2
0
3
3
3
4
6
4
0
0
1
6
6
1
1
10
10
17
6
6
2
7
5
4
3
0
1
1
1
11
2
3
0
0
3
3
3
3
8
14
11
9
19
19
19
1
3
3
2
2
1
1
1
1
1
1
7
7
4
4
2
4
5
0
0
4
4
1
5
1
1
2
2
6
6
2
5
1
1
1
1
1
0
0
0
0
3
1
5
7
9
7
9
9
9
1
1
3
3
5
1
1
1
1
3
1
0
0
0
0
0
0
0
4
0
0
0
1
1
1
3
4
4
4
4
4
1
3
6
0
2
4
0
0
2
4
0
0
0
0
0
2
1
3
1
2
2
1
2
0
0
1
2
3
7
7
0
0
0
2
2
0
0
1
1
4
0
0
4
2
2
2
5
0
0
0
0
0
0
1
3
3
0
0
4
1
1
1
1
7
8
2
4
3
3
3
3
3
4
2
2
0
3
2
4
4
0
3
3
2
0
1
2
2
2
3
3
2
4
0
3
3
1
4
5
0
1
3
1
0
0
0
0
0
1
2
2
2
2
1
7
1
0
0
0
0
0
0
2
3
3
4
4
1
7
1
1
1
4
4
4
4
4
4
4
4
4
4
0
0
1
3
5
0
3
3
3
2
4
2
3
3
3
3
0
4
2
0
1
1
0
4
6
3
0
2
1
1
3
6
0
0
2
2
0
2
5
5
5
5
5
5
5
5
5
5
4
1
1
2
3
0
3
3
7
1
0
0
4
1
1
1
1
0
0
0
0
0
1
4
1
1
2
1
4
4
1
1
3
3
3
6
6
1
2
1
1
6
5
0
5
1
2
3
1
0
0
0
0
2
0
0
5
5
0
1
2
3
6
2
2
2
2
1
1
1
1
4
4
1
8
8
8
0
2
0
6
4
2
2
2
1
2
2
2
4
2
2
2
2
0
0
2
2
1
5
5
5
0
2
2
2
2
2
2
4
4
3
3
3
3
1
0
0
0
0
0
3
3
3
6
6
3
3
0
0
1
1
1
0
2
2
0
3
1
0
0
0
2
0
0
0
0
0
0
1
3
1
2
0
0
1
1
1
1
1
746
