../2_Decay/DataFilesGe/Decay/415355G2.TXTBackgroundRemoved 
0
0
0
0
0
0
0
0
0
0
0
0
15
3
20
38
20
43
54
32
53
26
2
24
22
20
18
33
24
13
33
12
18
13
13
13
15
5
16
2
28
34
28
8
8
8
3
9
10
16
33
37
18
18
16
0
6
4
14
15
24
19
16
28
26
14
16
16
16
26
30
19
39
19
3
10
0
42
21
15
13
24
20
7
11
0
12
2
19
33
26
20
20
35
19
34
44
44
20
18
2
40
8
27
30
13
61
5
22
10
13
15
17
20
4
32
20
8
26
21
42
39
34
37
38
31
2
9
33
28
17
17
14
30
41
36
36
21
16
40
50
42
40
27
29
46
32
27
4
21
26
28
23
14
16
41
25
22
19
27
30
40
50
22
16
17
27
34
24
15
24
12
13
21
40
25
31
35
18
30
18
8
32
14
19
11
22
6
10
11
31
26
5
16
28
35
29
7
9
33
16
13
19
11
19
38
15
22
46
18
17
3
19
27
20
14
7
20
10
23
19
32
10
1
5
14
17
18
21
26
16
15
15
14
5
35
16
20
3
7
16
20
12
10
36
11
11
17
20
9
4
11
19
18
8
8
17
14
11
3
17
10
1
3
2
17
14
11
5
7
7
21
2
24
17
4
7
5
8
3
3
15
9
7
7
11
14
14
13
10
4
10
10
10
8
30
4
4
3
7
10
9
7
1
1
4
5
1
1
9
0
14
14
14
8
16
11
0
7
2
2
8
11
0
4
13
0
8
2
5
9
3
0
2
1
8
9
4
4
6
6
6
12
1
8
8
8
8
4
19
16
3
5
0
11
8
2
5
9
3
3
13
10
10
4
4
1
6
11
11
5
4
8
8
8
1
1
3
11
1
1
1
6
5
5
5
5
5
4
6
1
5
6
4
4
0
0
0
3
7
3
7
7
0
10
10
9
4
4
3
17
1
5
2
1
10
9
6
6
6
7
2
2
2
1
1
2
2
2
2
0
1
1
4
2
0
4
4
4
4
4
2
2
6
0
4
4
1
8
4
4
1
0
2
10
11
11
9
8
8
8
4
3
2
4
6
2
3
6
5
4
5
1
9
0
0
1
1
1
5
5
7
6
4
4
4
3
3
2
2
2
2
2
5
2
2
2
1
1
1
3
5
8
2
0
9
4
4
5
7
7
7
4
10
1
7
3
0
3
3
4
1
0
4
4
4
10
4
4
3
3
1
3
1
4
2
2
6
2
3
8
8
1
3
3
1
0
1
1
0
2
1
7
1
2
8
1
0
3
1
1
4
2
2
3
3
3
0
3
8
11
8
10
5
8
8
6
6
3
3
0
0
0
0
0
2
9
6
3
3
3
3
3
3
3
3
8
23
12
2
2
2
3
1
1
1
3
6
3
6
2
5
1
6
6
2
4
4
4
0
0
2
1
2
1
2
0
0
0
2
2
2
5
3
2
1
1
3
1
1
1
1
0
0
1
1
4
8
2
5
2
1
1
1
1
1
1
7
7
4
0
2
3
3
5
0
0
0
1
1
3
1
1
8
4
5
0
2
5
1
0
0
4
4
4
4
4
0
0
1
4
3
2
1
3
1
3
3
1
5
2
2
5
3
3
0
0
2
4
0
0
8
1
1
1
1
2
2
2
4
0
0
3
2
6
7
0
9
9
4
1
1
6
3
3
3
3
3
2
2
2
4
4
2
3
1
5
7
7
6
6
2
2
2
2
3
4
1
0
2
2
2
5
3
4
4
0
0
0
2
0
3
4
0
4
0
1
1
1
6
1
2
0
2
1
1
2
3
1
0
5
0
2
0
0
4
1
1
0
7
1
1
1
1
0
4
4
0
0
0
0
0
0
1
1
1
1
1
0
0
3
0
0
0
1
3
0
0
0
0
1
1
1
0
0
0
0
2
3
5
5
1
0
1
1
3
2
1
0
0
0
1
0
0
0
3
2
2
3
1
1
1
0
0
0
2
2
3
2
2
0
0
3
2
1
2
3
3
3
0
0
8
0
0
2
2
5
8
4
3
3
1
2
0
0
3
2
2
1
1
2
2
2
2
2
1
1
1
2
0
1
4
4
2
2
0
1
4
1
0
0
0
0
0
0
1
1
1
1
1
0
3
3
3
2
0
4
1
1
1
1
2
2
6
6
6
3
0
1
1
1
1
1
0
0
2
2
4
2
3
1
2
1
1
1
0
1
1
1
1
1
2
2
2
2
1
1
1
1
0
0
3
3
0
4
0
0
0
0
0
2
1
0
2
0
0
5
5
5
4
0
1
1
4
2
1
1
1
1
2
2
0
2
2
2
2
0
0
0
0
0
0
1378
1378
