../2_Decay/DataFilesGe/Decay/415326G2.TXTBackgroundRemoved 
0
0
0
0
0
0
0
0
0
0
0
0
5
1
28
80
22
15
49
35
46
36
18
6
29
35
18
11
44
29
26
21
24
22
33
23
37
28
12
23
25
26
33
35
24
28
3
5
12
24
28
19
33
36
2
9
9
2
31
18
28
45
27
26
41
21
31
54
24
36
30
39
57
28
35
32
10
38
16
21
15
54
52
19
38
16
18
44
57
26
56
48
39
50
52
48
70
38
39
60
53
49
42
71
45
49
46
53
31
48
65
47
62
40
33
31
47
43
31
60
44
43
51
48
44
79
31
56
59
41
32
53
53
29
29
53
50
28
41
41
60
49
65
42
69
53
50
33
57
55
37
51
41
42
38
23
53
57
42
51
46
56
19
18
23
26
23
33
47
16
26
47
41
20
42
21
26
23
21
17
35
22
12
47
9
12
16
29
19
22
32
31
0
40
46
33
26
31
18
28
21
36
27
4
40
17
15
23
24
10
46
0
41
26
9
20
16
5
15
8
13
17
5
10
22
9
16
18
6
5
9
19
30
12
23
29
20
9
46
0
26
6
14
19
8
22
12
10
29
8
7
17
16
17
24
18
31
10
26
4
16
13
0
9
15
2
22
7
17
7
8
34
18
26
17
4
8
0
19
10
10
21
16
26
16
21
12
0
8
8
3
34
15
17
15
12
0
0
7
12
14
13
12
7
7
8
2
4
10
18
3
10
5
7
22
20
0
13
18
6
11
14
0
22
1
9
0
7
11
8
18
14
15
4
6
0
15
10
13
7
6
2
22
0
1
33
6
1
12
2
13
4
4
7
15
10
4
7
7
3
0
18
2
3
10
11
6
8
0
1
1
8
4
4
9
0
2
9
7
2
6
4
23
7
8
5
0
11
10
2
3
7
14
5
8
6
1
0
5
10
1
7
11
6
6
0
6
3
3
4
1
0
6
15
6
8
9
13
11
6
6
8
5
0
0
0
6
3
0
2
0
4
9
9
5
0
8
1
7
4
4
1
0
4
4
0
5
5
10
1
8
6
0
1
8
11
9
6
6
1
7
2
11
0
10
3
9
3
2
6
5
1
5
5
7
0
4
0
0
4
5
3
0
1
5
2
0
5
2
7
2
7
6
5
0
18
7
13
2
0
4
5
8
0
3
7
9
3
0
5
3
3
3
5
0
7
5
5
0
0
11
0
0
4
3
4
3
4
1
9
0
7
0
1
2
6
0
11
0
1
3
2
6
7
0
0
5
0
0
1
2
2
4
2
4
6
2
7
1
10
2
3
5
5
16
2
2
6
4
1
6
2
6
0
2
0
1
0
0
2
5
0
0
0
0
2
5
2
3
17
2
3
2
0
3
5
0
0
5
0
7
3
1
0
2
0
3
3
3
2
0
0
4
0
1
5
9
1
2
0
5
1
0
1
0
0
0
0
3
0
0
6
0
1
3
0
0
1
0
12
3
0
0
0
3
0
0
1
0
4
0
3
6
1
0
3
0
1
3
5
6
0
1
0
4
2
5
11
6
0
0
3
4
2
1
0
2
1
0
0
0
0
5
0
6
0
0
2
4
0
1
0
4
0
3
1
10
0
3
4
3
7
7
7
1
0
0
3
1
0
5
3
0
3
0
7
5
4
0
2
2
1
2
3
0
5
1
2
1
0
0
0
8
0
1
0
3
2
0
2
3
4
0
2
4
5
6
1
0
4
0
1
0
3
0
0
7
5
4
2
3
0
1
3
0
2
1
5
0
5
4
4
4
3
1
0
5
7
0
2
0
0
3
0
0
3
0
0
2
1
0
0
7
0
0
6
2
1
0
1
4
2
3
0
1
5
0
4
0
0
1
0
0
0
0
0
2
2
3
2
2
8
0
3
3
2
1
1
2
7
1
0
0
3
1
2
0
2
2
0
0
0
0
1
0
0
6
2
0
0
0
3
6
0
0
1
2
0
2
0
3
0
1
0
1
0
2
2
2
1
0
1
2
3
0
8
11
0
0
4
0
0
0
2
0
0
1
0
2
1
0
0
1
0
0
3
1
0
6
0
0
3
1
2
0
2
0
0
1
0
1
3
2
1
3
5
1
0
4
1
0
5
1
0
2
3
0
1
0
1
6
1
8
0
0
0
2
1
1
0
4
4
0
0
1
0
0
0
0
1
0
3
1
2
0
0
0
0
3
0
0
1
1
4
3
0
0
1
2
1
2
5
5
0
0
0
0
1
1
1
4
1
0
2
0
2
2
2
2
5
6
1
0
0
2
0
2
0
0
3
0
3
3
0
0
1
2
1
0
2
0
0
1
1
2
0
0
0
5
0
1
4
0
1657
