../2_Decay/DataFilesGe/Decay/415398G2.TXTBackgroundRemoved 
0
0
0
0
0
0
0
0
0
0
0
0
6
2
35
72
64
68
91
53
22
43
25
5
26
18
16
32
25
35
20
13
7
23
7
20
10
20
10
7
12
31
14
14
14
17
21
1
5
6
30
7
6
7
23
23
20
6
18
18
21
20
22
11
10
18
18
26
16
28
28
7
7
14
25
25
6
12
12
26
6
23
18
8
14
14
14
36
24
10
16
24
41
34
32
32
42
42
8
2
12
25
8
35
28
12
35
7
9
11
43
35
30
18
15
11
24
40
47
50
45
33
14
31
33
30
14
26
23
24
24
13
11
23
15
12
18
46
12
24
18
44
76
10
9
19
36
24
20
38
9
1
33
21
32
9
17
6
17
22
17
22
43
28
35
15
21
16
19
22
8
37
23
29
36
23
27
22
24
37
30
2
24
22
16
29
25
16
20
13
35
21
32
35
34
34
23
10
7
8
22
17
11
31
20
26
5
9
30
16
23
18
15
28
4
21
8
14
20
1
1
20
7
1
30
11
5
25
11
10
17
17
21
30
17
17
7
10
13
4
21
18
29
21
20
32
32
32
8
24
1
29
12
20
16
13
21
4
6
2
19
12
12
10
11
11
7
23
23
0
5
20
6
15
2
12
12
8
3
15
6
4
15
14
0
18
14
14
1
5
11
1
13
13
11
9
12
0
5
4
2
8
2
4
4
5
5
5
5
8
3
0
2
4
10
12
12
7
7
8
1
1
12
9
4
9
4
4
0
0
1
7
7
7
3
3
5
1
8
5
6
3
9
0
8
16
0
0
14
14
12
14
8
7
4
2
2
9
17
7
7
9
9
4
14
14
10
10
6
5
4
7
3
3
5
1
7
12
4
4
4
4
14
14
4
4
4
0
1
1
1
1
14
0
3
1
3
0
2
6
6
6
1
2
2
0
3
3
9
1
6
0
8
9
2
9
7
3
2
1
10
3
8
8
8
4
11
6
6
5
5
2
2
4
0
8
8
8
2
5
5
5
1
10
10
1
3
3
1
1
1
1
1
1
1
2
4
4
4
4
2
6
8
3
11
9
3
3
4
7
1
3
1
1
2
2
0
0
0
2
2
3
0
7
2
3
5
5
6
8
8
3
3
3
10
7
5
5
5
5
3
6
6
8
6
9
1
9
2
0
1
3
7
5
5
5
2
6
0
0
12
4
1
2
2
2
2
8
8
8
0
3
3
3
0
5
5
3
3
6
4
1
2
0
0
4
4
2
2
2
2
2
2
6
1
1
1
1
3
3
3
2
6
6
4
7
7
2
4
7
3
10
10
12
13
13
1
4
0
0
0
0
5
5
2
3
4
3
4
11
11
11
1
1
1
5
3
3
4
27
6
6
6
6
6
6
1
1
1
1
2
2
2
0
3
3
3
3
0
0
3
3
3
6
6
1
5
5
9
1
0
0
1
1
2
2
3
0
3
12
12
12
0
3
3
2
1
5
5
9
6
3
3
2
2
3
3
1
1
4
2
2
4
0
0
0
0
0
0
0
0
2
1
4
4
4
1
1
4
0
0
0
1
1
4
0
0
0
1
5
6
3
1
1
0
2
1
1
1
1
3
0
0
1
1
1
4
0
4
4
4
0
6
6
6
0
2
1
3
5
0
1
1
1
4
2
0
0
0
0
0
1
4
1
0
0
1
1
2
1
3
5
0
0
0
5
0
1
0
0
0
2
4
5
1
0
1
9
2
2
1
4
3
0
0
3
3
0
0
3
1
1
1
1
0
0
5
5
0
0
2
3
3
3
2
0
0
6
1
1
1
1
0
0
2
2
4
3
0
0
2
3
2
0
3
4
1
3
3
3
1
1
1
3
3
0
3
1
2
2
2
2
2
2
2
2
6
6
6
1
1
5
3
3
0
0
0
0
0
0
0
0
0
3
2
7
7
2
1
5
5
5
0
0
4
6
6
6
5
1
0
0
0
1
0
1
1
2
2
3
3
1
1
1
1
9
1
1
1
0
0
1
1
2
1
1
4
4
0
2
3
1
1
0
0
4
0
0
0
1
1
1
2
2
5
5
3
3
3
2
0
0
0
0
0
3
3
0
0
0
0
2
2
2
2
2
2
0
0
1
1
1
1
1
1
1
1
6
1
1
2
6
6
6
2
2
1
5
0
3
3
3
0
0
4
4
4
2
2
2
0
2
1
2
3
3
3
2
1
1
1
6
2
2
6
6
6
1
0
1
0
0
0
1
4
4
2
2
1
2
0
0
0
4
4
4
2
3
3
0
3
1
0
0
0
0
0
2
0
0
2
2
2
1
1
6
6
6
6
6
6
1
0
1405
