../2_Decay/DataFilesGe/Decay/415392G2.TXTBackgroundRemoved 
0
0
0
0
0
0
0
0
0
0
0
0
0
0
25
65
29
43
28
32
25
34
29
26
25
26
36
37
42
31
28
23
39
8
22
14
10
10
11
3
32
21
41
16
5
31
19
23
10
19
26
26
22
21
34
22
18
28
20
29
51
23
30
24
41
16
18
18
44
23
21
17
17
30
25
24
10
29
36
23
4
24
30
30
35
31
41
21
39
20
50
47
43
37
45
42
45
50
21
83
22
43
43
36
46
43
82
43
49
32
49
38
54
61
43
62
15
55
56
56
36
43
63
52
28
32
23
25
50
28
28
54
26
45
42
33
76
77
42
45
40
29
57
34
54
22
73
27
60
60
28
35
44
28
44
26
48
10
25
38
48
54
54
64
35
35
49
57
38
29
34
46
41
42
47
36
22
62
36
35
28
31
35
33
43
23
32
26
9
38
53
40
40
32
48
12
37
18
23
32
26
7
29
21
27
40
24
2
28
3
25
21
29
27
29
17
12
21
43
21
15
26
12
9
33
19
11
31
36
32
24
25
25
17
18
15
26
19
19
19
22
66
19
31
24
21
3
8
27
13
27
23
12
32
6
15
11
19
19
23
17
15
14
19
3
13
11
20
8
15
7
12
20
27
11
11
14
5
11
25
0
25
20
6
8
17
25
21
15
17
15
5
2
8
8
29
13
5
13
15
12
9
9
8
1
5
15
1
15
15
1
26
26
8
11
6
9
2
10
13
3
16
9
9
7
8
3
19
4
10
1
4
10
10
9
4
14
18
8
14
6
13
10
11
3
0
0
0
7
16
66
11
16
8
11
9
10
5
6
5
1
6
5
5
19
7
12
7
15
9
0
11
3
2
5
3
8
2
2
9
9
0
5
1
6
5
5
5
8
9
9
3
13
7
5
7
6
4
5
11
1
1
1
4
4
7
13
9
3
3
5
9
3
3
6
4
4
8
4
5
7
6
5
6
4
0
17
2
2
7
10
3
5
1
4
4
2
13
8
4
0
14
4
4
2
2
2
1
9
8
9
11
2
1
5
3
3
1
7
5
4
1
12
1
6
3
2
3
3
4
3
4
9
5
3
3
3
6
9
0
5
4
12
6
2
4
10
8
0
0
4
4
4
2
2
1
1
1
1
1
3
9
21
15
10
7
4
12
8
5
6
5
8
5
3
4
1
1
6
11
9
10
2
5
4
4
4
1
1
1
1
10
10
6
4
1
1
2
0
5
3
5
11
0
5
5
0
0
5
5
6
1
0
4
6
2
4
8
4
4
5
6
6
0
5
5
5
4
4
4
12
2
16
20
3
0
3
0
0
1
1
1
1
1
4
4
5
2
2
2
2
2
2
2
2
3
8
25
36
9
3
2
0
3
3
3
1
1
9
9
1
2
2
2
5
0
0
1
1
0
3
3
7
3
3
3
2
3
3
4
4
1
1
2
3
3
0
8
8
8
8
8
8
0
6
4
5
9
20
11
3
2
9
7
7
3
2
1
1
2
4
1
5
3
3
3
0
3
3
1
1
2
2
3
3
4
5
8
3
4
4
3
5
5
5
1
1
1
1
1
1
0
3
1
1
2
10
2
2
7
1
2
2
4
1
4
0
0
0
0
5
9
0
2
1
1
3
4
2
2
2
4
2
2
4
3
7
0
1
0
1
4
2
2
2
0
3
3
3
3
3
0
0
3
3
7
3
2
3
0
5
9
1
0
1
1
7
0
6
2
2
2
1
1
1
1
1
1
0
1
4
3
1
1
4
0
1
1
1
0
0
3
0
0
5
3
2
3
3
7
7
2
0
1
1
2
2
1
3
3
1
2
8
8
4
0
1
4
4
4
4
4
4
5
2
2
3
1
1
0
1
0
1
1
0
2
2
1
3
3
3
4
2
0
4
1
0
5
0
2
2
0
0
0
0
0
1
1
9
9
13
6
2
2
0
1
0
0
1
1
1
0
0
0
1
2
6
6
0
2
4
1
0
0
0
3
1
1
1
1
4
2
4
2
6
3
2
4
17
13
3
2
2
0
1
1
0
0
2
2
0
2
2
0
5
3
4
1
0
0
2
3
3
3
3
1
5
4
1
0
0
6
0
3
3
3
3
3
0
4
1
1
1
1
1
2
2
2
3
1
1
2
1
3
9
10
4
5
2
3
1
0
4
0
0
0
0
6
5
7
1
3
5
5
2
2
2
2
0
0
1
1
2
3
3
2
3
0
0
1
1
0
1
5
2
1
0
1
1
7
8
8
2
2
0
3
1
1
1
1
1
4
0
2
0
0
0
3
3
0
2
2
5
5
5
1
0
0
1
6
6
6
1
1643
