../2_Decay/DataFilesGe/Decay/415306G2.TXTBackgroundRemoved 
0
0
0
0
0
0
0
0
0
0
0
0
0
0
24
31
1
16
32
26
5
33
5
22
22
24
16
14
23
23
26
0
1
15
0
8
2
11
7
7
17
19
9
8
10
0
10
1
7
0
25
21
34
5
18
6
27
20
21
0
6
19
6
9
17
12
1
25
0
24
2
11
18
7
7
1
0
3
12
23
23
9
37
7
0
10
18
16
14
9
22
19
18
27
17
3
6
2
23
17
39
45
0
20
8
39
45
4
20
8
14
28
23
31
32
40
19
34
27
29
24
24
43
0
8
39
7
52
70
23
24
5
28
43
24
34
24
42
45
25
5
24
35
14
39
13
44
30
21
39
0
32
39
25
12
6
20
16
17
10
29
37
40
1
22
4
19
21
26
7
3
35
25
20
25
12
24
14
10
19
27
17
5
26
3
0
30
30
19
22
19
33
15
23
28
10
1
6
9
10
16
3
1
0
20
7
25
16
13
22
20
0
5
17
4
13
19
0
12
8
4
26
12
16
13
7
5
6
15
13
23
18
15
11
8
20
16
16
25
0
22
4
0
11
2
12
0
11
17
11
10
16
0
0
0
4
0
0
0
0
19
15
17
8
4
11
4
9
4
7
6
6
10
11
9
0
6
1
3
6
19
9
11
4
7
11
5
10
11
2
14
18
1
6
7
4
6
11
6
9
8
5
0
8
0
0
13
0
5
7
0
7
6
0
13
7
4
4
9
9
11
3
18
0
9
11
7
16
4
0
2
13
6
12
0
1
8
0
13
8
4
8
2
6
12
20
0
0
7
13
11
3
2
12
0
3
0
2
9
6
0
7
0
6
8
1
14
6
7
0
0
0
15
5
1
8
3
7
0
3
0
2
9
1
2
0
0
0
5
0
4
2
4
4
0
1
2
0
10
6
4
0
0
0
0
2
0
8
0
0
1
0
18
2
6
8
11
2
1
13
4
4
0
0
0
10
1
0
0
0
0
8
0
0
0
9
4
8
0
0
4
5
0
0
0
0
0
0
12
3
3
0
1
0
3
2
2
4
5
1
0
0
0
6
15
6
0
0
5
5
0
2
1
5
0
4
8
0
0
0
9
0
7
4
6
0
1
0
2
3
2
0
6
0
0
5
2
3
1
0
0
0
2
4
6
0
3
0
0
0
0
1
5
0
5
4
2
1
1
1
1
7
0
0
1
0
1
0
0
4
0
5
0
1
10
0
0
0
4
0
2
0
6
1
5
6
6
0
2
6
1
0
1
0
0
7
0
0
3
0
0
0
6
9
7
9
0
5
4
1
3
10
2
0
2
0
0
0
1
5
0
0
0
0
0
2
4
3
2
17
9
0
0
0
4
0
1
0
1
2
3
1
2
0
0
4
2
5
2
0
6
0
0
0
4
2
6
0
2
0
0
0
0
4
0
1
1
1
5
1
5
2
2
0
4
0
2
6
5
6
6
0
1
2
2
0
0
4
0
0
0
0
0
3
2
0
0
3
0
0
0
0
0
0
0
1
0
0
2
0
1
0
1
1
0
0
1
0
1
0
1
0
3
0
0
0
1
2
0
0
3
0
0
1
1
2
1
0
2
4
3
5
1
5
1
2
1
1
2
0
1
0
2
0
3
5
0
0
4
1
6
0
1
0
0
2
0
2
0
0
2
2
0
0
3
2
3
0
1
4
7
5
0
0
0
0
0
2
0
4
0
4
0
0
0
1
2
0
1
0
0
0
4
1
3
1
3
2
0
0
0
0
0
1
0
2
4
0
0
4
0
8
0
4
0
0
3
2
0
0
3
2
1
2
2
4
4
0
2
0
1
0
2
0
0
3
0
0
0
0
3
0
2
3
0
2
0
0
0
8
0
1
0
3
1
0
0
0
0
0
0
1
6
1
0
0
2
1
2
5
3
0
0
2
2
2
0
0
0
0
1
3
2
0
0
2
0
0
2
0
1
0
0
0
2
0
0
0
0
3
0
2
0
1
0
5
10
0
0
0
0
1
1
0
3
0
0
0
2
3
0
0
0
2
1
2
0
2
2
0
0
0
1
0
2
0
0
0
2
0
0
0
2
0
0
2
2
0
0
3
0
3
0
0
6
3
5
0
0
5
2
3
2
0
1
5
2
3
0
0
0
2
0
0
0
1
2
1
1
0
0
2
2
0
3
1
0
1
0
0
2
0
2
1
0
1
0
0
0
0
2
6
0
0
0
0
0
4
1
0
4
0
0
3
0
2
0
0
0
0
1
0
0
0
0
0
4
0
0
1
1
0
0
2
0
0
1
2
1
0
0
1
0
0
0
1
0
0
6
1
0
3
0
1319
