../2_Decay/DataFilesGe/Decay/415371G2.TXTBackgroundRemoved 
0
0
0
0
0
0
0
0
0
0
0
0
0
0
28
45
45
28
26
51
22
51
18
14
13
26
11
36
38
9
14
4
13
28
3
14
11
13
16
13
25
20
19
16
13
12
16
22
18
23
31
7
10
14
22
0
0
18
24
25
20
20
21
15
21
27
5
36
29
25
6
23
23
21
20
37
29
42
4
10
33
35
9
15
20
24
40
29
37
36
33
34
48
29
12
14
26
37
63
34
25
53
19
29
14
28
32
48
39
48
24
38
37
56
42
18
53
52
42
18
31
53
81
55
45
54
33
32
47
56
56
59
53
35
63
59
65
18
65
55
35
23
58
64
52
30
48
60
42
27
17
4
37
31
56
46
50
35
61
42
42
34
52
24
30
33
53
25
41
29
10
55
39
45
40
30
46
34
41
26
21
33
37
25
13
45
47
27
15
18
46
36
8
35
23
33
11
28
22
28
17
21
26
13
9
27
9
12
26
12
24
0
32
45
23
7
13
9
18
21
10
31
15
15
20
24
23
0
23
13
6
18
19
29
37
14
11
17
17
17
8
61
42
23
32
30
7
16
14
12
6
20
22
16
5
11
15
14
21
5
12
5
5
8
20
18
5
9
3
9
6
21
21
12
16
16
3
3
19
16
4
31
14
24
19
10
11
11
17
16
14
0
0
4
13
26
28
4
13
12
16
9
1
18
18
5
18
18
25
10
13
14
14
17
12
7
3
1
1
12
1
2
16
5
6
2
3
14
6
8
18
10
2
4
4
6
9
22
20
3
2
10
3
8
8
1
1
6
14
37
64
16
7
4
6
12
6
6
10
10
3
12
2
3
6
3
13
7
7
4
4
8
8
7
0
3
4
9
3
1
3
6
15
7
4
4
6
1
4
10
2
9
12
12
3
1
8
5
3
6
2
0
0
0
3
2
2
2
5
0
6
0
5
10
7
7
1
15
4
10
2
12
0
0
7
6
6
7
3
2
3
7
11
1
5
5
13
2
5
7
9
4
1
3
0
6
6
2
13
4
6
6
3
1
6
8
10
7
0
2
2
2
1
1
3
4
4
7
5
7
4
7
9
9
9
1
1
1
1
7
10
1
11
11
0
4
6
6
6
6
6
1
3
2
3
3
3
3
3
3
2
10
18
23
16
11
2
1
5
4
7
0
7
0
1
1
2
5
2
2
12
2
2
2
4
4
6
6
5
5
0
5
5
0
0
3
3
4
6
1
7
1
8
7
6
6
5
1
2
2
2
4
4
0
4
0
8
5
3
5
2
4
5
6
9
9
9
2
7
3
1
6
19
14
2
2
5
5
5
5
2
5
2
1
1
8
4
2
3
3
3
3
3
3
4
4
15
30
23
14
14
4
1
0
0
1
2
5
2
4
0
0
4
0
0
0
5
5
0
0
0
0
0
8
5
5
4
4
2
1
2
2
6
3
2
6
1
9
9
9
9
9
2
2
5
5
4
24
20
9
1
0
1
2
0
1
1
8
1
1
4
3
7
5
4
3
2
5
1
0
0
5
5
5
1
3
2
2
0
2
1
0
6
6
2
2
2
0
0
0
2
1
0
1
2
2
1
4
1
3
1
5
1
1
2
2
0
4
5
0
4
9
9
9
9
0
0
4
0
1
1
0
4
1
5
1
3
3
3
5
5
7
0
0
0
3
2
2
0
1
2
3
3
1
0
2
3
3
1
2
1
15
3
3
1
1
1
1
2
0
0
0
0
0
0
0
0
2
2
10
10
1
3
0
0
4
0
4
4
1
1
0
2
2
3
3
1
3
3
0
0
0
4
0
0
0
3
0
0
0
4
4
4
4
0
6
1
2
2
2
1
1
3
1
1
0
3
5
2
3
0
4
0
0
2
0
1
1
1
1
2
2
0
0
0
0
0
1
3
3
1
5
4
4
4
2
1
1
2
4
2
2
2
2
0
3
3
7
2
4
2
2
3
1
0
1
7
6
1
5
3
0
1
4
4
1
1
1
1
0
0
0
0
9
4
0
5
11
16
4
4
0
4
2
2
1
0
2
2
2
2
1
8
0
1
0
0
0
0
0
1
1
1
1
1
1
5
0
1
1
1
2
2
1
1
3
3
3
3
3
3
3
3
3
0
0
0
3
4
2
4
2
2
5
11
5
3
3
3
3
3
3
3
3
3
4
1
1
1
1
0
2
0
5
1
1
1
1
1
1
2
2
2
3
3
3
3
3
1
1
0
0
0
5
3
1
1
2
5
2
3
1
2
0
0
0
1
1
1
1
1
4
1
0
3
1
1
0
0
2
4
3
4
1
2
3
0
0
2
3
3
3
2348
2348
