../2_Decay/DataFilesGe/Decay/415394G2.TXTBackgroundRemoved 
0
0
0
0
0
0
0
0
0
0
0
0
2
0
37
39
14
23
37
15
12
13
12
4
24
17
16
20
20
42
33
19
10
0
31
21
0
10
15
0
9
10
3
0
4
17
14
0
23
13
7
5
24
24
7
0
6
1
8
0
0
11
4
9
7
0
20
12
11
8
0
0
37
0
0
5
15
13
0
0
13
11
36
15
19
0
10
0
0
16
30
17
35
39
6
9
24
11
29
0
0
41
4
24
23
3
5
18
0
0
3
1
43
9
16
5
7
26
36
3
7
21
15
45
0
7
2
34
12
25
16
30
11
3
24
57
18
46
22
29
25
33
34
47
30
17
33
27
24
32
27
10
2
17
30
34
29
19
26
2
41
21
10
11
18
9
6
0
38
15
8
19
23
6
53
9
32
27
18
6
31
17
7
2
0
11
9
30
0
39
21
21
31
32
36
27
20
26
22
26
0
11
15
10
17
16
13
5
17
0
17
6
12
29
7
0
3
0
4
4
4
16
13
26
34
0
2
25
27
14
23
15
2
8
16
20
8
9
0
0
15
39
18
2
25
15
0
0
19
3
10
16
9
11
5
0
11
8
9
7
17
12
7
1
10
6
9
0
2
0
11
14
6
5
1
15
7
2
0
1
4
8
12
7
0
9
3
7
6
9
15
0
0
6
10
15
16
0
3
8
3
11
1
1
2
3
5
5
10
0
4
9
9
3
19
8
5
4
9
10
25
4
9
3
0
14
8
4
17
23
8
13
0
2
9
0
5
10
16
18
11
4
3
2
10
0
0
5
5
18
40
7
3
5
2
13
4
13
5
0
0
4
0
5
6
9
10
2
2
6
0
4
3
13
0
0
0
3
3
2
1
6
0
0
8
0
6
0
3
0
0
12
3
0
0
0
0
0
6
3
3
1
6
3
0
1
4
8
1
2
12
0
8
6
0
3
5
1
4
4
4
6
2
7
4
3
1
6
3
0
0
0
5
4
0
5
2
0
2
3
1
0
1
5
0
0
0
9
6
5
2
4
5
0
8
5
8
7
2
0
4
0
0
0
0
0
1
4
4
5
0
8
0
6
1
0
7
2
0
4
0
8
5
0
0
0
0
0
0
6
0
4
7
8
0
0
0
0
0
0
5
4
23
25
7
8
0
2
4
4
0
4
6
4
0
1
1
1
0
0
4
7
0
6
9
0
0
4
0
0
0
2
4
1
0
0
0
1
0
4
5
0
7
1
0
4
3
3
0
1
4
1
6
4
4
0
0
1
4
0
0
1
2
0
0
0
0
0
5
8
0
0
10
9
6
0
0
0
7
0
4
0
0
0
0
0
3
0
0
0
0
0
0
0
4
0
8
26
27
8
1
0
3
0
0
0
1
5
4
2
5
0
2
0
0
0
5
0
1
0
2
4
4
7
0
0
0
0
0
1
0
0
3
3
3
0
0
2
0
0
0
0
0
0
0
0
0
12
16
14
6
0
1
0
0
0
2
0
0
3
0
1
1
0
2
2
0
1
1
2
0
0
0
3
0
4
0
2
0
0
0
0
1
0
0
0
0
0
2
3
0
2
1
0
4
1
0
0
1
8
0
0
0
0
3
2
0
0
0
0
4
2
2
4
0
0
0
1
0
5
0
1
2
0
1
3
0
0
0
2
9
3
2
2
0
0
1
1
0
5
2
3
0
1
3
3
6
1
2
3
0
4
3
0
3
0
0
0
0
0
0
0
1
0
0
3
1
3
0
0
0
3
0
0
0
0
2
4
0
3
2
0
0
1
0
2
6
5
2
2
0
0
0
2
5
0
0
1
1
0
2
0
0
0
0
6
0
2
0
0
2
5
0
0
0
0
0
2
0
0
0
2
0
0
0
3
0
0
0
0
3
1
3
5
2
0
0
2
5
9
4
0
0
0
1
1
3
1
0
3
2
6
1
3
4
0
0
2
2
0
3
0
0
2
0
0
6
0
2
3
0
0
0
0
0
1
2
0
0
0
0
1
6
4
5
0
0
8
6
5
0
0
2
0
1
3
1
0
0
0
1
2
4
0
0
3
0
0
2
0
3
2
1
3
1
1
1
0
0
0
0
4
0
1
0
0
0
0
1
0
0
0
0
1
0
1
0
0
0
0
0
3
0
6
1
3
2
4
1
0
2
3
1
0
1
0
0
0
0
3
1
0
1
2
2
0
1
3
0
0
0
1
0
0
0
0
0
2
0
0
1
0
1
0
2
0
1
1
1
0
0
0
0
0
0
1
3
0
0
2
2
1
0
0
1
1
0
2
3
2
0
3
0
2
0
1
0
0
2
0
0
0
2
1371
