../2_Decay/DataFilesGe/Decay/415349G2.TXTBackgroundRemoved 
0
0
0
0
0
0
0
0
0
0
0
2
3
0
21
158
69
60
69
84
63
22
34
30
47
44
43
28
37
44
54
33
23
20
11
28
2
16
27
32
49
28
17
30
18
18
11
3
20
33
15
22
31
23
29
29
23
10
20
18
26
27
36
25
43
27
22
27
19
38
28
33
22
16
16
0
8
35
12
30
32
30
43
30
40
8
55
53
35
15
85
65
43
61
82
68
68
44
59
62
35
38
28
31
38
44
53
28
38
52
45
45
23
66
53
49
30
57
56
41
52
5
52
45
39
54
12
17
71
54
43
51
56
75
75
70
61
56
25
60
35
40
36
68
51
76
44
41
34
50
40
52
57
46
44
25
73
67
26
24
33
39
15
44
30
50
50
46
37
42
34
29
40
41
45
32
26
43
39
0
47
29
25
44
30
21
23
17
17
39
47
39
28
42
43
30
28
27
11
12
28
27
29
14
30
25
35
27
27
12
24
17
27
38
32
27
15
24
38
39
16
29
32
22
25
18
21
9
27
16
12
23
14
26
15
33
25
28
28
2
36
62
23
29
27
34
9
9
16
20
11
22
15
19
17
1
12
28
17
7
20
18
6
16
0
14
8
11
18
10
14
19
23
9
9
14
7
7
20
18
9
18
16
16
13
29
13
7
5
13
16
16
16
16
11
22
23
8
8
6
17
11
11
29
11
9
2
2
10
11
17
6
1
8
22
15
15
6
10
7
18
10
4
3
10
5
15
13
5
7
5
15
11
6
10
11
8
13
8
17
5
5
6
10
8
3
3
1
18
29
67
24
7
3
17
11
2
10
14
3
3
7
16
9
14
6
6
8
10
6
8
6
4
10
7
2
13
13
1
1
0
0
12
7
8
8
4
0
8
3
3
7
5
2
1
2
2
3
10
10
5
5
2
9
7
6
4
4
4
4
5
2
3
10
6
12
8
12
6
9
6
4
4
12
7
4
4
17
0
3
3
11
3
2
5
7
6
6
4
1
2
8
3
0
3
1
5
13
5
8
2
2
2
9
3
8
10
5
4
4
1
4
12
1
8
2
15
6
4
4
12
9
1
5
8
3
10
2
3
3
5
7
16
4
4
4
6
6
6
4
2
4
4
4
4
4
4
4
3
3
1
4
22
12
9
15
3
8
10
0
3
1
7
14
1
0
0
4
7
1
6
3
4
4
4
5
5
3
3
7
3
3
2
4
4
4
1
1
4
0
3
4
9
5
5
5
5
5
5
3
4
5
10
3
10
10
2
6
6
1
1
6
6
4
1
1
1
1
9
9
4
4
11
15
8
8
10
0
4
4
4
4
4
4
2
2
2
1
1
1
1
1
0
0
5
5
8
22
36
17
1
3
2
7
7
7
3
6
3
0
8
1
1
1
0
6
5
5
4
4
7
2
0
1
1
4
1
1
0
0
0
0
8
0
1
1
6
8
0
0
0
0
3
5
5
1
1
10
23
10
2
5
2
1
4
5
1
4
0
1
3
1
1
3
3
4
1
4
0
7
7
7
7
4
4
3
8
5
2
0
2
2
1
1
1
0
0
0
0
3
1
4
3
0
1
1
1
1
1
2
3
2
1
4
4
5
4
11
2
1
3
7
3
3
3
1
1
0
1
3
1
1
1
1
1
1
2
3
3
6
6
3
0
3
3
3
3
0
0
0
7
3
3
2
0
3
3
0
2
2
2
2
2
0
6
4
4
6
0
0
0
0
4
1
1
3
1
2
4
4
5
5
5
4
1
4
0
4
4
4
2
1
3
1
0
1
3
4
4
1
1
6
0
5
5
4
1
4
4
4
2
1
5
1
1
6
1
1
1
1
0
0
2
3
3
1
1
3
3
0
0
3
3
3
3
2
0
0
0
0
2
0
4
1
2
2
2
3
4
1
1
1
1
2
2
3
3
2
1
0
6
1
1
4
2
2
3
2
3
3
3
3
3
3
3
2
3
4
3
3
3
7
7
1
2
0
0
0
0
2
0
0
0
2
8
2
3
3
6
5
7
1
1
1
1
1
1
0
3
3
0
0
0
0
2
3
3
1
4
3
2
0
0
0
0
3
2
0
0
0
2
4
4
0
0
2
2
0
2
1
1
3
3
3
0
0
0
9
0
2
6
5
3
7
4
0
2
1
3
3
0
0
1
1
0
2
2
4
0
0
0
1
2
4
4
1
1
1
2
2
0
3
2
2
2
3
3
0
1
0
4
2
0
0
0
3
2
0
4
0
3
3
2
2
1
1
3
3
3
3
3
1
1
1
0
2
4
2
1
4
0
0
0
1
2
2
5
5
1
1
1
2
6
1667
