../2_Decay/DataFilesGe/Decay/415359G2.TXTBackgroundRemoved 
0
0
0
0
0
0
0
0
0
0
1
1
1
0
10
50
30
19
48
51
47
32
26
14
29
23
33
30
26
39
21
27
28
12
35
21
36
19
22
41
23
17
22
1
21
12
22
14
32
30
19
12
23
14
45
17
48
18
42
20
45
42
38
43
28
32
55
66
36
29
23
20
49
39
32
23
33
56
59
19
34
62
48
30
42
28
70
54
44
48
47
58
68
70
64
60
72
57
60
52
37
62
40
61
58
56
47
33
92
59
57
59
50
68
29
59
64
41
50
52
72
53
85
61
45
53
35
57
52
47
52
37
52
69
61
40
64
65
54
34
49
59
61
43
48
30
68
28
46
57
25
27
52
35
46
40
57
34
40
42
32
56
41
30
16
39
36
42
40
41
23
48
19
31
52
36
46
59
19
29
23
37
51
22
32
34
33
36
50
33
34
50
20
30
35
37
30
22
42
25
15
24
18
13
30
38
1
30
43
20
39
30
15
11
20
25
21
16
13
32
14
30
15
28
39
22
6
20
21
19
16
26
13
20
16
30
21
26
45
12
23
7
2
22
13
28
20
17
24
17
25
26
31
19
2
10
15
20
12
8
14
16
10
14
3
9
12
20
4
5
5
21
8
20
4
24
12
12
13
10
1
18
12
18
16
14
10
8
20
12
16
24
29
16
6
4
17
0
25
6
20
20
0
20
12
8
5
7
7
16
13
10
11
22
17
3
11
21
15
6
18
7
9
13
22
10
7
7
4
6
19
18
2
18
17
9
9
7
10
13
1
6
9
9
9
30
13
13
6
1
20
14
16
7
0
8
3
4
11
13
13
3
10
6
3
2
7
5
10
3
9
8
8
5
13
1
2
6
5
1
1
14
6
2
4
6
4
7
1
8
1
11
5
4
11
4
3
3
2
6
3
7
6
3
12
12
9
0
6
3
10
4
12
7
10
4
13
13
12
5
8
4
4
19
2
5
5
7
4
0
2
2
6
7
7
5
5
4
9
8
0
6
3
4
3
3
1
5
8
1
1
12
12
6
1
11
12
3
11
1
2
7
10
6
10
11
3
0
8
5
1
6
5
3
3
4
5
0
3
6
13
0
15
12
12
3
4
1
4
4
4
7
1
2
6
12
11
4
5
2
8
8
9
7
0
9
9
3
0
6
2
3
4
10
10
4
4
3
3
0
6
6
5
1
5
1
6
4
2
2
3
5
5
4
0
1
7
6
1
2
0
1
4
4
1
11
2
2
1
1
1
2
10
3
1
2
2
1
4
4
2
2
2
6
11
11
0
4
7
1
3
4
3
2
0
3
2
1
1
2
4
5
5
5
7
2
0
1
8
20
5
5
6
3
2
2
2
0
4
2
3
7
4
0
0
0
2
0
3
3
1
8
8
8
3
2
5
4
4
4
0
1
4
3
3
1
0
6
2
2
7
1
2
1
4
4
0
10
7
8
5
4
4
1
0
0
1
6
6
5
5
4
0
4
4
4
0
3
3
4
7
7
4
7
5
6
4
4
3
3
0
3
1
6
2
3
6
6
6
4
4
4
2
2
2
2
2
1
4
4
2
2
2
2
2
2
3
2
1
4
2
2
6
0
0
1
1
3
7
2
5
1
5
5
0
2
2
2
0
4
4
1
0
5
5
5
5
1
1
4
1
4
4
1
2
2
2
2
2
5
2
5
5
1
2
6
8
2
4
0
0
0
1
3
3
0
2
5
5
5
1
4
5
5
6
4
4
6
6
2
5
6
5
0
0
0
4
1
1
1
2
2
1
1
2
0
0
3
2
0
4
1
1
3
3
5
2
4
2
2
3
3
3
3
1
3
2
5
2
2
4
4
1
6
3
3
0
1
1
2
1
6
6
6
0
2
3
3
2
4
1
2
1
4
3
4
4
2
1
3
0
0
3
3
3
2
3
4
4
9
5
1
2
1
1
1
1
2
2
0
4
4
4
4
1
2
1
1
1
0
1
7
5
4
0
9
5
4
4
0
0
0
4
5
1
1
1
1
2
2
2
2
2
0
2
1
3
6
5
5
5
1
1
0
3
0
0
0
3
3
3
2
2
1
6
2
3
1
1
1
2
2
0
1
2
8
2
3
0
2
3
3
6
2
2
2
2
1
5
5
4
4
0
0
0
4
1
4
0
2
0
0
3
2
2
0
0
0
0
2
2
1
2
2
5
0
1
6
5
3
4
1
1
1
1
2
2
4
4
1
0
0
1
1
1
1
1
1
0
0
7
7
4
2
0
1
3
3
0
0
0
0
3
2
1
2
2
0
1
0
3
3
6
6
6
3
3
1
1
0
0
0
2318
2318
