../2_Decay/DataFilesGe/Decay/415303G2.TXTBackgroundRemoved 
0
0
0
0
0
0
0
0
0
0
0
0
0
0
16
45
23
0
21
27
35
26
38
8
17
27
12
21
0
50
10
0
9
0
2
19
0
0
17
9
13
5
21
3
0
4
2
10
8
2
8
18
17
0
7
9
8
7
21
9
14
49
11
0
26
11
17
0
22
3
28
0
11
28
0
10
21
9
4
19
0
19
4
10
0
6
9
22
26
43
14
7
1
12
24
0
22
0
0
9
4
12
31
45
15
34
55
29
29
11
26
8
35
15
1
44
17
22
25
32
36
32
37
26
0
35
28
12
32
0
35
14
4
9
19
28
39
18
26
18
39
35
50
40
26
25
13
19
40
18
30
15
25
23
16
20
12
14
34
28
19
18
17
38
7
13
22
20
27
6
16
31
28
32
23
32
30
14
26
24
9
5
16
20
17
10
17
10
5
25
5
11
17
13
25
14
0
3
8
10
1
10
26
1
9
24
15
25
28
14
17
5
10
16
9
14
3
7
8
6
15
11
0
3
24
17
4
8
7
20
18
17
18
1
26
18
22
0
27
2
25
13
9
5
21
11
14
1
12
1
5
23
7
5
6
0
14
0
8
8
14
4
10
8
10
27
16
8
1
0
0
9
17
9
16
7
8
1
6
0
4
4
12
12
1
5
22
13
3
8
7
0
13
0
9
0
2
0
20
15
13
0
1
10
12
2
0
2
16
10
3
5
1
6
6
9
7
0
4
10
5
12
7
0
7
9
0
2
9
9
4
0
14
6
13
0
10
3
6
10
15
2
8
2
3
5
9
6
1
3
5
3
8
1
9
0
0
14
7
6
2
14
0
4
0
0
3
1
0
5
0
5
6
3
0
1
8
2
6
0
0
0
4
0
9
0
3
0
2
0
5
14
7
0
0
3
7
0
0
10
2
0
0
0
6
0
4
1
0
1
8
5
9
3
0
0
2
11
0
0
3
7
2
10
0
1
1
0
0
0
2
3
2
1
0
4
2
0
0
2
3
8
0
3
0
0
8
2
15
2
0
0
0
0
0
10
3
2
1
1
6
4
4
11
0
2
0
0
3
6
0
7
7
8
2
0
1
1
0
1
7
6
3
3
5
0
7
5
6
3
0
1
8
1
0
0
10
9
2
0
0
0
5
1
0
4
1
4
4
7
0
5
5
3
5
0
1
2
5
0
4
0
0
1
3
3
3
6
0
0
0
1
2
1
0
1
0
0
1
5
0
3
3
0
5
8
2
1
3
0
3
1
0
3
4
2
0
0
4
5
0
8
0
6
9
10
0
1
1
4
0
7
3
4
5
0
0
2
2
0
0
1
0
0
1
2
9
0
1
7
7
0
1
4
0
1
4
0
5
1
0
1
0
3
0
0
7
0
1
4
0
0
2
3
1
0
0
1
3
1
4
0
5
1
0
0
0
0
1
3
0
3
0
2
3
0
2
3
0
8
0
0
0
0
0
0
0
0
0
5
0
0
1
0
0
0
2
0
1
1
1
0
0
0
0
7
3
0
4
5
0
3
0
0
1
1
6
0
0
0
0
1
0
0
0
1
2
0
4
0
0
0
0
1
2
0
0
2
3
1
4
0
2
0
1
4
4
2
1
0
1
3
3
0
1
2
0
1
2
4
3
2
0
0
2
1
0
0
0
3
2
4
3
0
0
0
4
0
0
0
9
0
0
0
0
1
0
7
3
1
0
1
1
0
0
3
3
3
4
0
2
2
2
6
0
0
0
0
0
0
3
1
0
0
4
0
0
4
0
0
1
0
0
0
0
2
4
1
2
1
0
0
0
0
0
3
0
0
2
0
0
0
0
0
0
7
1
1
1
0
5
2
0
2
0
0
0
0
0
0
1
0
1
0
0
1
0
0
0
0
1
1
2
3
0
3
0
2
4
0
0
0
0
3
1
0
0
2
1
2
0
0
1
2
0
0
0
0
2
0
3
0
0
0
0
0
0
0
0
0
0
0
0
1
0
5
6
0
0
3
0
0
0
1
4
0
3
2
0
2
0
0
0
4
6
0
3
3
4
0
0
1
2
0
0
0
0
0
5
0
0
1
0
0
0
0
1
0
0
0
0
2
0
1
0
4
3
0
3
0
1
1
0
0
4
0
0
1
0
0
2
6
0
0
3
1
1
0
4
0
1
0
3
0
0
0
0
0
4
0
1
0
4
3
3
0
2
1
0
0
0
3
0
0
0
0
1
1
0
0
8
0
1
0
0
0
2
2
0
0
5
0
3
0
1
0
5
0
0
0
3
0
0
0
1
1
0
0
0
0
0
0
0
1
0
0
0
0
2
0
0
0
4
1406
