../2_Decay/DataFilesGe/Decay/415370G2.TXTBackgroundRemoved 
0
0
0
0
0
0
1
1
1
1
1
1
7
1
24
94
21
30
56
45
53
34
46
13
24
26
31
20
31
45
37
8
33
20
31
26
0
12
8
4
21
31
21
32
16
19
18
13
12
12
52
27
0
31
29
29
26
24
36
10
37
10
33
33
50
10
10
10
10
27
49
9
50
25
45
43
53
10
31
12
32
42
38
45
26
32
34
35
46
26
29
26
39
58
27
38
14
60
49
26
30
75
19
28
15
47
59
6
38
5
20
34
65
57
43
57
52
8
26
26
48
23
44
63
42
37
34
14
76
39
42
56
49
53
53
32
35
27
45
58
83
42
75
40
36
25
47
26
53
29
16
69
53
27
31
38
37
44
18
26
29
44
10
13
27
27
39
37
36
15
34
49
2
46
34
47
42
29
27
47
28
38
27
30
30
35
30
35
25
4
50
37
33
32
39
27
17
54
39
47
21
49
50
19
36
47
32
30
35
16
23
18
31
25
32
17
13
22
13
32
5
35
7
15
19
9
28
7
28
10
9
15
25
23
19
17
30
19
25
25
27
9
18
19
31
22
9
23
16
19
15
34
21
18
15
10
16
16
6
15
14
16
7
14
7
7
5
5
20
2
5
15
18
9
14
14
16
10
19
5
12
9
10
18
12
10
1
9
13
24
9
9
23
9
12
4
12
12
15
3
13
9
7
11
19
3
11
8
12
13
7
14
14
15
13
6
6
0
18
8
21
16
15
12
11
18
13
4
12
2
8
6
14
1
9
2
11
1
3
12
0
7
4
1
3
24
24
2
3
16
25
5
5
6
11
14
14
10
7
8
7
9
5
8
5
1
9
3
6
2
8
3
4
9
12
1
5
4
4
1
0
0
7
6
4
4
3
3
8
8
7
7
10
3
2
9
0
0
7
13
4
4
3
3
2
2
2
4
2
6
6
6
4
6
3
3
4
5
9
4
3
11
5
6
3
0
7
3
0
7
7
2
6
10
10
4
2
3
10
1
0
8
11
5
5
2
2
8
16
16
16
0
7
2
8
7
7
0
1
6
1
1
5
2
4
4
3
1
2
2
1
1
0
2
5
5
3
3
0
1
5
5
5
8
13
0
0
5
0
3
1
3
13
3
6
11
2
2
5
5
0
0
4
5
2
5
4
5
0
5
3
4
7
6
4
4
4
0
0
0
8
5
5
2
6
4
7
7
1
1
0
4
4
7
9
9
9
3
9
1
0
0
3
3
2
2
4
4
0
5
2
2
1
1
1
3
1
1
2
3
2
0
5
4
9
9
9
3
11
6
6
4
4
1
9
4
4
3
2
2
5
2
0
0
11
2
8
2
7
12
12
12
12
4
4
4
0
7
5
5
0
3
3
0
0
0
4
2
2
2
0
0
6
0
0
4
4
3
5
1
1
0
2
5
5
5
4
4
4
3
3
4
0
0
4
4
0
8
1
12
6
6
3
5
1
1
7
4
5
0
4
2
0
0
2
2
3
0
0
4
2
2
3
3
4
3
2
2
2
2
2
0
0
1
1
8
5
5
5
2
2
2
2
2
0
6
3
0
3
0
2
1
2
2
3
3
4
4
7
4
3
3
3
3
2
0
2
3
3
3
5
2
6
1
1
3
3
4
2
1
1
1
1
1
2
1
1
0
0
1
3
6
2
6
0
0
2
2
2
2
3
1
1
1
1
3
1
1
3
4
4
3
2
1
2
0
2
4
4
4
1
1
2
3
2
5
5
6
6
1
1
3
3
3
3
2
3
1
1
3
3
1
3
1
3
1
11
1
1
2
1
1
2
2
1
2
0
0
3
2
8
0
0
0
1
4
4
2
2
2
1
3
3
4
4
4
4
4
0
2
6
2
4
4
4
4
2
2
4
1
1
3
1
1
2
0
1
1
4
2
1
1
3
1
3
3
3
1
1
0
1
1
1
1
2
3
5
5
2
2
4
0
1
1
1
1
3
4
2
6
4
7
5
5
5
3
2
2
2
5
5
5
5
1
1
0
6
3
3
3
3
0
0
0
2
3
3
3
1
1
1
0
1
1
1
3
3
3
1
1
1
1
3
3
0
1
2
0
3
1
1
5
0
3
3
1
0
4
0
0
0
1
2
2
2
2
2
2
0
4
0
3
0
0
0
3
3
2
3
3
5
5
5
5
5
1
1
7
7
4
3
3
0
1
1
0
3
3
3
3
1
0
0
0
0
0
0
0
0
0
4
6
3
1
0
4
4
2
2
2
2
0
1
1
1
0
5
7
7
0
1
5
0
3
3
1
3
2
3
3
4
4
1
1
3
3
3
1
2
2
2
1
2341
2341
