../2_Decay/DataFilesGe/Decay/415390G2.TXTBackgroundRemoved 
0
0
0
0
0
0
0
0
0
0
0
0
0
0
33
13
0
4
11
14
17
0
19
0
10
26
16
3
25
32
46
0
7
15
28
9
7
14
0
0
1
12
0
0
0
0
6
0
0
0
10
6
1
0
11
0
0
7
0
7
6
23
25
0
0
0
2
6
0
2
0
12
25
0
0
18
0
6
0
36
0
3
0
0
4
0
7
0
0
0
0
6
0
3
16
0
16
5
0
0
0
29
0
33
26
0
29
0
8
11
3
7
23
11
37
0
10
0
26
2
16
0
20
13
7
0
21
27
37
0
0
11
4
9
2
24
1
4
0
20
23
17
59
10
35
2
27
8
21
22
6
15
24
0
20
31
9
31
26
22
11
35
21
4
13
0
24
12
9
16
0
31
6
33
23
0
5
14
25
7
7
10
2
12
13
9
12
4
11
7
59
13
8
13
23
17
16
21
0
11
6
16
12
2
22
6
0
1
0
3
20
0
11
24
0
0
1
0
2
2
9
5
16
13
2
12
0
0
5
13
0
0
0
6
6
4
9
5
0
0
31
42
16
3
22
21
13
1
19
9
9
17
11
5
10
5
6
5
0
13
10
8
9
4
0
1
8
6
0
0
0
17
5
10
3
1
0
7
0
2
9
6
15
0
4
2
8
0
10
18
4
0
0
3
12
16
16
3
4
0
0
8
0
4
0
2
1
0
6
11
6
10
1
1
12
0
0
0
13
2
2
1
5
7
10
0
4
11
0
1
2
8
4
0
0
2
0
24
4
5
0
2
8
5
0
0
0
3
6
21
37
11
0
10
11
6
3
9
2
1
1
8
0
2
1
1
3
0
11
0
0
0
3
5
1
0
0
3
7
8
0
0
8
0
3
2
3
0
1
0
3
2
9
0
5
3
5
0
0
6
0
0
0
0
4
0
7
8
1
0
3
0
7
4
0
8
3
9
5
0
11
4
0
1
5
4
0
5
0
7
3
0
10
8
0
7
9
5
6
0
1
6
0
0
2
0
2
1
5
0
0
0
0
0
3
5
9
5
7
0
5
0
0
0
2
0
5
1
5
3
4
0
0
0
0
0
5
0
1
0
10
3
0
0
0
1
5
1
0
3
0
8
0
9
0
0
0
0
0
0
2
0
20
11
7
1
3
4
0
0
1
3
6
8
0
0
0
0
0
0
0
10
0
5
3
0
0
0
4
0
4
1
0
2
3
5
0
1
0
0
1
0
2
0
3
3
0
0
0
2
0
0
2
8
2
3
0
0
7
2
0
0
1
0
1
0
0
0
2
4
5
5
16
6
7
0
0
0
0
0
0
0
3
0
0
0
1
2
0
0
0
0
10
0
3
6
9
18
17
7
3
4
1
7
0
4
5
4
3
6
7
0
0
0
0
0
0
0
3
0
2
0
0
0
0
0
0
0
2
4
0
0
4
6
2
2
0
3
0
0
0
0
0
0
0
0
2
7
11
3
4
4
2
0
0
4
0
0
0
0
4
0
1
0
0
0
2
0
0
1
1
0
0
0
1
1
0
1
0
3
0
0
6
0
0
0
0
2
2
0
4
0
0
0
0
1
0
2
2
3
1
1
0
5
0
0
0
0
2
2
0
6
3
5
0
1
3
0
4
0
0
0
0
0
0
0
0
0
0
2
1
0
5
0
4
1
3
5
0
0
2
0
0
3
0
0
0
1
2
0
5
3
0
2
2
0
0
2
0
0
0
0
0
1
1
3
0
3
1
0
3
3
2
0
0
0
5
2
0
3
1
0
0
0
0
1
1
3
3
0
0
0
3
0
4
1
4
0
0
0
1
0
2
0
2
0
0
3
0
0
0
1
0
1
1
0
1
0
0
0
1
0
0
0
0
4
1
0
0
0
1
0
0
3
0
4
0
1
1
1
0
0
2
1
0
0
1
0
2
5
0
0
0
4
0
0
1
0
2
3
0
2
0
0
0
0
3
0
0
0
4
1
0
2
0
0
0
0
0
0
2
0
0
7
5
5
3
5
13
14
2
2
0
0
0
7
0
0
0
1
0
0
1
1
3
0
0
0
2
0
1
0
0
0
0
0
0
2
0
0
0
0
0
0
1
5
0
0
0
0
0
0
0
0
0
0
0
1
0
6
3
4
0
5
6
2
7
3
0
0
0
0
3
3
0
1
0
1
1
0
0
2
3
2
1
0
1
0
1
0
0
4
0
0
0
0
0
0
4
0
1
0
0
0
1
1
0
0
0
0
3
0
0
0
2
0
2
0
0
0
0
0
0
0
0
0
0
0
0
0
1
4
0
1
0
0
0
0
0
0
0
0
0
1276
