../2_Decay/DataFilesGe/Decay/415314G2.TXTBackgroundRemoved 
0
0
0
0
0
0
0
0
0
0
0
1
1
1
19
32
6
10
11
8
16
26
11
8
28
15
16
22
28
21
24
10
7
20
21
17
18
16
6
10
18
14
3
8
17
1
0
22
11
26
5
13
2
11
15
3
31
8
7
11
10
15
13
0
26
26
15
17
19
12
6
7
27
23
0
5
16
19
17
22
4
19
21
41
17
0
18
33
52
30
17
34
36
35
28
36
19
21
32
37
30
18
0
20
38
22
34
42
6
18
9
22
8
43
36
28
18
4
4
41
56
36
36
32
42
44
0
25
42
38
20
18
27
60
22
33
36
28
19
41
29
25
49
16
62
30
47
45
34
22
36
35
18
13
27
29
15
15
27
39
18
32
24
15
8
18
10
30
0
31
39
25
25
26
47
31
5
32
7
29
13
6
14
33
0
16
31
20
18
24
15
0
16
21
17
35
10
22
0
16
23
13
17
12
25
12
21
6
16
16
14
27
20
31
0
17
6
2
18
13
0
29
16
0
21
5
4
11
0
13
8
24
13
10
12
39
10
6
26
0
23
3
11
5
15
28
0
18
16
11
17
26
8
26
6
18
1
12
17
12
18
14
9
11
0
17
16
3
22
10
4
6
22
8
7
3
10
1
12
15
3
2
7
5
1
22
13
0
26
10
11
17
13
7
15
6
7
4
22
0
9
7
2
2
10
0
0
0
13
11
6
14
2
7
5
9
8
5
9
8
8
3
10
6
4
8
0
8
5
0
21
4
1
5
0
6
3
5
1
2
7
5
0
0
6
9
0
0
6
2
0
2
5
6
8
5
0
6
0
1
0
6
0
11
1
6
4
0
6
9
3
8
9
5
0
9
0
8
3
7
4
1
8
6
2
0
6
0
3
0
11
3
12
3
12
2
0
8
2
3
8
3
0
0
3
0
6
5
0
1
8
0
5
0
5
8
0
9
6
4
0
6
12
2
0
6
7
6
6
6
0
0
9
4
8
2
0
0
4
2
7
4
9
2
6
0
3
1
8
1
0
0
0
0
4
11
0
2
3
7
0
0
5
3
2
6
3
3
14
6
1
1
0
4
0
0
3
0
0
0
2
5
5
8
8
1
1
3
0
0
6
3
0
0
4
9
23
10
0
0
4
2
0
0
0
2
2
0
6
2
3
1
5
9
0
3
0
1
0
2
0
2
1
8
1
0
3
0
0
6
0
1
1
0
1
3
5
3
0
0
1
1
1
0
3
0
1
0
0
0
2
0
4
3
0
0
1
2
5
1
5
0
3
0
13
6
0
4
3
4
0
2
0
0
2
0
0
0
5
0
0
4
1
3
0
0
3
0
7
10
9
3
2
0
0
2
0
0
7
4
4
0
0
2
0
0
4
5
1
5
4
7
4
0
0
0
0
5
0
0
2
0
0
2
0
0
2
0
5
3
0
0
4
5
10
0
2
1
1
10
7
2
4
2
0
0
3
0
0
1
1
2
0
0
3
0
3
1
1
0
0
0
0
3
4
0
0
2
4
0
0
8
0
1
6
0
2
1
0
0
0
0
1
0
0
0
0
0
0
1
0
2
2
0
3
0
7
0
0
1
0
9
5
3
1
3
2
0
1
0
0
5
1
0
1
1
2
0
4
1
0
3
0
2
0
0
3
5
0
1
0
0
0
0
0
0
2
3
1
5
3
0
4
4
3
1
0
0
3
0
0
4
0
2
0
0
0
0
3
0
0
3
0
6
1
3
0
3
1
0
0
1
4
0
4
0
2
0
0
0
0
3
2
0
0
2
2
3
6
3
0
0
5
1
0
3
2
3
6
0
3
3
0
2
0
3
0
2
3
0
3
6
0
0
0
0
4
1
0
0
1
0
1
3
0
0
1
5
0
0
0
0
0
1
0
0
0
1
0
5
1
0
3
1
0
0
2
0
0
5
0
0
0
0
0
0
0
0
0
1
0
2
5
0
2
0
1
1
0
0
3
6
0
1
0
4
9
0
0
0
0
2
1
0
0
0
4
0
0
2
0
0
2
1
2
2
0
0
0
1
1
2
3
0
0
2
0
0
3
1
0
1
0
3
0
0
0
0
0
0
0
2
0
5
0
0
0
1
2
0
4
9
0
0
2
0
0
0
0
4
2
3
0
3
0
0
1
2
0
0
0
3
5
0
0
0
0
0
2
1
6
1
0
0
2
0
0
0
0
0
0
2
0
0
0
0
0
0
0
0
3
2
2
1
1
0
1
1
0
1
0
3
0
2
0
0
1
0
0
3
1
4
1
0
3
2
0
1
0
0
0
0
3
3
0
3
1
0
1
2
0
4
0
1389
