../2_Decay/DataFilesGe/Decay/415317G2.TXTBackgroundRemoved 
0
0
0
0
0
0
0
0
0
0
0
0
0
0
29
126
63
69
77
78
33
35
24
21
29
27
40
40
9
5
19
14
25
5
14
7
4
19
16
28
28
23
23
27
22
22
2
11
25
16
34
10
10
19
15
16
15
4
4
20
23
27
38
4
19
15
10
19
27
13
6
23
23
18
18
7
6
11
10
19
29
22
15
38
38
6
47
13
33
21
35
27
26
42
33
38
12
34
48
48
26
58
4
41
12
33
24
3
35
16
23
24
51
49
16
21
2
38
22
47
35
36
34
34
24
48
6
3
68
29
32
39
16
45
39
38
32
59
6
76
10
27
21
44
41
19
41
9
27
44
25
30
41
6
35
61
10
20
12
37
41
26
3
13
9
25
19
20
25
37
15
34
31
22
39
25
27
21
35
19
5
11
20
40
40
21
18
1
4
51
29
6
20
37
46
28
26
15
17
20
16
24
29
6
41
17
10
8
27
12
15
8
33
27
25
10
17
11
20
10
3
24
5
21
17
26
15
16
11
16
5
5
11
18
6
31
5
27
27
27
28
45
13
23
14
10
1
1
18
18
11
22
16
21
7
8
8
8
12
10
10
4
7
6
5
2
4
16
13
8
1
16
16
4
12
1
9
10
0
8
14
14
19
10
3
13
10
3
0
9
13
5
2
5
13
12
15
15
5
7
8
18
18
9
13
6
8
3
11
11
9
15
6
3
5
12
7
7
16
0
1
2
2
9
13
8
6
13
10
9
9
5
1
0
0
2
2
7
5
10
5
6
6
6
6
3
3
8
14
13
33
14
1
9
17
5
5
12
19
4
0
6
5
3
15
2
8
10
8
1
16
6
4
3
2
2
2
2
8
7
5
3
5
4
7
7
8
6
15
15
7
4
4
3
4
4
6
2
0
9
0
3
1
1
7
2
10
8
8
5
4
5
7
13
0
3
8
6
12
11
11
5
5
5
5
5
0
0
0
3
3
2
0
3
3
3
4
3
2
4
3
1
1
1
4
2
2
3
1
6
4
1
7
7
6
3
1
10
9
0
5
2
2
3
5
8
3
3
3
3
3
0
0
4
4
4
4
11
11
9
5
5
1
3
3
1
7
7
7
8
8
6
1
11
6
2
5
5
4
4
2
2
14
11
12
2
6
3
0
3
6
9
7
6
1
5
1
1
0
0
0
7
2
2
0
2
2
2
2
2
2
0
0
1
3
3
0
0
3
0
2
2
2
1
2
2
0
0
0
5
2
2
6
6
2
2
0
5
5
5
4
4
4
0
3
3
3
3
0
6
3
6
8
8
7
2
5
1
1
1
0
0
1
1
1
4
0
0
2
2
2
2
2
1
1
7
2
10
19
3
0
0
1
1
1
1
1
1
2
4
7
7
1
5
0
4
7
3
6
1
1
1
0
3
3
3
1
1
0
3
3
0
0
4
4
4
4
3
0
0
0
0
0
0
2
2
2
4
2
6
1
5
1
1
1
2
2
2
0
5
6
5
5
0
4
4
4
0
2
2
3
5
0
6
1
1
5
1
3
0
0
2
2
2
1
1
3
3
3
3
8
7
7
7
2
2
2
2
0
2
9
5
2
3
3
3
3
0
7
8
2
1
1
6
2
2
6
1
4
0
0
0
0
0
0
0
0
0
0
0
2
1
1
1
0
3
3
3
3
0
2
5
1
8
1
5
2
2
9
0
1
3
4
4
4
2
2
2
2
3
3
0
1
1
1
1
1
2
2
3
6
2
2
2
0
4
2
0
0
0
2
2
5
3
0
3
3
2
0
3
3
4
5
0
0
2
2
4
0
0
2
2
4
4
4
3
3
3
2
2
1
1
0
3
3
3
3
0
0
0
5
2
2
1
5
2
3
3
1
0
0
4
3
5
5
2
3
3
3
4
2
4
1
1
1
0
5
5
0
6
1
1
1
2
2
0
0
1
0
0
2
2
2
2
2
2
4
4
5
3
3
3
3
2
0
4
7
7
7
0
5
5
1
0
3
2
2
2
5
8
2
1
5
5
3
0
1
1
4
4
0
0
0
0
0
4
4
1
1
1
1
0
1
2
0
0
2
1
1
0
0
1
1
1
1
0
0
0
0
0
0
3
3
1
1
0
1
1
1
2
2
7
0
4
4
4
0
1
3
1
1
2
2
3
3
0
0
4
4
4
3
4
5
5
1
1
1
1
1
1
1
1
2
0
0
0
0
2
2
0
2
2
0
1
0
0
5
1
1
0
3
1
3
1
0
0
3
3
1
1
1
2
0
0
0
0
0
0
1
1
2
4
0
5
5
1
1
1
5
0
0
2
3
1469
