../2_Decay/DataFilesGe/Decay/415381G2.TXTBackgroundRemoved 
0
0
0
0
0
0
0
0
0
0
0
0
2
0
21
89
28
47
15
8
17
37
25
9
5
18
22
29
8
31
15
3
38
6
12
13
8
26
24
24
28
19
17
8
4
10
10
21
2
15
18
17
11
7
30
7
9
13
7
13
38
30
20
6
23
26
19
30
17
18
14
14
32
32
24
11
11
35
9
14
8
10
23
5
46
36
20
28
32
12
34
28
40
35
43
0
40
24
20
27
24
34
33
7
28
13
35
20
40
37
44
8
27
39
48
52
39
73
33
62
46
54
44
52
44
41
13
14
68
54
36
83
28
29
32
26
54
33
28
40
27
42
48
41
51
41
72
0
40
23
43
20
47
31
49
16
69
38
42
22
39
54
24
2
28
23
26
53
31
2
36
28
23
10
53
36
38
34
18
54
27
7
21
27
4
6
39
19
8
10
39
37
9
44
25
15
2
20
39
11
15
20
23
24
18
10
32
5
17
23
6
26
21
45
11
20
17
17
18
14
4
8
7
20
8
20
10
9
14
32
18
18
22
16
22
23
11
13
13
4
16
48
26
22
28
24
7
19
6
2
16
16
10
22
6
3
27
15
5
15
9
15
9
13
13
5
16
14
7
9
15
22
9
22
10
6
1
11
12
15
11
10
13
5
18
15
11
11
15
14
13
13
13
13
4
24
25
25
9
9
1
18
14
8
6
7
10
5
16
14
3
13
8
7
10
11
11
0
10
14
14
5
5
17
10
11
13
9
5
10
1
5
5
3
7
10
10
19
8
6
7
4
8
2
9
9
9
9
3
13
70
6
4
2
9
6
6
4
13
13
13
6
6
6
10
1
4
8
2
2
2
13
13
7
7
7
7
4
7
8
3
3
13
0
3
3
6
3
9
9
9
4
4
3
3
14
14
0
8
4
0
0
10
0
3
3
9
9
1
2
0
1
7
1
1
3
5
8
3
3
11
5
1
3
1
7
5
2
4
5
0
1
5
1
8
1
9
11
5
5
5
2
3
0
0
0
2
11
0
2
0
0
2
2
5
21
1
3
5
5
5
5
5
9
8
5
3
7
2
7
7
7
1
6
2
0
2
2
2
0
0
4
4
5
1
1
4
13
6
2
2
9
4
4
5
5
5
5
5
2
5
5
19
19
6
9
6
1
1
5
5
8
4
6
2
5
5
1
8
4
4
1
1
3
2
1
2
0
5
5
5
9
0
9
2
1
1
7
7
7
5
5
2
2
1
4
3
1
2
2
4
4
7
6
1
1
1
1
5
8
7
8
2
3
1
1
1
1
6
6
3
9
13
14
3
0
9
9
4
6
0
0
0
6
6
0
4
4
4
4
4
4
4
4
0
3
8
31
34
6
4
4
4
5
5
2
3
4
2
2
11
7
7
7
7
1
5
3
3
0
2
0
0
4
4
4
1
1
3
1
3
4
3
6
4
4
5
2
2
2
2
2
2
2
2
0
0
17
16
7
9
6
0
2
2
1
5
4
4
4
2
2
3
8
8
3
3
3
10
10
10
4
2
0
1
1
2
0
0
0
0
1
2
2
4
2
1
1
1
1
1
1
4
4
2
0
5
1
3
4
1
1
3
3
4
2
2
2
5
1
5
2
13
8
8
10
10
2
6
7
0
0
1
1
3
5
3
1
4
5
3
2
2
2
2
0
0
3
3
3
1
0
2
2
4
2
6
3
4
5
3
0
0
0
3
5
2
7
7
1
2
2
2
2
2
2
2
1
1
1
1
3
3
2
1
0
2
1
1
1
1
0
0
0
0
0
3
1
2
1
2
2
7
0
0
3
5
5
1
1
1
4
4
4
0
1
1
1
2
2
1
1
1
1
1
0
3
9
2
1
2
5
5
5
2
3
3
3
3
3
3
0
4
4
4
3
3
3
1
2
5
5
3
3
3
5
5
2
0
2
2
2
2
6
0
2
0
1
6
6
2
1
0
0
2
1
1
3
2
2
2
2
2
0
0
2
2
2
2
0
4
0
2
4
4
0
4
10
5
7
3
1
1
1
2
1
2
0
0
0
0
1
0
2
1
1
0
0
1
1
3
3
3
0
0
2
2
1
2
4
0
0
0
3
3
0
1
1
0
0
0
0
0
0
0
0
2
1
5
4
3
2
3
2
4
6
6
6
0
1
1
1
3
0
2
0
0
0
1
2
1
2
2
2
0
0
1
1
1
1
2
7
2
4
2
2
2
2
0
0
1
1
2
2
1
0
0
5
5
3
2
0
0
3
3
3
4
0
1
2
1
1
0
0
1
1
1
0
0
0
0
2
2
2
2
1
1
1
1
4
4
0
0
1549
