../2_Decay/DataFilesGe/Decay/415311G2.TXTBackgroundRemoved 
0
0
0
0
0
0
0
0
0
0
0
0
5
3
42
133
20
56
72
60
60
45
41
18
20
23
44
32
16
37
36
25
8
20
18
23
18
18
21
34
28
43
77
71
83
88
57
68
60
33
36
16
6
18
19
10
22
18
7
14
39
25
25
6
19
22
25
38
38
38
38
38
17
30
5
33
14
29
19
14
38
17
28
25
2
24
34
23
18
36
15
26
28
22
12
52
50
10
37
32
9
38
31
61
34
13
45
12
20
37
17
9
1
38
15
72
8
35
38
31
31
28
41
45
36
36
26
19
57
20
31
28
39
21
37
24
24
36
29
35
36
11
43
42
38
43
18
2
24
24
8
17
9
24
15
25
12
20
23
17
26
12
10
8
1
23
28
18
20
19
10
27
18
28
42
15
23
31
20
25
16
24
24
29
29
16
18
21
30
18
29
21
21
22
21
30
30
36
24
17
9
21
27
31
40
34
28
28
30
35
33
24
29
28
11
7
7
23
14
19
12
13
19
16
10
6
6
12
26
4
23
16
16
18
18
20
12
23
32
32
34
18
10
3
19
21
6
11
13
4
10
21
26
18
6
13
5
2
15
9
12
3
3
15
0
12
23
21
10
2
8
10
1
1
4
5
4
16
7
7
2
15
15
12
3
16
11
10
9
9
20
14
4
13
8
17
10
0
3
10
7
14
0
5
5
5
5
5
4
4
10
19
3
3
4
13
3
11
13
6
26
7
8
3
8
8
8
12
6
1
4
8
7
7
12
3
3
7
2
3
4
4
14
3
17
17
17
3
9
5
14
9
2
2
9
9
9
6
5
4
0
7
7
16
6
1
14
7
7
2
5
6
6
6
5
5
6
6
2
2
2
4
11
11
3
9
8
8
0
0
9
6
10
6
2
2
2
2
11
10
4
4
4
4
6
6
3
9
9
9
7
1
5
3
9
3
9
10
6
2
8
5
13
5
5
0
0
4
4
5
5
6
3
4
4
5
0
0
0
0
1
9
0
1
1
0
1
2
2
0
6
0
4
2
8
7
9
5
6
2
7
3
0
1
6
3
2
2
0
7
7
7
0
3
3
3
1
2
2
2
3
1
3
0
1
2
5
0
3
5
5
4
2
6
6
6
7
7
7
7
4
1
1
0
0
0
5
2
6
0
2
0
4
9
2
7
1
4
4
1
7
1
4
4
2
3
3
4
4
2
2
3
3
3
1
4
4
2
2
0
4
5
9
9
0
0
6
1
0
1
0
4
4
1
2
3
3
3
0
3
5
6
3
7
15
15
15
15
5
6
7
2
6
1
4
5
5
5
2
2
1
2
2
2
4
5
11
10
14
14
14
14
0
0
2
2
2
2
2
0
4
1
0
1
1
1
2
6
4
3
4
0
6
6
6
3
10
10
4
4
1
1
4
2
2
2
2
2
3
5
5
4
0
2
5
4
5
14
10
10
10
10
10
10
10
0
0
6
1
2
0
5
0
0
0
1
2
0
0
1
1
3
3
3
3
1
2
5
4
0
0
1
1
1
3
7
4
5
3
3
2
1
1
1
1
1
1
1
4
6
3
3
5
1
1
1
4
1
1
4
5
3
4
1
2
5
1
3
0
0
0
2
0
0
1
3
3
1
4
4
0
0
0
2
0
4
0
5
5
1
0
0
1
1
0
1
4
0
0
0
5
2
2
6
6
0
2
3
3
0
0
2
3
1
0
0
2
4
1
0
3
1
3
2
2
0
0
0
1
1
0
2
3
1
5
0
2
0
0
4
4
0
0
0
3
4
3
3
1
2
2
2
2
2
0
1
7
0
1
1
2
2
0
0
0
4
4
4
4
4
1
1
1
1
1
2
2
1
1
5
4
0
2
2
0
1
1
2
2
2
0
3
3
1
1
3
3
2
2
2
2
2
1
0
0
0
0
0
1
0
4
4
1
1
1
0
0
0
4
0
0
0
0
0
0
0
5
0
0
0
1
0
3
3
4
5
2
2
2
2
2
1
0
1
2
4
1
0
0
3
3
2
0
0
0
3
2
2
5
4
4
3
4
4
0
1
1
2
2
0
3
1
1
5
5
3
3
1
1
1
0
1
3
2
2
1
3
3
3
3
1
1
1
1
1
0
0
0
0
0
0
2
0
1
1
0
0
3
3
1
1
1
0
0
0
0
0
0
0
0
0
0
1
4
1
1
5
5
0
0
0
2
2
2
2
3
3
3
1
1
2
2
4
2
0
1
1
1
1
1
1
1
6
6
6
6
3
1
1
0
0
1
2
0
0
0
1
1
1
3
2
1
1
1
1
2
2
2
5
5
5
0
1
1037
