../2_Decay/DataFilesGe/Decay/415316G2.TXTBackgroundRemoved 
0
0
0
0
0
0
0
0
0
0
0
1
2
2
25
57
30
41
33
26
36
26
17
8
21
21
25
20
29
5
22
23
16
14
10
28
7
20
2
9
17
7
12
1
19
26
8
11
7
14
36
28
28
28
13
13
15
14
17
26
12
10
12
18
5
11
14
28
16
30
24
37
37
16
3
19
19
30
18
21
20
46
32
5
25
25
26
13
14
8
38
29
30
9
48
9
28
1
20
21
19
27
44
50
20
41
38
10
38
23
25
18
26
26
38
33
25
29
26
48
34
18
42
30
1
60
4
4
39
36
30
47
21
34
28
21
58
44
14
42
15
36
54
54
40
16
37
20
41
34
50
13
35
16
22
39
30
39
5
37
43
38
41
28
24
30
20
27
43
21
20
39
27
28
40
28
18
26
9
24
12
10
19
19
6
9
25
22
22
20
34
40
25
29
52
2
2
35
25
12
22
24
16
13
19
25
6
2
20
13
21
10
25
32
10
7
22
8
9
19
19
21
21
12
32
16
16
23
13
12
9
18
13
18
2
25
17
25
25
3
12
38
16
23
21
25
15
9
15
6
9
20
13
23
13
8
5
13
10
8
31
17
0
7
11
18
18
19
14
8
3
21
4
20
9
6
3
1
24
9
12
8
10
13
10
17
10
11
11
9
12
0
3
7
5
15
18
18
4
0
1
1
0
7
2
1
5
0
11
18
10
14
0
13
3
3
5
5
8
21
2
6
10
9
5
6
0
11
14
0
10
15
0
0
5
6
7
14
9
2
0
4
0
6
6
6
6
6
11
8
53
12
8
14
19
3
5
10
2
18
18
15
4
9
12
5
15
3
0
7
6
6
2
16
7
2
0
0
0
0
2
2
5
3
12
12
5
5
7
5
8
13
6
3
0
11
2
0
3
3
2
2
2
6
3
0
2
2
11
11
0
2
8
8
8
1
1
6
8
5
7
4
5
1
0
3
7
3
3
5
5
0
0
6
6
6
4
5
5
4
4
3
1
5
4
4
6
3
6
0
4
0
2
3
3
2
12
1
8
6
3
9
0
7
6
5
3
6
6
1
1
9
5
8
1
1
1
2
2
1
5
3
4
4
1
4
3
3
3
3
4
3
1
1
3
3
3
3
2
2
4
4
10
12
12
3
3
2
6
4
7
1
6
6
3
1
1
0
2
2
0
1
1
6
6
0
3
5
1
1
1
5
2
1
6
6
3
11
11
3
2
0
0
4
0
0
6
6
6
2
4
4
2
2
2
1
1
6
6
6
6
6
3
4
1
1
1
2
3
3
2
4
12
12
7
4
4
6
3
3
3
3
0
1
0
3
8
8
3
3
3
3
3
3
5
5
5
22
26
11
2
6
6
3
3
3
2
6
8
4
3
3
3
1
1
4
4
1
1
7
2
2
1
0
0
0
4
4
4
4
0
0
3
3
7
7
0
3
3
3
3
3
3
3
4
4
4
6
19
5
1
1
0
0
0
4
3
3
3
5
1
3
4
4
5
3
1
1
4
0
0
1
1
0
3
6
2
3
4
4
4
2
6
6
6
6
1
1
0
3
1
4
4
1
1
0
6
2
2
1
4
0
2
1
1
1
2
4
4
4
1
1
5
5
5
0
2
4
0
1
1
0
0
7
7
4
4
3
3
3
3
2
3
3
3
3
3
3
3
3
3
0
0
7
7
2
3
1
1
6
2
5
5
2
5
5
2
1
0
0
0
0
4
4
1
1
1
0
0
0
0
0
7
4
3
3
7
5
5
5
1
2
5
5
2
3
3
1
5
5
0
3
0
7
4
0
4
4
4
4
3
6
7
7
1
8
5
2
2
2
4
4
4
3
3
4
2
2
2
2
0
0
0
1
6
6
1
1
1
1
0
0
0
2
0
3
3
3
8
1
4
1
0
3
3
4
4
4
4
0
4
3
3
3
3
3
0
4
2
2
2
2
1
4
0
0
4
5
5
2
2
3
0
0
2
2
1
1
1
1
1
0
0
2
0
0
2
2
9
5
5
1
1
2
2
0
0
1
0
0
0
0
3
1
3
3
3
3
4
0
0
1
0
0
0
4
3
5
6
6
6
0
2
2
2
4
1
5
5
5
5
5
5
5
0
3
3
3
3
0
0
4
1
0
8
10
3
3
3
0
0
0
1
1
0
0
0
2
0
0
0
1
6
4
0
0
3
3
3
3
3
0
0
0
0
0
0
4
0
0
0
0
0
0
0
0
0
1
0
0
4
0
0
0
0
0
2
0
3
0
0
0
0
1
0
0
0
0
0
0
3
4
0
4
0
0
3
3
0
1
1
4
2
1441
