../2_Decay/DataFilesGe/Decay/415375G2.TXTBackgroundRemoved 
0
0
0
0
0
0
0
0
0
0
0
0
0
0
15
98
30
34
44
20
26
8
34
34
16
18
17
13
11
33
21
16
8
13
11
18
10
27
19
17
32
14
2
10
17
17
1
21
21
10
36
22
18
0
33
6
7
18
12
16
11
15
14
13
13
20
7
4
3
25
12
12
16
11
2
29
29
22
2
3
12
21
16
12
12
2
30
8
34
4
24
12
38
39
20
28
32
17
27
8
6
45
20
26
27
46
65
5
7
39
30
39
35
21
33
24
2
34
19
28
41
17
49
0
34
31
13
4
32
20
21
60
13
31
37
42
47
22
33
59
18
65
63
35
23
24
44
44
11
26
0
37
57
26
27
23
23
24
25
29
37
17
14
2
25
29
13
21
39
24
36
27
30
29
37
19
17
32
18
13
16
16
5
29
9
17
24
21
19
20
42
20
18
23
21
16
22
17
26
16
19
14
14
8
24
11
11
18
35
14
21
5
14
32
22
12
13
1
19
14
1
17
4
3
29
16
23
9
29
6
15
8
27
17
17
12
3
14
14
14
29
49
17
23
7
20
4
7
8
8
7
10
31
15
15
21
22
8
17
7
6
14
8
2
2
12
11
16
7
9
10
15
10
9
8
8
1
14
20
21
11
11
21
11
7
13
7
14
18
8
9
6
6
11
25
22
13
13
10
11
1
10
11
1
8
0
0
0
17
4
5
5
5
1
10
7
7
7
18
11
11
8
8
9
1
9
5
2
4
1
12
4
3
3
2
18
15
15
5
9
9
5
0
3
2
2
2
2
10
11
54
14
1
6
4
14
14
9
3
3
3
5
3
15
10
3
7
6
2
2
7
19
4
6
6
3
1
6
1
5
2
4
5
2
2
13
13
0
5
3
3
6
8
1
1
1
1
2
8
6
0
0
4
2
5
5
1
1
7
8
6
6
3
3
3
3
3
3
18
1
1
11
3
8
8
4
3
8
8
0
3
3
3
5
5
4
1
1
1
1
1
1
1
1
6
0
2
5
5
5
4
1
1
1
5
11
3
3
4
3
8
9
9
3
4
5
2
1
3
9
2
2
4
4
5
1
0
0
0
4
0
1
7
0
4
4
3
0
10
3
1
1
1
4
2
2
2
2
0
0
0
3
16
13
5
5
1
3
5
0
9
9
2
3
3
4
4
4
4
2
5
5
5
5
10
1
4
1
2
2
2
3
10
3
3
9
1
5
2
0
4
4
1
4
5
5
2
2
0
1
1
8
4
2
2
2
4
0
15
2
2
2
4
4
0
0
0
0
6
5
5
1
21
14
3
3
9
1
6
0
0
0
0
0
1
4
1
3
3
3
3
3
3
3
8
8
5
20
28
9
1
3
2
5
1
1
0
2
0
1
5
5
1
1
1
4
1
0
0
0
2
0
6
1
1
4
0
0
0
5
0
0
0
1
0
0
4
3
0
0
0
0
0
3
3
4
2
14
14
8
4
1
0
1
1
1
1
4
4
4
4
5
4
2
2
1
2
2
2
2
0
4
0
2
2
5
0
3
3
3
3
3
2
2
1
2
0
3
2
0
5
5
0
0
3
1
1
2
4
4
6
0
2
3
3
8
0
0
1
2
2
2
5
3
2
0
2
6
5
4
2
1
1
1
2
8
8
8
3
0
0
0
2
4
4
4
3
0
0
1
3
3
3
2
2
3
2
3
2
5
1
3
3
3
3
6
3
3
3
2
2
2
2
4
0
1
1
1
1
6
2
0
2
1
0
4
2
5
0
2
4
0
1
0
0
0
2
0
0
3
5
1
6
2
2
5
1
1
1
1
1
2
4
1
0
4
4
4
1
1
0
2
2
0
2
2
2
2
2
2
2
3
3
0
1
7
1
1
1
1
0
3
0
1
5
5
1
1
4
6
1
2
3
1
1
0
0
0
0
8
1
1
6
3
0
1
3
3
1
5
4
1
3
3
3
3
1
2
2
2
3
3
3
2
0
2
0
0
0
0
0
0
4
4
2
2
1
1
14
7
7
0
0
0
1
1
0
0
2
0
1
1
5
5
5
2
0
0
2
0
3
3
0
0
0
3
2
0
0
0
0
1
1
1
0
8
6
6
6
3
3
3
3
1
2
0
0
2
0
4
4
5
3
4
4
6
3
1
2
1
1
2
0
4
1
1
2
3
1
1
4
2
2
2
2
2
2
2
2
2
2
3
3
3
1
2
2
3
0
2
3
3
0
0
2
2
0
5
5
2
0
0
2
1
1
1
1
4
4
1
4
1
1
1
1
2
0
0
0
0
0
1
5
5
1
1
1
1
2
2
2
2
1688
1688
