../2_Decay/DataFilesGe/Decay/415352G2.TXTBackgroundRemoved 
0
0
0
0
0
0
0
0
0
0
0
1
1
1
17
112
36
66
53
27
37
12
41
30
30
18
36
36
18
31
48
20
13
29
11
12
0
31
29
16
28
12
39
12
15
11
11
9
11
9
28
27
16
7
39
22
23
5
19
34
64
4
24
10
38
19
11
29
32
28
14
11
52
25
59
13
32
43
5
28
47
27
40
48
30
23
45
36
41
58
25
14
43
31
31
32
35
13
56
41
39
34
34
79
67
64
41
44
58
41
34
25
57
30
21
81
31
28
49
40
65
31
64
19
52
32
22
46
25
54
28
57
48
46
49
45
37
64
33
37
46
25
54
68
40
20
57
30
43
59
42
33
37
31
46
47
41
18
36
49
51
20
31
51
35
15
28
29
16
37
25
35
43
49
46
36
13
24
25
35
16
22
19
22
8
31
35
42
11
50
64
34
45
44
62
24
21
32
18
45
30
15
14
10
40
26
41
23
30
26
19
11
17
30
26
18
8
33
23
27
7
24
26
28
31
33
34
27
14
14
7
38
19
20
12
25
12
12
12
2
29
52
26
21
29
26
9
0
18
9
26
25
19
19
9
9
14
15
11
18
20
17
7
13
10
3
13
24
17
19
11
24
10
9
12
15
3
14
25
8
10
20
31
15
25
25
11
8
9
4
4
3
3
8
10
28
26
9
14
18
12
15
7
14
13
6
7
7
16
11
20
13
15
18
4
10
3
12
18
18
5
3
8
2
6
16
11
19
19
8
10
0
0
0
12
3
13
22
12
5
7
8
13
4
19
19
19
3
7
16
63
20
3
5
5
15
15
13
9
11
8
22
11
11
8
7
16
16
2
12
0
12
12
12
2
10
4
3
7
1
1
9
7
3
0
1
7
10
3
2
11
5
10
5
9
4
9
9
3
8
4
9
9
3
10
1
3
7
7
2
7
7
18
4
4
4
7
5
10
0
9
8
11
0
0
1
3
6
6
6
6
3
8
1
5
0
6
5
3
3
4
11
10
10
3
3
2
1
9
5
1
1
1
0
0
12
9
6
2
10
8
8
9
10
9
8
9
5
1
4
1
8
3
8
6
1
5
0
1
7
4
8
2
6
6
4
4
4
4
0
1
11
11
11
11
0
0
0
0
0
11
10
13
11
16
6
13
2
2
6
4
3
7
6
2
1
2
6
6
6
2
2
2
5
1
1
11
6
5
3
2
6
1
2
3
10
10
6
0
1
1
4
2
2
0
3
4
2
2
2
2
8
3
3
3
5
5
6
3
3
3
3
2
4
1
1
1
3
6
2
5
8
17
10
8
1
2
0
0
0
3
2
0
2
2
2
7
4
4
4
4
4
4
1
3
3
9
17
21
2
0
1
1
1
1
2
2
1
6
1
4
1
2
4
4
5
1
5
5
0
6
1
3
3
3
2
2
4
0
3
2
2
2
2
2
2
3
2
1
1
1
1
1
1
4
4
1
18
26
10
9
7
0
0
0
0
6
2
1
2
2
4
5
0
0
4
4
2
1
0
0
1
0
2
3
2
2
2
0
2
2
2
5
5
1
1
1
1
3
3
1
1
2
2
1
1
2
1
1
2
3
5
1
4
0
0
1
7
2
0
0
15
2
1
1
4
5
5
6
4
6
1
2
1
1
1
1
8
8
7
2
7
4
0
0
4
4
3
3
2
2
2
2
2
0
0
3
2
1
2
2
4
4
0
1
1
2
9
1
2
5
5
1
1
4
3
3
0
1
0
8
2
3
3
7
2
2
1
1
1
1
2
3
0
2
1
0
6
4
4
3
1
1
3
1
3
6
3
3
3
1
1
5
5
4
8
8
0
4
4
4
1
1
1
1
4
4
1
1
5
0
0
0
0
3
0
0
0
0
0
1
2
2
4
2
0
0
1
7
7
4
0
3
5
0
0
0
0
0
4
2
0
5
5
5
5
3
3
5
5
5
2
2
2
0
0
0
5
1
2
4
3
0
0
0
0
3
3
3
1
1
1
1
0
4
1
5
2
11
9
0
0
0
2
3
5
0
0
0
0
0
0
3
3
2
1
0
2
6
2
1
2
2
5
5
2
3
0
0
0
0
1
2
2
3
4
3
3
2
0
2
2
2
2
4
4
4
4
4
1
1
8
7
9
9
7
2
6
0
2
1
1
1
1
1
0
3
0
1
6
6
6
0
6
3
3
4
4
4
4
2
0
0
0
2
2
2
4
0
2
0
0
2
0
0
2
1
4
4
4
1
0
7
1
2
3
3
1
3
0
5
6
0
1
2
2
2
4
1
0
2
0
2
0
0
2
2
2
3
3
3
0
284
1333
