../2_Decay/DataFilesGe/Decay/415336G2.TXTBackgroundRemoved 
0
0
0
0
0
0
0
0
0
0
0
0
0
0
16
71
7
14
30
52
55
32
11
11
23
5
9
10
31
27
12
31
20
15
18
22
26
10
20
11
32
24
25
21
21
16
17
29
2
21
13
27
2
11
35
11
12
4
19
13
6
41
23
2
31
17
38
27
21
45
19
24
57
11
10
20
20
32
15
12
18
41
34
52
12
32
21
28
47
21
31
14
59
23
27
30
51
31
25
36
14
51
51
61
38
48
40
29
8
48
42
33
46
36
37
33
37
37
39
25
44
19
58
51
46
37
13
26
67
20
52
39
45
63
57
22
44
57
12
37
13
42
43
50
28
43
78
31
46
50
34
25
34
20
27
37
7
4
22
15
39
7
42
11
23
22
34
23
26
25
32
27
28
35
35
44
19
23
46
29
4
27
9
24
5
12
6
10
15
27
10
12
17
16
34
29
33
15
30
23
17
20
18
9
20
23
14
41
20
9
21
13
23
33
12
19
7
2
34
16
9
18
7
1
33
11
1
22
21
23
4
34
6
31
8
25
14
11
45
45
28
14
15
29
12
21
1
4
7
9
6
20
13
15
14
6
2
24
11
12
14
19
9
9
9
10
3
14
5
2
2
19
3
10
12
15
4
10
10
7
7
24
27
11
1
16
16
3
7
2
16
18
16
8
8
3
10
2
14
18
4
19
2
15
7
0
11
11
19
4
7
13
13
5
10
1
0
8
9
15
8
2
15
6
6
9
3
9
9
10
7
2
16
14
5
4
7
3
9
11
8
0
0
12
8
26
2
0
2
5
8
1
4
6
14
14
14
8
8
3
3
13
17
7
9
2
9
9
5
2
2
6
6
4
10
7
0
3
4
2
2
2
6
4
12
3
8
8
1
3
1
4
2
2
2
11
5
1
1
6
8
8
0
1
10
10
4
0
11
8
7
1
6
6
2
2
2
4
3
2
7
1
3
3
5
8
3
9
0
6
0
0
7
1
1
7
11
10
2
1
5
9
0
2
9
4
4
0
5
5
3
0
1
4
3
7
2
1
5
0
4
3
6
3
1
1
1
13
7
4
0
10
2
6
3
2
2
6
1
1
10
2
2
6
2
2
3
3
2
4
4
2
6
4
2
8
16
0
0
0
7
5
6
5
3
5
5
5
7
4
4
5
4
7
4
3
4
5
3
3
3
3
4
4
4
4
7
1
0
4
4
5
1
3
1
0
1
1
2
2
5
2
1
1
7
7
4
4
2
2
2
6
3
3
1
5
5
5
5
7
3
5
5
5
11
10
10
7
5
1
0
7
0
3
5
4
3
2
1
3
3
3
3
3
1
1
9
1
4
20
18
18
0
1
0
5
5
5
1
2
3
3
3
9
1
1
5
0
3
3
0
3
1
3
0
2
1
3
0
0
1
1
0
0
3
0
0
0
2
2
2
0
1
6
2
2
3
8
14
15
5
5
5
4
2
2
2
3
0
6
6
5
1
0
0
3
10
1
1
3
2
0
1
2
2
3
3
0
6
5
6
1
1
7
4
2
5
5
0
0
0
1
1
3
3
3
3
4
3
9
3
4
4
3
1
1
1
1
1
0
4
4
10
4
4
4
1
1
4
4
3
1
4
3
3
2
0
4
2
4
3
0
0
1
2
0
0
1
2
0
3
1
4
3
3
0
2
0
0
4
0
0
0
1
2
0
3
3
3
1
2
1
1
4
2
0
3
0
0
6
2
2
3
0
1
1
1
0
1
1
1
2
1
1
3
3
3
2
2
2
1
1
3
3
3
0
1
4
0
2
2
1
0
2
0
2
0
0
1
0
0
0
4
4
0
5
1
2
0
0
2
1
4
2
0
0
5
0
2
2
0
4
4
3
3
1
4
4
4
4
5
5
3
3
3
3
2
0
4
1
0
0
1
0
0
0
0
1
1
0
2
6
6
2
2
4
2
0
11
11
4
1
1
0
1
2
3
2
0
0
3
3
5
5
5
6
6
0
0
0
0
0
0
0
3
2
4
2
6
2
2
2
2
1
0
3
2
2
2
3
0
0
3
3
3
4
4
0
2
2
0
0
0
3
0
0
0
2
0
0
1
1
3
0
0
3
1
0
4
4
0
6
4
4
4
0
0
0
0
0
5
1
1
3
0
2
0
1
1
1
1
2
1
1
1
1
1
3
3
0
0
2
3
1
2
5
5
0
0
0
0
0
0
0
0
6
6
3
1
1
1
1
2
2
3
0
2
4
2
1
6
6
1
2
2
2
4
4
4
2
3
0
0
0
0
2
3
2
2
2
2
2
2
1
1
1
1
3
3
0
0
1
1
1491
