../2_Decay/DataFilesGe/Decay/415363G2.TXTBackgroundRemoved 
0
0
0
0
0
0
0
0
0
0
0
0
9
2
17
76
47
56
50
67
54
28
43
34
31
45
48
34
45
50
45
34
28
26
28
28
47
15
34
36
53
25
19
14
10
14
21
17
29
25
13
23
23
20
20
0
28
29
20
10
39
14
23
39
36
36
28
30
11
23
36
26
32
12
24
55
36
17
29
48
34
22
47
31
37
34
50
59
43
56
30
39
57
65
64
43
57
42
70
55
44
73
34
46
48
53
72
44
31
53
47
43
33
74
40
81
65
64
58
56
71
28
58
76
46
85
37
35
57
52
62
61
62
48
50
83
44
67
52
54
57
55
81
46
60
42
45
38
47
71
38
32
60
66
53
33
81
31
29
48
69
39
41
45
49
40
3
49
19
38
27
39
28
53
31
35
35
42
29
16
30
30
21
57
31
12
36
43
23
28
57
52
15
66
38
61
28
51
44
44
61
42
23
25
57
46
30
21
43
24
33
28
26
37
31
21
26
13
28
38
3
26
8
32
28
22
14
21
17
10
12
30
20
16
15
28
25
14
6
15
26
39
22
4
21
17
9
14
21
24
13
16
18
18
18
19
25
11
2
13
20
17
7
5
11
17
14
10
12
16
11
18
13
12
13
10
17
16
10
3
3
3
21
15
10
12
1
12
9
12
21
10
4
24
20
13
14
6
14
6
9
15
13
12
5
20
7
7
8
14
12
9
14
22
6
7
10
4
12
1
14
20
1
1
7
5
6
2
6
6
5
11
6
4
8
3
16
3
3
0
0
5
9
9
9
1
1
5
19
10
34
12
7
11
3
3
3
15
13
5
2
10
4
15
14
1
6
5
16
0
7
8
8
8
7
8
13
3
3
3
7
0
14
4
6
7
4
9
12
12
11
3
7
15
11
11
3
8
4
10
5
2
2
2
9
9
8
3
3
12
12
3
21
15
5
7
3
4
15
6
0
4
9
8
4
11
7
6
6
3
3
2
1
2
5
1
6
6
6
6
4
3
4
9
5
5
5
3
11
13
0
2
5
5
5
10
0
4
6
4
5
5
5
4
10
5
1
8
6
2
7
7
0
6
4
0
3
2
2
3
4
7
9
2
2
2
0
0
4
6
5
5
3
8
0
10
2
2
5
5
5
5
6
12
17
7
7
2
3
1
4
0
8
3
2
2
5
3
0
0
10
9
9
9
3
3
4
4
6
4
1
0
0
5
3
3
0
9
6
2
2
0
2
6
6
0
2
2
4
4
4
4
6
2
0
5
0
4
4
4
6
6
6
4
8
0
0
5
3
3
2
7
10
8
7
7
8
6
6
3
3
1
1
3
2
4
0
2
2
3
3
3
3
6
4
5
2
7
14
6
2
5
1
3
4
6
1
2
2
2
6
2
1
3
1
1
5
3
5
5
6
6
4
3
0
0
0
0
0
0
3
5
5
5
3
5
3
1
1
9
9
9
9
2
4
4
4
8
8
7
8
6
6
1
4
4
5
5
3
6
1
0
0
5
1
1
5
5
7
2
1
2
1
3
0
6
6
4
0
0
1
0
7
7
7
7
0
0
7
2
0
0
2
3
4
1
1
1
2
1
4
2
4
1
1
9
3
0
0
0
4
3
7
7
7
2
2
4
4
0
0
2
3
1
5
5
5
3
5
1
4
6
3
3
3
1
0
0
4
2
2
1
0
3
1
3
4
6
1
2
4
5
5
5
7
0
8
4
5
3
0
0
1
0
5
2
1
1
0
1
0
0
1
0
0
0
2
1
1
0
5
3
2
3
3
3
1
0
4
4
3
3
1
5
5
2
5
5
0
0
2
0
1
1
2
5
5
2
2
2
2
2
2
5
2
0
2
2
0
4
0
6
6
1
0
3
3
3
1
1
1
1
6
5
0
2
2
5
5
5
1
3
3
3
0
0
3
0
0
1
0
0
0
5
4
0
2
2
5
0
0
2
2
0
0
1
4
2
1
1
5
5
5
5
2
6
2
0
0
5
1
0
0
2
0
0
3
6
12
3
3
3
2
2
0
1
1
1
0
0
1
1
2
2
2
4
4
0
2
2
1
1
2
2
2
4
5
5
5
1
1
0
0
0
1
3
3
4
4
0
3
0
3
1
5
5
5
0
1
2
3
5
0
0
4
3
2
8
1
0
6
6
0
2
1
1
1
1
1
0
0
0
6
5
3
3
3
3
3
3
1
1
0
0
0
3
0
2
0
6
1
8
4
3
0
0
3
1
1
1
3
2
1
3
0
0
1
3
1
1
1
5
1
1
0
1
2
0
0
2
0
2
2
5
5
0
0
0
3
3
3
2
2436
2436
