../2_Decay/DataFilesGe/Decay/415358G2.TXTBackgroundRemoved 
0
0
0
0
0
0
0
0
0
0
0
0
0
0
12
62
26
35
45
41
62
50
46
27
36
33
25
41
26
48
25
20
24
31
22
31
33
39
32
17
25
45
31
6
19
16
32
25
30
29
28
24
46
15
23
39
24
37
45
26
45
35
40
38
50
22
32
55
54
17
26
31
38
29
45
29
32
34
37
48
33
49
53
35
11
53
65
40
55
34
46
47
73
60
54
63
85
62
31
47
59
78
37
66
50
55
72
63
6
59
46
72
55
66
61
59
41
68
75
24
65
70
63
59
81
24
50
60
59
50
39
54
54
51
62
52
53
31
43
77
40
61
94
55
71
71
63
69
75
60
40
34
52
55
38
34
47
48
52
55
26
62
40
30
36
42
17
31
50
29
35
56
41
54
44
31
47
50
41
31
49
35
41
57
37
29
5
33
36
49
39
25
39
42
59
43
26
14
33
43
32
24
38
33
25
36
22
20
37
18
44
30
37
33
25
29
12
24
24
12
20
29
4
9
37
30
21
38
22
32
36
24
9
24
19
33
28
16
63
15
32
24
22
14
19
40
1
16
23
16
15
26
24
11
14
7
12
13
26
6
13
25
10
31
14
25
16
21
24
14
5
17
11
17
22
7
17
20
7
20
17
20
18
3
13
7
17
6
10
20
16
20
30
17
3
24
10
24
7
4
19
9
13
13
12
20
5
0
9
3
20
15
9
12
10
6
15
8
23
11
9
8
17
16
11
10
10
3
12
11
12
18
15
15
5
14
3
9
8
1
5
12
1
7
9
31
20
20
6
8
15
1
4
9
8
7
8
8
15
15
15
17
10
7
15
4
6
6
14
8
5
4
6
19
8
8
9
5
10
9
6
6
14
5
3
0
15
8
6
2
13
7
9
6
2
14
2
3
6
3
12
4
5
5
10
7
12
3
5
1
15
13
12
4
5
5
5
6
14
10
5
4
14
4
9
9
1
7
7
8
8
5
0
6
6
13
5
1
0
2
0
4
6
1
10
6
4
1
12
8
4
5
5
9
3
8
10
0
6
4
8
0
6
1
9
5
5
8
9
5
7
11
11
5
11
3
4
6
6
6
2
0
9
6
1
1
3
2
3
9
4
7
4
3
3
2
12
6
6
6
6
8
13
3
4
7
8
1
5
9
1
6
12
5
0
8
8
8
5
3
5
2
3
3
3
5
5
5
10
6
2
4
1
7
3
1
4
3
4
3
2
10
0
6
4
5
2
6
2
5
0
9
9
7
7
3
0
0
2
6
6
6
2
3
9
9
9
7
4
8
4
7
7
3
6
6
7
6
1
1
0
0
0
1
1
1
5
4
9
9
13
13
13
8
0
0
8
3
3
0
5
5
2
5
5
1
4
1
0
5
3
4
4
3
0
0
9
1
9
9
0
0
0
7
2
2
2
0
2
2
2
5
5
4
5
3
5
4
4
21
2
2
2
6
6
0
5
0
0
1
3
3
2
5
5
6
6
3
4
4
4
1
0
5
3
1
1
1
3
1
1
2
1
4
0
4
8
8
1
2
1
0
0
6
2
1
1
1
3
1
4
0
5
5
3
1
1
7
7
1
5
3
5
9
9
2
2
4
4
0
6
6
3
0
0
0
0
5
1
5
5
2
2
2
2
2
4
5
1
5
0
4
3
1
3
3
7
1
4
2
3
2
2
5
1
4
0
7
5
5
5
5
5
0
1
1
7
5
7
1
0
1
3
5
4
3
3
4
4
4
4
5
1
1
5
4
4
6
2
2
2
4
3
2
2
2
4
2
2
2
3
3
1
1
1
2
5
5
4
4
3
1
2
3
3
3
3
4
1
1
0
0
0
3
3
1
1
4
4
0
2
4
4
4
0
4
3
2
5
5
3
4
5
0
1
3
1
1
7
3
3
1
1
1
0
0
1
2
2
2
6
2
2
0
1
0
0
5
5
5
1
1
1
0
1
1
6
3
0
0
0
0
0
0
1
12
14
1
1
1
1
1
1
1
0
3
1
1
1
2
2
1
1
0
2
3
1
0
2
2
1
7
7
2
1
2
2
2
1
1
3
3
1
2
0
3
3
2
0
3
0
2
2
1
6
0
8
2
3
0
5
5
0
2
0
0
0
2
3
3
3
3
8
8
3
1
1
1
12
2
1
1
1
3
3
3
3
4
0
0
2
1
3
2
0
0
0
0
1
1
0
1
0
0
0
0
0
0
2
2
3
1
4
4
2
0
1
0
0
2
3
3
0
1
1
1
6
6
6
2
2
2
0
3
0
0
2
2
2
2
2
1
2
1
1
1
1
1
5
0
0
1
2392
2392
