../2_Decay/DataFilesGe/Decay/415388G2.TXTBackgroundRemoved 
0
0
0
0
0
0
0
0
0
0
0
0
0
0
189
858
49
10
0
11
25
17
19
0
14
24
22
14
23
33
19
12
17
9
1
0
0
16
0
11
1
6
24
10
9
9
0
0
1
0
2
9
8
0
9
0
0
0
21
0
0
0
3
0
0
1
6
0
15
0
0
0
0
0
1
8
0
7
0
11
13
0
0
0
0
0
5
2
0
2
24
1
12
0
0
0
6
0
0
31
0
0
0
23
0
0
25
1
5
18
18
19
3
0
14
0
6
29
0
5
0
0
7
0
23
12
17
14
3
17
7
12
2
25
17
17
39
17
18
12
26
7
29
37
21
11
39
7
22
12
5
18
5
0
28
19
11
14
0
12
9
0
0
8
0
9
0
15
5
5
2
15
13
0
22
20
10
22
0
16
0
0
0
15
0
17
15
14
0
3
9
19
14
23
6
16
5
8
0
14
0
16
11
0
17
20
3
13
25
4
18
3
0
5
16
0
1
6
0
10
5
17
11
15
2
15
10
7
11
7
0
2
12
5
4
7
12
13
0
0
18
44
2
17
17
14
0
1
6
1
5
6
2
6
3
0
1
10
1
13
9
0
0
0
0
18
1
12
0
0
0
21
11
11
0
6
0
3
11
15
13
17
15
15
0
19
10
0
5
1
6
13
0
8
7
15
16
0
16
0
0
11
0
1
16
0
11
0
2
3
4
5
0
10
2
15
0
0
9
6
2
1
1
0
0
10
1
1
0
0
0
6
3
0
0
0
4
12
0
4
3
2
7
0
0
0
0
0
6
11
39
9
0
7
0
0
0
6
4
0
0
2
4
0
4
4
7
0
4
6
0
10
1
1
5
0
0
7
0
0
0
0
0
0
1
0
0
0
8
0
0
0
6
4
0
0
0
0
0
0
7
0
0
6
3
1
4
1
0
0
0
0
4
3
8
0
2
4
0
0
4
1
0
2
0
5
0
4
0
0
0
0
0
6
5
3
5
7
7
3
0
0
1
1
9
0
1
3
6
0
0
0
0
0
5
4
0
11
3
3
6
0
0
2
5
5
0
4
7
5
1
1
0
0
8
0
0
2
0
0
2
4
0
3
1
0
2
0
0
7
3
1
0
0
3
0
0
0
0
0
0
3
13
12
6
4
7
3
1
3
0
1
1
8
6
3
1
0
0
0
3
5
3
6
2
0
0
2
3
1
0
2
3
0
0
0
0
2
4
0
2
0
5
3
9
0
0
6
0
9
5
0
4
0
0
7
0
3
8
4
4
2
0
3
1
0
0
0
2
2
0
7
5
9
6
0
3
0
1
0
1
2
0
0
0
0
0
0
0
0
0
0
0
0
6
0
7
14
21
8
0
0
0
0
0
0
1
5
0
0
0
2
4
0
0
6
1
0
0
3
1
8
0
0
0
0
0
2
0
0
0
2
1
0
8
0
0
3
0
0
0
0
0
3
0
0
1
12
15
12
4
0
0
1
0
1
2
2
0
0
2
3
0
1
0
0
0
1
1
0
0
2
0
6
0
2
2
0
0
0
1
3
0
0
0
0
0
0
1
0
1
0
6
0
0
5
1
0
2
0
0
1
0
0
0
0
0
0
1
0
5
8
6
3
0
3
2
0
1
0
0
0
0
0
0
1
2
2
1
0
3
4
3
0
0
0
5
1
2
4
0
0
0
0
2
2
3
0
0
1
1
2
0
0
5
6
1
0
0
0
3
0
1
0
0
0
0
0
0
0
3
0
1
0
0
0
3
2
0
0
2
2
0
0
0
0
0
7
0
1
0
0
1
2
0
1
1
0
0
0
1
0
2
2
0
3
0
2
0
0
0
1
4
0
0
6
0
0
0
3
0
2
0
0
0
0
0
0
2
0
0
1
2
0
0
0
0
2
3
5
1
7
0
0
0
0
0
0
0
3
1
0
0
0
0
0
0
3
0
4
0
0
0
1
0
3
0
0
0
2
1
0
0
0
0
1
0
0
0
0
0
2
1
3
1
1
1
5
10
8
1
0
0
0
0
4
0
0
0
0
6
0
2
0
0
0
2
0
2
0
6
2
0
0
0
0
0
0
0
0
0
3
0
0
3
0
2
0
0
0
0
0
0
0
0
0
2
2
0
0
0
4
2
0
5
4
2
3
0
0
3
0
0
0
0
0
0
2
2
0
0
2
3
0
0
0
0
0
0
0
0
0
0
0
2
2
0
0
3
0
3
0
1
0
1
1
0
0
2
0
1
2
0
0
0
0
0
0
0
0
0
1
0
0
1
5
1
4
0
0
0
2
0
0
0
2
2
0
2
0
0
1
1
1163
