../2_Decay/DataFilesGe/Decay/415308G2.TXTBackgroundRemoved 
0
0
0
0
0
0
0
0
0
0
0
0
1
1
25
44
44
48
46
4
24
24
14
10
16
7
22
22
37
20
27
20
16
16
10
16
11
10
10
32
14
24
17
17
24
6
10
8
5
29
14
13
13
10
28
1
1
1
9
2
28
41
15
15
27
34
34
37
6
48
8
30
14
5
0
0
10
6
4
7
25
18
45
7
12
20
46
20
43
40
16
11
38
22
44
12
45
18
15
5
16
34
34
38
31
32
33
11
14
18
33
34
48
16
34
40
12
30
56
35
42
42
27
41
31
20
22
11
22
16
45
26
23
15
40
35
21
29
21
35
15
35
33
25
33
21
50
19
54
25
24
6
9
13
25
33
20
20
25
31
34
39
22
41
20
20
31
41
36
15
14
37
20
34
28
24
7
41
16
21
20
16
8
17
7
4
9
6
27
4
21
8
2
19
34
9
20
11
18
17
20
22
17
17
18
25
27
16
40
18
30
24
25
24
12
25
5
5
16
13
13
17
8
12
25
18
6
8
21
0
14
20
16
20
20
2
16
9
34
34
39
9
15
19
11
20
9
11
10
6
5
6
13
8
2
6
10
1
9
9
11
10
10
3
2
8
16
12
14
4
12
13
6
5
3
11
11
1
0
1
9
11
8
12
3
14
5
5
9
5
5
9
13
7
10
6
6
1
17
17
18
4
7
12
6
9
11
11
7
12
12
0
1
4
15
1
0
9
11
5
4
4
6
6
6
6
6
17
4
4
19
3
8
12
10
10
0
0
7
1
1
3
5
3
7
32
32
32
0
8
10
0
13
12
5
8
8
16
7
6
6
12
12
3
7
9
5
8
5
3
3
9
12
3
3
8
9
3
3
0
4
6
6
4
1
2
2
4
10
4
0
0
4
4
4
4
4
4
5
1
1
7
2
1
5
5
9
3
3
3
7
7
5
2
2
0
10
5
3
3
2
4
0
5
0
4
3
0
0
1
7
7
6
6
3
8
3
4
6
6
2
1
1
6
7
7
7
7
6
1
0
0
0
0
12
3
2
6
3
9
9
1
5
2
6
7
3
3
9
2
4
1
0
2
2
3
3
3
5
5
2
3
8
3
1
1
5
1
1
1
2
0
2
3
8
9
8
8
1
4
1
1
10
0
0
3
0
6
2
7
6
3
4
9
5
5
0
3
2
2
3
0
0
5
1
1
1
1
1
0
0
8
0
1
1
1
3
7
0
0
0
1
1
9
1
0
4
4
3
0
2
2
3
3
3
3
2
5
5
1
2
5
2
2
13
11
11
11
4
2
0
1
1
9
3
3
1
1
1
1
3
2
2
2
5
5
5
6
5
18
2
2
2
5
3
3
4
2
1
1
1
0
0
7
7
7
6
3
2
4
5
5
3
3
0
6
5
1
5
3
0
0
0
5
1
0
6
6
4
2
2
2
2
2
0
1
2
6
6
11
11
11
11
4
0
1
0
1
1
1
0
4
4
4
0
2
3
3
2
2
3
2
6
5
0
1
1
0
3
2
2
6
6
4
2
4
3
3
3
6
6
6
2
2
2
2
0
0
2
2
4
4
4
4
3
7
0
0
1
1
3
2
6
4
4
4
1
1
1
1
2
4
7
7
0
0
2
2
2
5
1
1
1
4
4
2
4
1
1
1
1
2
3
3
3
0
5
5
0
6
6
3
3
2
2
3
2
6
4
1
1
2
2
2
2
2
4
0
2
1
3
3
4
7
7
3
1
3
3
2
3
1
1
1
1
1
3
2
2
2
2
2
4
4
2
2
0
2
2
4
0
3
2
2
2
3
7
0
5
3
0
0
0
0
0
2
4
4
6
6
5
2
2
1
1
1
1
1
1
0
3
3
3
0
0
6
0
0
1
0
0
2
2
0
2
1
1
1
5
4
4
0
5
5
0
2
4
4
4
3
1
1
0
0
0
0
0
0
4
7
3
3
1
1
0
0
2
2
9
1
1
1
1
0
2
7
11
11
11
1
1
1
1
3
1
1
1
1
2
3
1
1
4
2
2
1
1
0
0
0
0
0
3
0
0
0
0
0
2
2
0
0
1
1
1
1
1
0
2
0
0
1
1
1
1
2
1
1
0
0
3
2
2
0
3
3
2
0
0
0
0
1
1
1
2
0
3
0
0
1
1
0
2
3
3
5
5
3
3
3
5
0
0
0
1
1
1
1
1
1
1
2
1
1
2
2
2
2
0
2
0
0
6
2
0
3
1
0
0
0
1
2
2
3
0
0
2
2
2
0
4
3
3
1
1
1
0
6
6
6
6
2
2
6
0
0
1
0
0
0
0
0
3
816
