../2_Decay/DataFilesGe/Decay/415399G2.TXTBackgroundRemoved 
0
0
0
0
0
0
0
0
0
0
0
0
8
6
19
77
21
45
40
25
38
27
27
4
14
22
15
11
11
11
28
15
19
21
23
13
30
10
12
10
16
9
29
14
14
6
11
24
24
12
28
2
7
18
5
5
0
0
2
11
7
7
4
4
9
11
12
12
5
5
19
8
20
16
20
6
6
6
6
6
15
15
9
9
29
7
30
23
7
0
9
24
20
42
14
9
22
22
17
38
25
70
30
33
31
25
43
26
26
19
18
11
30
4
18
19
6
35
26
40
46
45
35
34
27
12
11
10
42
42
11
29
38
31
34
39
43
52
29
31
7
24
41
9
46
46
46
24
34
29
46
30
45
42
46
21
39
32
29
24
6
30
30
8
20
16
29
14
25
21
35
22
15
24
26
21
29
28
16
20
8
11
11
24
5
20
30
19
19
22
19
37
13
25
41
34
6
15
5
37
13
24
29
23
36
22
11
10
19
21
34
11
10
14
14
22
11
10
15
24
4
11
13
8
25
27
10
1
31
25
15
20
4
25
18
14
5
2
2
2
29
31
58
17
22
24
13
23
23
15
22
23
21
1
5
2
7
4
14
18
24
6
10
10
11
6
9
11
12
14
2
12
12
14
19
17
12
12
5
4
11
5
11
15
4
2
22
22
3
4
0
0
0
4
15
7
31
10
13
2
8
5
5
8
8
16
16
3
14
9
5
12
5
11
1
14
14
15
8
8
13
4
6
7
7
10
7
13
6
6
11
5
5
2
5
13
7
15
10
9
14
0
3
3
3
3
3
3
3
5
20
28
3
6
0
3
3
7
0
6
6
7
7
7
5
4
9
6
3
5
2
2
4
2
0
0
0
0
0
0
0
3
8
3
11
3
5
11
6
6
4
7
10
8
8
3
4
1
4
13
5
0
3
7
2
0
7
7
7
1
6
3
12
7
0
1
6
7
2
2
10
11
3
7
0
2
3
1
1
1
1
8
5
5
5
7
8
1
1
1
8
5
5
11
5
5
5
10
4
3
3
3
3
2
3
2
6
1
9
4
5
5
7
3
6
6
7
4
3
4
0
0
0
5
0
5
6
2
6
6
1
1
8
2
2
0
0
0
1
7
0
0
0
3
3
3
3
3
3
3
8
8
15
12
19
9
8
1
1
12
12
12
6
4
0
0
3
4
3
0
3
1
7
7
7
1
2
4
4
0
0
3
4
5
5
5
0
8
0
0
0
1
1
1
1
2
2
2
1
3
3
2
2
2
3
3
1
1
1
1
0
0
6
5
1
1
1
1
9
4
2
2
2
17
19
3
1
1
2
2
2
2
1
1
1
1
2
2
3
0
0
0
0
0
0
0
5
4
17
31
6
3
3
7
7
6
2
1
1
1
1
1
2
1
1
7
5
6
2
2
2
1
1
1
1
2
4
4
0
3
3
3
3
6
6
1
1
7
7
2
2
2
3
1
0
0
10
1
4
16
6
5
5
3
3
0
0
0
1
4
8
8
5
3
2
0
0
1
4
4
4
4
0
4
3
0
5
1
2
2
2
2
2
0
0
0
3
4
4
4
2
2
3
3
4
2
3
3
4
0
6
6
6
4
0
0
2
1
1
1
4
2
9
5
3
2
2
0
5
1
4
4
4
4
4
1
1
8
8
4
0
4
1
3
0
2
1
1
4
4
1
0
1
1
1
7
7
7
7
0
0
5
5
2
2
2
1
0
1
1
1
1
0
0
3
5
5
5
5
1
1
1
2
2
5
5
5
5
5
0
1
4
4
3
0
3
0
0
0
0
3
3
3
3
0
0
3
0
7
7
5
3
3
3
3
4
4
0
0
0
0
0
0
1
1
1
1
2
3
3
3
3
3
1
1
5
5
5
0
0
0
0
0
2
2
1
1
3
2
2
2
2
1
1
1
0
0
1
1
1
0
1
1
0
0
3
0
0
3
0
0
2
2
2
1
0
1
1
0
5
0
0
4
1
1
4
3
3
3
8
8
2
2
1
1
2
1
1
4
13
11
3
3
1
1
1
1
1
0
0
0
1
0
1
0
2
2
2
2
1
1
4
3
4
4
2
1
4
1
2
2
1
2
2
2
0
5
5
5
2
2
2
2
2
0
0
1
0
0
0
1
2
1
3
1
6
5
3
2
2
2
2
0
3
2
1
1
1
5
2
6
4
2
1
1
0
0
0
0
0
1
1
1
0
0
2
2
0
2
2
2
2
1
0
4
4
5
3
1
0
5
3
3
3
1
1
1
1
2
2
2
2
0
2
4
4
1
2
1
1
1
1
0
0
0
0
0
0
3
1
1
5
5
1414
