../2_Decay/DataFilesGe/Decay/415338G2.TXTBackgroundRemoved 
0
0
0
0
0
0
0
0
0
0
0
0
0
0
9
50
6
5
21
10
34
15
17
17
4
33
24
21
10
32
8
16
27
16
11
15
7
7
16
10
25
19
7
16
12
11
5
17
17
19
22
26
13
26
7
4
14
17
13
9
9
26
33
9
26
26
31
15
18
7
24
15
21
0
27
28
11
17
17
14
16
18
15
26
6
21
18
42
48
4
4
5
19
23
19
13
10
28
6
12
40
42
31
28
40
13
45
17
8
8
32
23
14
35
46
43
24
41
33
53
36
36
49
30
25
54
25
25
61
14
44
42
14
42
27
37
20
25
42
30
53
9
56
31
38
32
38
26
23
41
27
14
26
24
39
9
18
24
28
24
35
39
16
27
6
14
18
1
29
31
31
8
25
22
17
26
1
32
25
11
11
7
30
15
14
15
36
12
32
21
27
14
31
16
18
11
0
17
12
25
25
4
15
15
34
35
10
28
31
15
33
9
12
23
19
9
34
25
7
7
2
12
12
0
22
16
22
19
27
19
10
35
26
12
10
23
9
14
33
33
16
7
3
2
22
23
23
9
2
6
23
6
10
7
10
2
11
16
12
5
6
17
17
16
5
27
4
16
7
6
3
19
7
0
8
8
0
4
8
4
1
17
11
7
4
6
25
0
9
13
5
6
24
24
15
8
4
7
2
8
11
18
8
8
10
11
11
2
10
9
21
16
16
10
7
4
0
5
9
4
3
1
4
6
8
8
3
13
7
7
2
18
6
2
1
0
7
2
4
6
1
1
5
5
7
24
1
1
3
12
1
7
0
0
10
10
0
10
4
0
0
13
6
10
15
15
15
8
7
1
6
8
0
3
13
4
0
17
2
2
2
0
8
2
9
9
0
0
0
0
2
8
8
8
6
1
7
1
1
6
7
4
0
0
4
4
2
1
2
2
14
14
7
5
7
12
12
7
12
1
2
3
0
0
2
2
2
3
2
2
0
5
1
3
3
3
6
1
1
11
15
15
2
2
0
0
0
3
3
4
4
4
2
0
8
10
2
2
8
7
4
5
7
5
7
6
6
8
3
4
1
0
4
0
0
5
5
2
0
0
1
10
10
0
4
3
0
1
0
7
3
7
5
7
2
6
8
11
1
1
1
1
3
3
7
1
0
4
2
2
2
1
4
5
5
0
0
4
2
2
6
0
1
0
0
2
7
7
7
7
1
3
2
8
1
4
4
6
6
0
0
3
1
1
1
0
0
2
1
2
2
4
4
4
4
2
2
2
1
3
1
3
1
7
18
5
5
0
5
3
3
3
3
2
6
6
1
2
2
1
1
3
3
2
1
1
1
1
11
21
6
6
6
0
0
2
2
2
1
1
3
0
0
2
4
1
1
1
1
0
2
0
4
0
0
0
1
0
1
1
0
0
0
2
3
1
1
1
0
0
0
1
2
1
6
6
2
1
1
11
11
11
11
0
0
0
2
4
4
4
5
1
2
2
2
2
1
4
0
0
3
3
2
1
0
0
3
2
3
3
1
1
1
4
7
7
3
1
1
1
5
3
3
3
3
3
3
0
1
0
3
3
4
4
2
1
3
2
2
2
1
1
3
3
3
3
3
2
2
2
2
0
0
5
2
1
1
1
1
0
0
2
2
4
4
0
0
4
3
3
3
3
3
3
3
0
1
1
1
3
2
2
2
4
4
1
5
5
5
5
0
0
0
4
4
1
4
4
4
3
0
0
0
4
4
1
1
0
0
0
0
1
1
4
0
0
2
2
2
5
1
1
1
0
1
2
1
0
1
0
0
2
5
0
2
4
3
1
7
2
2
1
2
0
0
1
1
1
1
1
1
1
1
1
1
0
0
0
2
3
2
1
0
0
0
0
0
1
0
3
0
0
2
4
4
2
2
2
5
5
2
2
3
4
4
4
0
7
7
3
3
0
0
0
0
5
5
2
3
1
1
1
5
1
1
1
2
2
0
0
0
3
3
3
0
4
8
8
8
0
4
3
1
0
1
1
2
2
1
4
2
2
0
1
3
3
3
1
1
0
0
0
0
0
2
1
0
1
4
2
2
1
1
1
1
1
4
1
1
1
2
2
1
1
0
4
1
1
1
7
8
1
1
1
1
1
0
0
1
2
2
2
1
1
0
0
0
0
0
2
2
2
0
1
1
1
1
2
2
2
1
4
0
1
1
3
3
3
3
3
0
2
0
3
1
0
0
5
0
0
3
2
4
4
2
2
2
1
0
0
2
1
2
0
1
1
5
3
3
0
0
0
0
0
3
2
2
2
2
0
1
1
1
3
2
2
5
2
3
3
3
4
4
1388
