../2_Decay/DataFilesGe/Decay/415334G2.TXTBackgroundRemoved 
0
0
0
0
0
0
0
0
0
0
0
0
0
0
24
65
7
27
23
38
30
42
4
4
27
17
29
35
11
48
36
36
17
26
4
19
10
30
31
4
31
31
24
18
10
18
19
24
33
7
24
39
29
13
17
11
24
15
20
14
34
33
15
43
1
24
12
43
15
21
13
11
43
15
14
0
25
38
20
63
30
42
19
15
3
33
55
33
53
26
30
6
36
43
44
42
32
29
48
19
49
30
43
52
57
41
47
34
50
47
23
53
52
25
72
30
22
43
60
49
58
53
52
35
37
18
35
9
35
53
45
55
31
75
1
49
50
24
18
38
44
34
47
46
3
31
55
2
37
51
19
33
33
15
28
42
42
10
33
32
28
48
42
23
19
24
24
41
28
48
44
26
21
51
42
21
22
29
17
43
0
21
35
27
0
25
15
3
37
35
30
17
20
21
47
13
33
14
19
31
10
21
22
21
28
25
12
8
15
11
33
21
38
19
28
21
17
18
30
32
32
23
12
26
12
28
15
18
20
13
13
23
25
31
19
19
4
29
22
13
29
19
17
26
8
20
20
4
12
5
14
21
21
9
9
9
20
14
21
5
23
14
29
15
5
12
12
21
15
20
2
2
6
10
4
17
5
6
5
19
19
9
20
25
0
14
11
5
15
5
14
16
10
8
8
10
16
8
6
0
6
3
12
11
11
5
6
5
14
17
14
10
6
2
12
8
0
4
7
18
7
3
7
9
4
6
1
9
2
7
7
13
15
3
13
8
11
6
16
8
11
0
9
6
13
36
36
36
5
6
12
7
4
2
11
8
0
0
0
4
4
15
3
0
5
6
11
8
12
6
6
11
2
7
6
6
6
10
11
3
6
7
4
8
4
7
1
10
10
10
13
7
7
5
4
4
4
4
7
3
3
5
2
9
10
6
5
4
1
2
1
1
5
1
4
4
11
11
6
5
11
5
4
8
8
5
10
10
5
5
6
6
6
9
5
6
8
8
2
6
4
4
4
0
0
0
0
5
8
1
0
5
5
5
4
6
0
10
7
3
2
6
5
1
12
0
4
4
2
0
8
7
3
0
8
2
9
0
5
5
8
8
6
1
2
3
3
6
6
6
0
5
2
0
7
10
10
8
8
8
5
5
14
6
5
5
8
0
0
4
4
6
11
1
0
0
1
0
0
0
7
2
5
7
0
0
4
2
5
5
5
4
5
5
0
0
0
4
3
3
1
2
2
2
5
2
3
2
5
1
4
4
4
1
2
0
3
2
8
2
5
4
2
12
10
9
9
5
4
6
6
7
3
3
0
0
0
0
0
0
0
2
0
1
1
1
2
2
13
17
17
17
3
3
2
2
2
2
2
8
1
0
1
1
2
2
5
3
2
2
1
1
1
0
1
1
3
7
3
3
6
6
3
8
8
1
1
0
7
7
1
3
0
3
10
0
2
2
1
17
1
1
0
3
5
0
1
6
6
6
6
2
0
0
0
4
2
1
1
3
4
3
5
2
6
1
1
3
5
1
1
1
1
1
6
6
4
0
0
0
0
1
6
6
1
1
4
1
0
0
9
2
2
2
2
2
6
6
6
0
1
7
0
1
1
5
3
3
3
1
0
3
10
4
3
0
0
1
3
3
1
3
1
7
7
5
4
0
10
2
2
0
0
0
0
0
7
2
4
0
8
1
1
4
4
1
2
2
3
3
3
3
3
0
0
4
1
0
0
3
2
2
7
4
1
1
0
0
0
0
1
3
3
2
3
3
4
4
4
1
6
6
6
6
3
1
4
4
5
4
4
4
2
1
2
1
1
0
0
0
2
1
0
0
2
4
4
3
1
1
0
0
0
2
2
0
0
2
2
0
0
0
0
5
6
3
4
0
2
2
1
4
0
4
4
4
0
2
0
3
0
1
1
1
0
0
0
0
0
4
4
4
1
5
5
5
1
1
3
2
2
2
2
2
2
4
0
0
2
1
3
2
0
4
2
6
8
8
8
2
0
0
0
1
4
4
2
0
1
6
1
2
2
2
2
3
1
1
3
1
1
1
1
4
1
3
4
2
4
2
3
3
0
2
2
1
1
1
1
3
3
4
1
1
1
4
0
1
0
3
3
6
0
0
1
1
1
0
0
0
5
2
1
0
0
2
0
1
2
1
3
2
2
2
2
1
1
0
0
3
3
1
7
3
0
0
0
0
2
2
2
2
1
2
0
0
0
1
0
0
0
0
0
4
4
4
4
4
4
3
4
1
2
2
2
3
4
3
3
0
2
4
4
7
3
2
2
1
1
2
0
0
0
2
2
2
2
2
1
1
1
2
2
1534
