../2_Decay/DataFilesGe/Decay/415387G2.TXTBackgroundRemoved 
0
0
0
0
0
0
0
0
0
0
0
0
0
0
48
220
1
17
3
2
33
8
19
0
13
20
9
0
30
11
29
0
9
0
9
1
1
3
3
0
6
8
0
23
8
0
17
11
0
0
23
12
5
0
5
6
0
0
15
15
3
0
13
0
9
4
0
0
0
2
0
9
0
3
7
0
0
3
14
0
0
0
17
0
10
0
28
0
9
3
0
15
6
12
3
6
2
0
0
0
11
10
0
10
6
14
33
5
0
16
17
30
0
12
0
19
0
0
18
8
6
0
35
1
0
11
0
7
39
0
21
11
24
7
14
9
25
0
4
15
22
10
21
17
11
0
35
8
14
5
16
19
4
10
19
6
34
6
27
28
5
32
5
0
0
6
6
0
3
0
0
0
5
23
26
13
12
34
3
17
0
8
0
10
2
3
10
2
0
10
23
32
18
21
3
17
7
24
0
21
11
16
0
0
19
14
9
1
6
13
19
2
3
17
0
0
22
20
14
21
0
29
0
0
18
0
13
6
0
8
0
10
12
15
1
9
12
6
0
0
0
31
16
14
18
22
0
2
3
0
4
8
0
14
6
3
25
15
1
9
15
2
2
9
0
12
2
9
0
0
1
15
12
9
0
12
0
0
0
11
11
3
12
12
0
6
5
8
15
3
7
0
0
0
1
2
22
2
4
0
0
9
0
0
0
1
3
3
2
7
5
6
0
3
6
0
0
3
12
8
1
0
6
0
6
10
0
9
0
3
8
5
0
10
13
5
7
13
9
10
0
0
2
0
1
0
0
0
0
1
43
11
2
3
3
3
0
9
0
0
3
5
1
0
0
0
6
6
0
5
0
4
0
0
4
0
2
1
0
1
0
2
13
0
2
0
1
3
1
0
5
5
4
1
1
0
0
10
0
0
5
0
0
0
9
0
7
6
2
5
4
5
6
3
2
0
8
6
1
12
0
0
6
0
0
2
5
0
0
0
8
0
0
7
0
0
8
0
0
2
0
0
0
1
10
2
4
4
0
0
0
0
1
0
0
0
4
6
9
5
8
0
2
0
8
0
9
3
5
8
3
1
3
0
1
0
0
6
0
0
4
3
2
0
1
0
2
1
3
6
0
2
0
0
0
0
0
0
0
0
3
4
17
6
17
7
3
7
4
0
0
7
2
6
0
6
8
4
0
0
4
2
0
0
0
1
0
0
0
0
0
1
4
3
0
0
0
6
0
0
4
0
0
0
0
0
0
2
0
2
0
5
0
0
1
0
1
0
12
4
0
0
2
1
9
0
0
0
3
7
4
5
11
6
5
0
2
0
1
2
3
0
1
0
0
1
1
0
0
0
0
0
0
0
0
0
0
22
27
8
4
0
0
1
0
0
5
0
0
0
0
0
2
1
1
0
0
1
0
0
0
0
0
4
0
0
0
0
2
2
2
0
0
3
3
0
1
3
0
0
0
0
0
0
0
1
8
6
25
9
8
0
2
0
1
0
0
0
2
0
2
0
0
0
3
0
0
2
1
1
0
3
3
1
0
1
0
2
0
0
3
0
0
2
2
0
0
1
3
0
1
0
3
0
0
0
1
0
0
0
4
0
3
0
0
3
0
0
2
1
0
5
0
0
5
2
0
0
2
0
0
0
0
0
0
0
0
1
0
0
0
3
0
1
0
0
6
0
0
0
0
0
0
4
0
0
0
1
0
0
0
5
0
0
2
0
0
0
0
0
1
3
1
0
1
1
0
4
3
0
0
2
0
0
3
2
3
5
0
3
0
0
0
0
1
0
0
0
0
0
1
1
0
2
0
0
0
0
0
0
0
2
0
0
0
4
1
0
0
0
3
0
0
0
0
2
0
4
0
0
0
0
0
0
0
4
4
0
1
0
0
1
0
0
0
1
1
3
5
0
6
4
0
0
0
0
0
0
1
0
1
0
2
3
0
2
2
0
0
0
0
0
0
0
0
1
3
1
0
0
1
0
0
2
0
0
0
0
0
0
0
0
2
1
0
1
3
4
5
12
3
0
0
2
3
4
0
0
1
0
4
1
0
0
0
0
1
0
0
0
0
1
0
0
0
0
1
2
0
3
0
0
2
0
5
2
0
1
0
1
0
0
0
0
3
0
0
0
0
1
7
5
2
4
2
1
1
1
1
1
0
1
0
4
2
0
0
0
0
3
0
2
0
3
0
0
5
0
1
0
0
3
0
0
0
0
0
0
3
3
2
0
1
0
0
0
1
2
0
1
2
0
1
1
0
2
0
0
0
0
0
0
0
0
0
0
3
0
0
0
0
0
0
1
3
0
0
0
4
1
4
0
0
1173
