../2_Decay/DataFilesGe/Decay/415344G2.TXTBackgroundRemoved 
0
0
0
0
0
0
0
0
0
0
0
0
0
2
17
113
48
31
44
31
38
18
34
3
10
10
48
26
19
43
51
8
28
13
36
38
22
24
32
14
31
23
35
24
24
22
20
20
7
20
51
23
33
34
25
8
20
32
24
26
20
36
27
5
5
27
37
33
20
36
70
8
52
43
28
33
30
4
44
44
43
37
31
7
14
25
62
56
45
25
48
27
55
61
47
37
39
67
37
54
56
55
38
52
42
56
59
42
25
8
60
30
43
43
72
38
53
49
41
31
62
34
40
57
40
64
44
46
29
47
55
56
70
61
46
42
71
39
24
50
39
36
57
46
66
44
64
80
39
68
36
56
64
66
36
47
27
56
30
43
33
38
44
32
38
50
32
18
39
28
58
45
28
30
39
50
23
45
43
46
5
35
8
33
14
39
59
20
37
32
37
39
19
48
42
41
22
40
19
29
34
9
28
23
38
42
24
33
31
33
11
14
24
38
28
13
24
13
39
34
25
40
19
6
36
26
7
25
23
17
24
35
23
23
23
29
21
36
36
8
22
51
36
31
39
35
3
16
23
20
20
29
22
34
15
6
24
19
20
17
25
20
24
0
11
28
25
15
19
9
11
22
13
12
16
20
18
16
12
19
12
11
15
23
13
22
8
16
12
13
13
1
1
18
14
20
29
13
4
2
3
8
8
14
17
4
14
9
14
10
5
18
16
10
16
14
9
1
17
22
13
14
12
12
11
13
5
12
12
0
12
9
9
5
8
8
4
6
19
9
11
2
11
10
5
5
5
5
18
21
42
45
26
7
5
0
5
21
21
3
3
7
11
8
4
5
5
8
11
14
5
9
13
9
9
3
4
4
12
6
3
2
7
12
2
2
5
5
5
0
0
2
5
6
2
9
9
5
5
9
5
10
7
5
10
10
6
7
1
3
2
2
20
4
7
0
5
15
7
1
8
3
3
7
2
2
4
1
1
1
1
8
4
5
4
9
10
10
10
1
2
5
4
1
5
1
3
3
9
2
5
5
0
9
6
6
12
7
8
0
10
7
3
0
5
6
1
4
4
15
15
3
10
5
10
3
6
9
5
5
9
3
5
5
5
5
1
1
0
9
1
1
3
3
3
3
3
3
5
5
5
14
8
21
11
7
5
8
4
5
2
12
2
4
7
7
13
0
3
3
3
9
4
5
2
8
8
5
0
3
1
4
1
4
4
4
4
2
0
6
1
4
5
4
4
7
7
8
4
6
0
7
0
0
0
7
1
1
2
12
7
6
2
2
4
4
4
4
0
12
8
10
6
21
17
2
6
6
1
0
0
0
0
0
1
1
4
4
4
4
4
4
6
6
3
2
5
8
31
19
13
0
5
3
3
3
1
3
5
2
4
4
2
0
0
7
3
3
1
1
1
1
0
3
3
3
2
1
1
2
2
4
3
4
3
3
0
3
5
5
5
5
5
1
1
1
3
11
21
13
8
8
1
1
1
2
2
2
2
4
1
0
1
7
7
0
3
3
8
3
0
4
2
9
1
0
3
4
4
0
0
0
4
4
1
1
2
2
2
7
1
4
2
2
2
7
3
3
1
2
7
3
2
3
3
2
10
10
0
2
7
8
6
5
5
2
1
4
9
2
4
2
2
2
2
7
2
5
0
0
3
0
2
7
1
0
5
1
3
1
1
1
4
4
0
4
4
4
2
5
1
1
2
0
4
4
1
0
1
5
5
1
5
4
0
4
0
0
0
2
0
1
1
2
2
4
6
2
0
0
4
0
0
2
1
2
8
3
3
1
3
3
0
4
2
0
6
0
0
0
1
0
4
2
2
5
5
4
0
0
2
2
2
4
4
4
1
1
1
6
2
4
4
1
2
3
0
0
0
0
0
2
1
5
0
0
0
2
3
6
7
7
4
4
4
1
0
0
0
5
4
4
3
2
2
0
0
1
6
2
2
2
1
2
1
1
5
2
0
6
1
2
2
3
1
3
0
0
0
0
0
0
1
0
1
4
6
5
6
8
11
7
7
4
3
3
3
3
3
3
3
0
1
1
3
4
4
2
7
1
2
4
2
1
2
2
2
0
0
2
2
4
4
4
4
1
2
2
2
2
2
2
2
2
4
1
1
1
1
3
3
1
4
5
5
5
9
5
2
2
2
6
0
3
3
3
3
4
4
5
3
2
0
0
0
0
0
0
0
1
1
3
3
2
2
3
0
1
1
1
1
1
1
2
6
6
0
6
6
2
2
2
0
3
3
1
0
3
1
8
6
6
0
3
3
0
0
1
0
2
0
3
3
1
1
3
3
3
3
0
0
1
1
1636
