../2_Decay/DataFilesGe/Decay/415309G2.TXTBackgroundRemoved 
0
0
0
0
0
0
0
0
0
0
0
0
2
2
54
200
87
75
78
56
35
31
17
4
11
35
36
21
29
21
44
18
27
17
16
37
11
17
12
18
9
31
28
19
9
17
26
14
21
10
30
1
27
11
11
11
9
12
16
12
16
34
9
10
40
33
19
24
24
26
30
3
45
21
21
23
13
17
6
16
16
36
10
22
22
22
32
24
23
37
35
16
37
23
16
21
37
47
27
11
53
39
20
35
15
29
29
22
24
18
17
30
12
46
17
26
24
36
15
46
48
28
32
34
40
20
22
39
62
45
23
32
9
46
32
20
40
16
21
1
34
68
27
50
54
22
46
38
48
43
33
22
17
17
27
33
28
15
12
10
49
30
11
16
30
25
7
14
15
7
24
17
4
41
36
28
24
20
11
38
30
30
14
11
11
6
32
34
29
21
21
24
21
43
38
22
16
47
16
31
15
24
28
5
34
38
14
19
35
29
24
10
31
23
12
14
18
18
14
15
14
18
8
10
24
10
10
10
19
6
29
2
26
26
18
15
14
11
12
12
8
13
20
6
15
14
3
5
11
11
13
25
10
10
6
11
11
7
7
11
9
20
18
8
4
18
13
14
9
1
14
17
3
10
23
5
7
7
5
6
1
20
16
1
10
27
27
27
6
3
7
16
13
0
10
10
11
11
14
14
14
14
8
1
3
14
4
2
7
18
18
5
5
5
9
9
9
12
10
6
9
2
10
15
6
6
8
3
3
12
8
2
14
2
8
8
10
16
16
16
6
6
7
10
1
27
27
0
4
5
10
12
3
6
5
4
2
11
8
6
6
6
0
6
6
2
12
1
8
9
5
5
3
2
3
3
3
0
7
6
1
1
3
3
7
7
0
5
5
4
7
9
3
3
1
4
1
0
0
6
6
6
5
0
0
0
3
3
1
6
15
15
6
5
3
5
0
4
8
8
8
5
11
11
11
6
6
4
4
5
5
4
5
5
5
5
5
1
2
2
10
0
7
1
5
6
7
0
3
3
3
1
1
1
1
5
4
3
1
4
2
2
9
0
9
2
4
5
3
4
4
1
1
3
0
0
1
0
0
7
2
10
4
5
1
1
14
1
7
4
4
0
8
8
4
5
8
3
3
3
6
6
11
1
1
3
10
4
2
2
6
6
4
5
1
5
4
0
0
0
8
1
3
3
2
2
5
3
1
9
9
2
9
4
3
6
6
5
5
2
3
4
4
6
4
3
7
0
1
3
3
1
5
5
1
1
1
1
7
8
2
6
6
11
6
6
6
6
3
3
4
2
7
7
1
1
2
1
0
1
1
4
4
0
2
3
5
5
6
11
11
11
1
1
2
4
2
2
11
2
4
1
5
7
7
7
1
8
8
3
5
5
6
0
0
0
0
1
5
7
5
5
1
4
4
4
1
1
1
5
0
0
2
2
2
1
2
2
0
5
5
1
3
2
2
2
2
6
6
4
2
7
3
3
4
2
3
3
0
0
1
2
0
3
0
3
3
3
6
6
0
3
1
2
7
3
6
6
6
3
3
3
6
2
1
1
3
3
3
0
0
0
2
0
0
1
0
3
3
8
2
5
5
3
0
0
0
3
2
2
4
0
3
0
0
4
4
1
7
1
1
1
1
0
0
2
2
1
1
4
4
1
2
6
6
6
2
4
4
4
3
3
3
3
1
6
1
6
1
5
2
6
2
2
3
0
2
3
5
1
0
0
7
1
6
6
0
0
1
1
1
0
3
2
1
0
1
1
1
0
0
2
1
1
1
0
1
1
3
3
4
4
2
2
2
2
2
2
2
0
0
3
3
0
0
1
0
2
1
6
2
5
5
5
5
5
5
5
5
0
0
1
1
1
1
1
2
2
3
1
1
2
1
0
1
0
0
0
4
3
2
2
1
1
0
0
2
1
2
2
6
6
2
3
3
3
3
3
3
5
0
0
0
0
0
0
9
9
3
2
2
1
0
2
1
1
8
0
0
2
2
2
2
2
5
0
0
3
1
1
1
3
3
3
5
3
1
1
4
6
6
2
0
0
1
1
1
4
4
0
0
1
0
1
2
1
2
2
2
4
0
1
2
3
2
2
2
2
2
2
4
2
2
5
0
1
1
4
4
4
4
4
0
0
1
0
2
1
5
0
0
0
0
0
0
0
0
4
5
3
6
6
0
2
2
2
0
0
1
0
0
0
0
3
0
0
0
1
3
1
2
0
0
0
0
0
1
3
3
3
3
0
2
0
0
0
0
0
0
1
2
1
1
1
1
0
1
0
0
0
0
0
0
5
5
2
0
0
0
0
0
0
0
1283
