../2_Decay/DataFilesGe/Decay/415397G2.TXTBackgroundRemoved 
0
0
0
0
0
0
0
0
0
0
0
0
5
3
41
211
170
87
61
97
43
43
69
38
45
11
32
22
10
8
33
33
20
5
11
12
30
0
4
9
6
25
5
1
1
3
8
29
29
16
32
19
19
10
3
3
6
9
34
11
25
25
25
1
15
13
26
19
11
11
4
4
29
16
0
33
7
35
28
4
18
30
26
26
5
5
22
29
15
15
14
8
20
27
46
2
42
2
51
22
8
34
14
38
53
11
59
25
14
38
18
22
20
34
25
26
32
36
20
28
28
23
38
29
48
29
20
20
55
22
21
47
45
22
4
28
22
21
22
13
42
28
21
38
49
17
56
36
28
47
5
29
52
12
18
10
12
26
32
45
13
32
49
7
21
0
32
23
15
39
17
30
17
17
26
32
31
36
6
21
16
25
8
20
16
9
16
16
16
21
16
22
29
18
27
28
9
22
0
12
18
12
7
7
21
8
7
21
29
13
14
6
13
17
31
17
17
8
16
14
7
15
20
14
19
11
5
12
12
18
7
27
12
17
0
14
15
9
9
9
38
28
26
21
31
19
11
5
1
15
10
8
24
14
10
9
11
6
12
13
1
10
0
4
13
16
11
20
20
20
20
1
3
23
13
13
10
1
4
13
13
7
13
19
19
7
9
10
10
16
10
6
6
13
10
6
22
2
17
3
7
15
15
3
3
7
0
0
12
15
2
8
1
10
3
2
7
1
13
27
10
10
10
13
8
1
1
2
10
7
14
6
4
1
3
8
10
5
7
0
0
1
5
5
2
2
2
15
15
7
11
15
3
2
6
0
0
3
4
11
11
3
8
0
1
4
2
6
6
6
2
1
9
3
8
4
6
5
2
1
3
3
9
3
1
2
5
5
4
5
9
0
6
4
4
1
1
1
0
4
4
2
2
8
8
3
3
0
4
3
11
1
3
5
2
10
13
0
10
10
5
3
4
3
3
4
5
8
8
5
0
4
4
1
1
3
9
1
3
1
1
10
10
10
10
0
3
3
2
0
0
0
0
0
0
7
7
4
3
2
0
3
3
5
6
6
3
2
13
3
2
2
5
5
5
1
2
2
2
2
6
1
0
3
3
6
0
0
6
5
2
1
2
2
2
1
1
1
1
0
6
4
10
9
17
12
5
2
2
7
7
4
1
3
3
2
2
2
0
3
9
6
6
6
7
7
2
2
2
2
2
3
3
4
2
0
0
0
0
0
0
0
0
0
0
0
3
3
3
2
1
8
2
2
2
1
1
1
6
4
1
1
1
3
3
3
3
1
10
6
2
9
12
10
1
1
1
1
0
3
0
1
1
1
1
4
3
3
1
1
1
1
5
6
14
3
8
8
12
21
8
11
11
3
3
0
0
2
2
5
7
1
4
4
4
6
1
1
3
3
4
4
0
4
4
0
0
0
4
3
0
0
2
0
3
1
3
3
3
3
3
3
3
8
10
2
7
3
4
10
12
4
4
4
1
6
3
4
0
0
1
1
0
4
0
1
1
2
1
2
2
2
2
2
7
3
3
0
3
3
0
0
0
0
0
0
0
0
3
1
5
0
3
3
2
2
2
0
0
3
4
5
5
1
1
0
3
2
1
1
1
2
5
2
2
3
3
5
0
0
0
0
0
0
1
1
3
3
3
2
3
2
2
0
0
0
4
3
1
4
1
1
2
3
4
6
5
6
3
3
3
1
1
2
8
8
2
0
0
0
0
2
2
0
0
0
0
1
1
1
8
2
2
4
4
8
5
3
1
1
4
1
4
1
5
3
4
2
2
3
3
3
3
3
1
4
2
5
0
4
2
1
1
2
2
7
7
1
1
1
6
2
2
5
0
0
0
2
2
2
2
1
1
1
1
4
3
3
3
3
0
1
2
3
2
5
5
4
7
0
2
2
1
1
1
1
1
0
1
2
6
2
0
4
3
3
1
1
2
2
2
2
2
3
3
0
3
1
1
2
1
5
5
2
2
3
3
3
3
3
3
3
2
1
2
2
2
0
3
1
3
4
0
2
2
3
3
3
4
4
1
0
6
6
6
7
0
0
3
2
2
2
2
5
5
5
2
2
1
1
1
2
2
2
2
1
0
0
0
0
0
0
0
0
2
2
0
5
3
3
3
1
6
0
0
3
2
5
0
2
1
2
5
5
5
6
6
0
0
3
3
2
2
1
1
1
3
3
1
1
3
3
3
0
4
2
5
5
2
2
2
0
0
1
0
2
0
1
0
0
1
1
5
5
5
0
2
1
0
0
2
2
2
1
1
0
1
3
3
3
1
1
1
0
3
3
3
3
5
5
5
0
0
1382
