../2_Decay/DataFilesGe/Decay/415395G2.TXTBackgroundRemoved 
0
0
0
0
0
0
0
0
0
0
0
0
0
0
15
8
7
2
25
26
10
24
24
9
21
27
31
48
28
37
34
2
7
16
6
25
14
7
7
16
18
29
8
10
5
4
2
17
13
13
14
23
16
2
19
0
0
19
21
10
8
21
19
0
6
19
16
11
18
3
0
2
43
16
19
4
4
19
0
23
20
8
18
7
18
18
37
38
49
12
27
34
46
56
50
27
29
17
23
11
35
27
29
53
42
10
56
11
13
41
49
24
25
24
34
50
13
25
28
53
64
39
58
33
21
14
23
17
42
37
51
26
25
40
20
64
36
47
33
41
40
19
49
22
31
9
47
18
56
24
33
38
47
34
9
28
11
23
19
33
26
33
21
18
18
31
21
26
15
23
8
20
12
35
42
2
17
28
25
11
26
13
26
38
21
21
17
30
3
13
49
34
22
37
37
18
17
3
25
28
24
2
7
1
41
15
17
36
36
3
14
14
1
32
20
9
9
9
22
7
8
21
5
5
23
3
13
16
17
26
6
7
37
25
25
14
18
18
18
18
8
59
19
22
49
12
2
12
25
18
12
8
14
14
14
5
16
6
12
5
10
4
15
1
5
13
19
16
16
17
17
12
13
13
8
20
6
15
16
12
12
30
15
14
7
24
7
7
9
5
11
2
2
5
17
31
6
11
10
1
9
13
10
6
11
11
12
1
13
11
11
9
1
8
13
2
6
6
18
7
12
13
6
12
8
16
8
19
19
19
14
3
3
3
10
1
17
12
6
4
2
5
10
6
7
0
0
0
6
20
50
16
5
12
10
6
1
15
1
5
4
7
3
15
5
5
12
8
2
3
6
8
9
10
3
11
1
5
4
8
4
0
12
12
3
11
6
6
1
1
1
12
5
5
7
6
2
2
2
1
1
2
5
5
11
11
11
11
8
8
6
1
13
11
11
2
4
6
2
2
3
11
11
11
5
5
5
3
3
1
1
1
7
14
4
2
3
3
4
1
3
3
3
3
4
1
1
4
11
5
5
5
5
5
4
4
8
12
8
0
3
7
3
2
12
8
1
5
7
9
0
7
2
2
1
3
3
2
2
1
5
2
8
2
6
0
5
5
5
4
1
3
6
6
6
4
4
4
0
0
0
3
14
17
10
7
6
6
6
8
8
6
2
8
3
11
1
2
2
5
0
0
6
6
4
4
6
1
0
0
2
3
0
4
4
5
5
3
3
0
7
5
3
1
1
1
1
1
0
0
4
1
4
1
1
7
7
7
4
4
4
0
3
3
2
2
2
8
1
7
7
9
9
15
3
3
2
4
2
3
3
3
0
0
0
1
7
1
1
1
1
1
0
4
3
3
7
20
40
11
3
6
3
3
3
6
2
8
3
4
4
4
4
2
2
0
5
5
5
0
0
0
3
5
3
3
1
2
3
4
4
1
1
4
8
3
4
1
1
1
1
1
1
1
3
3
1
13
13
10
4
6
6
0
0
7
2
4
0
0
6
3
3
2
0
0
1
2
7
4
4
4
4
2
1
4
4
4
2
2
2
2
3
0
0
1
4
4
3
5
0
4
0
4
2
2
2
2
2
3
3
1
1
4
4
4
4
0
0
0
2
5
7
1
1
1
1
0
6
5
5
5
5
3
1
6
3
2
1
1
1
4
2
2
2
0
6
0
0
1
2
0
0
3
1
1
5
3
3
4
3
2
2
3
0
0
5
2
2
2
0
0
4
3
1
3
3
1
1
2
2
4
3
2
2
2
0
6
0
4
1
0
0
0
0
0
5
2
2
2
2
2
1
1
1
6
2
2
5
5
3
1
2
1
1
4
4
4
1
1
4
4
3
3
0
0
0
3
3
0
1
3
3
2
1
3
0
0
3
3
1
4
6
0
0
0
3
0
6
4
4
1
3
3
3
1
1
1
0
5
1
1
1
3
0
3
0
0
2
2
2
2
2
2
2
2
1
0
0
0
1
5
4
5
5
0
0
0
0
0
5
3
2
2
2
4
1
4
15
7
7
0
0
0
1
2
3
3
1
0
0
0
5
5
5
5
0
0
1
2
5
6
1
0
0
2
1
4
2
0
1
1
2
1
2
2
1
1
1
0
1
1
1
1
2
1
1
2
0
0
2
4
1
3
6
2
1
0
3
0
0
0
3
3
0
0
0
1
1
0
0
1
4
4
4
0
0
0
0
0
0
2
2
2
4
2
2
2
0
0
2
0
4
6
2
4
0
0
0
1
0
2
4
3
4
4
1
0
0
3
4
4
1
1
0
0
0
0
0
0
2
2
2
2
2
1
4
4
4
4
4
0
0
1532
