../2_Decay/DataFilesGe/Decay/415377G2.TXTBackgroundRemoved 
0
0
0
0
0
0
0
0
0
0
0
0
3
1
30
109
28
17
13
55
36
30
14
8
31
18
2
20
20
33
25
12
7
9
20
13
8
26
4
18
17
17
0
13
0
16
0
6
0
4
15
0
7
10
17
7
7
12
1
17
0
13
0
20
26
3
28
7
0
0
4
0
28
21
8
5
37
25
0
1
10
20
4
17
24
2
51
31
2
8
16
9
27
0
24
10
38
46
25
20
14
26
0
36
26
37
3
19
18
38
13
40
37
0
23
42
27
23
23
34
17
21
18
15
15
34
14
12
42
38
10
34
40
44
29
39
23
31
14
29
21
22
34
23
49
17
38
27
58
22
14
42
25
29
48
38
22
16
42
38
49
35
47
21
14
26
15
34
0
18
23
29
4
30
24
26
19
22
25
21
6
4
31
23
7
9
10
14
24
24
41
45
29
29
30
17
13
9
32
20
9
19
16
0
16
14
18
21
28
24
23
13
21
29
10
9
11
15
11
4
7
14
3
25
30
5
24
13
14
9
4
15
19
6
11
7
26
11
0
9
16
56
12
18
20
10
9
0
20
9
11
18
5
28
13
12
13
2
0
11
12
12
2
7
13
14
18
17
10
18
4
14
19
10
9
6
2
11
9
7
0
12
17
3
1
7
1
4
15
6
13
0
0
0
4
27
15
14
0
1
17
18
4
4
8
0
0
6
12
2
6
3
3
2
1
6
2
0
5
6
3
0
4
2
5
10
0
0
5
3
9
15
3
0
0
0
2
20
12
9
4
4
0
9
0
0
0
0
3
16
49
14
11
0
6
1
0
4
6
0
2
9
10
13
0
9
3
4
5
5
0
6
0
7
2
0
0
4
0
2
3
1
17
0
3
0
4
9
5
1
0
10
5
0
0
10
0
0
0
0
6
0
0
1
5
0
0
3
0
2
9
0
8
6
10
1
6
0
5
4
12
8
5
0
0
1
0
0
2
0
3
1
1
10
0
6
7
0
4
3
6
3
11
0
0
2
0
3
2
1
1
0
0
4
3
3
0
5
9
5
0
8
4
13
11
6
0
10
5
0
3
2
1
0
0
0
4
2
0
0
2
3
5
7
7
0
3
4
0
6
0
0
2
0
0
0
0
0
0
0
7
9
16
18
5
9
0
3
5
2
3
1
9
1
4
0
2
3
0
6
10
0
0
7
0
4
4
0
1
0
1
3
0
3
0
5
0
0
0
3
0
5
0
5
2
6
0
0
4
2
7
3
0
0
0
1
3
4
7
1
4
0
0
4
0
2
0
0
3
5
1
0
15
10
8
4
0
2
2
0
0
3
7
0
3
3
0
0
0
0
0
0
0
8
4
0
11
22
12
3
0
1
0
0
2
2
1
1
6
0
0
0
2
0
0
7
4
4
7
0
0
0
2
2
0
0
5
0
3
3
2
3
6
6
6
0
7
4
2
0
0
0
0
0
1
2
8
10
17
15
0
4
0
1
0
1
4
1
1
0
0
0
1
0
0
1
0
2
0
0
0
5
0
0
0
5
1
3
1
2
2
6
0
0
0
3
0
0
0
1
5
2
0
0
0
0
1
6
1
0
4
2
1
3
0
0
3
1
0
0
6
1
2
3
0
7
0
0
0
4
0
1
5
1
3
3
0
1
0
0
0
5
0
0
0
1
4
0
0
1
0
0
0
1
2
6
2
0
2
6
8
0
0
0
0
0
4
6
3
3
0
0
0
4
3
0
0
2
0
6
0
0
3
0
2
0
5
8
0
0
1
2
1
1
1
0
2
0
3
0
5
0
3
3
0
4
1
4
2
0
0
1
0
0
1
3
0
0
2
0
0
5
2
1
0
2
0
3
1
1
0
3
0
0
0
2
1
0
0
1
5
2
0
6
2
2
0
4
6
3
0
2
0
4
0
2
3
4
1
5
0
2
0
2
0
0
0
0
6
0
2
0
0
5
0
0
2
0
0
1
3
1
3
2
1
3
0
0
0
1
3
3
0
2
5
3
5
6
18
8
3
2
0
0
0
0
4
0
0
0
0
0
1
0
4
0
0
1
3
3
4
3
2
1
0
5
0
2
0
0
0
0
0
0
1
4
0
1
2
3
0
0
0
0
0
0
0
0
1
1
3
0
0
5
7
0
11
3
4
2
1
0
1
0
0
0
0
0
0
2
3
1
0
0
0
2
1
0
0
0
0
2
1
2
0
0
0
1
0
0
3
0
0
0
1
1
3
0
0
0
0
0
3
0
0
0
0
0
0
1
0
0
3
0
0
0
0
0
0
0
0
0
0
2
0
0
0
0
0
3
0
0
1062
438
