../2_Decay/DataFilesGe/Decay/415305G2.TXTBackgroundRemoved 
0
0
0
0
0
0
0
0
0
0
0
0
4
1
13
82
16
25
44
22
19
17
24
11
25
19
18
31
20
17
23
6
22
12
10
24
19
23
10
17
16
13
14
14
20
2
13
7
29
18
24
9
6
16
15
10
15
14
30
24
10
14
9
0
21
14
13
3
4
6
0
0
11
53
0
12
27
28
25
2
17
2
0
15
0
0
28
7
33
21
14
3
41
30
23
18
29
9
30
6
17
35
0
84
18
27
37
20
22
16
18
51
32
24
18
16
22
26
38
22
36
25
33
28
31
24
0
20
46
30
22
34
16
16
41
37
29
24
34
46
36
30
29
39
39
36
50
27
17
46
33
0
49
16
46
36
15
0
45
26
5
25
27
9
1
38
37
14
0
19
44
21
25
16
7
23
23
22
27
39
13
9
5
42
0
9
20
15
21
0
21
5
8
17
14
31
7
15
22
27
30
4
27
22
27
50
16
20
18
10
48
10
12
32
12
5
7
0
9
23
13
29
5
2
14
11
20
9
10
12
5
8
4
10
26
20
6
7
36
0
0
17
1
5
26
21
7
15
2
3
16
20
17
14
0
0
5
4
18
0
26
17
3
2
18
14
16
22
4
5
11
3
0
21
12
0
3
0
9
11
4
10
18
14
3
11
7
0
5
7
0
11
3
4
0
2
0
0
6
0
4
11
11
15
3
7
0
10
17
1
0
13
4
4
6
0
0
5
17
5
5
0
0
8
0
10
7
9
12
0
21
8
15
8
0
5
4
12
0
11
5
5
4
1
13
26
0
0
5
11
9
0
0
6
12
3
0
0
7
5
0
9
2
6
4
0
2
7
3
0
0
6
5
1
4
0
2
4
7
0
3
8
3
0
5
0
2
0
8
0
4
5
2
6
4
0
0
0
0
0
0
1
4
3
1
0
1
6
1
0
0
0
1
11
1
1
7
0
4
6
4
8
0
4
2
5
5
3
1
8
0
5
0
0
0
0
2
11
0
0
3
4
6
1
9
0
0
7
7
6
0
0
0
0
2
5
8
1
5
4
5
0
1
1
0
2
9
2
0
4
2
2
1
1
0
0
1
0
0
0
0
9
3
3
4
0
4
6
7
3
5
2
7
0
1
2
10
6
0
0
0
1
3
10
4
1
2
0
5
3
2
5
3
1
0
3
3
2
0
0
1
11
0
7
0
0
1
0
0
3
3
6
5
7
0
5
0
3
0
0
2
0
4
3
0
0
2
0
1
1
4
0
8
7
9
0
5
5
0
5
0
0
2
4
8
7
0
1
1
1
0
0
0
0
3
0
2
1
0
0
0
7
0
3
0
2
0
2
0
15
1
0
0
3
2
3
6
1
4
5
1
4
0
0
0
4
0
3
4
0
0
3
1
4
0
0
4
0
4
1
0
4
0
0
0
0
0
0
0
0
0
3
0
1
5
0
0
5
3
10
0
0
0
0
0
0
0
3
1
2
0
5
0
1
0
5
1
0
1
5
3
0
0
0
0
1
1
0
9
0
0
2
2
1
0
6
8
1
0
0
0
2
3
0
0
0
1
0
2
1
3
1
0
0
1
3
1
0
0
4
0
4
7
8
0
0
0
2
1
1
1
0
0
5
0
3
1
0
3
0
0
2
0
0
0
1
0
0
1
0
0
1
2
3
0
7
1
0
0
0
5
3
0
0
1
2
0
2
0
0
0
2
0
0
0
2
5
3
4
0
0
1
0
1
0
5
0
1
1
0
2
0
0
0
5
1
1
5
0
0
0
4
2
0
2
0
0
1
1
0
1
0
2
0
0
2
0
0
3
0
0
0
0
0
7
2
0
0
0
0
2
0
0
0
0
0
0
0
0
0
0
0
0
0
0
3
6
0
3
0
2
4
7
0
2
0
0
2
1
0
6
0
2
1
0
3
1
3
0
3
3
0
0
1
0
5
0
2
2
0
0
5
0
0
4
2
1
1
1
3
5
1
1
3
4
5
8
0
0
0
0
0
0
0
7
3
1
2
0
1
1
0
1
2
0
3
0
0
0
0
0
0
1
0
4
1
0
0
2
0
3
6
0
5
0
2
2
0
1
2
1
8
0
0
0
1
0
6
3
1
0
1
0
0
0
1
0
0
0
2
0
6
0
0
0
0
4
2
1
0
1
1
1
1
0
0
0
3
5
0
0
5
0
3
2
0
0
0
0
0
0
0
1
1
0
0
0
1
0
0
1
0
5
1
4
4
0
1
0
0
5
0
0
2
2
0
0
1
0
0
0
4
0
0
1
0
2
0
1
1
3
0
3
0
0
0
0
0
3
2
0
0
1
1266
