../2_Decay/DataFilesGe/Decay/415369G2.TXTBackgroundRemoved 
0
0
0
0
0
0
0
0
0
0
0
0
1
1
26
107
18
32
35
43
29
29
57
57
27
35
43
50
37
32
50
24
37
27
24
36
26
39
34
17
31
38
31
25
17
30
13
38
23
18
38
8
36
14
28
8
29
37
30
20
43
33
23
26
51
35
49
41
30
25
32
15
70
23
18
41
56
44
39
53
59
57
27
32
15
23
67
53
67
25
58
46
51
65
70
57
44
59
67
60
53
72
65
35
62
67
71
57
46
63
53
55
68
53
48
77
43
46
51
55
82
31
67
78
59
65
49
57
75
61
51
54
55
78
55
70
66
49
50
73
48
66
95
46
55
26
68
13
46
65
19
48
58
35
52
64
52
51
50
48
34
45
53
35
30
56
56
31
47
30
30
52
31
36
68
56
32
41
27
60
27
23
40
25
8
33
11
41
48
48
40
38
36
48
44
26
30
25
38
33
65
23
21
15
30
28
13
31
22
18
35
38
23
33
24
29
8
29
21
24
11
28
19
2
35
25
24
21
30
30
36
27
16
16
30
31
34
24
38
13
36
26
10
24
15
30
19
12
18
17
25
25
33
30
7
20
22
17
21
16
6
11
7
26
13
20
12
10
11
18
10
21
21
21
15
18
6
15
6
22
10
17
27
12
18
15
1
13
18
11
17
19
45
19
3
21
8
18
17
11
21
15
15
14
22
13
17
2
2
18
13
17
4
18
10
19
9
9
11
13
14
12
8
3
9
8
15
10
7
12
0
19
5
9
14
21
15
23
11
9
9
17
12
5
7
28
1
4
19
6
22
10
18
5
6
17
17
6
6
6
6
6
8
5
5
6
14
8
6
8
14
14
3
12
5
9
3
6
4
2
3
0
10
5
5
3
13
11
9
9
3
1
11
2
9
7
4
8
7
11
4
4
2
9
13
3
6
10
10
10
7
8
13
10
2
10
6
18
11
6
1
18
6
5
3
6
6
7
7
7
18
5
5
6
7
5
2
6
1
1
12
13
1
1
7
2
3
9
14
11
8
9
5
0
4
8
8
2
3
10
8
10
4
6
8
7
7
4
6
6
3
3
10
5
5
3
3
3
1
1
3
8
4
0
4
4
4
4
3
7
3
5
0
0
3
6
17
17
4
4
3
2
5
5
13
5
3
3
3
11
0
0
7
8
4
6
3
9
9
1
8
8
5
4
3
8
0
2
2
6
3
8
9
9
1
6
6
9
1
7
7
0
0
0
4
4
10
10
2
14
14
14
5
7
5
8
2
0
3
13
13
2
0
6
9
17
2
2
3
5
3
9
1
3
1
2
2
4
4
4
1
3
4
0
3
3
2
6
9
17
18
18
18
3
2
2
8
8
0
4
5
6
0
7
4
4
2
0
1
1
4
4
1
3
9
12
2
3
2
3
7
7
2
1
1
1
4
4
10
9
9
3
0
1
2
0
0
5
4
16
16
2
2
1
1
1
0
9
9
3
0
5
5
1
2
3
5
7
2
2
4
4
1
10
3
1
3
3
3
2
2
6
0
5
1
2
6
0
1
1
1
3
0
0
1
1
1
1
6
6
3
1
1
1
2
2
5
0
7
9
5
10
2
7
7
0
2
3
3
0
2
3
3
2
2
3
8
1
7
4
4
4
4
4
1
1
2
2
2
2
5
6
3
3
0
2
0
0
4
6
4
6
0
0
5
1
6
2
0
0
0
2
2
4
4
4
6
2
2
6
2
1
7
1
1
3
2
0
0
3
1
0
4
4
1
1
3
9
9
4
2
2
6
0
0
3
2
4
2
0
0
0
0
5
5
5
5
3
9
9
5
5
5
1
6
5
5
5
0
0
4
1
1
2
2
0
0
3
3
2
1
1
1
4
4
5
2
2
5
4
4
0
4
3
3
0
3
0
0
0
1
1
3
1
1
0
3
7
4
3
5
0
0
3
2
2
2
0
3
1
1
0
0
0
2
1
1
3
7
2
3
3
3
5
1
10
19
19
7
2
0
2
6
6
3
0
0
4
0
5
5
3
3
1
0
0
0
4
4
0
0
0
3
2
3
3
3
0
1
1
1
1
0
3
3
1
3
4
0
3
3
3
2
2
2
1
1
4
0
3
2
7
4
4
2
2
2
0
4
2
1
7
2
2
0
5
3
0
0
2
2
2
5
2
2
2
2
0
0
1
3
3
5
6
0
0
0
4
2
0
1
2
3
8
1
0
0
1
2
2
2
4
1
6
1
4
2
2
2
1
2
2
1
4
4
4
5
1
1
4
2
2
2
2
2
2
2
2
6
6
6
0
2
3
2
0
0
0
2
0
0
0
2498
2498
