../2_Decay/DataFilesGe/Decay/415389G2.TXTBackgroundRemoved 
0
0
0
0
0
0
0
0
0
0
0
0
0
1
32
132
4
14
6
1
7
12
3
3
14
6
29
9
15
17
18
18
18
14
14
14
14
14
5
7
4
4
6
6
3
3
3
5
5
5
5
5
3
3
10
10
10
3
22
22
8
8
8
8
17
17
17
14
14
10
0
8
5
5
5
5
5
5
5
10
10
10
10
10
3
3
3
17
6
6
6
3
4
20
20
20
14
14
0
0
0
5
5
26
5
20
8
26
1
14
14
19
10
17
17
22
1
25
21
29
8
8
20
20
20
3
3
16
12
12
20
6
3
19
3
14
17
22
6
14
8
8
2
15
15
8
17
17
17
10
2
2
11
0
27
11
7
14
2
18
36
21
22
13
9
4
13
7
21
26
18
21
21
24
29
14
10
10
9
28
0
8
4
4
3
12
1
18
18
4
39
23
5
4
11
23
23
23
6
5
2
9
2
5
21
21
21
4
6
6
4
0
0
15
15
2
5
5
5
2
2
6
6
1
12
8
2
13
10
4
0
6
4
9
13
20
8
2
2
2
8
30
26
7
17
10
10
10
21
4
2
16
7
12
12
11
13
13
0
7
12
8
2
1
8
10
4
14
16
7
7
22
1
0
5
1
1
3
1
8
8
14
15
9
13
13
9
12
14
4
6
6
6
6
6
20
8
0
5
5
2
13
3
2
8
8
8
1
4
12
4
1
3
5
5
5
5
3
14
12
12
12
4
0
5
6
6
9
4
7
12
11
16
16
7
5
7
17
2
3
1
1
14
14
0
0
0
0
0
10
29
0
8
8
2
7
7
11
0
3
3
4
1
11
11
2
7
3
5
1
5
8
6
1
14
1
1
1
2
2
2
2
7
7
3
0
6
6
5
5
1
12
6
6
6
4
4
4
4
6
6
2
2
0
0
0
3
3
0
10
7
7
5
2
1
1
2
3
1
3
5
5
3
7
7
7
1
0
0
8
8
2
0
5
6
6
4
1
1
1
1
4
0
3
3
3
1
2
9
8
8
3
3
3
11
2
2
5
5
8
0
0
3
3
2
3
0
0
6
7
5
5
2
2
2
0
0
1
0
0
0
4
4
0
1
0
1
1
1
5
3
2
2
2
2
2
2
2
2
2
2
5
22
16
14
11
1
1
0
5
1
2
6
2
3
1
1
1
0
0
1
4
1
3
3
3
6
6
6
6
6
6
6
4
4
4
4
4
3
1
2
2
2
2
2
2
0
0
5
0
0
0
0
9
9
0
5
5
5
4
2
1
1
1
0
0
0
0
2
7
4
5
18
11
0
0
6
1
0
0
0
0
0
0
0
0
0
0
0
0
0
0
3
3
2
3
9
15
23
5
5
1
1
3
3
0
0
2
2
3
0
3
0
0
2
4
0
0
3
0
0
0
0
0
0
0
0
0
2
2
1
2
0
0
2
0
0
3
3
3
3
3
0
2
2
1
6
3
20
7
4
4
4
4
4
6
2
0
0
0
3
3
0
0
8
8
0
3
0
0
0
0
2
5
1
5
0
1
3
3
3
3
0
0
0
0
0
0
2
2
4
1
1
3
3
3
5
2
1
1
5
2
2
0
0
1
0
2
4
4
0
9
3
1
0
0
0
4
4
2
2
2
1
1
1
6
6
6
2
0
1
0
0
1
1
0
4
1
0
2
2
2
2
2
1
0
0
0
1
0
0
2
2
6
1
1
1
0
2
2
2
2
0
0
2
2
2
3
3
3
3
0
6
5
6
4
4
1
1
1
4
4
3
0
5
5
4
3
3
3
1
0
0
1
1
1
4
4
1
0
4
0
0
2
2
1
1
1
1
1
3
3
3
0
1
0
4
2
1
0
2
1
1
2
0
3
3
0
0
0
2
1
3
4
1
1
1
0
0
2
0
0
0
0
0
0
0
0
0
0
4
0
0
0
0
0
0
0
0
0
4
1
0
0
1
0
2
0
0
0
2
1
3
0
0
0
0
0
0
0
0
0
0
2
0
0
5
5
12
3
6
2
2
2
2
0
0
0
2
2
2
2
2
2
2
3
3
3
2
2
7
7
7
0
0
5
1
1
0
0
0
0
0
2
2
2
2
2
2
2
2
2
2
2
2
0
0
2
2
3
3
3
0
6
10
10
0
0
0
0
0
0
0
0
0
0
0
6
6
0
0
0
0
1
0
0
0
0
0
0
3
3
3
1
1
4
4
0
2
2
2
0
0
0
0
0
1
3
3
1
2
2
2
0
0
0
0
2
2
2
2
2
2
2
2
2
0
1
1
1
1
0
1
2
1
3
1
1
2
2
2
1
1
1198
