../2_Decay/DataFilesGe/Decay/415329G2.TXTBackgroundRemoved 
0
0
0
0
0
0
0
0
0
0
0
0
2
4
36
178
53
71
82
57
47
51
44
22
24
35
41
28
26
36
36
18
28
16
26
26
19
12
24
34
5
8
29
23
30
2
13
18
8
9
3
17
12
36
31
5
3
24
8
8
7
12
29
3
11
5
26
13
4
14
5
22
22
24
6
20
20
42
28
28
16
17
15
15
1
1
46
8
29
7
14
37
26
37
6
60
38
27
20
29
28
57
17
38
50
42
61
25
13
44
28
17
33
45
51
26
27
41
50
34
32
32
53
41
37
47
22
11
55
18
58
24
28
50
23
55
63
49
28
56
28
46
45
38
40
38
59
15
58
48
36
43
23
22
42
35
30
10
25
36
32
70
14
24
18
10
18
40
32
12
33
17
29
26
27
28
26
44
30
36
21
28
13
45
16
14
25
35
7
23
56
45
21
55
33
35
0
25
23
30
20
19
27
9
45
27
28
35
33
20
34
25
14
36
16
0
10
15
34
24
5
19
13
17
19
23
0
11
11
20
4
19
15
11
9
14
16
31
31
31
21
42
20
18
18
22
15
22
12
12
5
23
9
19
10
4
21
11
6
6
14
15
6
14
12
15
9
10
4
10
3
8
18
5
9
18
14
11
16
12
12
10
25
5
15
17
5
15
8
4
8
8
8
4
8
27
25
25
6
2
14
1
4
4
2
4
18
5
6
5
7
15
14
6
20
9
5
2
4
4
15
16
2
11
15
4
3
23
5
5
13
12
12
6
7
6
14
15
15
6
6
0
8
1
4
4
4
4
4
17
51
6
3
4
11
6
3
10
11
4
0
7
10
9
10
6
6
11
7
13
8
5
6
5
1
6
3
0
0
3
5
5
2
0
0
6
0
0
2
2
11
11
4
1
0
13
13
13
5
4
4
4
5
3
5
14
1
4
6
3
5
5
5
0
0
4
9
17
17
17
8
3
16
6
6
6
6
7
3
3
3
3
3
3
4
9
12
12
14
3
6
1
1
2
2
2
9
5
6
7
7
7
7
7
2
5
4
3
4
5
0
0
5
2
8
7
3
2
9
4
2
3
3
7
5
1
1
9
9
1
1
1
5
1
6
0
4
7
3
6
3
3
3
2
0
0
3
3
3
3
1
7
18
11
15
6
4
6
9
9
0
1
11
0
3
3
9
0
4
8
5
0
0
3
4
5
3
3
3
3
3
8
0
5
0
6
3
2
3
3
1
3
0
0
2
0
2
0
0
0
4
2
2
3
0
6
0
5
4
3
3
0
5
5
8
8
8
4
5
6
6
5
7
10
4
0
4
3
5
4
4
3
3
0
0
2
2
2
7
1
1
1
1
2
0
0
6
13
28
5
3
4
2
2
4
4
2
3
5
4
4
4
4
2
3
2
10
1
0
0
2
2
4
7
7
7
0
0
0
2
4
1
2
1
4
5
1
3
2
2
2
2
2
2
2
4
4
8
18
7
7
6
6
4
10
0
6
6
0
0
1
10
2
0
7
1
1
1
7
7
7
1
1
5
0
3
5
1
1
1
1
0
3
3
4
0
0
2
0
4
0
1
1
5
5
2
6
6
3
1
2
3
2
6
6
0
4
3
0
0
3
5
0
0
0
6
6
6
3
5
5
4
3
1
1
8
1
4
0
0
0
5
2
2
1
1
4
0
1
2
6
2
2
2
3
0
5
0
0
0
0
10
10
2
2
1
6
3
0
6
6
2
1
3
4
1
2
5
5
1
0
1
1
3
1
1
2
0
0
5
5
5
2
3
1
2
1
1
4
4
3
3
2
2
1
1
3
3
1
1
0
0
0
0
3
0
0
0
0
0
0
0
1
1
1
1
5
5
1
1
1
2
2
3
2
3
3
3
0
0
0
0
1
4
1
1
0
4
5
5
5
0
4
4
0
0
0
2
2
0
0
1
1
1
1
0
1
0
0
1
1
1
1
1
2
0
2
2
2
5
5
5
5
1
0
3
9
0
0
2
1
5
1
4
0
2
2
0
8
6
0
5
4
4
1
3
0
1
1
1
1
1
3
3
4
6
0
0
7
2
4
4
0
1
1
0
0
0
0
2
2
1
1
0
1
5
5
1
0
1
2
2
2
2
2
2
0
2
2
1
6
4
4
2
3
0
1
2
2
3
1
2
2
2
2
2
1
5
0
0
2
0
1
2
1
2
2
2
2
0
1
1
1
0
0
1
1
0
2
1
0
0
0
2
0
0
0
2
2
2
6
6
4
4
4
0
0
2
2
5
5
0
0
0
4
0
0
0
1
2
1
1
0
2
3
2
2
4
2
2
2
0
2
1530
