../2_Decay/DataFilesGe/Decay/415354G2.TXTBackgroundRemoved 
0
0
0
0
0
0
0
0
0
0
0
0
12
4
8
57
36
36
35
11
36
38
42
0
21
11
19
20
22
35
22
26
22
5
12
8
26
15
26
12
13
8
23
0
0
15
9
0
14
16
21
1
0
11
17
0
4
7
9
12
11
7
1
0
20
7
4
20
11
21
0
21
18
1
13
0
0
18
1
7
0
23
12
1
0
0
42
23
9
13
0
0
36
37
5
0
13
14
34
2
26
9
0
12
1
29
27
3
16
28
13
15
10
23
38
12
0
33
6
19
20
23
31
25
26
35
8
14
14
15
4
13
4
19
31
38
23
16
22
12
24
38
25
20
27
25
40
18
39
13
6
11
15
10
31
51
13
14
13
32
39
28
29
18
47
4
20
23
27
24
30
18
20
4
53
22
20
23
27
31
3
14
11
17
15
0
29
21
0
16
17
33
6
18
33
10
1
11
33
9
8
12
11
14
27
13
0
13
20
0
17
4
6
25
17
13
0
31
3
21
3
16
0
10
19
23
18
10
13
9
10
14
13
11
18
23
12
1
0
0
21
32
16
10
10
8
11
3
6
4
9
11
6
14
0
11
4
23
19
12
6
11
3
6
0
6
0
2
7
9
5
30
19
16
6
4
2
11
27
22
0
20
11
27
5
13
12
0
15
11
7
10
0
7
7
18
6
4
13
14
5
5
22
3
1
3
1
0
6
4
8
7
8
4
8
6
0
8
2
15
5
4
8
1
4
4
0
9
9
4
19
7
0
0
5
8
13
10
0
12
5
1
2
1
2
0
0
2
15
21
55
13
3
5
1
0
1
9
3
11
0
2
4
0
14
6
6
15
2
0
4
4
3
11
7
2
8
5
0
1
3
0
10
5
8
8
0
2
4
1
2
2
6
0
6
3
3
0
0
8
0
0
0
2
13
0
5
0
0
0
5
10
0
6
6
5
6
0
0
1
8
4
1
12
0
1
4
3
0
3
2
1
8
4
1
2
8
0
3
1
3
4
2
2
1
0
0
0
5
10
6
0
4
0
2
8
2
0
4
2
0
3
3
1
5
6
1
4
3
0
0
0
6
2
9
1
3
7
0
2
11
3
5
5
0
2
5
0
0
5
0
7
0
0
0
0
0
0
0
0
1
6
10
19
6
9
0
4
4
6
5
6
5
9
1
0
0
5
0
0
1
9
4
10
0
0
2
0
0
0
1
0
6
0
2
0
1
0
2
1
5
6
4
0
0
1
5
0
2
0
8
1
3
1
0
3
0
0
0
4
0
1
4
0
3
0
0
4
6
5
7
7
25
11
10
0
2
0
3
0
0
2
0
0
0
5
6
1
5
0
0
0
0
0
2
4
11
14
21
3
4
2
1
1
1
0
3
0
3
2
1
4
4
0
0
0
8
0
4
0
1
1
2
0
0
4
1
1
1
1
2
2
0
1
4
0
1
2
0
0
0
0
0
3
0
0
3
18
7
12
2
9
1
4
0
0
2
0
4
6
3
0
0
2
5
2
3
1
8
1
2
2
0
3
0
4
0
3
0
0
0
2
0
0
1
0
3
0
0
1
4
0
4
0
2
1
0
0
0
4
0
3
0
2
0
0
1
0
0
0
1
2
0
0
4
3
0
4
2
4
1
0
0
3
0
0
0
0
1
2
0
2
6
0
0
0
0
0
1
0
2
0
0
4
3
3
3
1
0
1
2
6
2
5
1
4
2
2
3
0
0
0
3
3
8
2
0
0
0
0
1
5
1
4
1
0
4
1
0
3
0
0
0
0
1
0
1
3
0
1
0
0
0
0
0
0
0
0
2
0
3
0
6
0
0
2
0
0
0
0
1
0
0
0
0
2
0
0
0
2
0
6
0
1
0
2
1
0
0
0
1
2
8
0
0
3
0
6
1
2
2
0
1
0
0
1
0
3
1
0
0
1
1
0
0
2
1
0
2
1
2
2
1
1
1
0
4
2
0
0
0
2
0
0
0
4
3
0
0
1
0
3
1
3
2
4
8
4
14
6
4
0
0
3
0
2
0
1
0
0
0
0
0
0
0
2
0
0
3
0
0
2
1
0
0
0
4
0
0
4
6
0
0
1
0
2
1
0
0
0
0
0
0
0
0
0
2
6
5
0
3
6
0
5
1
0
5
1
4
5
0
1
1
0
4
0
1
0
0
0
0
0
0
1
1
0
0
0
0
0
0
1
4
4
0
1
1
3
0
0
0
0
0
0
3
0
0
0
2
1
1
3
0
0
2
0
1
0
1
3
0
2
1
0
1
0
1
4
2
0
0
1
2
1
4
0
0
0
0
0
1
2
1360
28
