../2_Decay/DataFilesGe/Decay/415346G2.TXTBackgroundRemoved 
0
0
0
0
0
0
0
0
0
0
0
1
5
2
25
115
73
72
61
50
60
74
55
25
34
34
21
45
37
54
32
37
21
13
25
39
27
35
46
43
42
42
58
21
22
6
14
33
31
32
26
38
29
34
21
14
35
28
39
29
44
27
41
32
28
56
44
35
53
32
12
37
56
41
17
37
24
37
21
53
51
74
68
53
52
42
91
95
109
92
150
109
104
107
120
82
100
64
71
76
71
46
49
66
40
30
47
67
15
52
32
54
41
59
40
54
47
42
39
40
46
68
81
35
64
57
53
51
47
66
41
80
57
38
48
34
62
47
50
83
58
70
89
63
55
32
59
45
46
54
37
36
50
43
35
55
45
33
34
24
61
22
60
25
21
42
28
21
53
39
35
43
47
44
51
43
42
32
28
22
19
25
31
19
34
37
43
30
34
36
45
31
35
48
51
28
23
23
19
43
28
42
15
34
27
23
27
31
39
11
11
25
40
34
25
15
22
2
33
9
17
31
22
16
35
18
23
25
22
18
14
27
35
30
19
22
36
13
13
10
22
66
24
25
20
28
17
11
22
15
19
28
17
25
24
8
2
4
19
21
26
15
26
17
4
14
9
14
13
0
27
11
23
6
9
20
7
23
19
24
24
20
29
24
24
12
20
10
16
12
7
1
1
15
7
32
37
12
11
8
12
9
13
19
8
20
17
2
9
12
15
18
5
5
8
12
15
3
22
4
15
18
15
7
6
9
11
21
7
0
13
7
11
5
1
16
9
17
15
7
6
24
20
18
6
6
6
6
8
22
62
21
16
26
13
14
11
11
4
9
6
22
4
12
16
4
20
20
12
10
4
18
15
3
9
7
10
9
3
3
4
5
8
8
8
2
14
2
3
6
5
13
3
3
0
15
5
6
9
11
6
7
4
4
3
1
14
14
4
2
5
7
7
12
12
8
6
16
13
13
1
7
5
4
6
7
3
6
6
4
4
2
3
8
11
5
9
9
4
7
6
7
8
8
1
1
0
0
10
9
2
2
2
2
1
5
5
12
5
5
10
8
3
12
13
6
3
6
2
5
6
10
4
2
12
1
2
2
9
1
6
6
0
8
8
8
0
6
0
3
3
8
7
10
10
2
0
0
0
0
7
9
14
27
18
3
13
13
0
7
2
1
13
7
5
5
5
0
0
0
8
2
3
8
1
9
5
2
6
4
1
8
3
1
3
3
0
2
10
4
5
3
1
2
7
3
1
1
7
5
12
1
0
1
1
1
3
3
3
3
2
0
3
1
0
0
0
4
6
6
11
8
20
15
7
7
5
6
4
1
1
5
3
0
3
1
9
5
4
1
1
1
1
2
12
6
7
19
34
12
6
8
8
6
2
2
2
2
1
4
2
0
0
0
0
2
3
1
1
1
2
2
4
5
5
6
4
4
5
1
1
10
0
0
7
1
3
4
4
0
0
0
0
0
0
6
2
10
13
14
6
4
4
5
5
3
4
0
0
4
5
5
2
4
2
2
2
7
2
1
1
1
5
4
4
2
4
5
5
5
5
5
3
3
3
0
1
4
2
8
6
4
4
4
12
2
4
1
1
1
8
8
8
5
5
3
3
4
4
5
5
7
3
1
6
0
1
1
5
4
1
5
0
2
0
1
2
4
4
4
4
4
4
4
1
1
4
2
3
6
3
3
3
3
3
3
4
8
1
1
7
1
1
1
0
5
3
9
0
0
5
2
7
0
0
1
1
7
7
3
2
3
4
5
2
2
1
7
7
1
1
0
0
0
1
2
3
2
3
3
3
2
1
3
1
1
0
2
4
4
0
4
1
1
1
1
1
2
2
2
5
5
0
2
2
2
1
1
1
1
3
3
0
2
2
1
1
1
5
5
1
1
7
2
2
3
0
4
4
3
6
1
1
3
2
2
2
4
5
3
2
0
3
3
3
3
2
0
3
6
6
6
0
0
5
5
2
6
1
0
5
6
6
6
6
2
2
0
0
2
0
0
4
0
4
0
2
4
14
4
4
1
1
3
0
5
5
5
0
0
0
3
0
2
3
4
0
2
0
0
5
7
1
1
1
1
3
0
0
0
0
2
2
2
1
6
6
2
2
2
2
2
2
2
3
0
0
2
1
5
3
7
7
3
8
2
3
1
2
2
2
2
1
2
0
6
6
3
0
0
0
1
4
2
2
0
4
0
0
1
1
2
1
1
1
3
3
0
3
3
6
6
1
2
1
0
0
3
3
0
4
0
1
3
2
2
0
1
2
0
0
3
2
2
0
0
3
4
0
0
0
1
3
3
3
1
5
1
1
0
0
0
8
1720
