../2_Decay/DataFilesGe/Decay/415385G2.TXTBackgroundRemoved 
0
0
0
0
0
0
0
0
0
0
0
0
0
0
26
101
0
14
9
22
9
1
0
18
0
21
8
12
18
15
15
20
0
0
0
13
18
19
0
0
0
31
14
7
0
0
0
0
0
0
9
19
17
0
8
0
4
6
20
0
22
0
0
1
19
6
0
7
1
17
0
0
0
4
11
1
0
0
20
0
2
21
5
0
0
0
28
0
19
19
23
8
24
14
15
0
4
1
0
11
2
20
2
28
0
10
13
4
0
0
7
0
0
3
0
51
0
34
20
6
31
48
27
13
0
9
7
11
37
15
18
18
22
22
12
20
35
22
11
36
6
31
45
51
35
15
28
3
8
28
11
34
34
16
19
2
49
0
10
35
21
28
0
0
12
0
0
7
15
13
9
1
23
38
48
5
14
4
0
15
10
9
13
28
7
20
3
2
0
0
18
24
14
32
22
0
7
18
6
18
8
10
6
3
28
4
8
15
25
0
30
0
12
27
15
0
0
3
13
10
8
7
27
0
17
13
0
2
8
15
6
18
24
10
12
26
2
0
0
0
31
56
27
8
18
25
10
14
2
3
0
14
17
4
5
0
15
0
0
0
5
9
1
2
10
14
0
1
1
1
9
9
10
9
13
0
0
0
4
9
10
9
13
6
4
7
10
8
4
0
8
8
0
0
1
30
19
3
1
11
3
5
0
5
10
11
2
0
9
4
6
13
16
5
14
11
0
5
12
15
0
9
6
0
8
10
3
6
3
5
0
1
1
0
6
0
13
9
5
6
0
3
7
3
1
0
0
0
9
21
41
5
11
2
0
3
0
5
11
0
5
8
0
3
0
3
5
2
8
6
3
7
4
13
11
0
6
3
0
1
0
1
3
3
0
0
5
3
0
0
0
8
9
0
0
6
1
0
2
3
0
2
0
0
5
6
0
4
0
0
0
0
10
0
2
0
1
1
4
3
0
1
3
2
0
1
0
0
0
3
0
2
3
9
1
4
3
2
0
0
1
1
1
1
1
2
0
4
2
4
1
1
0
0
2
5
5
2
6
0
3
5
4
1
1
1
1
0
0
0
1
4
1
6
3
0
0
6
2
0
0
0
8
0
3
0
6
0
0
5
0
0
2
0
0
0
0
0
0
0
6
7
14
18
4
0
8
1
0
0
0
1
13
1
5
0
6
0
0
5
3
0
5
2
0
0
2
0
0
0
0
0
3
4
6
0
0
7
0
0
0
0
3
0
5
1
1
0
0
2
0
0
1
3
3
0
0
0
6
1
2
2
1
0
0
0
0
0
1
8
2
6
9
22
1
0
7
1
7
0
0
1
0
0
0
0
2
1
0
0
0
0
0
0
4
6
11
9
28
8
7
2
0
0
0
0
5
3
6
1
2
4
0
2
0
4
4
2
0
0
1
0
1
3
0
6
2
0
5
0
1
4
0
2
4
0
0
2
0
0
0
0
0
4
0
0
4
8
11
6
0
2
0
5
1
4
0
2
0
0
1
2
1
5
0
0
0
0
6
0
0
0
3
1
6
0
0
2
0
0
0
0
1
1
0
0
0
0
1
0
3
3
0
0
4
3
4
3
0
0
0
0
1
0
0
0
0
3
0
0
2
2
8
1
0
0
0
1
1
2
0
0
0
4
0
4
0
0
0
3
0
0
2
0
2
0
5
0
0
3
5
0
0
0
0
0
1
6
0
0
1
4
0
0
0
0
0
5
0
0
0
0
0
0
3
1
0
0
0
3
1
0
0
1
0
0
1
0
0
0
4
2
1
0
0
0
0
2
0
2
0
1
0
0
0
0
2
0
0
0
0
2
3
0
0
0
0
0
0
0
1
5
0
3
0
1
0
0
0
0
0
3
0
4
0
2
0
0
0
5
0
0
1
3
0
0
2
0
3
2
4
2
5
0
0
0
0
1
0
8
1
0
1
0
0
1
4
0
2
0
0
0
0
0
0
1
0
0
2
0
3
0
0
0
0
2
1
0
0
0
0
1
1
0
1
2
3
7
7
2
4
0
0
4
0
0
0
0
0
0
0
0
0
0
5
0
0
1
5
0
0
5
0
0
0
0
0
1
2
2
0
0
0
4
0
3
4
0
0
0
0
3
0
0
0
0
0
1
2
0
1
1
2
4
2
4
3
0
0
1
1
3
1
2
0
2
0
0
5
1
0
3
0
1
2
0
0
0
1
0
0
0
0
0
0
0
0
0
1
4
3
0
0
0
0
0
0
0
0
0
1
0
0
1
0
0
3
1
0
3
2
2
0
3
0
0
1
0
0
0
2
0
5
0
0
3
0
1
0
0
0
0
0
1259
