../2_Decay/DataFilesGe/Decay/415386G2.TXTBackgroundRemoved 
0
0
0
0
0
0
0
0
0
0
0
0
0
0
33
95
0
30
11
10
29
18
10
0
13
22
17
0
17
10
8
10
0
14
19
0
12
0
10
13
0
9
23
0
0
0
5
0
4
0
14
0
0
0
1
0
0
16
6
0
1
8
1
0
1
0
3
0
7
4
0
0
9
10
0
0
0
2
8
0
0
0
9
7
0
0
14
13
11
0
14
0
0
9
0
9
20
20
29
4
0
9
0
12
19
8
7
4
0
0
18
0
18
6
22
17
7
6
5
15
10
0
35
17
5
15
0
5
33
35
0
14
11
18
25
15
29
4
21
36
27
16
27
36
18
15
18
0
13
18
30
5
42
0
25
33
12
26
6
17
22
13
9
15
20
1
19
6
5
20
0
24
20
27
14
6
12
20
18
23
16
0
16
14
0
11
0
8
0
1
24
22
0
9
9
26
14
0
20
12
11
0
19
0
15
17
0
11
37
0
0
11
9
9
20
14
1
2
7
10
0
1
16
3
13
16
0
24
9
5
4
5
5
11
5
15
4
10
0
0
26
37
22
13
22
8
0
8
12
0
1
7
12
6
12
0
0
7
13
8
14
11
12
6
0
2
5
0
0
0
4
8
5
1
0
10
0
11
10
2
6
12
14
13
6
14
9
0
0
1
7
0
0
0
21
12
13
0
3
0
8
5
0
4
7
5
6
1
5
6
5
5
0
9
13
3
0
8
0
7
14
0
2
1
0
0
0
3
0
2
5
5
9
0
4
3
5
6
8
0
0
2
11
9
6
0
0
0
5
17
54
10
2
2
0
5
0
4
0
0
0
3
7
3
0
2
5
3
0
2
4
3
0
6
5
0
0
5
2
0
0
2
1
3
1
0
0
0
0
1
0
0
5
3
0
4
4
0
9
2
0
0
0
0
3
0
13
0
0
0
12
1
0
0
0
0
0
2
3
2
2
3
0
2
1
0
2
3
0
0
0
2
0
2
0
0
5
4
2
0
0
3
0
9
0
0
0
7
1
10
0
0
0
0
1
4
0
3
7
0
3
3
0
2
1
2
1
7
11
0
0
5
1
11
0
0
0
0
2
5
4
1
7
0
1
0
0
1
4
2
0
0
1
0
0
0
0
0
1
0
4
6
13
11
7
3
5
4
2
3
6
1
7
4
10
0
0
3
4
1
3
0
1
2
0
0
0
1
0
0
0
0
1
0
1
5
0
0
2
3
2
0
4
0
1
0
3
0
1
0
4
3
2
0
0
0
0
3
0
9
2
0
5
0
0
0
0
1
3
5
0
6
18
17
1
0
2
0
1
0
0
0
1
0
1
2
3
5
0
0
0
0
0
0
2
1
7
17
33
12
0
0
0
0
0
0
2
0
0
0
0
0
0
0
1
5
2
2
2
0
3
0
0
1
0
4
0
1
3
2
0
0
0
4
2
1
0
4
1
0
0
0
0
2
5
2
3
8
13
7
0
2
2
0
1
6
1
2
0
0
3
2
0
5
0
0
1
0
5
0
0
4
0
1
0
1
1
2
0
0
0
0
0
0
5
0
0
0
1
3
0
0
0
0
0
0
0
3
0
0
3
4
0
4
0
1
1
0
0
0
2
0
0
4
0
4
1
3
2
2
0
0
0
3
1
0
0
0
0
0
0
0
3
1
2
0
9
0
0
0
0
1
0
0
5
4
0
0
2
3
1
4
0
2
2
5
5
0
0
4
2
1
1
3
0
2
0
2
0
0
0
0
0
4
0
2
4
6
0
0
0
0
3
0
0
4
2
1
0
1
0
0
4
2
0
5
3
0
0
0
0
0
1
0
3
0
4
1
0
0
0
0
6
1
0
0
0
7
1
7
0
2
0
0
0
2
6
0
0
0
2
0
2
1
0
2
1
1
0
5
4
0
0
5
2
0
2
0
0
0
3
0
0
9
2
0
0
0
1
0
0
0
0
0
1
1
3
2
0
0
0
0
0
0
0
1
0
0
0
1
0
1
0
2
5
4
3
7
10
10
2
0
0
1
0
4
0
0
0
4
0
0
4
0
3
3
0
0
2
1
0
0
0
0
0
2
0
0
0
3
0
2
0
2
0
2
0
0
0
0
0
0
0
0
2
0
0
1
5
1
1
2
8
1
4
0
5
2
6
3
0
1
0
0
0
2
0
2
0
0
0
1
0
1
0
0
0
0
0
0
0
1
2
0
1
0
2
0
4
0
0
0
0
0
0
0
0
1
0
0
1
0
2
4
0
0
3
0
0
1
2
2
0
0
0
0
0
0
0
0
1
0
0
0
2
0
0
0
0
0
0
1
0
1239
