../2_Decay/DataFilesGe/Decay/415331G2.TXTBackgroundRemoved 
0
0
0
0
0
0
0
1
0
0
0
1
13
4
32
75
51
79
48
25
30
18
12
3
7
13
44
39
37
24
25
12
31
16
4
17
1
5
28
7
26
28
14
8
0
23
18
22
8
6
20
13
8
16
2
10
24
24
3
0
14
0
23
0
22
22
20
6
22
26
31
0
24
4
7
6
0
41
3
24
11
39
13
0
6
12
15
22
44
5
22
2
25
0
3
11
22
14
31
27
28
17
16
29
51
18
59
24
0
12
16
26
23
14
30
7
9
44
31
32
55
3
24
38
0
27
32
31
47
0
45
25
16
23
17
29
54
32
36
37
41
46
45
32
59
16
28
50
35
41
46
39
52
36
22
30
26
11
28
34
26
32
12
14
8
0
16
40
0
0
34
25
45
23
24
33
16
13
1
34
9
16
5
6
0
25
15
25
22
3
33
25
16
32
34
11
7
4
10
37
9
25
42
20
44
58
14
25
36
24
21
13
14
12
15
14
11
10
10
16
18
8
0
13
16
9
17
13
15
1
7
10
31
12
15
14
26
9
24
0
36
12
15
24
12
21
1
11
9
0
16
20
17
6
14
20
1
6
7
0
6
4
17
6
12
19
3
18
6
8
4
16
4
8
10
4
6
0
17
10
8
5
5
12
3
14
7
16
0
5
5
18
10
2
11
0
2
20
4
14
0
4
3
8
6
13
14
1
15
1
4
0
9
4
8
10
5
0
13
2
0
0
5
6
12
19
6
19
6
0
12
10
0
7
7
4
7
15
2
12
4
4
12
9
3
28
0
0
9
5
9
4
2
6
1
13
0
10
6
7
0
3
0
5
6
2
3
9
0
9
2
5
11
2
4
0
0
3
0
2
7
0
10
2
2
0
1
3
1
0
4
7
4
1
2
0
0
0
12
6
1
1
6
7
3
0
7
6
7
0
9
1
9
8
3
8
4
9
4
1
11
2
0
1
0
3
0
1
1
0
1
0
0
1
0
0
2
1
0
0
11
4
10
2
0
0
2
0
5
2
0
0
4
4
7
5
8
6
11
0
2
6
0
2
0
0
6
4
6
5
0
4
6
4
4
0
3
3
0
5
1
7
2
3
0
2
0
11
0
2
2
6
0
4
0
11
17
0
0
0
1
0
2
0
0
1
0
6
1
1
2
1
4
5
0
1
2
0
3
1
0
2
4
3
6
3
6
4
2
2
0
0
2
1
3
0
0
3
0
6
11
3
0
0
0
4
1
1
2
4
0
0
5
3
0
4
0
0
6
2
0
1
2
4
15
0
0
7
6
6
2
4
0
3
6
0
2
0
5
2
0
1
0
0
0
6
5
2
9
21
0
0
0
0
0
0
1
1
8
0
0
0
5
0
0
0
2
2
3
1
0
0
6
4
0
3
0
1
0
0
2
2
0
0
5
0
1
1
4
0
0
0
6
3
3
3
2
4
15
16
0
0
0
4
4
3
0
0
0
0
2
5
2
4
3
1
0
1
0
0
1
0
2
3
0
1
1
0
4
3
0
0
0
0
1
0
0
0
0
1
3
0
0
3
1
0
0
3
0
2
0
3
1
0
1
0
4
1
0
0
1
4
0
8
0
0
0
0
0
3
1
0
3
0
1
0
5
0
1
3
0
0
0
0
0
3
0
2
1
0
2
2
8
2
0
0
1
5
1
3
2
0
0
3
0
0
0
0
0
0
0
0
0
0
2
0
3
0
3
0
0
4
4
2
2
8
0
0
1
1
1
0
0
3
0
0
1
2
0
0
0
3
3
0
0
1
1
7
0
4
0
5
4
0
0
3
5
2
0
2
3
4
0
0
1
1
0
1
0
0
0
4
0
3
0
0
4
3
0
0
5
2
0
0
2
2
0
0
0
0
0
1
2
0
0
3
0
0
5
2
2
0
0
1
4
0
0
3
0
3
0
1
0
0
0
0
0
0
2
4
0
0
3
0
0
2
1
1
2
0
3
4
3
2
3
14
3
0
0
0
0
2
0
0
2
1
0
1
0
0
1
0
0
3
1
5
0
0
0
4
0
0
0
0
0
1
0
0
0
0
0
2
0
0
0
0
2
0
3
0
2
2
3
0
2
4
2
0
1
4
3
0
0
0
0
0
0
1
0
0
0
0
4
0
0
9
4
1
0
2
0
2
3
2
1
3
0
1
2
0
0
0
0
5
3
0
0
0
1
0
1
0
3
1
1
0
0
0
0
1
0
1
6
0
0
0
3
1
0
0
6
0
0
1
0
1
1
0
0
0
0
1
1
0
0
0
0
3
0
1
1
0
2
0
0
0
1
0
0
1
0
0
0
1383
