../2_Decay/DataFilesGe/Decay/415364G2.TXTBackgroundRemoved 
0
0
0
0
0
0
0
0
0
1
1
1
1
0
20
66
32
38
48
18
53
20
18
27
15
22
34
15
20
34
17
10
23
23
20
9
28
25
20
20
20
27
25
35
14
14
8
33
17
9
47
18
25
43
43
16
25
23
25
10
28
28
21
21
19
36
26
36
20
34
9
25
14
13
27
10
17
28
18
25
23
25
23
16
22
42
24
45
68
20
34
33
62
35
47
41
40
4
52
32
58
25
15
62
29
27
11
20
43
22
34
21
38
52
60
52
55
27
22
22
50
24
29
68
33
55
34
26
64
26
59
43
31
36
35
37
58
36
16
55
52
48
57
36
51
41
60
51
31
42
24
32
26
27
34
27
30
24
32
21
30
39
47
4
20
13
29
34
15
29
25
50
34
38
50
16
38
36
22
18
35
27
27
37
28
10
27
40
39
49
60
27
15
53
16
34
18
17
2
26
32
39
34
19
22
35
25
31
38
26
21
6
10
24
13
21
24
15
24
8
13
36
22
12
25
9
16
9
35
16
20
19
13
21
26
25
25
22
31
2
35
35
19
26
10
23
4
18
8
3
13
21
6
33
35
11
7
5
9
9
11
19
17
28
4
9
7
13
6
5
9
12
10
14
12
16
15
10
18
8
12
8
20
21
10
15
25
26
11
16
15
15
23
7
8
9
8
2
13
2
10
10
16
11
16
9
4
6
7
17
15
22
12
15
12
12
8
12
5
13
12
8
4
2
6
8
19
5
13
6
9
4
17
13
13
13
5
11
13
13
12
2
8
3
14
27
10
10
1
5
10
15
11
6
1
1
6
7
6
6
6
10
8
10
7
6
11
9
14
4
11
6
6
13
9
9
5
5
5
0
0
5
8
6
1
0
7
7
1
1
6
5
0
1
5
5
5
5
4
1
0
6
6
7
10
8
6
0
0
8
8
4
8
2
2
6
8
8
1
4
4
3
5
7
7
1
1
11
11
5
5
5
1
1
4
3
2
2
0
0
0
5
3
1
6
6
6
1
3
0
3
2
9
0
4
10
0
8
1
4
7
7
18
5
5
4
1
3
9
6
8
7
11
4
0
0
0
1
2
1
12
2
2
7
9
9
8
8
5
5
5
5
0
11
7
13
13
9
9
9
1
2
1
1
1
0
2
3
9
4
6
1
6
3
4
5
5
3
3
3
5
7
2
3
3
3
3
4
4
1
0
1
1
16
16
16
16
11
11
0
0
2
7
4
3
1
8
1
4
4
5
0
2
4
8
3
4
2
4
3
2
2
9
3
7
11
11
1
0
2
2
2
1
4
4
4
2
2
2
4
1
0
0
0
3
3
5
5
1
26
6
6
0
0
1
1
0
2
4
4
4
3
3
6
1
1
4
4
6
6
4
0
0
0
1
0
2
0
8
8
8
8
5
4
4
4
1
1
3
3
3
7
7
4
1
2
2
2
5
17
0
0
0
1
3
3
2
5
5
1
0
0
0
1
1
1
2
2
3
3
3
7
3
5
5
5
3
2
1
1
1
3
3
3
3
0
3
1
6
1
1
1
4
4
0
3
3
1
1
4
5
5
0
1
4
2
5
2
3
6
1
8
4
2
0
1
3
6
3
0
0
0
0
0
0
0
0
0
0
3
0
2
2
2
0
4
4
1
0
3
3
0
4
2
0
0
4
4
0
3
7
3
9
2
2
4
2
1
1
1
0
4
1
0
2
1
1
9
2
2
0
0
0
4
5
5
3
3
3
3
0
0
2
2
0
2
7
1
1
3
3
2
3
3
3
3
4
2
2
1
3
3
5
1
2
3
7
1
1
1
1
1
2
2
2
3
0
4
4
4
5
0
0
0
0
0
3
3
0
1
3
0
0
4
4
3
3
3
3
1
0
6
0
2
1
2
2
1
8
8
0
2
2
2
2
2
8
1
0
5
2
2
4
4
4
4
0
0
5
1
4
1
1
1
0
0
5
3
1
1
2
2
2
1
1
5
7
10
10
10
10
2
4
4
2
1
3
3
3
3
3
3
3
0
0
0
3
0
4
2
1
0
2
2
0
2
2
2
5
0
4
1
1
1
1
3
5
4
7
7
7
3
1
0
0
2
2
2
6
6
4
10
2
2
1
0
0
0
0
0
0
6
6
6
0
1
1
5
2
2
0
0
1
2
0
1
1
1
1
3
3
4
0
2
2
2
3
3
3
0
0
2
2
3
3
3
3
3
3
0
5
0
0
3
3
0
4
0
1
0
2
2
1
4
2
0
0
0
0
1
0
3
3
1
2
2
1
1
1
2
2
1
2
2
3
1
2
2
2
3
1
1
2326
2326
