../2_Decay/DataFilesGe/Decay/415383G2.TXTBackgroundRemoved 
0
0
0
0
0
0
0
0
0
0
0
0
2
0
36
104
1
15
27
31
16
29
0
0
18
11
0
13
18
32
5
14
13
0
0
11
5
11
7
16
12
9
0
4
4
3
11
4
16
0
19
0
0
14
26
0
3
17
10
12
19
9
3
2
16
2
0
0
1
3
3
0
20
0
0
0
0
5
2
0
9
0
0
15
0
0
16
0
42
0
14
11
37
23
19
0
8
2
21
5
0
38
9
42
0
0
6
22
0
3
20
13
0
13
8
11
1
9
12
39
18
0
7
19
8
30
11
8
45
24
20
10
16
23
4
33
33
47
0
21
12
12
50
0
11
12
16
1
29
0
19
0
15
16
36
7
22
41
12
19
9
26
11
4
9
12
0
0
5
16
19
12
12
28
28
46
7
16
9
18
8
17
20
24
2
0
7
19
2
19
15
35
16
29
28
0
2
5
18
8
18
7
20
0
29
11
0
20
14
11
14
0
16
21
10
0
5
16
10
16
2
16
9
6
14
8
0
1
9
4
5
12
13
13
0
15
7
1
0
0
14
60
22
17
28
18
14
0
0
0
14
21
3
22
0
10
2
11
9
2
11
17
2
9
11
5
0
16
0
1
0
19
0
9
0
0
6
2
14
14
3
4
4
1
10
13
1
0
0
2
26
8
0
4
13
17
17
4
7
0
5
10
2
14
15
6
8
2
5
8
4
4
5
7
2
4
0
14
0
21
5
4
0
3
0
10
0
4
6
9
7
15
7
0
8
2
7
17
5
7
4
0
1
1
0
0
0
0
7
19
49
10
2
7
6
6
0
11
0
10
0
2
1
11
2
7
2
4
6
2
3
7
5
8
8
5
0
1
0
0
0
0
0
4
4
0
1
0
8
0
0
12
8
1
4
1
1
0
2
7
5
0
3
8
8
0
5
2
4
2
3
0
3
6
2
2
8
12
1
2
5
0
7
5
0
3
6
0
0
0
1
2
0
3
0
2
6
4
0
1
0
4
4
0
0
0
0
0
4
4
6
0
0
1
2
10
0
6
1
2
1
0
0
0
4
9
2
0
0
10
7
1
4
4
3
4
0
0
1
0
6
4
1
3
0
0
0
0
0
2
0
0
0
0
0
0
0
0
0
0
2
10
7
11
14
6
5
3
4
5
1
5
5
6
1
0
0
2
1
0
3
1
8
2
2
3
0
2
4
0
0
1
1
3
0
1
0
0
0
0
3
2
0
0
0
0
2
0
2
0
1
0
2
3
0
1
1
0
1
3
1
0
0
3
0
0
0
1
6
4
1
5
5
13
11
0
0
2
4
2
5
2
0
2
0
1
4
0
0
0
0
0
0
4
1
4
7
26
42
10
0
5
1
0
0
0
6
5
2
0
0
1
5
2
0
1
4
5
5
1
3
0
0
3
2
0
9
0
0
2
0
0
0
1
5
0
0
0
0
0
0
0
2
5
0
5
0
8
13
1
8
2
3
0
0
2
1
1
1
4
1
0
0
1
0
0
0
0
4
1
0
3
3
1
0
5
1
1
0
0
0
0
2
0
2
0
0
0
0
3
2
0
0
2
0
0
3
2
1
0
1
0
0
1
0
4
2
0
0
0
6
6
1
3
2
1
0
6
0
9
0
0
0
1
0
2
0
3
0
0
6
4
0
1
2
0
7
1
0
4
5
0
0
0
3
0
4
3
1
0
0
5
0
0
0
0
1
0
2
1
1
0
2
4
0
2
0
2
0
0
1
0
0
0
0
2
2
2
0
3
1
0
0
0
0
1
1
2
3
2
0
0
0
0
5
2
2
1
0
0
4
0
3
0
0
5
0
2
0
0
0
2
0
0
0
0
0
1
0
3
0
7
1
0
0
0
0
0
3
3
1
0
0
0
1
4
0
5
4
4
4
0
4
2
0
0
0
0
0
0
2
0
0
1
0
1
3
0
2
2
0
1
0
0
0
2
1
3
0
1
1
3
1
2
0
1
1
0
0
0
1
1
0
6
4
0
4
1
18
5
4
0
0
3
1
0
0
0
0
4
0
1
2
0
1
0
3
2
1
3
5
0
0
3
1
1
0
0
0
0
0
0
6
0
0
3
0
0
0
0
0
0
0
4
3
1
0
4
0
3
0
3
0
9
5
1
4
0
0
0
4
0
2
0
0
0
1
0
0
0
0
4
0
6
1
0
0
0
0
0
0
0
3
0
0
0
1
0
0
5
4
0
0
1
1
4
0
0
0
0
0
0
1
0
0
1
0
0
0
0
0
3
1
6
0
0
2
3
1
0
1
2
0
2
0
0
0
1
5
0
0
3
1
1378
