../2_Decay/DataFilesGe/Decay/415357G2.TXTBackgroundRemoved 
0
0
0
0
0
0
0
0
0
0
1
1
0
0
13
77
25
19
39
54
58
35
17
6
22
33
45
14
27
28
39
44
38
22
40
9
11
35
34
43
54
27
34
18
24
37
18
26
29
39
25
28
16
28
26
29
10
22
41
25
47
34
35
44
41
26
52
33
27
30
41
29
41
42
45
45
28
63
35
63
50
40
40
45
58
43
68
50
70
70
43
51
43
66
78
49
51
77
29
41
71
60
35
65
77
53
87
42
42
80
51
64
42
84
83
72
43
82
97
52
81
42
51
93
48
54
40
46
104
42
51
70
38
55
67
66
47
81
46
49
85
68
81
53
58
53
63
45
60
51
37
44
64
46
43
76
58
41
40
34
67
50
38
37
31
67
44
59
47
63
52
48
41
48
45
42
33
47
32
39
35
31
7
23
21
24
31
40
33
44
47
49
25
43
39
34
23
31
17
41
17
9
35
27
20
35
56
40
53
23
44
23
21
31
11
11
26
29
24
16
16
37
23
23
45
30
9
20
24
20
24
28
29
24
11
26
14
20
68
4
26
30
25
17
26
31
14
28
18
1
23
31
30
16
20
16
12
14
24
16
16
25
17
16
14
14
15
16
11
18
7
25
7
14
14
19
15
24
32
10
24
13
25
18
6
21
18
10
13
9
14
18
25
12
13
0
11
14
15
4
13
17
17
12
7
21
18
3
8
21
18
19
3
16
13
4
7
1
19
28
10
12
14
12
13
21
13
8
21
18
16
12
17
9
18
11
6
19
2
7
11
15
15
7
0
24
7
1
4
7
6
1
7
11
0
13
13
9
18
8
8
10
3
9
15
3
4
10
13
4
0
10
4
17
9
9
6
4
9
5
7
9
13
5
9
3
3
1
10
10
2
17
5
7
7
9
3
4
12
6
0
11
3
8
10
0
6
0
0
6
4
9
11
5
13
11
6
13
4
0
5
0
0
4
0
5
2
4
0
1
1
1
2
1
1
7
3
10
10
10
3
5
10
6
5
5
5
2
11
11
2
19
19
8
11
15
4
1
2
5
5
5
13
13
9
2
2
8
6
8
4
5
1
6
1
1
1
10
4
4
7
2
0
3
3
5
11
5
7
16
9
4
3
9
6
13
10
2
5
5
2
7
9
7
5
5
7
6
0
5
5
7
8
6
0
5
2
1
0
0
5
3
8
15
2
2
8
7
7
4
4
6
4
6
5
5
0
4
5
6
9
9
5
3
2
3
6
1
1
1
3
5
3
1
2
0
2
1
14
8
11
2
4
8
9
6
6
3
3
3
0
2
0
1
3
3
2
1
4
1
8
8
1
1
1
5
1
3
14
21
17
2
0
3
3
2
5
4
4
4
5
4
5
5
5
5
4
4
5
5
3
0
0
3
3
4
2
7
5
5
5
0
3
0
0
0
0
0
10
2
2
6
5
1
1
1
1
7
6
9
7
7
4
2
9
9
0
0
2
2
3
3
2
2
3
6
6
2
2
3
6
1
1
3
7
7
7
1
10
10
1
5
5
8
2
0
5
1
4
0
0
0
3
3
4
4
1
0
4
0
3
3
3
3
7
1
4
4
0
2
0
7
7
6
6
3
3
5
1
1
3
4
4
6
5
3
4
1
5
4
4
2
2
5
2
7
1
15
0
0
0
0
1
1
1
0
3
3
3
1
4
5
5
6
3
7
0
0
0
1
3
1
1
5
2
2
0
1
1
0
0
0
6
0
5
2
7
5
5
3
3
2
2
2
9
9
1
4
4
4
3
3
3
1
2
2
1
4
3
3
3
1
2
2
3
5
1
6
4
4
1
6
2
2
2
2
1
2
2
2
1
1
1
3
3
1
0
2
2
3
0
6
0
4
4
4
0
2
2
2
2
2
6
0
6
1
1
6
6
8
2
0
1
4
4
2
0
4
2
1
1
1
1
3
2
1
2
2
3
1
4
4
4
1
3
3
6
6
3
7
7
5
0
2
2
10
9
8
8
0
0
7
0
1
5
5
4
4
4
1
1
1
0
4
1
6
4
2
0
4
1
1
1
0
0
4
2
2
1
0
3
3
0
1
3
2
4
1
1
2
2
1
1
2
2
4
1
2
5
1
3
9
2
1
0
0
0
1
1
4
1
3
0
1
3
3
3
0
0
0
1
1
0
5
2
1
1
4
0
5
5
5
1
5
3
3
5
5
0
0
3
3
3
1
1
1
2
0
4
4
1
2
2
4
0
0
3
1
0
0
7
2
2
2
2
2
3
1
1
0
5
4
3
3
0
2
1
4
0
0
5
5
6
4
4
4
1
1
2
4
4
1
2346
2346
