../2_Decay/DataFilesGe/Decay/415320G2.TXTBackgroundRemoved 
0
0
0
0
0
0
0
0
0
0
0
0
3
0
34
63
4
33
12
37
35
40
31
7
19
29
30
37
31
28
33
19
42
29
48
16
15
30
35
27
15
12
39
16
16
12
4
10
0
21
42
31
20
34
27
4
13
13
19
10
9
29
27
7
9
13
16
34
17
23
24
9
16
23
21
38
35
50
33
41
11
43
36
36
21
50
52
50
61
25
23
27
46
46
63
38
55
39
27
63
40
56
17
79
41
41
50
8
26
27
39
34
20
35
57
57
34
75
64
54
77
35
52
29
31
72
56
48
77
47
42
38
47
36
54
52
41
68
20
41
38
60
66
38
43
50
72
26
34
20
47
30
48
24
56
44
37
45
46
47
49
45
24
30
4
29
36
12
37
50
35
49
30
23
35
23
45
29
15
17
42
30
25
54
18
39
30
22
13
33
27
53
38
13
55
41
23
32
26
32
25
22
29
17
35
42
29
16
20
25
34
16
25
33
16
9
13
22
26
20
15
17
21
21
12
26
11
19
26
12
2
31
26
22
1
30
18
12
6
5
30
59
28
32
33
24
8
4
9
2
15
22
21
21
9
13
12
9
3
18
16
7
6
13
11
26
19
8
9
14
8
24
26
11
8
20
3
13
13
10
7
12
5
15
19
10
13
11
14
1
8
8
8
13
6
22
21
6
17
0
12
17
16
19
10
10
11
2
26
10
5
18
6
19
10
14
16
7
17
15
15
23
2
6
14
13
6
20
10
1
14
13
2
9
13
6
3
29
4
19
11
10
4
7
0
0
0
0
5
23
69
17
5
9
16
7
7
21
12
14
14
10
10
7
9
5
13
10
13
8
0
12
3
3
4
2
2
7
1
4
1
11
10
0
5
5
8
1
12
12
2
7
4
9
6
4
5
3
7
16
3
6
5
3
8
8
14
11
2
2
12
12
10
8
7
6
5
7
4
2
5
5
5
9
4
4
4
3
2
7
7
4
3
7
1
3
3
6
2
2
1
9
10
0
3
1
0
3
14
3
4
0
0
0
1
8
10
6
11
3
3
4
9
4
3
4
7
3
8
7
8
5
8
3
1
0
4
4
4
4
4
9
6
4
3
4
0
6
1
1
1
11
11
4
4
4
4
4
1
1
8
13
10
17
9
9
7
11
2
2
3
2
4
2
0
5
4
3
2
0
9
16
3
2
2
1
4
1
3
4
4
6
0
10
1
3
1
9
2
3
5
5
5
5
5
2
3
3
2
4
3
1
6
2
0
5
2
1
3
4
2
5
5
2
1
1
1
1
1
1
3
10
22
14
9
9
2
2
2
3
6
6
6
1
3
4
4
2
6
6
6
6
1
2
6
5
9
39
34
12
4
4
4
7
7
3
0
3
2
4
4
0
1
1
1
1
7
3
1
1
5
5
5
1
0
3
3
0
3
3
2
6
3
2
6
0
3
0
0
0
0
0
0
0
0
0
9
13
30
13
4
4
0
6
6
0
2
3
0
1
4
0
1
1
3
1
1
6
9
9
9
10
4
1
1
4
8
8
8
8
8
2
3
2
0
0
0
0
6
1
1
3
5
5
3
1
3
3
3
3
2
7
2
6
0
4
3
1
3
3
4
7
3
2
2
1
1
0
0
2
2
0
0
0
2
1
3
1
1
1
7
2
6
0
4
0
0
0
0
0
2
1
1
3
1
2
2
4
1
0
5
7
7
7
0
0
3
0
0
0
3
4
5
1
1
1
1
1
1
1
3
2
4
3
3
4
2
1
2
4
3
2
1
0
2
2
1
4
0
5
0
0
3
2
2
0
1
2
2
0
2
1
2
2
2
7
7
1
3
3
3
0
1
1
1
0
0
8
8
8
0
5
5
5
5
2
1
1
1
1
1
8
3
1
2
0
0
2
2
4
4
3
1
1
1
1
6
6
0
0
3
1
1
4
1
0
1
0
2
3
1
1
4
0
3
4
5
5
1
3
1
0
0
4
4
2
2
2
2
2
2
0
2
4
4
4
1
6
12
7
7
0
0
4
3
3
2
2
3
3
0
0
0
0
2
3
0
0
1
5
10
0
0
7
7
7
5
4
3
3
3
3
1
3
3
4
4
4
1
1
1
1
1
1
1
0
0
0
0
3
1
2
2
9
10
0
3
1
1
0
1
1
2
2
1
2
0
0
0
0
2
12
1
1
4
4
1
1
1
1
1
1
1
1
2
3
0
0
2
3
3
1
5
5
1
1
1
1
1
5
3
3
3
3
3
0
3
2
2
3
1
2
1
1
0
0
1
2
2
2
2
2
0
3
2
2
1
1
2
2
2
2
3
1606
