../2_Decay/DataFilesGe/Decay/415379G2.TXTBackgroundRemoved 
0
0
0
0
0
0
0
0
0
0
0
0
0
0
32
155
50
28
6
12
18
38
25
0
1
25
9
36
24
20
32
6
10
6
7
3
5
19
16
16
27
16
26
0
10
5
7
29
12
17
23
25
29
15
9
11
0
7
6
12
0
6
11
0
31
5
29
13
5
31
0
16
28
15
20
16
0
0
10
20
13
14
40
10
20
9
45
23
37
9
1
12
27
31
7
22
53
30
38
34
30
1
22
25
22
34
34
46
29
32
18
31
7
14
23
16
57
31
20
54
57
53
44
47
38
23
20
4
0
39
34
37
16
18
31
9
45
35
13
58
36
28
44
27
62
17
41
22
26
41
10
14
13
6
52
26
46
13
21
45
30
27
24
23
13
31
15
16
16
25
48
29
26
39
29
46
27
22
34
25
28
21
0
28
0
4
10
15
0
14
26
30
27
35
28
25
18
2
12
14
9
3
14
11
20
19
9
2
23
29
34
2
23
50
27
12
1
11
22
1
17
14
10
9
32
11
11
22
16
24
8
29
12
18
22
20
25
1
0
0
17
29
17
27
34
25
0
18
14
11
20
29
10
9
7
3
4
12
15
8
23
15
3
0
1
11
9
21
29
23
8
24
5
18
10
6
10
13
23
24
6
4
21
18
0
19
20
5
22
2
3
1
0
6
4
26
22
8
2
7
9
12
6
9
0
8
7
12
15
5
17
13
17
0
1
6
9
0
11
11
12
9
7
2
16
0
0
7
4
7
2
0
0
0
0
11
5
29
15
0
15
4
4
0
1
0
0
0
12
19
65
16
12
0
21
4
0
1
11
7
0
8
9
8
16
0
0
0
4
1
1
18
6
8
12
5
0
3
6
4
0
0
9
2
5
0
6
1
7
0
1
6
7
0
0
4
6
6
6
7
4
5
2
0
2
0
4
9
0
4
3
2
8
4
0
4
9
5
1
9
7
3
0
2
0
6
1
13
1
8
7
0
6
6
1
3
9
0
0
0
9
4
8
0
4
2
0
6
3
5
0
3
0
0
5
14
4
6
7
8
3
3
1
9
12
3
6
1
0
3
6
0
6
7
6
5
0
0
8
1
1
11
0
6
0
3
3
3
3
0
0
3
0
0
0
3
0
0
0
2
6
8
9
11
18
7
2
7
5
3
3
5
2
7
0
9
4
5
6
6
0
5
1
6
7
0
1
0
6
12
0
13
9
5
2
5
0
6
4
0
0
8
5
2
4
2
1
0
0
5
9
0
10
0
3
5
0
0
1
2
5
0
2
5
1
0
0
3
1
11
0
6
25
23
3
0
6
0
2
0
8
0
0
0
4
2
5
0
0
0
0
0
1
5
4
0
4
34
14
5
5
0
3
2
0
0
3
0
1
0
6
0
7
2
0
4
1
0
4
9
6
3
0
0
0
5
0
0
3
1
0
4
0
0
4
0
4
2
1
0
0
0
0
0
1
2
6
20
18
8
2
3
1
2
0
4
0
5
1
1
3
0
0
3
1
5
0
0
0
3
0
5
2
5
5
5
9
2
1
0
0
0
3
0
2
0
0
0
0
2
0
3
0
0
0
0
1
0
1
4
0
3
0
0
0
7
1
4
4
0
0
12
3
0
0
0
0
1
0
2
0
0
0
2
1
0
0
0
0
0
0
0
5
4
0
0
8
0
1
6
2
1
0
3
0
2
5
0
0
0
4
4
5
0
4
0
0
0
4
3
0
0
3
5
4
0
0
0
0
0
4
0
0
0
4
0
7
0
0
2
1
1
1
0
0
0
5
5
0
0
5
4
4
0
0
6
0
1
0
0
2
1
5
0
0
2
0
2
2
0
0
3
1
3
0
0
0
0
2
5
1
2
0
0
3
0
0
0
0
0
0
0
3
3
4
0
0
0
2
1
4
0
2
3
2
3
1
2
0
2
3
0
0
0
0
6
0
0
6
0
2
0
2
0
3
3
0
0
0
0
1
2
1
2
0
2
0
0
0
1
0
0
0
3
1
0
6
7
9
2
2
3
1
2
3
2
0
0
0
3
0
1
4
0
2
6
0
4
0
1
7
0
0
0
0
3
1
3
0
1
0
2
6
2
3
0
4
2
1
0
0
0
0
2
0
0
0
2
0
0
0
4
7
5
5
4
0
1
1
1
4
0
5
3
0
2
0
4
3
0
1
0
2
0
1
1
1
0
0
3
4
2
0
0
0
0
1
0
1
0
1
3
0
1
0
0
0
3
0
2
5
0
0
0
0
0
1
1
0
3
7
1
0
0
1
0
0
0
0
0
0
0
0
6
0
0
0
0
1
3
0
2
13
1576
