../2_Decay/DataFilesGe/Decay/415382G2.TXTBackgroundRemoved 
0
0
0
0
0
0
0
0
0
0
0
0
0
0
35
122
10
11
41
0
3
18
5
6
2
34
13
0
6
3
10
10
12
6
7
6
0
14
14
3
13
9
18
11
0
0
0
3
0
3
5
2
8
3
7
0
16
0
0
0
0
17
3
0
10
0
27
0
10
0
0
0
0
0
0
0
0
0
0
34
9
0
0
0
0
0
20
0
20
10
11
12
22
31
0
0
0
1
0
8
0
25
1
18
0
0
35
0
0
17
22
14
24
15
5
16
19
23
13
14
11
9
51
10
39
2
4
22
25
37
0
38
14
16
6
31
23
32
10
29
18
27
27
15
17
3
16
23
29
10
33
6
23
3
24
0
32
22
0
4
14
0
22
16
6
7
18
12
0
11
20
21
15
14
32
13
6
16
18
7
27
0
14
8
0
9
10
5
0
0
22
28
8
28
34
2
17
13
5
15
8
3
20
0
1
10
24
12
17
15
29
19
27
5
0
0
7
8
15
7
1
0
3
12
25
2
0
6
14
7
0
12
12
24
9
11
0
7
0
0
20
58
20
18
19
18
0
0
12
3
2
9
7
9
0
8
9
7
13
8
17
7
4
3
5
3
11
0
4
7
11
10
3
10
0
5
3
4
0
15
18
18
16
13
9
22
9
10
6
2
6
9
0
0
2
29
2
0
9
2
2
19
0
10
4
8
5
5
0
10
11
13
0
4
0
5
3
5
10
5
5
0
2
1
0
4
0
0
8
0
11
8
0
4
5
0
5
12
13
12
1
0
10
3
1
0
0
0
3
10
35
8
2
0
7
7
4
0
5
6
0
11
9
2
6
2
1
3
0
7
4
11
8
13
0
10
0
1
0
8
0
0
4
0
2
0
7
18
4
2
8
0
4
7
0
0
0
0
1
2
1
7
5
0
3
0
11
0
0
0
5
6
6
6
0
1
14
13
0
6
7
5
6
6
0
0
1
4
0
0
2
3
4
0
0
2
1
1
1
7
8
0
0
0
0
0
6
5
5
2
0
0
4
0
14
5
4
9
5
3
2
0
3
6
2
0
1
0
2
5
0
0
6
1
0
0
3
0
4
0
5
5
2
5
0
6
1
0
0
5
0
6
0
5
0
0
0
0
0
0
0
6
18
9
13
7
2
9
4
0
5
0
7
11
5
0
6
0
0
3
4
6
0
1
2
0
5
1
1
0
0
6
1
3
5
0
1
0
0
0
1
0
2
0
0
3
6
4
0
4
2
0
4
3
2
0
0
2
2
1
2
6
0
0
8
0
0
0
1
4
0
5
14
12
0
3
0
0
2
1
0
0
0
4
0
0
1
0
0
0
0
0
3
5
4
0
3
20
25
9
0
4
5
0
0
0
2
0
6
5
1
0
7
0
6
3
0
5
1
0
5
0
3
6
0
2
0
0
1
2
5
4
2
2
1
0
2
0
2
0
0
0
0
2
0
0
7
17
15
13
5
5
0
0
1
0
4
5
4
2
0
0
0
0
0
0
0
2
3
0
0
1
5
0
0
1
3
4
3
1
0
1
3
0
0
0
0
0
4
0
0
0
7
0
4
0
0
2
1
4
4
3
0
2
0
0
0
5
1
0
5
4
1
6
0
3
1
2
2
0
6
0
0
0
0
8
0
1
0
5
1
1
1
0
3
0
3
0
0
5
1
0
0
2
0
2
2
1
0
1
0
6
2
0
0
0
0
1
0
3
2
0
2
4
3
0
2
4
0
0
3
3
2
0
1
0
5
4
0
3
4
0
0
0
1
0
2
0
0
0
1
1
0
0
0
2
3
1
0
2
0
1
1
1
0
1
0
0
0
1
6
1
5
0
0
0
5
2
3
0
2
7
0
1
1
1
3
0
1
0
3
5
3
7
2
0
0
1
2
2
0
2
7
0
1
0
6
3
1
0
0
2
0
3
0
4
0
0
4
2
0
0
0
0
3
1
4
0
0
1
0
5
0
0
0
2
0
0
0
1
3
1
1
0
0
0
3
5
16
10
0
0
0
1
4
0
0
0
0
0
0
0
3
0
3
1
2
3
1
1
2
0
0
0
0
2
0
1
0
0
0
2
1
0
1
3
1
0
2
0
0
0
0
0
0
0
0
2
0
0
0
4
4
6
4
4
0
3
0
2
0
1
1
1
1
0
0
1
0
0
0
0
0
1
1
0
0
0
3
2
2
6
0
0
2
3
0
1
3
0
7
0
0
0
1
0
3
0
0
0
2
4
1
0
0
1
4
1
0
0
0
2
1
0
0
2
0
0
0
0
0
0
0
0
0
1
0
0
6
1
0
0
0
1272
