../2_Decay/DataFilesGe/Decay/415384G2.TXTBackgroundRemoved 
0
0
0
0
0
0
0
0
0
1
0
0
1
0
25
14
1
10
17
27
4
14
0
0
20
19
7
15
29
9
36
11
5
2
15
18
29
0
19
10
17
19
14
4
8
7
0
20
7
0
9
11
16
0
18
0
0
0
0
0
12
7
2
0
19
0
3
23
0
12
9
11
34
28
10
4
8
0
16
16
0
11
42
0
12
0
53
0
21
21
17
11
37
17
30
0
30
16
18
18
0
47
21
74
0
18
24
16
21
24
34
41
12
17
34
50
23
8
30
32
27
0
15
24
11
21
0
19
42
22
19
30
27
15
24
35
40
53
24
34
40
23
58
64
33
24
33
11
17
27
19
21
38
0
22
15
25
35
45
7
19
16
16
12
18
10
13
25
43
35
15
13
27
31
35
23
13
19
24
20
32
11
13
6
14
6
20
4
5
23
25
22
25
12
21
22
0
15
3
11
29
24
16
10
33
36
1
13
20
5
12
4
13
24
5
0
7
0
0
8
6
17
9
12
18
14
6
3
8
20
15
27
17
23
19
9
14
9
0
0
22
41
7
4
27
19
2
0
9
8
15
18
16
3
5
21
4
5
0
2
21
8
1
6
8
13
9
9
0
9
0
14
2
10
11
0
9
3
7
17
9
4
1
12
0
3
13
2
17
4
12
15
0
0
6
31
27
1
2
5
10
15
0
12
6
0
2
0
25
19
4
15
6
3
11
13
1
0
11
15
0
9
2
8
2
8
7
21
7
9
16
12
5
0
0
0
14
20
6
0
0
3
10
4
0
0
0
0
6
14
48
17
8
7
11
8
0
4
13
4
0
10
4
7
1
0
11
10
5
1
0
3
4
2
11
0
6
2
5
2
2
0
17
1
3
4
11
3
0
0
4
3
10
9
0
0
6
0
4
5
0
5
0
4
7
3
4
9
0
0
13
0
7
2
0
3
6
0
2
1
0
6
6
2
2
3
0
1
0
0
2
5
0
5
2
1
1
3
1
9
5
5
0
0
7
0
2
3
14
0
0
0
1
4
9
5
8
6
4
1
11
1
0
0
6
4
1
2
2
4
7
2
6
0
6
0
1
2
3
0
3
6
1
8
0
0
6
0
0
1
0
0
4
1
0
0
0
0
0
0
11
13
18
6
4
6
0
0
0
1
0
1
3
8
4
0
1
0
2
6
1
0
0
4
2
4
1
2
6
2
0
0
0
9
1
0
2
0
0
3
3
1
1
0
0
0
1
0
0
7
4
0
1
3
0
1
4
0
2
0
0
0
6
2
1
0
0
2
9
5
5
19
2
16
5
0
2
0
1
5
2
0
1
0
0
4
1
5
0
0
0
0
0
3
4
7
12
24
28
12
0
3
6
0
0
0
5
3
0
2
0
4
0
2
2
4
0
1
0
0
0
0
0
0
5
1
3
0
3
1
0
3
0
1
0
3
0
2
0
0
0
0
8
5
0
7
9
19
17
14
6
6
7
0
2
3
1
4
0
6
4
0
0
0
3
0
3
0
7
1
0
0
3
5
0
2
1
0
0
0
0
2
1
0
0
0
0
0
0
0
0
0
3
0
1
0
2
0
4
4
1
0
5
8
0
0
2
2
0
0
0
6
0
0
2
0
2
0
2
5
0
3
0
2
5
2
0
0
0
0
5
1
0
7
3
0
3
3
2
0
2
0
0
1
0
7
0
2
0
3
2
2
1
0
3
0
1
1
0
0
1
3
1
0
3
2
0
0
0
0
3
1
4
1
3
0
1
6
2
0
0
1
0
0
0
2
3
4
0
2
1
0
1
1
1
0
0
1
0
0
0
2
0
0
0
2
0
0
1
0
1
6
0
0
0
0
2
0
0
1
0
2
0
0
0
1
4
0
0
0
0
4
7
0
3
8
1
0
0
1
3
0
7
3
4
4
0
2
0
2
1
0
0
3
0
0
0
0
0
0
0
0
4
2
0
0
2
0
1
0
0
1
0
0
0
0
0
0
0
1
0
1
0
1
5
0
4
6
12
5
5
0
0
0
2
0
4
5
2
0
1
2
2
0
0
1
4
2
6
0
3
0
0
2
0
1
3
0
0
2
0
3
0
0
2
0
1
0
0
0
0
0
0
0
0
1
1
3
0
2
5
0
0
3
5
0
2
5
5
0
1
0
1
0
1
2
0
0
1
1
0
3
0
0
4
0
0
0
2
0
0
0
1
0
2
0
0
0
1
0
1
0
3
0
0
1
2
0
0
0
1
3
4
0
0
0
3
3
0
0
1
0
0
0
2
0
2
2
1
2
1
0
0
0
0
0
1
1
2
0
0
0
0
1400
