../2_Decay/DataFilesGe/Decay/415319G2.TXTBackgroundRemoved 
0
0
0
0
0
0
0
0
0
0
0
0
0
0
24
129
54
50
58
85
58
40
6
23
38
8
14
25
30
22
26
16
29
15
26
10
11
13
29
29
19
26
3
16
11
15
14
23
7
14
15
22
11
26
16
14
15
15
26
8
27
18
28
7
25
10
23
19
10
11
6
6
16
2
2
8
8
43
4
14
58
19
29
0
8
8
46
23
53
8
28
6
12
49
3
20
20
20
34
36
30
48
42
57
64
47
53
35
8
33
33
50
69
39
8
14
43
43
51
26
46
47
36
29
22
75
33
17
49
45
44
38
71
43
37
32
34
38
19
10
60
26
15
43
38
27
53
51
58
38
29
26
47
9
26
22
18
38
7
13
37
48
15
12
31
19
20
30
21
22
35
35
19
30
54
20
30
20
16
15
17
16
29
44
13
23
40
27
6
20
37
36
24
17
31
20
17
11
9
29
24
42
20
15
39
30
37
34
37
32
39
21
10
38
19
28
23
21
17
12
4
18
20
13
19
11
2
15
21
20
7
12
8
11
10
26
13
8
5
9
11
38
17
22
18
33
33
2
13
16
19
17
8
18
14
3
13
5
2
5
24
17
15
11
2
12
23
8
14
6
4
9
7
15
11
7
7
15
8
10
7
13
34
11
14
19
8
13
25
9
12
8
8
6
3
6
17
0
1
4
11
9
20
5
6
13
0
0
0
4
4
22
5
4
8
4
0
0
6
7
12
4
4
3
7
15
15
3
12
4
10
2
1
7
7
2
8
14
15
15
4
0
4
4
2
7
7
2
2
7
33
11
5
5
4
4
0
9
15
7
7
12
12
3
2
5
1
6
0
6
5
5
1
7
6
1
6
3
4
2
2
6
8
2
14
8
3
3
7
7
13
7
6
11
5
9
9
4
6
3
3
3
11
11
6
0
11
3
2
3
15
5
13
12
9
4
1
4
3
2
9
11
9
3
3
3
4
8
8
8
8
2
5
2
2
6
8
8
2
5
5
3
3
1
3
3
3
0
3
5
0
0
0
1
6
1
1
7
7
7
9
4
6
2
4
5
4
2
9
6
5
7
6
4
3
3
1
1
3
3
3
3
5
4
2
8
2
1
1
1
1
1
1
5
5
5
4
4
3
3
3
9
15
8
0
0
0
6
2
2
4
2
7
2
7
7
7
4
0
0
3
1
1
5
3
2
7
2
0
0
2
2
0
4
4
7
0
9
2
1
0
2
1
1
3
1
5
5
6
6
9
8
2
2
3
2
2
3
3
3
1
0
1
3
2
2
2
1
7
7
1
6
5
12
8
8
1
3
3
5
0
0
0
0
6
0
1
3
3
3
3
3
5
3
0
5
9
14
21
6
3
2
2
5
5
2
5
2
2
2
2
0
0
0
0
1
4
4
0
2
2
3
1
2
1
1
1
4
4
3
6
6
3
1
2
4
4
1
1
0
0
0
0
1
1
1
4
2
12
8
8
1
5
1
1
5
2
2
1
4
1
4
3
3
4
4
3
0
8
2
2
2
1
2
3
4
1
1
3
6
0
2
2
3
3
3
3
0
0
0
0
1
1
1
2
2
0
0
0
7
4
4
2
1
1
1
4
1
1
1
4
8
4
0
0
0
0
5
0
0
0
0
0
1
1
1
1
1
2
0
0
3
3
0
0
2
6
0
0
7
4
3
0
1
2
3
7
5
5
5
1
6
6
10
0
5
7
2
3
5
5
5
1
1
1
1
1
1
3
2
0
3
0
1
0
0
0
4
4
3
3
3
1
1
2
2
0
3
0
0
0
0
0
2
2
1
2
1
1
0
0
0
1
1
1
1
1
6
6
6
2
2
2
0
0
1
3
2
0
0
3
3
1
1
2
2
2
2
2
2
0
3
3
0
3
5
1
3
1
1
3
3
3
3
3
2
2
5
1
1
3
1
1
1
3
3
0
0
6
7
1
1
1
2
2
2
2
2
4
5
0
8
4
0
0
3
3
3
3
0
0
4
1
1
4
4
7
2
7
6
3
2
0
1
2
0
0
0
1
1
2
3
0
0
2
1
2
1
0
0
5
3
4
4
4
1
1
0
0
0
1
1
1
1
1
0
0
0
0
0
0
2
2
5
5
5
5
0
0
0
2
2
4
0
0
3
1
1
3
0
2
1
4
4
2
2
2
0
1
4
4
3
2
1
1
0
0
0
0
0
0
2
3
3
1
1
0
5
5
1
0
6
3
3
1
0
0
0
0
0
1
1
1
1
2
2
4
9
3
0
4
2
2
0
0
0
0
0
1
0
5
0
2
1
3
0
0
0
0
0
0
3
3
1482
