../2_Decay/DataFilesGe/Decay/415312G2.TXTBackgroundRemoved 
0
0
0
0
0
0
0
0
0
0
0
0
0
0
27
38
3
35
60
47
50
29
13
9
13
17
31
22
33
32
40
13
26
26
10
16
18
12
19
36
36
21
21
21
5
9
12
2
21
15
33
10
15
8
8
8
12
11
10
10
27
11
14
14
20
28
39
54
28
17
13
13
31
25
2
4
4
23
6
13
28
18
13
22
7
27
24
10
43
4
33
7
55
18
13
8
38
18
28
42
31
15
34
52
42
40
57
12
17
24
31
43
43
22
35
37
23
20
48
27
53
21
34
37
40
41
41
28
43
23
42
9
17
40
49
52
39
34
37
39
17
27
48
32
36
19
27
6
34
19
28
20
42
41
27
53
25
12
34
38
9
38
38
21
18
30
9
31
36
37
23
31
21
34
32
12
7
32
14
23
14
21
21
27
2
14
42
14
26
8
23
27
0
18
15
23
17
26
38
14
39
23
12
19
22
56
21
41
39
54
37
36
49
44
54
36
55
33
44
46
6
44
30
18
18
21
7
10
13
17
17
13
16
18
6
16
28
18
23
5
12
15
5
8
23
16
16
10
11
5
13
18
10
17
1
2
2
12
14
1
20
6
4
8
8
2
15
7
7
2
17
26
26
9
9
5
0
4
10
8
7
11
24
3
9
22
14
3
18
10
5
5
5
7
5
17
5
1
10
10
21
9
8
8
10
1
2
1
1
5
6
8
8
11
12
5
6
7
6
2
4
1
3
5
10
7
0
0
9
6
7
8
15
4
5
4
11
15
15
7
4
4
6
1
8
20
20
20
6
8
18
6
15
1
5
6
3
3
11
8
8
8
8
8
20
20
7
2
5
9
7
8
8
10
8
2
4
2
5
5
5
5
10
10
0
0
3
3
10
0
0
8
0
0
11
13
2
2
2
5
2
5
5
3
5
5
2
7
7
7
7
7
5
2
1
1
5
8
0
0
10
10
6
6
2
6
3
6
6
1
4
4
10
5
5
9
3
8
2
6
1
6
4
6
2
5
2
0
8
8
2
1
1
1
1
8
8
0
3
0
4
4
5
1
5
5
9
3
1
1
1
3
0
4
4
1
5
1
0
0
0
7
0
10
10
2
11
2
0
3
1
3
1
4
7
11
1
3
0
0
0
0
7
4
4
4
4
2
0
0
1
7
4
2
8
7
7
5
5
1
9
6
0
0
0
0
5
5
5
4
4
0
2
9
3
5
5
3
4
3
3
2
2
2
0
0
1
5
1
6
2
3
4
4
4
3
3
1
3
2
2
3
2
4
7
9
0
0
2
2
0
0
0
4
2
4
1
4
8
1
0
0
1
3
2
5
0
4
3
14
6
6
0
3
4
4
4
4
8
1
1
1
1
1
1
1
2
2
9
9
0
0
0
3
3
3
6
1
1
4
1
1
2
4
4
4
4
4
3
6
2
2
1
7
3
3
0
1
7
7
7
7
7
2
5
1
4
7
3
4
2
0
5
2
2
1
1
2
2
4
2
2
1
2
0
0
0
0
4
3
3
0
0
5
5
1
2
1
1
1
1
2
3
3
1
1
0
1
1
1
0
0
1
1
2
0
2
2
4
4
2
3
3
1
1
1
1
2
2
2
2
2
2
2
2
0
0
2
0
2
2
0
6
0
3
1
1
3
3
3
4
4
1
1
2
2
2
2
2
2
3
4
4
1
1
0
0
4
4
4
2
2
1
1
1
6
7
5
2
2
2
3
1
7
3
3
3
2
2
0
1
3
3
0
0
0
3
3
3
4
0
3
2
2
2
2
2
2
1
1
0
0
4
0
0
6
3
3
3
3
1
2
2
2
3
7
7
1
0
0
3
0
0
0
0
0
0
3
3
3
1
3
3
2
0
5
9
9
0
1
0
0
4
2
2
1
1
4
2
3
0
0
4
4
4
4
3
2
2
0
1
2
0
0
0
0
0
0
4
2
2
2
2
2
0
0
5
1
1
1
5
0
0
0
0
7
1
2
2
2
1
4
5
0
0
1
3
4
3
1
2
1
1
3
1
0
0
0
4
3
0
1
1
1
1
3
3
5
5
1
6
6
6
6
1
3
1
1
5
1
1
1
2
2
0
1
2
5
5
2
0
3
0
0
3
3
3
2
1
1
1
1
2
2
0
4
0
2
3
3
3
1
1
1
0
0
0
4
4
2
3
3
3
4
1
1
1
1
0
0
2
0
2
4
7
0
0
3
3
0
0
0
0
2
4
2
2
4
3
2
4
4
4
3
3
3
0
0
0
0
0
0
0
0
2
2
4
2
2
2
2
2
2
1
1
3
1
1
4
4
4
4
4
1289
