../2_Decay/DataFilesGe/Decay/415324G2.TXTBackgroundRemoved 
0
0
0
0
0
0
0
0
0
0
0
0
1
1
42
109
33
24
23
32
20
43
18
13
18
44
26
31
26
16
43
19
28
14
5
20
35
19
27
12
9
34
34
15
17
10
12
32
15
19
24
37
16
20
4
4
6
9
21
7
39
19
45
15
10
27
47
38
21
23
28
34
15
39
37
44
16
35
37
34
37
42
41
27
14
17
60
25
61
38
34
38
45
68
35
31
50
68
30
20
42
57
25
74
41
64
37
27
46
35
40
50
33
50
29
32
37
68
37
50
59
17
24
44
40
47
34
30
74
37
40
35
34
64
27
49
35
56
65
53
55
63
23
30
39
46
62
53
61
65
23
46
43
68
66
32
55
29
58
19
18
47
39
34
27
24
22
22
27
45
49
58
42
28
41
33
30
38
25
15
37
24
27
27
9
28
6
21
21
17
34
26
12
56
41
20
19
30
24
22
16
14
14
18
33
21
33
9
18
6
32
7
35
22
17
15
10
8
23
16
2
37
16
30
16
12
18
16
16
13
21
37
10
21
3
30
15
21
33
33
35
24
10
18
17
11
7
27
34
7
9
22
25
24
5
16
18
21
27
5
25
27
10
10
8
8
14
21
13
9
17
13
10
22
18
8
16
14
18
21
19
18
15
17
11
18
5
16
15
17
12
25
10
8
8
12
12
7
0
7
18
15
3
8
14
0
7
1
7
12
9
11
15
10
15
13
5
11
10
18
15
10
0
14
17
12
9
11
15
13
6
2
1
1
11
3
7
15
4
3
3
6
13
5
1
32
32
0
12
17
28
11
4
7
12
5
2
10
1
11
4
4
4
12
8
8
14
14
1
6
4
7
5
9
9
6
7
11
6
6
2
2
8
8
2
2
9
3
2
3
3
11
5
3
6
5
5
5
5
8
13
6
3
10
4
4
5
4
4
4
9
9
4
8
0
0
9
9
4
5
9
0
6
6
4
5
0
10
1
1
1
5
0
6
6
3
3
12
0
0
5
0
2
2
7
7
4
7
6
6
6
0
0
1
6
1
7
2
7
6
3
9
6
6
11
8
1
15
3
4
4
0
4
4
3
6
8
8
1
2
10
0
0
3
1
5
5
6
6
2
8
5
2
7
10
12
9
5
5
5
2
7
9
3
1
6
5
0
5
6
6
7
5
7
7
1
6
4
4
3
6
3
3
3
5
5
5
2
0
4
4
1
1
2
8
1
0
7
0
0
13
2
6
0
2
2
2
6
6
2
0
3
1
5
4
3
1
2
8
3
1
8
3
4
4
6
6
6
1
5
5
0
0
8
7
7
2
0
5
3
0
0
2
5
5
4
4
3
3
19
19
19
19
1
3
1
3
9
7
4
5
5
1
1
1
0
6
5
5
4
4
4
4
4
4
4
3
5
1
1
7
7
7
6
0
0
0
0
4
7
7
7
7
2
7
1
1
7
7
9
9
9
9
9
4
2
1
8
15
2
5
4
6
0
5
0
3
5
0
4
1
1
2
2
2
2
0
4
11
6
2
1
1
2
2
3
2
3
0
7
7
5
1
1
1
1
6
1
1
1
4
1
1
1
4
4
2
3
5
2
0
0
6
5
3
0
0
0
0
0
0
4
2
2
0
1
0
4
4
4
1
8
1
1
4
7
7
2
5
1
1
5
2
5
5
5
5
5
5
4
3
6
6
4
5
1
1
2
2
2
3
6
6
6
2
2
4
4
1
1
1
1
3
0
1
1
1
2
2
4
4
2
6
5
2
2
3
3
1
3
1
0
2
5
5
4
1
8
2
2
2
7
1
0
1
3
5
5
1
1
4
4
1
1
6
1
1
1
1
1
3
1
1
3
3
2
1
2
4
2
7
0
0
1
0
4
4
1
1
0
2
4
3
2
0
3
1
0
4
3
3
2
6
6
6
4
4
6
6
3
3
0
0
0
0
4
1
3
5
0
0
0
0
2
3
0
0
2
4
2
1
5
0
1
1
4
8
8
8
1
5
5
1
4
3
3
3
2
0
2
3
3
3
3
3
3
3
3
3
2
2
0
1
0
1
1
1
0
2
1
1
0
0
2
2
2
1
1
2
0
2
5
2
2
1
2
4
4
4
4
4
1
1
1
1
0
0
2
1
0
0
2
0
0
0
1
2
1
0
3
3
5
5
0
0
3
3
4
2
0
3
3
3
3
3
2
0
0
0
0
2
2
0
0
0
0
0
0
3
6
4
4
0
1
2
2
2
2
2
4
2
3
2
2
3
1
6
6
6
0
3
2
3
0
4
4
3
2
3
3
4
4
1
1
3
3
1
1
1
2
5
2
2
1611
