../2_Decay/DataFilesGe/Decay/415301G2.TXTBackgroundRemoved 
0
0
0
0
0
0
0
0
0
0
0
0
0
0
17
41
22
63
110
43
13
29
7
0
13
29
16
12
17
25
0
2
5
15
12
10
8
14
17
11
20
7
9
5
6
0
0
0
28
5
18
0
3
14
10
0
8
4
3
0
19
21
0
6
17
10
5
9
0
8
31
0
29
0
12
10
23
18
6
23
0
9
8
14
8
0
23
14
43
37
3
18
13
11
21
22
26
15
12
29
0
9
11
8
19
44
41
13
11
5
27
16
54
40
23
13
2
22
20
32
60
14
24
51
19
36
40
17
37
28
14
15
14
40
15
23
62
13
19
47
27
8
36
37
23
34
24
5
41
1
25
22
51
20
30
28
15
0
29
25
33
33
12
3
19
4
2
20
19
11
28
8
23
37
37
6
29
19
24
22
17
1
11
20
4
15
8
5
23
21
1
25
0
30
14
27
5
9
14
26
2
4
14
27
26
10
15
12
28
5
12
11
14
36
14
0
0
0
22
8
2
8
1
4
23
3
0
10
24
17
11
4
19
7
9
12
7
13
8
0
20
0
13
20
6
0
0
5
7
3
0
19
9
24
16
0
4
2
5
1
6
5
11
5
16
10
12
7
4
9
3
17
5
11
12
13
1
4
2
8
12
8
14
10
6
9
6
0
17
8
5
19
16
10
3
2
6
9
11
4
4
14
0
6
11
0
3
6
8
5
1
7
7
7
3
0
8
12
5
9
0
6
0
13
6
3
0
9
8
0
0
8
8
12
0
0
11
4
5
1
0
0
5
3
3
7
6
0
2
0
8
3
6
7
6
7
0
7
0
0
0
2
0
7
8
1
13
0
0
6
0
3
9
8
4
1
4
2
5
4
3
0
5
0
1
0
0
0
6
5
0
0
4
0
11
0
8
0
3
9
0
2
0
1
0
0
4
5
3
0
5
4
11
1
3
7
5
2
5
0
7
3
0
0
1
1
0
2
0
0
6
8
0
0
0
8
4
2
0
1
3
2
2
4
0
0
5
4
8
1
0
4
0
1
0
9
5
4
2
1
0
3
3
0
11
0
0
3
0
5
0
0
5
2
4
2
2
1
0
9
5
5
4
0
4
0
5
0
2
0
1
0
0
0
4
15
11
3
10
0
3
2
0
0
1
5
7
1
0
0
0
6
2
4
3
4
1
0
5
0
0
2
6
0
0
1
0
0
0
0
3
6
1
2
6
0
0
8
0
0
3
2
0
2
4
0
0
0
3
3
3
0
3
5
0
3
0
1
0
3
1
1
3
11
0
7
0
0
7
2
0
2
0
2
2
0
0
0
10
0
1
0
5
2
0
3
0
2
5
9
4
0
5
2
0
3
2
0
0
0
4
0
1
2
0
0
7
4
7
2
2
3
2
0
0
8
8
0
2
2
0
0
0
3
0
0
0
0
0
3
1
2
0
0
3
0
4
4
0
1
0
0
0
0
0
0
1
2
0
3
0
3
1
1
0
8
1
1
2
3
2
0
2
0
1
0
0
3
1
2
0
2
0
0
5
0
0
7
2
0
2
0
1
0
3
0
3
1
2
3
1
0
2
0
1
1
0
3
0
0
2
0
0
4
0
0
4
0
0
0
3
3
2
4
2
0
0
1
0
3
1
0
0
0
0
2
0
1
0
0
4
2
0
1
0
0
3
0
0
0
2
4
0
2
1
5
0
0
1
1
2
4
0
0
0
0
3
8
1
3
1
0
5
0
0
2
0
0
0
0
0
4
5
3
4
0
2
0
0
0
2
1
1
0
6
3
4
1
0
2
1
0
0
2
5
8
0
0
0
0
2
0
0
0
0
3
0
1
0
0
0
1
0
0
0
2
0
0
0
6
2
0
0
1
4
0
2
0
0
0
2
1
0
6
0
0
0
3
1
0
0
0
5
0
1
0
1
7
0
0
1
0
0
3
0
2
0
2
3
2
0
0
0
0
0
1
4
2
4
3
0
3
5
2
2
3
8
2
0
4
0
2
2
1
3
0
0
0
3
1
0
0
0
3
0
2
2
1
9
0
0
0
0
0
0
0
3
1
0
1
0
1
0
1
0
0
0
0
1
0
0
0
0
3
1
1
2
1
0
2
0
0
0
2
0
0
0
0
0
4
0
3
2
0
0
0
0
4
5
2
0
0
0
0
1
0
0
0
0
0
1
0
1
1
1
2
0
0
0
0
0
1
0
0
0
1
0
1
4
0
0
0
0
2
1
0
0
1
0
0
0
2
4
0
0
0
0
0
1
3
3
0
1
0
0
0
4
1
0
2
0
0
0
1
1
0
0
3
2
1
0
1
2
1378
