../2_Decay/DataFilesGe/Decay/415323G2.TXTBackgroundRemoved 
0
0
0
0
0
0
0
0
0
0
0
0
3
2
36
117
82
59
57
73
21
33
19
35
29
17
1
21
33
30
26
31
20
22
14
14
27
34
36
12
18
34
6
26
5
17
0
16
22
30
18
2
14
11
15
18
12
33
28
10
8
23
35
20
17
47
9
31
18
6
27
16
30
31
13
12
39
45
2
43
35
33
40
6
50
36
35
36
44
37
56
27
43
66
28
26
30
35
42
33
29
92
40
52
22
42
56
50
36
61
41
65
51
42
69
45
62
47
41
58
54
36
59
48
34
48
29
45
65
28
45
39
39
46
58
49
50
64
6
74
34
29
57
54
41
35
51
22
53
46
66
47
49
48
44
33
32
42
13
41
44
56
22
41
32
27
17
23
36
39
26
36
26
34
49
35
36
34
50
35
4
39
29
48
14
32
17
40
17
41
47
51
18
45
32
18
13
39
41
36
26
27
18
5
17
32
15
27
39
18
34
8
37
22
19
16
4
4
15
17
18
21
35
16
17
21
8
26
23
10
29
20
31
26
10
38
15
11
0
5
27
66
15
19
37
23
20
11
25
17
17
17
23
9
16
21
20
7
20
27
24
18
7
11
10
26
0
32
5
8
15
17
12
20
9
20
12
0
8
17
15
23
25
8
9
31
7
19
20
21
6
21
0
6
28
28
33
0
11
0
16
20
12
21
10
12
2
0
3
11
3
18
0
12
15
10
4
0
16
9
13
6
16
5
7
9
1
6
4
0
7
9
0
0
4
11
20
25
9
8
6
13
5
12
11
0
0
0
9
16
66
20
9
3
9
0
11
22
4
10
0
9
0
11
7
3
11
3
12
15
0
7
15
3
6
8
7
0
2
4
0
8
8
5
4
4
2
0
0
0
5
0
8
6
10
3
0
0
7
0
8
7
3
0
10
0
7
4
2
0
4
3
6
6
8
5
9
4
5
1
7
6
10
6
0
0
0
4
0
1
0
3
7
1
2
0
8
3
3
7
6
3
0
2
4
0
0
7
3
1
0
0
1
1
5
6
9
8
7
0
9
4
5
7
5
2
4
10
9
8
2
6
1
5
3
5
0
5
3
0
4
6
3
0
0
1
5
1
2
1
0
3
0
1
4
0
0
0
0
0
10
11
10
15
16
5
3
0
5
0
0
5
3
7
2
4
0
0
0
6
15
1
0
2
2
0
7
3
3
0
0
0
6
3
0
3
1
4
0
0
0
6
5
0
0
10
1
0
0
0
3
6
7
3
0
5
2
4
1
5
0
4
0
5
0
0
0
0
3
7
2
9
17
18
0
0
2
0
7
5
5
5
2
0
0
0
4
4
0
0
0
0
0
4
2
3
6
39
24
7
5
8
1
0
0
0
4
1
3
0
4
0
4
6
0
0
2
2
2
0
2
3
5
6
0
2
4
0
0
5
0
3
0
7
5
6
1
1
1
0
0
0
0
2
0
1
5
11
20
5
4
9
1
0
2
0
4
2
0
1
3
0
0
3
0
3
0
6
4
8
0
8
0
2
0
3
4
6
7
0
0
4
4
0
1
0
0
6
1
2
0
1
4
1
4
1
0
1
7
0
3
8
0
1
0
0
0
0
0
3
7
11
5
6
2
3
0
5
0
2
0
0
0
0
0
0
0
1
2
0
4
0
5
0
0
1
0
0
0
0
0
3
0
5
1
0
3
0
1
0
1
0
1
0
1
2
3
3
2
0
0
2
3
7
0
1
0
4
3
3
3
5
5
2
0
2
4
0
0
0
4
0
0
1
0
4
3
1
6
1
5
0
4
0
2
3
4
0
0
0
0
4
2
0
1
3
1
4
0
0
3
4
3
1
0
0
0
3
1
3
5
1
0
0
0
1
0
0
0
0
1
0
2
2
0
0
0
4
0
4
7
0
3
0
1
2
0
1
0
2
1
1
1
2
0
0
0
0
7
2
0
4
2
4
0
0
2
0
0
0
4
0
6
0
1
0
0
0
0
1
0
0
0
0
5
0
2
5
9
10
3
3
1
2
0
3
3
0
0
0
0
1
0
3
1
3
0
3
4
1
1
3
0
0
0
0
1
4
2
0
0
3
1
3
0
7
0
0
2
0
2
0
0
0
4
0
0
5
0
7
1
7
1
8
5
2
0
1
0
1
1
0
1
1
3
5
0
1
0
5
0
2
4
2
1
0
2
0
0
0
1
4
0
0
0
1
0
1
5
0
4
0
3
0
2
2
3
0
5
1
1
1
0
0
3
0
1
0
0
3
0
1
0
1
0
2
0
0
5
0
0
0
4
7
1
1
0
0
2
0
0
0
3
1702
