../2_Decay/DataFilesGe/Decay/415328G2.TXTBackgroundRemoved 
0
0
0
0
0
0
0
0
0
0
0
0
0
0
20
97
70
52
18
21
19
38
23
19
32
42
20
29
32
27
45
7
7
15
15
12
12
9
19
14
30
30
33
8
20
25
10
17
12
18
36
28
11
32
7
0
0
34
31
21
40
4
28
18
18
7
14
37
37
26
16
0
26
4
25
36
21
42
8
51
26
35
27
4
48
28
58
52
76
44
32
17
63
37
49
14
21
39
26
71
33
26
56
58
48
63
70
36
24
46
57
44
29
54
44
37
21
71
62
69
80
23
43
53
35
30
53
53
49
38
43
34
28
77
55
43
63
40
40
44
41
27
55
46
57
22
31
27
47
39
32
33
57
17
40
48
15
41
34
44
33
42
25
32
34
19
17
34
19
39
24
30
11
40
33
43
34
39
18
29
14
17
28
33
31
27
43
17
15
21
35
32
0
19
32
26
29
11
38
13
15
24
29
20
34
21
0
16
22
5
30
0
17
29
13
25
14
23
14
26
3
29
13
5
23
25
11
30
9
22
8
20
34
14
18
33
44
13
39
12
21
12
11
26
24
13
17
8
23
5
11
19
3
16
0
20
24
15
7
0
10
7
13
5
1
15
13
22
0
13
3
11
8
20
11
2
17
6
10
4
18
24
21
10
5
9
6
3
18
21
4
4
24
14
7
6
18
4
19
0
13
3
1
5
6
6
0
0
12
9
15
7
7
2
8
12
4
1
14
19
4
18
13
6
3
10
9
1
16
0
7
12
1
13
2
9
12
4
1
9
6
0
0
0
16
19
0
0
6
9
12
14
2
2
8
2
10
17
10
13
1
6
7
2
10
0
8
6
4
0
16
2
9
12
3
0
3
11
2
4
4
0
7
0
3
4
1
0
11
7
11
1
1
2
1
5
6
1
1
9
4
13
3
9
7
4
15
0
2
1
7
7
3
8
4
0
6
6
2
8
1
0
3
10
5
7
0
11
2
1
2
0
0
2
0
1
4
0
0
4
0
6
0
0
1
0
0
0
9
13
2
0
3
2
2
0
0
0
0
0
0
2
0
7
8
9
0
2
0
10
4
3
1
3
5
0
4
0
2
3
4
6
0
0
8
0
5
7
0
0
4
5
1
0
7
7
7
12
0
0
3
5
6
0
4
4
11
3
7
3
4
4
2
7
0
1
9
2
1
1
10
3
6
0
7
3
7
1
2
1
0
5
3
5
1
0
2
3
0
12
6
3
0
0
0
8
5
0
0
6
4
0
0
3
5
9
0
5
13
6
0
4
6
5
11
17
0
3
3
7
0
4
0
7
1
0
0
0
0
3
0
0
5
0
0
2
2
1
7
17
10
0
4
6
1
8
2
3
3
0
2
0
4
3
0
0
6
4
4
0
0
0
0
2
0
1
5
1
3
0
2
0
3
7
0
0
0
3
1
0
0
2
0
4
7
0
3
7
3
4
10
0
2
1
0
0
1
4
0
0
3
1
0
3
3
0
1
4
0
1
2
4
3
0
1
1
0
3
6
2
0
2
2
1
3
1
4
2
5
1
0
10
6
0
0
3
2
0
0
0
2
0
3
0
1
0
2
0
2
1
4
3
7
0
0
0
4
0
2
0
7
0
1
0
4
3
0
3
0
2
2
6
0
4
0
1
2
4
0
1
0
3
0
9
2
0
2
0
3
1
6
4
2
4
0
0
1
3
0
1
0
1
3
6
0
0
0
0
6
0
3
1
0
0
0
5
0
3
0
3
5
0
0
0
0
3
1
3
0
0
0
0
2
2
3
0
3
6
0
0
4
0
4
0
0
6
0
0
2
0
0
3
1
0
4
8
0
4
1
1
1
4
0
7
0
0
5
2
0
2
0
9
0
3
2
2
4
0
2
1
0
2
1
4
0
3
1
2
1
0
0
0
6
4
1
0
2
1
1
0
3
0
2
2
0
6
0
0
4
2
0
0
2
0
0
3
3
0
0
0
0
2
1
6
0
2
16
1
0
0
3
0
0
3
1
0
6
5
5
0
3
2
1
0
0
0
0
0
5
0
0
2
2
0
2
1
1
1
1
3
1
0
5
6
3
3
0
0
0
0
0
2
0
5
0
2
1
2
0
0
0
0
0
0
5
0
0
0
3
8
0
5
4
0
3
0
0
7
4
1
0
0
2
1
0
2
0
2
0
0
7
0
5
2
1
0
3
0
1
0
0
0
0
0
0
0
0
2
0
0
0
1
1
0
0
1
1
0
0
0
0
0
1
3
3
0
0
0
0
0
0
3
0
0
0
3
4
0
0
0
0
0
4
1
2
1
4
0
1
1
0
1
6
1668
