../2_Decay/DataFilesGe/Decay/415307G2.TXTBackgroundRemoved 
0
0
0
0
0
0
0
0
0
0
0
1
0
0
25
66
0
28
22
13
24
12
16
11
7
8
13
27
21
33
22
18
11
8
1
13
21
0
17
17
36
19
9
0
10
0
12
16
16
18
12
14
11
17
5
15
26
6
6
6
25
20
11
11
29
11
19
29
50
16
19
1
6
0
6
11
0
0
14
23
28
18
27
13
6
25
23
0
17
8
25
5
38
13
8
27
14
27
12
33
20
4
0
72
23
37
40
4
9
23
18
22
39
25
29
23
45
5
22
30
35
17
49
15
25
17
4
26
34
20
17
23
8
66
37
38
38
22
13
25
25
18
25
48
45
16
40
22
25
21
22
6
21
17
10
39
25
14
10
7
22
27
20
15
10
15
28
22
29
19
16
14
21
24
64
26
22
11
25
7
8
0
24
19
4
33
14
34
26
13
19
16
21
20
28
11
8
16
15
28
13
21
17
7
20
27
0
19
33
23
19
9
13
23
7
2
16
0
20
0
8
10
15
18
19
11
0
0
19
21
20
7
4
25
0
30
15
10
19
0
24
10
16
20
17
24
6
19
0
1
0
7
5
31
1
2
10
19
16
2
12
4
0
5
0
17
0
6
6
7
3
16
9
13
2
11
9
0
4
25
12
17
24
2
6
15
8
6
8
6
8
8
14
0
11
6
14
13
6
0
0
19
3
10
2
7
8
0
8
4
5
9
12
2
2
11
0
5
7
4
4
10
3
5
1
3
0
0
5
0
10
7
6
9
0
3
0
8
10
4
0
4
13
1
8
21
0
0
1
2
0
0
0
3
2
0
1
1
1
10
0
8
1
9
12
7
8
3
7
0
0
4
0
7
0
0
3
1
1
0
7
1
9
0
6
0
4
1
8
0
0
1
1
1
9
0
0
0
1
8
0
0
0
6
6
0
0
1
0
10
11
0
2
4
0
2
2
14
0
8
0
12
4
3
0
0
7
6
0
5
0
2
0
3
5
1
8
0
0
2
4
6
6
4
0
0
1
8
6
0
2
9
0
0
5
7
0
0
2
0
5
0
2
0
6
2
7
1
7
4
3
5
1
6
0
0
7
5
0
0
4
6
1
1
0
0
0
0
5
0
0
0
4
5
0
4
19
14
3
0
0
0
3
0
4
0
2
4
4
0
7
4
5
15
0
2
13
4
2
5
2
3
0
0
4
0
1
2
2
0
2
2
0
2
4
5
6
1
1
0
1
3
6
0
4
1
0
0
0
0
0
0
3
0
0
0
0
0
9
3
3
9
0
3
8
5
0
1
4
1
2
4
0
0
2
0
1
2
2
2
2
0
0
0
0
6
8
0
6
17
4
0
2
1
1
2
1
0
0
0
6
1
0
0
0
0
9
0
0
2
2
0
0
3
0
1
0
0
2
0
0
0
2
0
3
0
0
0
1
4
0
2
1
0
2
0
4
2
4
16
0
0
0
3
1
0
0
0
0
2
0
0
3
3
1
2
0
0
0
0
3
0
0
0
6
2
0
0
5
3
0
6
0
3
0
0
1
6
0
6
0
4
4
0
0
1
0
6
0
0
1
3
2
1
6
0
2
0
1
2
5
0
0
4
0
2
0
1
1
0
6
0
5
0
0
2
0
0
4
0
0
0
2
1
0
4
4
1
0
0
8
2
4
0
0
0
1
1
0
5
6
2
0
2
0
3
5
0
0
0
0
3
0
0
2
0
5
1
0
1
0
0
2
5
3
5
1
1
0
2
3
1
3
1
1
1
1
1
2
4
0
0
0
3
1
0
5
1
3
4
3
4
4
0
2
0
2
0
2
0
0
3
5
0
0
4
2
0
0
0
0
0
2
0
0
0
0
0
0
1
6
2
0
0
0
1
0
1
9
0
0
0
5
2
0
1
4
7
0
5
1
0
4
0
0
2
0
0
1
5
0
0
2
2
1
0
1
0
2
0
0
2
0
0
0
0
1
0
0
0
5
7
0
0
0
7
5
0
0
1
2
0
0
0
0
0
2
3
4
4
1
0
0
0
0
2
2
0
0
0
1
0
0
0
1
0
0
0
4
0
2
1
3
0
0
2
0
2
2
0
0
4
0
0
1
4
9
2
3
1
4
5
0
0
4
0
2
1
0
0
6
5
0
0
1
0
0
3
3
2
3
4
3
0
0
2
0
5
0
2
0
0
1
5
0
0
0
0
0
0
0
5
0
0
5
4
0
1
0
0
4
0
1
0
3
2
0
0
3
5
1
0
2
0
0
1
2
0
0
3
0
0
0
2
0
0
0
1
0
0
0
4
0
0
0
1
3
0
4
0
0
0
0
1233
