../2_Decay/DataFilesGe/Decay/415368G2.TXTBackgroundRemoved 
0
0
0
0
0
0
0
0
0
0
0
0
0
1
23
134
73
51
19
55
59
52
14
21
31
31
34
42
23
18
25
36
15
19
19
30
23
15
39
26
32
40
40
34
18
24
20
35
25
9
51
31
27
32
30
17
34
9
32
24
20
41
30
17
20
39
31
46
21
32
19
26
59
28
27
47
22
68
18
38
58
27
50
49
30
30
63
66
49
43
58
36
88
54
53
39
30
53
30
78
42
54
30
56
64
54
94
64
59
60
61
71
39
54
73
69
76
59
60
60
37
59
63
64
45
51
69
55
67
57
48
49
68
52
60
75
51
35
56
49
29
54
74
47
85
61
68
30
64
62
74
50
45
32
49
42
47
61
46
35
36
55
50
42
20
23
37
59
35
53
33
56
44
24
64
33
55
33
36
22
20
14
32
38
15
41
46
29
48
40
28
34
32
35
39
32
34
41
50
65
39
40
34
38
35
43
21
34
43
39
26
25
25
22
26
34
20
21
29
18
15
30
19
30
22
32
21
26
45
17
29
23
17
12
28
33
30
20
32
10
29
30
27
19
22
30
15
29
18
14
14
31
11
24
15
10
15
18
20
9
19
16
18
24
9
17
22
26
10
4
4
21
6
11
20
5
12
7
4
15
18
23
14
24
13
18
24
7
15
11
12
10
29
17
11
0
15
14
15
13
4
16
7
16
7
5
3
0
13
14
19
17
7
24
17
9
5
9
11
5
8
14
14
14
12
5
15
15
15
6
12
11
3
11
2
9
2
7
14
10
3
10
9
2
7
24
25
2
8
10
6
5
0
13
13
3
3
9
7
2
1
9
10
10
6
12
2
0
7
4
7
7
5
8
9
0
8
8
6
6
9
3
12
5
10
5
8
5
9
9
8
10
1
5
1
7
8
5
5
24
0
3
11
5
4
4
2
10
3
4
10
0
8
9
10
3
12
9
6
6
6
4
4
18
5
7
7
1
5
6
8
9
9
8
7
3
3
6
6
9
8
1
3
6
4
5
4
2
9
7
4
8
8
8
2
11
12
10
9
3
5
5
4
8
5
6
3
3
10
1
2
9
5
4
8
3
3
2
0
0
13
4
2
2
2
2
9
7
4
7
4
2
2
4
1
10
24
3
3
3
7
10
10
0
0
0
17
4
9
1
0
7
5
0
6
6
6
7
5
0
9
9
1
10
7
7
2
2
2
8
8
5
10
1
5
2
1
6
7
4
5
4
5
5
5
2
1
0
1
1
11
11
11
7
1
5
1
3
4
4
6
2
4
2
5
11
2
4
5
2
2
10
10
10
10
10
6
3
1
0
3
5
4
4
0
0
2
12
6
31
7
7
7
4
0
0
4
4
1
1
1
6
0
2
0
0
2
2
4
4
7
7
0
6
0
0
7
7
3
5
1
0
5
1
1
0
4
4
7
2
3
3
1
8
10
10
5
9
9
10
10
10
1
2
2
2
0
0
0
2
3
3
3
0
0
1
1
1
1
6
6
3
7
6
1
0
1
1
2
0
1
1
1
0
4
4
0
2
0
7
7
8
1
4
2
2
0
0
1
1
2
0
3
1
1
2
7
7
1
4
4
2
2
1
3
10
5
1
3
0
4
5
3
3
1
11
3
3
3
4
1
1
1
0
1
2
2
6
6
2
2
2
0
2
0
2
2
2
6
1
4
4
2
5
5
4
0
0
1
1
4
6
6
1
4
2
2
1
1
1
3
3
5
2
5
4
2
2
2
0
3
3
3
5
2
1
2
0
0
3
3
0
0
0
4
0
0
5
0
4
2
0
0
1
1
0
6
2
2
2
0
6
1
3
4
6
6
1
0
0
1
1
2
2
2
1
1
1
0
6
5
4
4
4
2
5
2
2
6
1
1
3
3
3
3
7
5
0
2
0
1
1
2
0
0
5
0
0
0
4
7
4
0
0
0
3
0
2
4
2
2
2
2
2
0
0
3
3
1
3
3
4
4
4
4
2
6
2
2
5
5
0
2
3
0
1
1
1
2
1
1
1
1
3
4
2
2
0
0
0
0
3
4
4
3
4
4
4
4
3
0
0
1
4
0
0
0
0
5
5
5
5
2
2
0
7
0
0
6
1
2
2
4
1
0
0
3
3
4
3
3
5
2
0
6
1
1
4
2
2
2
2
2
0
1
1
1
1
1
3
1
0
4
3
2
0
0
5
1
1
1
4
5
5
1
3
0
1
2
2
3
3
1
1
2
1
2
4
0
0
0
2
2
4
1
1
7
7
0
2
1
0
0
2
0
0
0
1
3
4
1
1
1
1
3
0
0
1
1
0
0
2
2539
2539
