../2_Decay/DataFilesGe/Decay/415302G2.TXTBackgroundRemoved 
0
0
0
0
0
0
0
0
1
0
0
0
0
0
23
56
39
88
45
1
23
19
1
0
15
22
15
18
8
19
29
11
10
0
2
23
19
0
19
24
30
21
24
3
4
0
8
7
7
0
24
1
9
13
11
0
0
17
11
25
0
13
13
10
6
16
41
2
8
18
16
0
5
26
0
11
3
28
0
0
23
11
6
0
9
17
12
9
33
23
9
21
12
41
13
34
32
9
0
29
23
16
0
32
33
21
26
8
21
38
4
17
29
8
18
21
40
43
16
42
26
9
30
1
23
9
15
46
50
17
12
27
39
47
8
24
19
51
9
12
44
34
45
44
41
20
34
13
19
23
0
16
27
0
11
14
19
17
10
14
11
27
3
16
21
12
12
2
16
12
23
13
2
24
27
31
5
32
10
0
13
7
25
36
0
0
7
7
20
11
22
9
37
20
18
24
0
28
16
14
24
2
5
0
9
7
5
0
19
11
39
0
12
24
8
7
7
4
17
0
0
17
0
16
18
4
0
9
14
16
1
19
0
0
8
14
7
7
32
0
10
0
30
10
20
12
4
5
8
6
16
3
24
12
11
5
9
6
1
0
3
3
5
21
0
13
2
4
12
12
2
5
0
10
8
8
5
10
0
12
0
12
16
0
12
12
16
4
5
9
2
18
13
5
3
7
0
0
3
0
10
8
3
13
0
11
0
2
7
9
0
15
5
4
7
3
9
3
13
5
5
0
3
4
7
12
0
0
18
1
12
10
1
8
1
11
6
3
11
1
6
0
6
5
1
33
4
0
5
6
5
6
1
0
7
3
1
11
11
8
0
8
0
8
9
0
5
1
0
0
7
7
9
10
3
1
6
19
0
6
3
0
3
5
6
0
0
4
5
1
3
11
5
0
7
5
5
0
0
0
3
0
1
5
0
0
5
0
0
7
1
6
4
2
0
5
3
0
0
4
1
6
0
2
0
5
1
14
4
0
0
1
1
5
0
2
4
0
0
0
0
1
4
0
5
2
0
0
5
0
0
8
0
1
7
4
4
0
0
10
4
11
9
7
4
0
4
0
4
5
2
0
5
0
0
0
10
0
1
0
0
2
1
5
4
4
4
0
0
5
0
4
0
0
0
7
0
9
0
1
3
1
7
0
2
2
2
3
4
8
0
1
6
9
0
5
4
0
0
0
8
3
6
4
0
0
0
4
0
2
0
0
0
0
1
0
0
1
0
0
4
0
0
0
0
0
0
0
0
0
0
0
0
0
1
5
0
1
5
0
0
0
7
1
1
16
0
0
9
0
0
1
0
0
0
1
5
1
0
0
0
0
0
0
0
7
4
0
2
10
8
1
0
0
2
1
0
0
1
7
0
4
0
0
0
0
2
2
4
2
7
1
3
0
0
0
7
0
0
0
0
0
9
0
0
0
0
0
4
0
0
1
5
0
1
0
1
8
2
9
2
0
1
0
0
0
3
5
0
1
0
5
3
0
0
0
0
0
0
0
3
1
0
0
5
2
0
0
4
0
0
2
0
8
1
2
7
0
3
2
7
5
2
0
0
0
0
0
0
0
3
0
0
0
0
0
3
1
1
0
0
4
2
5
0
1
3
0
2
0
1
0
5
3
0
2
7
0
1
1
3
0
0
0
0
2
0
0
0
0
3
4
3
2
0
0
2
4
0
4
11
4
0
0
0
0
0
4
0
0
7
0
0
0
3
1
5
5
3
0
0
0
3
0
0
1
0
5
0
0
1
1
0
3
0
0
1
2
0
3
5
0
0
4
0
4
3
4
2
0
0
0
6
2
0
0
6
2
0
0
2
0
1
0
0
6
0
0
0
0
0
4
2
0
0
0
0
0
0
0
0
6
0
0
0
0
2
1
1
0
4
3
4
4
0
0
3
1
0
6
1
0
1
3
0
0
4
3
0
1
5
4
1
4
0
0
0
2
3
1
0
0
0
0
2
3
4
2
2
1
6
1
0
1
0
0
5
0
0
0
0
0
1
2
1
0
2
0
0
1
0
0
0
1
2
3
1
0
0
0
0
1
4
0
1
1
0
1
1
1
0
0
0
0
0
0
1
0
1
0
0
1
0
1
1
1
4
0
4
0
2
5
0
6
4
0
0
0
3
0
3
1
0
0
0
1
0
0
0
0
5
0
1
1
2
3
0
0
0
4
2
0
0
8
0
0
0
0
1
0
0
0
0
3
0
6
0
2
0
1
0
1
2
3
0
0
0
0
0
0
1
0
0
2
0
1
2
0
0
1
0
0
0
2
0
0
3
4
1
1
0
5
3
0
0
0
2
0
7
4
0
1
4
1375
