../2_Decay/DataFilesGe/Decay/415396G2.TXTBackgroundRemoved 
0
0
0
0
1
0
0
0
0
0
0
0
4
0
21
54
0
25
33
49
47
32
30
22
33
28
24
38
58
42
52
17
42
14
26
21
26
18
21
14
31
27
20
10
24
16
19
10
10
17
37
28
3
23
27
0
21
1
9
20
23
36
13
11
24
21
20
16
12
17
18
11
27
22
42
16
20
29
0
16
9
28
1
23
38
0
40
31
50
26
21
32
27
33
36
20
27
25
38
28
49
27
30
57
31
13
28
42
10
47
23
60
30
42
41
63
25
31
14
59
65
44
60
33
70
55
13
24
50
26
41
73
42
64
41
50
48
40
31
32
13
39
46
30
36
40
33
53
33
34
57
48
35
29
39
26
45
62
17
40
59
43
27
40
37
35
25
28
17
37
11
21
17
51
35
29
26
31
47
20
29
13
20
38
34
28
29
27
5
15
37
16
29
38
34
32
26
7
33
23
22
1
16
20
20
29
13
15
25
19
15
16
12
20
0
13
17
24
13
26
8
26
12
26
30
22
3
9
3
15
13
37
22
38
14
17
24
15
0
17
25
35
24
19
39
22
24
19
20
16
15
6
15
4
8
15
0
5
23
16
10
17
9
11
3
7
8
5
5
8
13
18
17
6
8
13
16
0
21
17
9
7
18
13
16
16
13
12
16
7
13
0
0
2
10
38
29
8
17
6
15
2
3
15
10
6
4
0
13
15
12
7
5
10
16
10
6
14
22
15
7
1
11
0
0
7
13
8
7
10
9
5
0
0
0
6
4
22
8
6
1
7
1
4
9
0
0
0
4
18
53
15
0
2
16
13
6
8
12
0
0
7
4
10
12
0
15
10
17
3
3
7
7
2
11
0
12
7
4
0
1
0
2
8
4
1
1
10
9
0
2
2
9
13
0
0
9
2
1
14
10
0
0
1
3
0
7
1
2
10
6
1
1
11
5
8
8
8
2
0
0
11
0
9
1
3
11
3
4
0
0
4
6
3
1
8
9
6
5
1
13
1
0
0
2
9
3
7
10
0
5
1
0
0
0
2
10
9
2
0
0
5
1
0
3
7
0
0
3
4
6
0
6
2
3
1
0
3
9
0
0
6
2
4
7
1
2
2
2
0
3
7
2
3
2
2
0
0
1
0
0
10
16
8
19
12
2
7
2
11
1
3
6
1
2
0
1
8
0
0
8
2
4
6
8
6
6
0
2
4
0
4
1
3
3
4
2
4
0
5
6
3
0
8
2
2
0
1
0
0
0
0
0
2
0
2
4
4
5
7
1
0
6
6
6
0
0
4
1
6
3
6
18
15
5
0
3
3
4
7
1
1
3
0
2
4
0
3
0
0
0
0
0
2
6
0
14
28
34
14
4
0
4
6
0
3
0
5
2
3
1
1
0
0
5
1
2
1
0
0
7
0
2
8
0
0
1
0
0
0
3
2
8
0
4
0
2
3
0
0
0
0
0
2
0
2
0
15
14
7
5
1
4
2
7
3
0
2
0
1
0
0
0
4
2
4
0
0
3
6
4
5
0
0
2
0
1
1
0
0
0
0
1
0
0
0
0
0
0
3
7
3
3
0
1
3
8
0
2
6
1
4
3
0
1
7
0
4
3
0
0
3
7
0
2
1
0
3
0
4
2
0
0
4
0
4
0
4
0
7
1
4
2
2
0
0
1
0
0
6
0
5
0
6
0
5
5
3
0
0
3
0
1
4
4
0
3
4
5
4
2
0
2
0
2
4
0
2
0
6
1
0
1
0
3
0
4
5
0
0
2
2
2
1
3
0
1
2
4
5
2
0
4
0
2
1
2
5
0
0
1
0
2
0
1
3
0
1
2
0
5
2
2
0
0
3
0
0
3
1
4
0
0
0
1
0
2
0
3
0
1
2
0
5
1
1
4
5
3
7
4
0
2
0
0
5
1
2
2
3
1
2
0
0
0
1
1
3
4
0
0
0
1
2
3
0
3
0
0
1
0
4
0
2
3
1
0
0
0
0
1
3
1
1
1
0
0
2
9
9
0
5
2
0
0
0
1
4
0
1
2
0
1
3
0
1
0
4
5
1
0
1
1
0
0
3
1
0
2
0
0
3
0
0
1
2
0
1
7
0
0
0
0
0
5
0
0
0
1
2
5
7
9
6
5
0
0
2
0
1
0
0
0
0
0
0
0
0
1
0
2
0
0
1
0
0
4
0
0
0
2
4
0
0
3
0
2
0
0
1
1
0
1
0
2
0
0
0
0
2
2
2
1
0
0
0
5
4
0
1
1
0
3
1
1
0
0
5
1
0
1
0
4
3
0
0
0
0
4
2
0
1
2
1646
