../2_Decay/DataFilesGe/Decay/415339G2.TXTBackgroundRemoved 
0
0
0
0
0
0
0
0
1
1
1
1
1
1
21
112
43
45
33
28
65
33
17
5
31
40
36
42
27
31
30
18
27
15
16
17
41
9
15
8
21
28
19
12
12
21
30
8
9
10
28
19
16
25
20
8
3
32
18
40
21
43
43
13
26
29
50
31
11
32
31
22
28
22
20
23
7
53
36
21
25
17
47
18
24
24
24
38
39
19
51
30
14
45
60
16
44
27
25
33
42
29
37
47
52
56
65
63
28
44
40
48
29
66
85
63
27
62
65
51
40
20
58
41
21
51
37
47
64
58
46
57
58
30
64
35
68
43
66
63
56
29
45
68
38
41
75
26
55
45
33
45
30
39
29
38
43
22
40
49
48
25
24
29
42
29
28
20
52
40
13
59
21
15
65
39
34
49
7
40
33
12
14
39
7
34
47
8
0
43
37
43
51
24
43
41
33
18
52
40
21
39
15
10
38
29
31
14
46
23
32
24
51
35
30
6
14
11
35
24
14
21
26
25
27
20
27
21
16
17
25
14
22
21
17
22
19
7
11
11
30
61
28
13
32
26
10
16
18
13
19
19
25
20
21
16
11
9
15
15
15
17
25
9
16
21
9
9
7
20
7
18
9
33
24
1
0
9
13
15
8
15
24
14
14
21
18
13
16
10
18
0
0
20
5
19
18
14
17
5
19
8
19
15
12
20
21
21
15
12
8
16
9
7
9
8
8
9
16
11
13
2
5
6
9
12
8
13
6
3
13
19
11
7
5
9
17
14
14
12
2
7
7
9
4
6
6
6
7
24
31
14
11
19
7
3
8
2
12
7
6
8
0
2
17
14
2
9
8
8
2
2
5
5
3
9
9
3
0
0
12
8
2
2
0
0
0
9
7
10
9
10
6
3
1
5
5
5
4
8
8
9
9
0
15
1
9
7
7
4
9
8
5
2
0
5
0
11
4
7
7
11
1
7
7
6
6
7
7
3
4
4
3
1
1
6
5
0
1
7
1
1
1
1
2
1
1
1
10
9
0
3
3
4
1
11
5
18
7
8
2
8
5
3
3
3
1
4
6
1
4
2
4
4
2
5
5
3
3
1
1
7
3
3
1
0
5
8
9
4
1
9
4
1
1
1
6
6
3
0
0
5
4
11
13
5
7
2
1
4
5
5
6
9
0
4
1
2
1
0
10
0
0
4
7
0
3
5
0
4
2
0
0
5
5
6
2
5
3
0
2
3
3
3
0
6
6
4
2
4
3
10
5
2
2
7
7
7
1
4
1
7
0
0
0
0
0
4
0
7
2
15
11
1
1
1
1
0
9
0
0
3
0
3
8
4
3
1
3
5
5
5
3
7
5
6
5
10
25
3
3
4
2
2
0
0
5
2
0
0
0
7
0
5
4
2
3
3
3
0
1
1
1
1
2
1
0
0
4
0
3
0
8
8
3
3
3
2
7
4
4
4
4
2
0
6
3
2
9
5
11
4
6
6
6
2
4
7
7
7
8
1
0
1
1
1
1
1
0
3
3
2
0
2
1
6
4
4
4
4
4
1
8
0
0
0
9
9
3
3
5
5
1
0
0
4
2
0
2
2
1
2
2
4
2
2
0
3
0
0
0
4
4
4
1
2
6
0
9
1
1
6
1
1
4
1
1
2
2
2
2
2
1
1
1
1
1
2
1
3
1
4
4
3
4
1
0
4
1
3
7
7
7
4
4
4
3
1
1
3
3
3
3
4
4
5
5
2
2
2
0
1
4
6
1
0
2
6
6
3
4
4
4
4
3
2
3
4
9
1
6
6
1
1
2
0
8
8
0
3
3
6
6
6
0
0
0
4
4
4
4
4
0
0
0
2
2
3
3
4
0
1
1
1
1
0
7
7
4
4
1
2
3
1
6
6
6
5
5
3
2
2
0
1
1
2
1
1
0
3
0
4
4
3
0
0
0
0
4
2
2
2
0
1
7
3
5
4
1
1
1
1
1
1
1
5
5
5
5
5
5
0
0
1
4
2
8
7
3
4
4
4
6
1
6
1
1
1
1
1
0
0
0
0
5
5
2
1
2
2
7
7
7
2
1
1
3
2
2
0
0
1
1
10
10
10
3
3
3
3
0
0
0
0
1
0
0
3
1
4
0
7
2
4
6
2
2
5
1
1
0
0
2
2
2
2
2
2
0
4
3
3
4
4
4
2
2
1
1
1
1
3
3
3
4
2
2
0
1
1
1
1
1
0
1
0
0
0
0
0
4
3
1
1
1
0
3
0
0
1
1
2
2
3
0
1
2
2
2
2
2
0
1
3
3
0
0
0
0
0
0
2
0
1665
