../2_Decay/DataFilesGe/Decay/415332G2.TXTBackgroundRemoved 
0
0
0
0
0
0
0
0
0
0
0
0
0
0
17
73
17
41
31
43
47
84
56
16
13
1
13
22
4
24
23
14
16
0
32
35
5
19
1
19
8
17
20
0
27
31
8
19
23
16
6
21
16
2
8
0
12
12
8
24
4
11
0
0
35
11
0
27
11
26
8
0
14
25
6
6
21
11
17
24
16
15
26
45
0
6
4
25
21
0
7
0
54
20
22
17
30
5
26
27
4
52
11
54
35
34
20
46
7
23
43
30
40
34
28
29
21
37
31
20
47
29
40
20
20
11
13
31
60
4
13
60
41
26
27
50
41
31
19
36
22
29
41
10
50
26
31
9
16
28
7
19
6
21
29
19
39
38
15
16
29
9
15
0
28
8
37
21
22
13
15
23
22
16
22
27
10
12
16
9
2
4
10
24
12
0
21
22
16
7
10
7
10
15
42
13
29
12
5
22
13
3
0
7
22
31
13
4
16
17
15
18
15
9
10
1
20
5
5
5
0
6
7
5
26
26
20
15
20
27
4
12
13
11
12
12
14
8
40
0
25
5
7
4
1
0
2
1
7
10
0
10
3
13
9
13
14
9
18
13
16
6
7
12
6
2
12
1
13
0
0
5
6
10
0
1
4
8
29
13
9
19
17
17
7
17
0
6
4
6
7
13
21
0
0
2
1
5
9
2
2
4
2
0
0
14
6
5
8
9
2
10
0
7
14
1
13
4
15
1
1
8
6
1
0
5
4
1
0
14
4
10
11
3
3
0
4
0
3
0
1
0
5
5
0
24
0
0
0
0
14
0
3
6
11
0
0
12
0
6
0
11
0
4
8
0
5
6
9
3
0
1
6
9
1
4
0
3
3
4
3
0
7
0
4
6
2
3
3
3
5
6
5
7
0
0
4
0
2
8
3
12
0
0
5
0
6
7
0
1
6
3
3
0
2
4
9
9
0
0
0
0
2
3
0
0
0
11
0
1
4
0
0
0
0
0
4
6
0
9
0
10
1
2
0
1
4
0
8
9
0
0
0
0
2
7
4
0
7
5
0
0
4
0
3
4
4
9
5
3
6
7
3
0
1
2
7
2
0
0
3
3
7
0
4
4
5
3
3
3
1
1
0
6
0
2
6
1
8
0
3
3
1
2
2
3
1
0
1
1
0
4
5
5
9
0
0
0
2
3
1
3
7
2
2
0
2
4
0
4
0
0
7
1
0
4
3
7
2
1
2
0
1
1
3
0
2
4
0
2
0
0
5
2
0
0
0
1
5
0
7
1
1
1
12
2
0
0
1
4
1
3
6
0
8
0
4
0
3
2
0
0
3
0
0
0
5
2
10
18
0
0
5
1
0
10
0
0
3
0
6
0
4
0
1
0
3
0
4
0
0
0
1
0
1
0
1
1
1
0
10
0
0
5
0
0
0
2
0
4
1
1
3
1
2
0
0
8
0
5
0
0
0
0
0
0
1
1
0
0
6
0
0
2
0
0
1
5
0
4
4
0
0
0
0
1
0
0
9
1
1
4
0
1
0
0
3
2
0
4
0
3
2
0
3
0
0
0
3
0
0
1
6
1
3
2
3
0
5
3
6
5
11
5
0
3
0
5
0
0
0
1
2
0
0
3
0
1
0
2
0
0
0
1
0
6
0
5
0
0
1
5
1
2
0
0
3
1
1
2
2
3
0
0
4
1
0
3
0
2
0
5
1
0
0
0
1
3
3
0
2
0
0
3
1
9
0
0
0
0
3
5
2
4
3
1
0
3
0
0
2
0
0
1
2
6
0
3
5
0
1
0
4
2
3
6
0
0
2
0
1
0
0
0
0
0
1
5
4
0
2
0
0
0
0
0
1
1
0
0
1
2
0
1
2
0
1
0
1
0
3
1
0
1
1
0
0
5
0
0
0
0
3
1
0
0
0
0
4
3
3
0
0
3
0
3
1
0
6
0
0
0
0
0
0
1
4
0
1
4
2
2
0
2
0
0
8
0
0
0
0
1
1
3
3
2
1
0
0
0
4
1
1
3
1
0
0
0
5
1
0
0
1
0
2
1
0
2
0
2
0
0
0
4
0
0
0
1
3
0
3
0
0
1
1
2
0
2
0
0
4
0
0
2
0
3
2
0
0
0
0
0
2
0
0
3
5
0
1
0
1
0
0
0
0
0
0
0
0
0
0
2
3
3
0
0
0
0
0
0
1
0
1
1
0
0
0
5
0
3
0
0
1
3
2
0
0
0
0
0
3
0
5
0
1
4
1
2
0
1
2
0
0
0
1
0
0
3
0
0
0
0
1
2
2
0
0
1
7
0
0
0
0
1388
