../2_Decay/DataFilesGe/Decay/415372G2.TXTBackgroundRemoved 
0
0
0
0
0
0
0
0
0
0
0
0
13
2
26
144
85
29
42
41
37
29
24
13
34
10
34
22
2
35
32
22
17
7
12
22
7
11
11
12
17
33
24
19
12
12
19
19
16
14
24
22
19
17
31
20
16
13
6
30
23
17
36
4
12
22
17
42
26
25
25
20
28
28
20
16
10
41
41
17
16
38
59
59
48
48
40
20
40
31
35
19
19
56
45
0
40
20
36
83
16
58
20
37
34
37
37
26
45
25
26
30
17
43
8
43
28
56
44
61
29
11
24
36
50
64
26
31
32
61
49
33
34
73
57
22
43
42
25
11
34
36
55
39
61
47
57
35
53
39
19
20
44
32
50
19
28
29
40
51
33
64
40
36
47
18
29
26
6
39
14
29
35
27
36
34
37
6
24
31
15
3
33
34
32
28
14
27
19
0
36
57
27
49
25
31
26
9
15
23
33
14
13
19
41
30
24
1
29
28
30
10
39
23
11
28
8
15
5
20
20
24
6
12
18
8
0
20
36
23
19
14
20
15
10
28
13
21
21
4
26
75
12
16
38
36
23
10
22
8
20
15
18
2
10
4
9
3
23
5
22
11
11
17
14
3
25
8
17
17
16
25
8
10
15
15
7
10
9
23
7
13
9
27
22
10
17
12
4
22
13
0
0
15
5
28
23
9
9
2
6
10
10
12
4
16
19
10
9
12
12
11
1
9
11
9
11
9
24
16
0
14
12
5
2
0
6
14
14
14
17
10
8
3
9
9
10
8
7
11
12
2
11
11
0
0
0
0
19
12
49
9
7
10
12
2
2
12
3
10
10
13
5
7
6
17
1
0
10
7
3
0
6
6
5
0
0
7
4
6
6
4
2
7
9
5
1
0
12
0
8
0
11
4
4
12
8
8
1
3
3
3
3
9
6
2
12
12
12
5
11
2
12
4
8
2
0
0
2
2
6
3
1
6
1
8
8
2
0
3
3
1
4
3
3
6
6
10
10
8
7
3
10
9
5
5
2
10
5
6
6
6
0
0
5
4
6
11
7
7
0
7
9
1
5
9
5
1
3
4
7
1
0
3
12
12
0
1
0
7
7
7
4
0
4
4
3
0
0
6
5
3
7
7
2
2
2
2
2
5
2
5
18
27
14
2
8
0
0
1
1
4
3
5
7
3
3
2
3
2
7
3
4
11
2
2
2
2
7
0
0
3
7
7
7
2
3
5
3
4
8
8
6
2
2
3
1
1
2
2
0
3
7
6
1
1
2
2
6
3
3
5
5
5
5
5
5
2
6
6
7
6
14
13
9
1
6
6
1
4
4
4
1
1
0
6
8
7
7
7
7
7
1
1
0
2
10
38
32
9
4
1
0
5
5
3
3
3
7
7
4
4
2
0
0
9
4
6
3
3
2
1
0
2
2
2
2
1
1
0
5
0
0
2
6
6
6
1
0
0
0
0
0
0
0
0
2
14
19
1
1
2
2
1
0
0
2
3
1
0
3
0
2
2
5
1
0
1
2
2
2
7
7
2
4
0
4
3
4
1
1
1
3
3
3
3
0
1
3
5
5
0
1
1
2
2
0
5
4
5
6
3
3
3
3
3
0
0
0
0
8
10
1
4
4
1
2
1
4
1
1
2
1
1
1
6
4
2
2
1
1
6
0
7
7
7
0
0
1
1
1
2
2
3
0
7
3
3
0
0
5
14
14
14
0
6
1
2
2
2
2
2
0
2
3
3
3
3
0
0
1
0
0
0
2
3
2
6
6
6
6
2
6
6
6
6
3
2
2
1
2
0
4
3
3
2
3
0
0
2
0
3
1
3
3
4
0
3
0
0
0
1
1
1
1
1
6
3
3
3
3
1
1
1
3
0
0
0
1
7
7
7
7
4
1
2
2
1
0
8
8
2
2
2
2
1
1
1
3
5
5
1
0
4
4
1
0
3
2
3
3
0
2
2
2
3
1
1
1
0
1
2
0
3
0
0
0
0
0
2
4
1
6
6
3
0
1
9
6
5
7
7
7
0
3
2
2
2
3
3
3
3
1
2
2
1
1
1
3
1
2
0
4
1
1
1
3
3
3
3
3
3
0
0
0
4
0
2
0
0
0
0
0
2
1
0
0
1
1
3
4
5
4
3
7
0
1
4
3
2
2
2
5
0
0
0
0
0
0
3
2
4
3
6
1
1
1
0
1
1
1
2
2
4
4
1
1
1
1
1
1
3
1
1
1
0
2
1
1
4
4
3
5
1
2
0
0
0
0
5
2
0
2
2
2
0
0
5
0
0
2
2
2
2
2
6
6
6
2
2
2
2
2059
2059
