../2_Decay/DataFilesGe/Decay/415391G2.TXTBackgroundRemoved 
0
0
0
0
0
0
0
0
0
0
0
0
1
1
17
24
14
32
29
34
24
21
27
5
15
13
0
4
4
18
18
29
21
0
12
8
0
12
17
0
5
6
18
11
0
6
7
0
0
3
20
16
3
21
10
0
9
4
23
12
0
5
23
9
8
3
13
16
0
13
24
0
23
3
12
10
15
14
2
12
5
7
0
0
9
7
34
21
18
0
10
9
18
3
0
0
7
36
0
18
16
22
0
35
8
1
18
0
44
19
10
6
38
13
11
29
18
50
42
44
15
28
39
31
43
19
11
15
35
49
7
20
12
21
13
19
28
7
8
11
11
42
58
37
37
23
50
32
21
42
0
7
2
30
33
37
10
18
24
22
8
8
7
12
0
10
11
14
14
20
14
32
1
15
37
35
5
21
2
18
8
1
32
15
12
17
10
27
0
23
9
34
25
46
45
1
15
17
25
17
1
18
23
0
8
19
1
5
30
0
2
14
18
13
0
0
1
5
11
0
0
22
14
5
14
0
0
18
7
9
14
14
13
9
0
16
16
20
0
0
19
46
17
16
28
29
0
12
9
7
1
12
0
3
4
6
0
0
10
2
19
16
0
3
4
5
15
4
8
6
14
12
8
21
3
4
3
6
0
18
6
15
16
9
10
3
0
8
14
7
16
0
0
0
0
15
13
7
3
1
17
3
4
7
0
10
2
0
12
11
8
3
13
2
18
0
4
1
8
4
7
14
7
4
0
0
3
4
2
0
6
4
4
0
0
0
0
1
7
4
18
0
7
0
3
0
0
0
7
9
39
12
12
4
0
2
0
14
0
0
1
5
0
5
0
0
10
1
2
1
0
1
1
9
2
1
5
3
11
1
0
6
3
0
1
1
0
2
4
0
0
6
10
2
3
0
2
0
1
2
0
3
0
3
7
0
6
3
0
0
11
2
11
4
7
12
0
5
0
2
2
1
3
1
0
2
5
0
0
0
1
1
4
3
0
2
1
0
0
4
1
2
0
0
4
1
0
0
5
0
0
0
0
0
7
3
4
2
5
4
2
5
3
0
5
6
1
7
1
6
5
0
4
0
0
5
0
1
2
0
3
0
3
0
4
0
3
0
1
0
2
4
7
0
0
0
0
0
0
0
0
3
16
17
7
12
6
1
5
0
1
4
3
5
0
5
0
0
0
0
5
4
7
6
1
1
2
0
0
0
1
5
0
0
0
0
0
6
0
2
0
0
7
0
1
4
4
0
0
0
0
0
5
0
3
2
0
1
0
1
0
0
0
0
0
0
0
3
7
0
0
4
10
19
3
0
2
2
4
0
1
0
0
3
0
1
1
1
4
0
0
0
1
1
0
3
5
19
26
7
9
6
3
2
0
0
7
0
8
4
1
1
0
1
0
2
0
3
3
0
0
0
5
0
0
0
0
0
7
3
0
2
0
7
5
8
0
9
0
0
0
0
0
4
0
3
0
5
24
7
4
2
2
0
0
6
0
0
4
0
0
2
3
3
4
6
1
0
3
0
0
4
0
3
7
0
0
0
2
0
0
3
5
0
0
0
0
2
3
0
8
4
3
0
0
2
1
2
4
0
0
3
1
1
0
2
1
0
0
0
0
0
3
0
1
1
0
0
0
4
0
1
0
1
0
1
0
2
1
0
0
3
3
0
0
3
5
0
1
2
2
0
0
1
0
3
6
3
0
3
8
2
0
0
0
0
2
0
0
0
0
0
4
0
2
1
0
10
0
3
0
1
1
0
0
0
0
0
0
3
3
0
4
0
0
0
1
4
2
6
0
1
0
0
0
3
0
1
2
0
4
0
0
0
1
4
0
0
0
0
0
0
2
0
0
1
0
4
0
1
2
7
0
0
0
1
0
0
0
0
0
1
0
1
1
3
0
2
1
9
0
1
0
0
0
0
1
0
0
0
0
4
0
0
1
0
0
0
0
0
0
0
2
0
0
0
1
0
1
0
1
1
0
0
0
2
0
0
0
0
0
0
3
0
0
0
2
1
15
7
1
0
0
0
0
2
2
0
5
0
0
3
1
0
3
0
1
0
5
8
0
4
4
0
0
1
1
1
0
0
0
2
0
2
0
1
3
1
2
0
1
0
0
0
0
0
0
0
0
2
0
3
1
5
8
1
7
4
0
1
0
0
3
0
3
0
1
3
0
0
0
1
3
1
1
0
0
0
1
0
0
0
0
1
2
0
0
1
0
0
2
0
0
0
3
0
0
0
0
1
1
2
1
1
0
2
0
0
0
1
0
3
0
0
0
0
1
0
1
0
0
1
0
3
1
2
1
0
0
2
0
0
4
1376
