../2_Decay/DataFilesGe/Decay/415313G2.TXTBackgroundRemoved 
0
0
0
0
0
0
0
0
0
0
0
0
0
0
35
55
27
30
46
56
45
35
28
12
14
6
4
26
21
19
48
12
2
15
15
15
13
22
9
21
20
21
33
33
16
0
10
12
1
1
6
25
13
15
21
21
11
2
19
23
17
11
28
24
22
10
0
17
4
27
18
3
11
23
23
23
34
16
2
28
15
56
17
15
15
26
39
25
46
46
33
28
28
40
13
13
44
4
2
39
4
18
25
35
39
44
31
10
2
26
61
42
6
12
17
23
37
39
41
28
59
23
49
42
26
24
14
44
49
0
41
29
38
31
49
36
30
26
27
44
32
18
36
15
42
31
29
22
19
26
9
22
26
48
48
30
18
15
22
37
22
44
28
21
9
16
23
23
17
32
21
21
42
31
44
14
34
15
10
26
16
2
21
16
16
12
24
7
10
22
24
29
16
14
38
34
3
22
29
7
19
19
26
15
30
14
13
1
13
31
36
7
20
23
26
7
26
18
20
26
4
21
21
9
19
35
1
9
36
14
10
26
13
7
1
17
16
16
36
4
19
11
1
3
14
22
4
0
8
8
4
19
8
15
10
19
11
7
6
2
3
1
9
11
0
15
6
13
13
13
0
12
12
7
6
4
10
4
6
2
17
4
12
10
9
16
9
1
11
18
5
6
17
10
5
0
29
0
6
3
3
11
8
6
5
3
3
6
1
5
7
12
9
3
3
9
2
16
10
11
11
1
5
8
11
14
3
5
5
2
2
13
9
7
13
3
9
10
10
6
2
5
3
5
6
24
13
13
0
0
0
8
2
14
12
12
0
8
8
2
2
9
5
4
9
2
18
18
0
6
6
6
4
7
4
0
0
7
7
4
4
3
8
5
4
1
9
9
2
0
0
0
6
0
0
11
9
0
0
9
2
7
1
0
10
2
9
6
6
6
6
3
7
6
5
9
8
0
0
9
8
2
10
1
1
1
3
3
4
3
2
2
1
0
0
5
4
3
6
7
2
8
0
4
4
5
5
0
9
6
6
5
5
5
4
1
1
1
1
1
1
1
1
5
4
0
10
10
3
0
1
1
11
4
5
5
5
7
2
3
0
6
10
10
10
10
10
10
10
6
0
4
8
0
5
4
10
7
3
3
3
4
2
0
5
7
6
3
3
5
5
2
6
10
2
5
5
3
2
2
2
5
2
1
0
0
0
0
3
2
1
1
2
2
2
2
0
7
7
6
6
5
1
4
5
4
1
0
0
0
0
3
3
1
1
1
3
6
1
10
2
0
9
9
8
8
8
8
8
6
1
0
0
0
0
0
0
0
0
2
6
6
6
0
0
5
0
5
5
12
6
6
0
0
0
0
5
5
1
5
5
2
1
3
3
2
4
3
5
3
1
1
3
4
3
2
3
3
3
3
3
3
1
5
1
1
3
3
6
4
4
8
0
0
3
2
2
2
5
16
1
1
2
2
4
2
1
1
0
3
2
2
0
5
5
5
5
5
5
1
2
3
0
5
3
0
0
0
7
1
1
1
1
4
5
5
5
0
0
7
7
7
2
2
3
3
3
3
3
2
2
6
7
7
1
6
3
0
0
0
4
3
0
4
4
4
1
1
5
2
2
2
2
1
0
2
2
2
0
0
0
0
0
2
2
2
1
5
5
3
2
5
5
0
1
3
6
0
2
2
5
3
3
0
0
1
0
0
1
0
1
2
3
1
1
1
2
3
2
2
2
2
4
1
3
1
1
3
3
0
3
5
6
4
4
2
2
6
6
2
2
1
2
1
0
0
0
4
2
0
0
0
3
2
0
2
1
1
0
0
0
0
1
1
1
4
0
3
3
0
0
1
0
0
0
0
1
2
2
0
3
3
3
3
1
1
1
1
3
1
2
2
2
4
0
0
0
0
0
1
2
2
2
4
1
1
1
4
0
4
5
5
5
4
4
2
0
1
0
3
1
0
0
0
0
0
1
1
4
0
1
0
0
0
0
8
7
4
4
3
0
0
0
0
1
1
2
2
2
5
0
5
2
1
5
2
0
0
1
1
1
0
3
3
2
1
1
1
0
0
0
0
2
2
2
2
2
2
3
1
1
1
1
0
0
0
2
3
0
0
5
5
3
3
0
3
1
1
1
0
1
2
2
2
3
1
4
1
3
3
3
1
1
1
1
4
4
1
1
0
1
6
3
3
3
3
3
3
3
1
1
2
2
1
4
1
1
2
3
1
1
1
0
0
3
3
0
0
0
1
2
2
1
2
4
0
3
3
3
2
3
0
0
0
1
1
1
2
2
2
2
2
2
1
0
0
0
0
4
4
4
4
1
1504
