../2_Decay/DataFilesGe/Decay/415300G2.TXTBackgroundRemoved 
0
0
0
0
0
0
0
0
0
0
0
0
1
0
49
304
209
97
78
58
57
56
37
26
15
12
23
16
17
34
26
30
12
2
18
18
8
24
21
21
8
26
17
14
1
9
9
18
14
15
32
33
25
25
12
9
23
11
14
8
29
22
3
3
2
14
16
34
34
10
0
1
17
12
6
22
22
16
3
7
2
43
11
22
22
22
26
24
16
16
27
25
31
60
55
4
4
4
13
36
45
10
13
38
30
20
66
18
18
10
34
9
17
11
10
10
29
32
37
28
39
18
29
1
29
34
11
20
77
35
22
16
9
12
5
21
35
39
26
27
44
31
32
62
31
27
21
8
21
39
13
22
21
36
39
26
37
15
15
8
6
35
2
5
5
8
6
10
27
19
7
42
19
32
26
42
16
21
23
31
12
6
25
24
12
15
11
13
17
42
18
17
23
21
39
30
19
18
21
12
18
16
13
12
39
23
11
3
27
27
22
5
5
17
7
12
0
4
15
22
9
18
13
7
9
4
7
11
1
19
20
14
28
10
6
7
3
8
31
11
21
21
6
16
0
5
5
9
9
9
14
16
4
15
10
9
14
20
9
6
5
7
7
6
6
15
13
15
15
4
6
23
0
10
5
15
8
4
14
13
3
17
16
10
14
7
6
3
15
9
9
4
14
9
5
5
12
10
10
10
8
2
8
16
16
15
15
15
13
4
1
11
3
3
10
10
1
3
9
6
10
4
9
8
5
5
0
7
3
3
13
10
10
9
3
3
8
8
10
2
2
2
10
8
5
22
22
22
3
4
7
7
2
2
5
6
4
14
14
7
7
8
0
13
7
7
6
0
5
6
6
6
6
4
0
0
4
2
2
3
2
2
5
13
2
2
1
1
8
8
8
6
7
1
3
3
3
4
6
6
2
7
7
12
2
5
0
4
4
1
7
3
4
11
2
11
11
0
0
0
5
4
4
5
5
3
3
3
3
1
5
5
1
6
6
8
10
3
3
5
5
1
5
5
0
0
0
4
8
7
4
11
2
3
1
2
2
6
4
4
1
1
1
1
11
7
3
3
3
9
9
6
13
1
8
3
0
0
0
0
5
6
1
3
2
5
8
1
7
2
5
4
4
6
1
10
5
7
5
5
5
5
0
0
0
1
1
1
0
5
5
9
5
2
2
2
2
2
2
0
0
0
7
1
1
9
5
6
1
8
1
3
3
3
3
3
1
1
1
1
1
1
1
0
3
2
1
1
1
1
1
0
6
6
5
3
3
3
3
3
1
0
7
7
4
4
4
0
2
12
12
0
1
2
7
7
1
1
3
6
6
6
2
0
2
3
6
2
3
19
15
15
0
0
1
1
2
0
5
6
2
0
0
4
4
3
1
1
0
0
0
0
0
1
1
1
1
3
0
0
5
5
3
3
0
0
5
3
3
1
1
1
1
2
4
3
3
0
1
7
2
2
1
2
4
4
4
4
4
2
4
4
0
2
4
4
1
0
0
0
3
0
0
0
4
1
0
0
5
1
1
0
0
0
0
0
5
5
1
0
0
0
6
1
1
1
1
1
1
1
2
2
3
3
3
3
4
4
0
1
2
2
7
0
0
1
1
1
0
0
2
3
2
2
1
1
0
0
5
0
0
0
1
1
0
0
0
1
0
3
3
3
1
0
0
0
4
4
2
2
4
8
2
3
0
4
3
1
1
1
0
1
0
1
2
0
0
4
4
4
2
2
2
2
0
2
2
5
5
5
4
0
5
5
2
2
1
1
1
4
4
1
1
1
5
0
1
2
2
2
2
2
2
4
1
1
2
1
5
5
1
1
2
0
0
0
3
2
2
2
2
1
4
3
3
3
3
0
0
0
0
1
1
3
0
1
0
0
0
0
1
3
1
2
2
1
1
1
5
2
2
2
2
2
2
2
2
7
0
1
0
3
3
2
3
3
3
0
1
1
1
1
0
0
0
0
4
4
5
5
2
2
2
3
0
10
9
0
0
3
1
1
2
5
7
2
2
2
2
6
0
1
3
0
0
2
2
2
1
1
1
2
0
0
1
1
1
2
2
0
1
1
0
0
0
4
2
1
1
6
1
1
1
1
1
0
1
0
3
3
3
4
2
2
2
0
0
0
0
1
1
5
0
0
0
0
1
3
0
6
2
2
0
0
1
1
1
1
3
2
2
2
3
4
0
0
0
0
0
0
1
1
1
1
1
1
1
1
2
2
2
2
5
5
5
1
1
1
1
0
0
0
0
0
0
2
1
0
0
0
0
4
4
4
0
0
1
0
0
0
0
1
4
4
6
1
1
1
4
4
4
2
2
1397
