../2_Decay/DataFilesGe/Decay/415365G2.TXTBackgroundRemoved 
0
0
0
0
0
0
0
0
0
0
0
0
0
0
22
77
71
49
33
58
31
60
31
30
44
64
29
62
60
28
35
28
26
26
24
24
41
29
28
24
29
36
31
10
10
4
14
24
27
9
46
22
33
26
22
13
21
20
34
39
48
38
17
45
45
42
34
49
39
49
27
28
39
50
43
38
59
29
32
34
16
50
48
51
51
36
46
36
64
67
55
61
60
69
46
62
67
61
47
64
44
48
55
78
47
67
77
61
34
40
53
70
52
82
73
43
31
78
80
65
54
45
65
82
59
69
45
38
74
55
53
89
48
67
53
49
42
51
62
53
42
63
59
31
53
52
62
44
50
52
48
37
47
31
56
61
49
33
50
48
75
65
41
22
35
55
59
23
36
37
37
57
68
48
49
46
45
41
30
52
39
27
28
28
20
12
31
44
47
43
39
38
27
39
36
34
16
18
12
27
29
26
41
31
45
35
34
32
62
31
48
21
36
22
28
8
21
25
29
22
5
28
30
8
44
17
18
18
21
27
24
39
30
19
18
27
17
34
46
15
17
8
33
27
44
41
18
19
23
23
6
31
19
18
6
16
21
26
16
15
15
15
16
12
11
24
21
14
27
12
29
21
14
8
11
9
2
7
8
28
9
11
24
13
5
13
8
22
12
12
18
31
17
7
10
8
9
16
31
10
7
10
6
6
6
7
7
0
9
11
16
14
10
10
14
12
0
10
10
20
16
11
3
6
8
0
10
17
17
19
10
9
15
0
0
3
12
14
10
10
21
11
10
4
14
30
6
6
1
9
16
6
11
8
7
6
10
14
9
9
9
14
7
16
9
8
11
9
0
4
0
7
7
12
1
1
0
12
1
15
15
10
7
3
6
8
8
9
2
0
8
6
10
8
1
7
3
3
8
20
15
7
7
8
5
3
8
4
4
6
13
0
9
7
7
13
15
13
8
9
7
7
6
11
5
0
3
6
6
6
6
1
1
2
2
10
5
5
5
1
6
2
7
10
4
6
14
14
4
8
4
4
11
11
0
8
5
2
5
7
4
6
8
8
9
2
8
4
4
3
5
9
6
0
17
0
3
6
6
6
6
2
3
7
0
0
0
3
1
3
3
2
4
6
9
12
20
20
4
4
4
3
8
5
8
5
4
1
2
6
5
11
4
11
0
2
2
2
2
2
22
8
8
2
3
2
9
5
4
5
3
4
4
11
2
2
2
4
4
2
1
0
5
1
3
4
6
5
1
9
1
5
5
5
0
1
0
3
4
5
5
1
0
5
14
9
9
9
3
3
2
7
9
5
8
0
3
3
3
3
3
0
2
2
4
3
0
2
0
18
13
13
13
2
0
0
3
2
3
3
5
4
6
6
6
0
0
1
2
6
3
4
1
4
2
2
4
5
13
1
3
1
5
8
3
3
3
3
6
3
2
4
2
1
1
1
5
1
6
12
6
6
3
10
3
0
3
3
4
4
2
0
1
1
1
1
6
2
2
3
1
2
3
8
2
4
4
1
6
6
1
4
1
1
2
10
8
2
2
2
2
2
1
1
1
0
0
0
5
2
1
1
2
2
3
3
2
2
3
4
2
2
7
3
3
5
0
2
3
1
3
3
4
1
0
7
0
0
5
3
0
0
0
1
3
2
2
10
10
5
3
1
1
1
1
4
6
3
2
2
7
3
3
4
4
4
4
1
1
2
5
2
2
2
2
0
1
4
1
3
2
2
4
1
3
4
6
6
6
6
3
2
6
3
1
0
3
4
4
4
4
2
4
6
2
8
0
3
0
1
1
0
0
2
2
3
1
0
3
3
4
9
9
1
1
4
0
0
6
6
3
0
2
2
2
2
4
5
0
2
3
6
6
0
2
6
0
0
5
4
0
2
1
7
7
1
2
1
1
5
1
0
6
6
6
2
5
1
1
2
3
1
1
3
6
6
6
1
1
2
0
1
1
2
2
6
3
5
4
5
2
5
5
0
0
8
13
13
13
3
2
2
2
5
3
3
1
1
0
4
0
0
1
3
3
0
2
1
1
2
2
1
5
5
2
2
2
3
3
2
2
2
3
0
0
2
4
1
3
0
0
1
2
2
2
1
2
1
1
1
2
1
7
7
4
4
4
0
3
0
2
5
5
5
2
3
1
0
1
6
6
1
6
4
3
2
2
0
0
1
3
5
2
3
4
4
4
2
2
2
2
3
1
1
1
1
1
2
5
0
0
2
0
1
3
0
2
0
0
0
1
1
2
4
4
1
3
3
3
1
0
1
1
1
2
2
3
2
3
1
1
1
4
4
1
5
2
0
0
1
1
2
2360
2360
