../2_Decay/DataFilesGe/Decay/415373G2.TXTBackgroundRemoved 
0
0
0
0
0
0
0
0
0
0
0
1
1
1
26
131
27
18
34
24
16
22
25
14
21
2
18
35
20
21
23
19
20
12
19
11
31
19
20
22
15
21
23
16
13
20
14
13
36
8
24
22
26
30
10
5
22
14
21
13
34
15
26
14
30
12
25
31
19
37
23
1
24
25
44
41
2
38
38
28
16
27
37
11
18
18
16
8
62
14
54
28
41
58
36
11
33
25
50
37
37
48
34
29
54
26
56
45
15
18
27
12
4
52
30
26
27
63
18
40
28
49
40
23
44
36
29
27
45
50
21
49
66
45
29
51
61
50
29
38
38
48
59
35
46
60
44
17
45
49
36
31
49
56
43
52
17
23
32
16
63
51
29
26
26
31
12
44
39
30
36
27
12
28
42
35
42
24
34
32
40
17
0
34
8
26
14
21
24
26
39
36
19
45
35
29
33
30
35
31
15
19
26
16
45
26
20
41
27
27
27
10
28
38
12
20
37
16
22
28
3
22
13
14
33
16
18
7
26
18
12
21
18
16
15
19
23
14
14
14
12
63
20
22
28
18
7
5
6
16
35
10
10
15
0
4
27
11
5
12
3
18
22
11
11
7
15
12
22
13
9
25
13
3
11
12
14
14
25
25
7
6
23
13
6
19
17
8
10
18
6
4
4
6
20
15
19
2
14
8
8
4
11
9
4
9
3
3
16
14
22
16
7
16
9
16
3
6
16
11
10
10
14
14
8
8
13
7
13
2
7
10
1
1
1
14
14
13
5
11
11
4
8
0
0
0
0
0
6
26
62
10
5
6
6
6
4
15
11
6
2
10
3
7
12
7
4
3
3
5
0
2
11
7
12
1
2
11
2
6
8
4
8
10
11
11
1
11
4
2
7
11
11
7
7
4
7
7
7
8
8
5
9
2
4
5
5
10
3
3
11
0
6
4
4
3
12
11
3
6
6
9
11
4
0
7
2
0
3
6
13
7
8
11
9
16
2
2
4
1
15
1
0
4
1
3
11
11
4
3
0
0
0
0
14
2
2
4
4
8
7
3
6
6
7
11
7
7
7
7
7
7
9
4
9
0
0
0
0
0
0
6
6
9
1
1
6
6
3
1
1
5
7
7
8
2
2
2
2
2
10
14
14
17
8
0
3
1
6
2
2
1
8
4
10
6
3
6
6
6
4
0
2
2
1
0
4
2
1
1
1
0
3
3
3
5
2
4
2
0
3
3
0
3
4
5
5
1
0
5
5
4
3
3
3
2
4
0
2
3
0
0
0
1
1
1
1
5
3
7
1
6
19
18
10
2
4
4
1
5
5
1
2
0
0
4
4
7
7
2
2
2
2
3
0
3
7
27
27
8
4
6
6
2
2
2
0
5
4
4
4
2
2
1
3
0
0
0
6
0
1
1
8
1
3
3
3
3
6
4
2
6
6
6
2
4
4
2
2
2
2
2
1
1
4
4
10
12
18
12
2
4
0
2
2
1
2
3
2
2
2
2
0
0
2
2
10
1
5
0
1
5
5
4
4
4
3
0
3
3
3
4
4
4
8
2
2
0
4
1
1
0
8
4
2
2
1
3
1
1
1
3
0
3
0
2
2
2
3
3
10
6
0
0
0
0
2
2
0
2
2
1
0
3
0
4
1
5
5
0
3
7
2
2
2
2
4
4
4
2
4
4
4
4
5
4
0
0
0
3
1
5
0
3
3
3
1
3
3
3
5
0
2
4
1
4
0
1
1
1
5
2
2
0
0
3
3
4
4
4
4
4
4
4
4
1
5
1
5
0
0
1
5
3
1
7
2
4
4
4
0
2
4
3
1
1
1
4
4
1
5
0
4
4
4
4
4
2
0
3
3
2
2
5
5
5
5
5
2
2
2
2
5
5
1
1
1
2
1
3
3
2
4
4
0
2
2
1
1
4
2
0
0
0
0
0
3
3
4
4
4
4
4
3
3
3
1
6
3
1
2
4
3
1
0
4
4
4
4
1
4
0
0
2
0
1
3
4
12
4
5
4
4
7
0
2
2
2
3
0
0
4
3
3
3
1
7
7
1
5
2
6
4
4
4
0
0
1
1
1
1
0
0
2
2
0
0
1
1
4
1
1
1
1
1
1
1
3
3
1
5
4
3
3
1
3
0
2
0
0
0
0
2
3
3
3
3
5
5
5
2
0
4
0
1
1
1
1
4
1
2
2
2
2
3
3
0
0
4
4
3
3
3
0
5
2
2
0
0
0
1
1
6
6
6
6
2
1
4
3
5
3
3
1
1
0
3
0
2
2
3
3
3
1
1
1
0
0
6
6
6
0
2164
2164
