../2_Decay/DataFilesGe/Decay/415376G2.TXTBackgroundRemoved 
0
0
0
0
0
0
0
0
0
0
0
0
0
0
14
55
47
51
16
6
16
0
5
0
23
14
10
14
23
11
31
11
27
14
4
7
4
21
14
17
17
16
8
21
0
0
0
10
0
10
0
16
0
3
0
0
0
0
0
0
12
15
13
0
0
0
5
15
0
17
0
0
0
0
8
0
0
0
0
0
0
0
9
0
4
0
20
20
22
0
20
6
4
0
0
0
27
10
0
12
1
44
11
27
18
6
9
5
0
7
0
11
23
12
0
8
14
0
0
47
3
19
15
9
27
19
32
2
27
9
3
9
0
14
27
12
22
34
3
21
0
0
43
0
18
15
21
0
51
0
13
6
11
8
9
14
20
16
27
31
14
21
8
0
11
17
24
3
15
1
25
22
0
14
26
14
18
28
0
16
18
0
1
25
0
3
24
0
5
7
37
9
0
6
23
0
16
10
21
4
8
0
10
4
17
15
7
12
0
6
6
0
0
28
2
4
2
2
10
6
0
14
0
8
3
0
11
8
18
12
0
11
13
0
0
4
9
0
0
0
4
42
21
12
22
16
0
0
11
13
11
6
12
4
0
0
17
11
9
4
14
6
3
1
9
4
9
10
2
0
0
11
4
13
10
11
2
7
8
2
14
3
5
4
4
5
7
0
0
11
9
0
0
0
0
6
29
0
3
0
8
10
0
5
11
1
0
0
12
13
1
8
1
1
0
8
0
12
0
1
8
0
3
3
3
2
6
8
5
4
6
0
0
0
0
7
2
9
7
15
2
0
0
0
0
0
0
0
7
16
43
8
0
7
7
0
7
7
10
1
0
7
9
0
2
0
8
0
6
1
0
12
1
1
9
0
4
7
3
0
2
0
6
9
0
1
1
0
1
6
1
0
2
7
5
1
1
0
0
12
2
0
2
3
1
1
9
8
0
0
18
0
6
0
1
2
5
12
3
0
5
3
2
0
0
1
0
0
0
3
0
6
5
7
4
2
0
2
0
0
1
6
0
11
0
0
0
0
0
4
3
0
6
0
5
1
0
6
7
2
2
0
0
0
4
4
0
5
3
4
1
0
0
0
0
0
0
0
0
0
0
0
10
2
5
0
0
0
0
0
0
5
0
0
0
0
0
0
0
0
3
8
10
12
2
3
2
4
3
1
6
7
8
2
0
2
2
0
0
0
6
0
6
1
0
0
4
0
2
1
0
0
3
0
4
0
0
2
1
0
0
0
0
0
1
1
0
0
3
0
0
7
4
0
0
3
3
0
1
0
0
0
0
3
5
0
0
2
0
2
4
2
8
10
0
0
0
0
1
0
0
0
5
0
0
0
1
3
2
0
0
0
0
7
1
3
7
36
26
6
2
0
1
5
0
0
6
0
2
0
8
0
2
0
3
0
4
0
0
0
2
0
0
0
0
0
0
0
5
3
4
0
2
3
3
0
0
3
0
0
0
0
0
0
0
7
5
10
18
5
0
4
0
0
0
0
5
1
0
0
2
0
2
0
0
6
0
0
0
0
0
0
4
1
0
1
3
0
1
2
0
0
4
2
0
0
0
0
0
0
0
0
0
0
5
0
0
1
3
1
0
0
0
0
1
5
0
0
1
0
1
4
8
0
0
3
0
0
1
7
0
0
0
4
2
0
0
3
0
0
3
2
0
2
0
0
5
3
0
0
3
0
0
0
0
0
0
0
1
2
0
2
0
1
0
1
0
0
3
0
0
0
1
0
0
2
10
0
0
0
2
0
1
2
9
0
0
2
0
0
1
1
0
0
0
3
1
0
0
0
0
4
0
0
0
2
0
3
1
0
2
1
1
0
1
3
0
0
1
0
0
3
0
0
0
1
0
1
0
1
0
1
0
0
0
3
3
1
1
0
0
0
0
0
0
0
1
3
2
4
0
3
2
1
0
0
3
1
0
2
1
1
0
4
2
0
0
0
1
3
0
0
0
0
0
0
4
0
0
3
0
2
0
1
0
3
0
0
0
0
0
0
0
2
3
0
3
2
6
4
0
4
0
0
2
3
1
0
0
0
0
0
0
0
1
2
1
0
1
1
3
0
1
1
0
0
0
2
0
0
0
0
2
0
0
3
0
0
0
0
0
0
0
0
0
3
0
0
0
0
1
5
2
1
2
1
1
8
2
0
0
0
0
0
1
0
0
6
0
1
3
0
0
0
3
0
0
1
0
0
1
0
1
0
0
0
0
4
2
0
0
0
2
1
4
0
1
0
0
2
1
0
1
0
0
0
4
0
0
4
0
0
1
0
0
0
0
1
0
0
0
0
0
1
0
0
0
0
0
0
0
2
1187
82
