../2_Decay/DataFilesGe/Decay/415318G2.TXTBackgroundRemoved 
0
0
0
0
0
0
0
0
0
0
0
0
1
1
29
119
0
24
44
16
29
16
0
8
11
13
37
17
34
26
8
0
7
8
21
27
14
16
9
17
18
15
21
0
18
10
17
5
6
6
38
24
2
11
19
0
11
11
0
22
18
36
15
20
13
10
0
18
1
8
15
0
13
37
24
7
11
46
21
21
42
28
31
14
0
21
7
24
45
23
35
18
28
28
33
32
5
26
25
27
13
39
0
53
37
24
21
29
23
22
39
50
31
19
40
60
8
61
15
48
57
9
47
38
48
47
21
18
65
31
39
60
41
44
24
38
44
25
33
53
29
20
42
48
44
29
44
22
22
36
12
38
31
16
22
25
33
37
27
19
13
22
23
20
29
17
40
11
20
42
14
33
17
40
39
22
22
29
17
24
32
25
21
30
14
0
1
22
30
30
15
40
17
35
44
22
10
12
17
16
16
14
25
14
21
30
32
19
23
30
25
16
37
24
43
9
18
13
27
21
2
21
10
19
20
3
13
11
16
26
18
18
22
13
12
14
29
17
30
2
18
3
28
9
18
18
15
18
3
0
2
19
7
13
0
5
1
5
23
11
5
16
1
9
5
16
2
19
13
4
11
2
6
13
8
0
7
5
6
24
13
21
24
22
6
16
18
8
14
12
12
21
10
19
10
7
11
7
11
3
6
8
5
9
0
1
5
3
2
3
4
16
0
1
5
10
4
2
11
9
10
7
0
10
8
7
0
8
0
7
10
7
8
12
8
1
1
3
0
6
7
10
1
0
10
15
7
0
2
0
2
5
7
12
2
11
4
15
3
13
0
8
8
0
6
1
0
2
1
6
2
2
10
6
8
7
5
12
2
5
0
1
7
0
10
0
4
3
5
0
0
12
3
1
0
5
1
0
6
12
3
3
0
9
0
0
0
9
5
4
0
1
3
0
2
6
2
10
5
0
6
3
2
4
4
0
0
0
0
0
1
1
6
9
2
3
0
3
0
0
5
3
2
2
0
1
0
1
9
0
2
2
0
0
2
6
4
0
5
2
2
6
1
0
0
3
6
11
4
7
2
1
5
6
2
1
0
1
0
0
2
0
11
7
3
0
5
2
2
1
0
8
0
4
3
3
9
13
0
0
3
0
4
0
2
3
0
0
4
1
0
0
5
11
5
5
5
2
0
0
4
2
0
4
6
0
6
2
4
0
0
1
2
4
0
5
0
3
6
0
2
3
2
0
0
0
6
4
0
0
1
0
1
0
0
1
1
1
9
1
2
0
3
1
9
6
0
0
7
5
0
0
0
2
0
0
3
1
0
0
4
4
5
0
1
2
2
4
4
25
10
7
1
4
2
2
6
3
0
0
5
5
0
2
2
0
4
2
5
0
4
0
2
0
0
0
1
5
3
0
0
1
2
3
0
2
2
3
0
0
0
1
4
2
3
0
0
2
6
17
0
0
0
0
0
0
0
3
0
5
1
3
1
2
0
0
5
0
0
4
1
5
4
0
5
7
0
1
3
0
2
0
2
5
3
6
4
0
0
1
3
0
3
0
0
2
0
0
0
2
1
0
5
0
3
2
5
0
0
4
0
4
6
4
0
0
0
0
5
0
1
2
2
0
0
2
0
2
0
3
0
0
0
0
0
3
0
1
0
3
0
9
2
1
0
0
2
0
1
3
0
0
0
9
0
1
0
0
0
2
0
4
0
1
0
0
5
6
0
1
0
1
0
6
4
2
7
0
0
0
3
0
0
3
0
1
0
5
0
2
6
1
0
1
3
6
1
0
1
0
4
3
4
3
0
6
9
1
3
0
0
0
1
0
1
5
0
0
1
0
0
3
0
2
0
2
2
0
0
0
0
2
0
4
4
1
7
0
8
0
0
0
0
1
0
1
0
0
1
3
1
2
2
1
0
3
0
2
2
2
2
1
0
0
0
5
0
0
1
0
0
0
0
0
0
2
4
1
0
1
0
6
0
3
0
0
10
1
0
0
2
0
1
1
3
0
2
0
0
0
0
3
0
0
1
3
0
1
6
2
2
4
0
1
0
0
0
0
0
0
2
0
0
0
2
0
0
1
0
4
3
3
0
0
1
5
4
0
1
3
0
0
0
0
2
0
0
3
1
0
0
0
0
1
4
1
2
2
2
3
2
0
6
2
2
1
1
2
0
0
1
0
2
5
2
0
0
0
4
0
1
0
7
0
1
0
0
1
1
0
2
0
0
1
1
0
4
4
0
1
0
0
4
3
0
0
2
0
0
1
1
1
0
0
1
0
2
3
0
0
1
0
2
0
2
1
1
0
1
0
0
0
0
1476
