../2_Decay/DataFilesGe/Decay/415304G2.TXTBackgroundRemoved 
0
0
0
0
0
0
0
0
0
0
0
0
0
0
86
474
330
177
112
81
77
52
37
18
20
38
13
13
7
31
16
5
9
11
24
23
18
11
15
15
15
20
14
3
0
2
25
0
27
16
1
9
5
1
1
4
4
13
14
12
25
30
15
15
15
15
25
24
24
35
22
20
36
25
25
25
28
9
2
13
13
28
19
9
21
26
11
12
34
27
27
27
18
36
20
16
41
18
12
16
32
31
31
24
12
28
32
49
29
33
33
33
33
9
6
30
17
16
23
6
27
6
3
36
31
31
31
12
48
12
16
28
33
19
34
25
43
28
20
22
32
37
20
31
28
28
53
20
33
22
22
25
30
12
26
38
24
33
31
17
27
26
20
18
10
34
7
9
12
7
25
14
5
14
32
16
5
5
5
22
0
0
0
29
29
12
7
7
25
15
18
27
17
29
30
8
24
8
8
16
13
8
3
4
20
30
16
7
16
8
20
20
10
21
15
15
15
11
11
10
10
23
1
9
23
17
7
11
21
20
17
6
11
15
19
8
7
7
36
5
14
7
5
14
29
13
4
5
19
5
24
8
17
18
1
0
0
8
10
10
4
21
1
1
17
14
10
14
9
6
6
10
8
14
0
17
10
7
8
22
6
17
16
27
3
19
6
6
11
10
2
11
11
6
2
6
6
6
13
13
3
11
5
6
6
6
8
8
10
10
11
14
0
4
6
6
6
6
6
15
15
15
9
8
8
10
10
9
11
11
2
8
3
0
0
0
0
8
0
17
6
5
7
7
1
17
5
4
1
1
11
11
3
2
10
10
1
1
7
7
4
6
6
15
8
2
10
1
2
4
4
12
6
5
4
7
0
4
4
0
9
3
8
11
4
4
5
5
2
4
4
3
3
13
13
7
5
5
5
7
7
7
5
1
8
8
8
5
5
3
9
9
6
0
10
12
1
9
4
6
3
0
4
4
0
6
5
2
2
2
2
6
4
7
0
0
5
3
2
6
3
3
7
7
7
7
3
1
6
9
3
3
0
3
3
10
10
4
5
5
5
2
1
1
10
3
4
3
3
0
4
4
4
0
0
0
6
6
6
6
4
1
1
0
4
4
1
3
3
6
3
4
4
4
4
0
6
12
2
2
3
3
3
3
7
5
8
5
0
0
3
4
11
11
3
3
1
1
1
2
1
2
6
1
1
5
5
6
0
2
2
2
4
6
0
0
0
0
5
6
6
6
6
1
1
6
1
1
1
6
3
1
3
3
4
4
1
1
1
1
7
7
0
10
17
17
17
7
0
6
6
6
6
6
2
2
0
0
0
0
1
1
1
1
6
4
4
4
4
7
6
6
4
4
4
4
2
2
1
1
1
0
3
0
0
1
1
0
0
2
2
1
1
0
6
0
0
3
4
4
0
0
1
1
1
1
0
0
4
5
5
0
1
1
0
1
1
1
1
5
5
3
3
0
0
0
3
2
2
0
1
1
3
3
2
1
0
3
3
2
1
1
1
1
1
0
0
0
2
7
7
7
7
5
0
3
4
0
0
1
1
2
2
0
0
1
1
1
1
1
5
5
2
2
2
2
2
2
2
2
5
4
3
4
4
4
3
1
0
1
1
0
1
1
2
2
2
0
8
8
8
1
1
1
3
3
3
3
1
1
1
4
1
2
1
4
8
2
0
0
1
1
1
6
6
5
1
3
3
4
1
6
6
3
0
0
5
5
5
5
5
1
5
5
0
0
0
1
1
2
2
1
1
3
3
0
0
1
1
1
1
2
1
1
1
1
1
2
2
2
2
2
1
0
0
1
7
4
1
1
6
0
3
3
3
7
7
0
2
2
2
4
4
2
2
2
3
4
4
2
2
3
3
1
1
0
1
2
2
2
2
0
0
0
1
1
1
1
2
8
1
1
4
1
0
1
3
1
1
0
1
0
0
2
2
0
1
1
5
3
5
5
5
5
2
0
1
3
1
1
5
1
1
0
0
2
3
3
1
1
2
2
2
3
3
1
1
1
0
2
2
0
0
1
0
3
0
4
3
0
0
0
1
3
1
0
0
0
3
3
6
0
0
0
0
0
1
3
2
2
2
0
0
0
0
2
0
3
1
1
2
0
0
0
4
4
4
4
4
0
0
6
6
0
0
2
2
2
4
4
2
2
2
2
2
2
2
1
1
1
2
2
3
1
3
3
3
3
3
1
1
3
3
3
1
1
0
3
3
3
1
1
1
0
0
3
0
2
2
2
3
3
1
1
0
0
6
0
0
0
7
2
6
0
0
0
0
2
2
0
2
2
1
2
2
2
2
2
2
2
2
2
3
1285
