../2_Decay/DataFilesGe/Decay/415335G2.TXTBackgroundRemoved 
0
0
0
1
0
0
0
0
0
0
0
1
0
0
14
54
35
37
62
34
45
32
34
23
40
29
42
35
15
27
34
20
13
14
34
37
45
15
25
5
18
28
35
16
27
20
17
14
0
19
24
27
17
22
30
20
20
18
11
27
45
42
31
7
55
23
16
39
13
34
40
24
47
10
26
32
33
70
32
11
35
42
47
43
9
8
50
32
39
35
40
44
59
44
41
40
65
44
43
42
35
56
40
39
53
68
51
56
51
20
46
60
59
59
32
84
43
39
42
52
37
41
71
88
33
48
32
37
70
44
52
40
51
47
22
43
58
67
28
46
29
32
66
56
51
43
57
44
60
35
39
34
34
53
50
21
66
36
30
23
47
38
28
32
37
24
44
8
33
43
30
56
35
36
49
41
32
40
42
37
45
44
32
26
29
29
29
32
32
7
22
36
13
72
36
30
20
9
33
36
20
24
25
17
24
38
31
25
32
19
32
18
19
26
9
32
23
5
41
8
24
35
37
17
34
9
20
15
16
20
24
19
22
14
10
32
24
26
55
4
33
7
20
28
26
26
10
19
16
14
14
19
12
3
0
17
13
7
16
12
10
24
1
15
5
23
10
19
25
6
9
29
13
16
7
13
21
11
16
24
10
17
25
5
15
24
2
8
18
14
20
28
20
14
5
0
9
1
6
0
5
8
9
12
4
20
0
8
12
13
25
3
3
10
7
8
15
17
15
7
12
5
12
12
2
5
3
7
9
15
13
6
16
12
9
14
12
11
10
0
5
2
16
8
11
41
2
0
7
1
5
6
11
8
12
4
16
21
6
5
10
6
3
14
2
0
17
3
3
2
9
10
8
7
7
0
2
9
7
5
0
5
10
0
2
0
13
0
10
3
8
10
4
12
7
9
0
0
2
0
5
4
0
0
4
0
8
2
0
0
8
5
4
6
14
4
4
13
4
0
1
7
7
10
0
7
0
1
8
5
4
0
3
3
4
4
7
6
0
0
1
1
12
3
7
0
0
0
4
2
11
0
0
6
0
8
0
5
0
8
0
8
2
3
10
6
10
1
6
7
8
10
8
0
5
0
0
0
0
0
6
9
2
7
1
0
0
4
0
1
0
3
6
1
15
12
1
2
1
0
0
11
9
0
0
2
8
8
0
8
3
11
9
10
6
3
5
2
5
0
5
0
7
4
7
1
2
4
2
0
10
7
5
1
6
2
2
9
2
0
4
0
7
6
0
10
3
2
0
8
8
3
4
0
1
1
0
2
7
4
0
3
8
3
17
2
0
2
2
5
2
4
0
1
1
0
4
0
0
6
5
1
4
0
1
0
1
7
7
32
8
0
0
1
0
0
1
0
0
2
2
3
0
9
0
0
4
0
4
8
0
3
6
0
0
8
5
2
4
0
7
0
0
2
1
0
3
6
3
4
6
1
0
0
1
3
7
2
5
16
1
0
0
0
0
0
5
1
0
1
5
6
0
6
3
0
3
2
1
1
3
0
5
3
6
4
0
6
3
0
0
7
1
1
1
2
4
1
3
1
1
3
3
0
0
0
0
0
3
0
2
0
4
1
3
0
0
0
1
1
6
10
3
7
0
0
1
2
0
0
2
3
7
4
3
2
1
1
5
0
6
0
0
0
0
4
2
0
4
1
0
1
3
4
2
0
4
1
4
2
8
0
0
2
0
5
0
4
1
1
0
0
0
5
0
0
6
1
1
3
0
8
2
7
8
0
0
4
0
0
0
1
7
0
1
3
1
3
0
6
1
0
0
0
0
0
1
1
0
0
0
0
5
5
0
0
2
0
1
2
0
0
1
0
3
5
0
1
0
4
2
3
2
0
0
5
0
2
2
1
4
7
0
0
1
5
0
0
0
3
0
0
1
0
1
3
1
7
2
0
3
2
7
2
0
0
0
1
0
2
5
4
2
2
0
1
0
0
4
0
3
2
0
1
0
3
2
4
5
1
5
5
1
2
0
7
5
0
0
0
2
3
0
1
4
0
3
1
0
1
4
0
0
1
2
3
0
0
4
0
0
0
0
0
3
3
1
3
1
0
3
0
2
1
1
2
1
3
5
0
5
1
1
0
0
0
1
3
1
0
1
4
0
0
0
0
0
2
0
0
0
6
1
10
0
3
2
0
1
0
0
0
0
2
3
0
0
0
3
0
3
0
1
3
0
0
0
0
0
0
0
0
5
0
1
3
2
0
2
0
0
2
0
3
0
0
3
2
0
1
4
0
1
1
0
4
2
1
0
4
1
0
0
3
0
2
3
1
1
5
1
0
0
2
3
0
0
0
0
1
0
0
0
1649
