../2_Decay/DataFilesGe/Decay/415342G2.TXTBackgroundRemoved 
0
0
0
0
0
0
0
0
0
0
0
0
0
0
36
175
111
93
61
58
47
34
30
21
35
40
37
35
30
31
10
25
39
39
3
22
14
17
20
22
41
40
40
30
6
20
39
21
5
33
38
29
15
21
23
15
12
30
17
26
39
40
43
17
11
12
43
27
24
44
17
17
54
19
28
28
38
24
19
29
20
36
17
44
38
23
63
29
59
18
52
42
53
49
34
35
60
61
76
57
40
70
43
67
58
48
49
65
60
56
35
58
44
36
49
82
33
75
61
54
27
38
53
48
64
45
40
56
59
61
48
79
35
47
40
72
27
73
26
48
42
41
68
29
62
45
48
36
51
57
41
31
35
43
66
34
39
48
16
25
52
39
25
28
22
32
54
35
58
23
22
53
27
24
35
49
33
42
51
31
25
20
32
42
19
36
43
16
49
25
22
34
25
39
29
39
17
8
29
47
23
47
34
29
32
41
25
39
37
24
36
16
12
25
24
34
2
10
19
20
28
30
30
16
23
17
26
37
16
24
24
28
18
27
12
33
31
17
42
17
20
20
17
19
23
14
12
10
16
20
27
14
10
24
15
5
7
14
16
12
6
22
9
25
16
23
13
15
12
22
17
16
22
13
11
26
3
9
17
9
4
20
24
16
21
14
17
8
12
24
14
15
24
6
9
12
2
8
9
5
5
17
13
5
13
19
19
4
12
22
14
8
6
15
20
7
5
11
17
14
11
2
3
10
5
21
3
13
12
12
7
7
5
7
3
4
6
15
15
11
8
7
6
8
13
7
4
4
9
7
12
9
5
13
6
6
6
17
2
4
3
6
3
15
5
13
15
5
5
8
9
8
5
14
4
10
5
5
7
7
7
9
8
1
5
4
0
10
3
3
1
6
13
9
9
4
3
1
2
7
3
1
5
1
2
4
13
8
8
2
9
11
2
7
6
12
8
7
4
4
4
12
2
3
3
13
3
8
9
6
5
6
0
2
4
4
3
3
1
6
8
1
1
5
6
10
2
3
9
5
3
4
4
5
8
9
0
7
8
9
1
9
5
10
8
12
7
13
7
7
3
4
16
6
9
5
5
5
5
1
1
1
4
1
4
5
2
7
7
1
2
3
2
6
0
6
11
11
1
1
9
4
13
1
5
7
10
5
4
4
1
4
7
6
4
4
3
1
10
5
6
5
3
5
3
3
7
7
0
0
1
0
3
7
4
4
4
3
4
5
8
0
4
6
1
1
6
3
4
4
4
5
10
6
5
3
3
4
8
3
4
3
9
3
10
11
0
4
7
1
2
2
2
6
6
6
6
5
5
5
0
5
5
6
0
3
7
3
3
13
6
6
9
9
9
1
3
3
10
10
4
4
4
0
0
0
8
1
1
2
2
3
3
3
0
0
0
0
0
0
2
2
1
6
3
2
6
6
6
3
4
2
2
0
3
3
3
9
2
9
0
5
2
0
1
7
3
3
3
8
1
4
4
0
0
5
4
4
2
4
0
0
1
4
4
2
2
0
5
4
4
0
0
3
1
3
5
0
0
6
6
1
4
4
4
4
5
0
0
0
0
0
4
2
2
2
4
1
2
4
1
8
3
9
3
0
0
1
1
1
3
2
2
2
2
1
1
1
3
2
6
6
0
0
0
1
1
2
2
1
3
5
1
2
1
1
6
3
1
7
6
0
0
2
1
0
1
1
4
1
1
0
0
6
3
1
1
6
5
3
3
4
3
8
1
8
8
1
0
0
0
4
2
2
6
6
1
1
1
0
3
1
5
1
1
1
1
2
2
0
0
2
2
4
2
3
4
2
2
2
2
0
4
1
1
3
3
4
4
4
3
1
0
0
0
0
1
0
3
3
0
3
3
1
1
6
1
1
1
8
8
8
0
3
4
3
3
3
1
4
0
0
2
2
1
1
2
5
0
0
0
1
1
7
0
3
1
1
1
4
3
1
2
2
3
3
4
4
4
0
1
4
4
0
0
5
9
3
3
4
4
0
3
1
3
3
6
1
3
3
3
4
1
3
3
4
1
3
2
0
1
1
4
4
1
3
1
1
1
0
2
2
4
4
4
4
2
2
3
0
1
0
2
2
0
8
1
1
2
3
4
6
3
1
2
2
2
2
2
1
2
3
3
3
1
2
1
2
3
1
4
4
3
3
3
3
3
2
0
0
3
0
3
3
3
4
3
1
1
1
1
0
0
0
0
0
0
6
2
2
0
0
0
0
0
2
0
0
3
1
0
0
6
6
6
3
4
0
1
2
1
0
1
1
0
0
1
1
2
2
1
4
2
4
2
2
2
1
2
0
0
4
1
1737
