../2_Decay/DataFilesGe/Decay/415343G2.TXTBackgroundRemoved 
0
0
0
0
0
0
0
0
0
0
1
1
1
1
19
93
36
10
34
50
47
34
33
35
13
5
41
17
40
31
7
18
22
24
12
31
22
26
17
30
30
22
13
21
22
37
21
17
17
8
30
42
11
9
29
23
21
22
27
19
27
17
20
32
22
11
26
15
43
14
34
39
48
6
6
24
40
20
26
68
31
40
33
26
18
25
58
46
46
10
20
28
45
66
30
24
29
32
25
44
9
60
28
69
36
48
50
35
29
54
26
48
68
49
34
42
38
21
42
36
32
26
59
61
33
42
22
19
36
43
56
39
43
74
35
4
59
35
49
70
37
29
56
29
38
31
61
26
16
23
36
36
8
26
24
50
44
24
49
27
74
42
39
24
35
47
35
51
39
41
47
48
47
41
30
40
41
29
32
26
41
23
9
37
12
27
21
14
16
33
29
61
49
41
53
38
16
38
6
24
22
30
15
19
31
40
13
21
17
6
25
11
31
46
22
14
16
8
34
3
6
37
16
16
34
29
14
24
22
28
24
27
14
38
27
34
9
14
14
10
28
26
62
20
25
42
22
12
30
11
10
37
22
29
14
7
6
10
18
3
17
25
4
9
5
13
21
5
17
6
3
20
24
20
13
11
11
24
14
17
16
19
18
17
21
15
19
18
9
12
11
4
4
7
8
21
30
20
1
14
6
18
4
14
18
7
12
6
16
12
5
13
0
11
8
21
8
8
6
7
7
7
10
1
9
18
9
0
9
10
16
13
6
6
11
10
9
17
14
12
15
5
2
2
0
0
0
2
2
7
32
57
9
14
10
16
6
7
7
6
0
10
12
5
4
12
18
5
2
6
0
6
7
5
12
2
5
10
3
2
4
9
5
4
11
9
6
3
3
0
8
8
5
1
9
4
4
5
3
0
0
5
5
4
5
5
9
6
1
5
5
5
13
10
8
2
5
16
12
13
16
13
3
2
2
2
8
7
7
0
4
2
10
6
3
11
3
4
7
0
16
9
2
0
8
8
0
0
4
5
0
2
2
6
6
6
6
6
12
1
5
1
7
0
7
2
1
1
0
5
2
2
8
3
1
1
0
4
0
0
4
7
2
2
2
4
14
14
14
1
0
2
2
2
2
5
5
1
0
0
5
4
11
13
13
13
2
7
1
4
3
7
7
2
2
10
7
1
1
0
3
3
4
3
3
5
8
8
6
6
3
2
7
4
2
3
1
7
1
5
8
11
7
5
4
4
4
0
6
3
1
2
0
1
0
0
5
3
10
3
5
3
3
3
5
5
5
6
0
6
3
8
2
16
9
11
6
6
7
5
2
4
1
1
0
4
0
4
4
4
4
4
4
4
1
6
3
5
13
31
23
4
4
8
8
8
5
3
3
4
2
0
1
1
4
4
6
3
0
1
1
1
4
4
4
0
0
1
0
1
0
0
0
4
3
4
0
4
4
4
4
4
3
3
5
5
5
5
5
12
14
5
2
5
4
4
2
1
1
1
5
3
1
5
5
4
3
1
5
5
5
5
0
4
3
3
4
4
0
2
2
4
5
5
1
1
1
1
0
4
5
0
2
5
4
4
1
1
1
2
2
4
1
1
1
0
4
0
4
2
5
3
0
2
2
2
0
2
2
3
3
0
0
2
5
5
6
2
1
1
3
3
3
5
5
4
4
4
2
2
6
0
0
4
7
0
0
2
3
5
5
2
0
2
2
2
4
3
1
0
1
4
0
1
1
1
0
4
4
4
3
2
4
4
1
0
0
0
0
3
1
8
7
7
0
1
1
1
3
0
3
0
1
6
1
6
2
3
1
4
1
0
6
1
1
5
5
2
1
1
5
2
2
0
0
0
0
2
0
5
0
3
3
0
5
1
3
0
2
2
2
1
3
3
1
3
3
6
2
5
1
1
5
4
3
4
4
4
1
1
3
3
2
2
2
2
1
0
2
7
7
0
2
0
0
0
1
1
0
1
1
1
1
2
2
1
0
0
0
0
0
0
4
5
4
4
1
6
3
5
11
8
4
4
4
2
1
1
0
0
0
2
2
2
0
2
2
2
2
2
2
2
2
1
1
1
1
4
3
3
3
0
0
1
6
1
0
7
0
0
0
0
0
0
3
0
0
0
0
0
3
6
6
2
2
5
10
2
1
2
2
2
5
5
0
0
0
4
4
1
1
2
2
1
0
0
0
0
3
0
0
6
6
2
2
0
0
0
0
1
0
0
2
0
0
0
0
5
5
1
2
0
1
1
1
0
1
1
1
1
2
5
5
5
1
1
3
0
1
1
1
6
4
3
3
8
3
2
3
3
3
3
1
1656
