../2_Decay/DataFilesGe/Decay/415348G2.TXTBackgroundRemoved 
0
0
0
0
0
0
0
0
0
0
0
0
0
1
43
273
23
43
36
41
49
41
44
26
31
59
102
55
46
16
43
27
51
23
10
25
17
37
26
27
40
42
31
9
20
17
8
23
19
2
18
32
17
27
42
42
34
25
33
33
27
30
21
12
43
43
29
43
36
64
16
26
42
23
28
37
6
44
18
41
35
37
38
23
11
5
40
24
66
41
49
41
61
70
28
42
55
54
53
53
16
71
37
62
34
48
55
42
11
42
44
24
13
64
43
44
36
54
50
45
43
38
60
65
41
39
21
58
49
51
43
49
34
57
55
40
60
44
66
74
43
39
51
61
78
52
46
17
57
61
61
37
61
53
58
56
48
71
28
44
59
54
26
32
28
23
25
24
42
37
40
61
22
44
57
57
42
24
39
44
30
20
41
22
25
15
28
1
13
26
34
41
35
34
50
34
26
32
18
40
24
25
37
8
21
48
27
27
23
23
31
20
24
27
31
23
8
31
46
23
13
31
30
4
36
18
24
19
17
16
19
22
15
28
14
24
37
26
26
26
23
44
28
18
32
27
11
20
10
14
19
21
14
23
18
21
17
8
7
29
14
31
2
15
20
18
19
20
1
25
5
17
19
9
8
23
21
21
22
11
20
11
25
26
19
10
6
18
4
12
14
6
6
0
16
21
39
6
19
4
5
14
5
6
6
19
1
1
17
11
25
15
18
9
7
7
11
20
8
9
10
17
17
12
18
11
6
19
19
12
13
9
1
1
1
7
17
26
6
13
8
2
7
12
4
4
4
4
7
18
50
18
2
8
12
8
0
16
7
8
2
12
12
12
5
5
13
13
8
16
5
6
11
6
3
3
10
4
5
5
6
7
8
15
5
8
8
8
7
3
4
13
10
6
0
4
6
6
2
8
16
3
4
9
6
1
1
1
1
3
16
1
4
13
4
10
10
5
3
3
9
6
9
3
3
3
3
8
8
1
1
2
2
3
3
3
3
7
7
3
14
7
7
2
9
9
0
10
2
6
6
6
6
4
4
12
7
4
4
5
5
8
5
6
11
0
4
4
5
6
2
0
9
8
2
7
3
3
3
2
9
4
3
3
3
3
2
2
3
2
2
0
2
5
5
5
5
5
5
5
7
7
17
24
11
6
2
6
4
5
11
3
0
2
5
2
2
6
3
3
3
3
1
3
3
0
1
6
5
3
2
7
2
4
4
4
4
5
1
1
6
0
3
3
3
1
2
0
6
5
3
0
1
0
6
8
1
5
5
5
0
1
0
0
7
7
7
1
2
6
5
12
21
15
4
0
3
3
4
3
3
0
0
0
10
7
5
1
0
0
0
0
0
0
2
1
12
34
29
8
7
7
3
4
1
9
6
0
0
0
0
2
3
3
3
3
3
4
2
2
3
1
0
9
9
9
9
9
4
1
3
3
0
4
7
0
2
2
2
2
2
2
2
1
2
2
5
15
24
7
0
1
3
3
2
6
8
0
1
1
3
3
3
3
4
1
0
1
2
0
0
2
0
4
3
4
1
0
0
6
0
0
6
0
0
0
0
5
2
4
3
3
6
6
5
2
3
3
1
6
3
3
4
1
0
0
2
5
5
2
5
5
3
5
4
1
1
1
2
2
2
2
3
4
4
1
3
6
6
6
6
4
3
0
0
2
8
8
2
6
1
1
1
4
4
3
3
4
3
3
2
6
6
2
2
2
5
1
1
1
3
3
3
1
0
4
0
0
0
5
1
4
2
1
3
3
8
0
3
3
2
2
2
1
8
8
4
2
3
0
5
5
3
1
0
1
2
4
0
2
1
1
1
2
2
4
2
2
0
0
1
3
1
2
2
2
1
5
5
6
6
2
2
2
0
3
0
0
0
2
2
2
2
2
6
0
0
0
3
8
3
1
4
2
2
1
2
2
0
1
5
0
0
0
1
0
0
0
4
4
4
4
0
0
0
3
1
2
6
6
1
4
2
2
2
3
0
0
0
0
2
2
0
1
2
0
11
5
14
10
3
3
2
0
0
3
3
3
3
3
2
1
2
4
1
1
3
0
1
2
4
6
0
2
0
5
2
2
2
2
2
2
6
6
6
0
3
3
3
3
3
3
1
1
1
2
1
2
1
1
4
4
3
9
5
5
5
1
0
0
0
0
5
5
2
2
2
3
3
2
4
2
1
0
1
1
0
0
3
3
3
0
2
1
1
1
2
2
1
1
1
3
2
1
6
1
0
4
4
1
4
4
0
1
1
1
2
1
1
4
1
3
3
0
0
0
0
3
3
3
3
1
2
0
2
5
1
1
1
3
1
1
1
1769
