../2_Decay/DataFilesGe/Decay/415402G2.TXTBackgroundRemoved 
0
0
0
0
0
0
0
0
0
0
0
0
5
0
43
144
97
34
50
60
46
38
14
18
22
16
33
33
49
53
54
20
43
25
36
27
21
19
22
24
19
1
22
28
29
14
40
29
36
1
26
40
8
22
37
36
10
33
21
41
24
38
21
24
30
20
22
40
48
30
36
21
29
40
31
38
39
43
27
36
30
52
28
20
43
23
85
70
34
39
51
45
47
52
46
12
53
59
29
74
50
72
28
50
59
20
49
50
20
58
50
59
48
56
41
51
30
74
39
72
42
29
67
56
47
40
49
47
89
55
49
26
47
55
27
51
63
28
31
62
78
40
75
64
57
44
73
35
51
37
44
35
34
54
42
41
35
46
60
44
45
44
36
61
23
12
33
29
19
32
28
44
49
34
46
40
22
34
34
41
16
31
17
50
29
6
31
17
21
32
58
26
38
52
41
23
25
33
24
22
16
41
11
27
53
44
24
38
40
25
27
29
20
30
41
22
39
22
16
12
12
32
18
8
28
27
22
18
13
9
7
22
15
23
22
35
31
20
2
19
71
71
17
25
26
7
3
19
6
26
30
9
14
30
14
6
28
19
10
18
20
2
10
18
0
7
3
18
7
18
27
20
22
15
7
0
4
8
14
11
26
3
24
12
9
15
17
5
23
19
7
6
6
7
35
27
27
10
17
4
21
9
3
18
9
13
4
4
17
8
17
7
4
12
22
8
10
11
8
8
10
9
1
12
0
13
9
4
13
3
12
8
8
1
15
1
10
14
8
7
6
6
8
10
10
10
10
2
57
31
3
8
12
8
5
7
2
10
4
5
1
15
13
22
7
4
9
9
5
5
9
10
14
14
10
4
3
13
15
12
12
9
14
11
6
12
10
2
7
11
0
10
6
6
0
10
3
3
2
8
12
0
11
11
8
1
4
9
4
0
9
7
11
10
10
5
6
6
6
6
10
4
4
2
2
13
8
4
1
11
10
10
0
5
1
8
7
3
0
12
12
4
0
6
7
0
6
5
3
6
12
0
0
9
11
7
4
1
8
6
5
3
2
8
10
4
6
4
4
11
2
11
7
5
7
7
7
4
4
10
5
6
9
5
8
7
5
5
4
3
2
7
3
5
4
0
0
0
0
2
19
17
3
3
4
6
1
5
4
5
5
12
10
8
8
8
6
6
5
7
5
5
3
6
1
3
6
1
0
0
0
5
2
6
3
6
6
9
3
3
9
6
1
4
3
0
0
0
0
3
4
1
8
8
8
5
5
5
8
5
1
5
0
0
5
5
5
5
10
31
27
15
15
3
0
0
0
0
8
1
3
0
0
1
1
6
0
13
8
8
8
8
1
9
23
32
13
4
5
6
6
3
3
5
7
1
5
6
6
1
0
0
2
4
1
6
4
2
4
4
1
1
1
7
7
7
4
4
10
1
1
1
1
5
1
4
0
1
3
3
3
3
3
1
16
11
7
9
0
5
5
6
6
6
2
7
8
2
2
0
3
0
1
7
5
4
0
2
2
2
3
2
5
2
0
4
4
0
1
1
2
2
2
0
2
2
2
0
7
0
4
4
8
0
1
0
0
0
10
0
6
4
6
2
2
2
8
5
4
4
3
1
2
1
1
1
3
3
5
7
0
0
0
2
2
1
2
3
3
3
3
1
1
5
0
3
5
5
3
5
5
1
1
7
7
6
4
7
5
6
1
2
2
0
1
0
3
6
0
2
2
2
2
4
0
0
0
3
3
3
2
4
2
4
10
1
4
1
1
1
1
1
0
0
0
4
3
7
2
2
2
3
6
1
1
1
4
5
2
2
2
0
1
0
3
7
1
5
5
0
0
6
6
3
3
0
0
0
0
4
5
3
3
1
2
2
0
1
1
1
0
3
2
1
1
1
0
2
0
6
0
3
1
1
1
0
2
2
3
1
8
4
3
2
0
6
6
6
7
4
4
4
2
0
0
0
1
1
7
0
2
5
3
3
3
3
0
0
0
0
0
4
1
9
12
0
4
3
3
2
0
0
0
1
2
0
1
0
2
5
4
4
3
3
0
2
2
0
0
7
7
0
0
1
0
4
4
2
2
2
0
0
0
3
4
4
4
3
3
1
2
2
2
2
1
1
5
1
3
4
0
11
4
0
2
1
1
1
3
2
2
2
1
1
1
4
4
3
2
0
4
1
0
4
4
4
1
1
4
2
1
5
5
2
0
0
0
2
1
1
1
6
0
0
1
3
3
3
0
0
6
6
2
2
2
2
2
2
2
2
6
6
6
2
0
0
4
0
1
1
1
3
2
3
0
0
0
1
6
3
3
3
1
1713
