../2_Decay/DataFilesGe/Decay/415419G2.TXTBackgroundRemoved 
0
0
0
0
0
0
0
0
0
0
0
0
0
0
37
65
33
30
21
15
13
2
0
12
18
25
34
52
46
18
28
22
6
0
12
0
0
8
19
7
0
0
13
8
0
0
0
4
0
1
6
0
14
3
13
17
4
16
0
0
20
4
0
0
10
0
5
0
2
0
0
0
0
0
0
4
0
9
0
0
0
18
0
0
0
0
0
0
16
0
5
5
8
0
6
4
6
0
16
15
0
13
0
20
14
7
14
36
0
0
6
0
1
0
2
25
13
5
0
11
21
25
14
18
0
0
29
0
46
0
23
2
42
36
10
2
32
26
0
13
4
7
0
19
30
5
20
18
2
18
0
12
22
0
0
11
13
17
9
17
19
0
0
17
1
0
0
0
2
2
0
10
13
0
16
5
11
11
0
8
0
0
19
3
0
0
0
6
0
24
16
8
0
0
16
10
0
1
6
22
0
0
0
0
19
5
1
1
3
4
17
3
0
23
23
8
14
0
3
13
0
0
1
0
4
0
3
10
2
14
0
7
4
7
2
10
6
0
0
21
32
0
13
14
13
11
7
5
10
0
15
12
0
2
2
0
6
0
0
3
0
11
3
2
0
4
0
2
0
3
0
13
4
7
0
11
2
0
0
13
0
4
11
4
9
5
6
6
8
7
6
10
0
15
9
6
0
0
3
0
2
14
6
9
13
0
5
0
3
4
8
4
6
4
7
3
0
8
3
10
5
12
0
2
0
0
13
3
7
0
3
1
0
0
6
0
4
2
0
2
9
3
0
14
2
0
0
35
14
0
7
2
2
0
0
0
0
4
8
5
1
0
4
6
5
0
8
7
6
8
0
5
0
3
0
7
0
2
0
3
5
0
10
0
0
0
10
0
2
0
3
3
0
2
0
0
0
0
3
0
0
2
0
2
3
0
2
4
0
4
1
0
3
1
7
4
4
3
4
2
9
4
0
1
0
2
0
0
0
0
0
0
0
4
0
0
7
0
0
6
0
0
0
1
5
0
0
2
2
5
0
0
5
10
2
5
0
0
2
3
0
8
0
9
4
7
4
6
1
5
0
1
0
0
0
0
0
0
0
0
8
0
3
0
1
0
0
2
0
7
0
0
0
0
0
0
0
0
10
10
10
7
6
3
3
3
9
0
5
9
0
4
5
2
3
2
0
1
0
1
7
5
3
5
0
0
0
0
0
0
0
2
0
2
0
2
2
1
0
0
0
5
0
0
0
0
1
4
2
0
1
2
1
3
0
1
3
0
6
0
0
1
0
0
5
0
0
13
12
8
0
0
0
0
0
0
0
0
0
0
0
1
0
0
0
3
1
3
0
0
0
0
10
24
5
0
2
0
2
1
2
1
0
3
0
0
0
1
0
0
0
0
0
0
3
4
6
2
0
0
4
0
4
0
0
0
0
0
4
0
0
0
0
0
1
0
0
2
0
0
0
0
11
13
5
1
1
2
0
1
0
1
0
0
0
3
0
3
0
0
5
0
3
0
0
0
0
0
7
0
0
0
0
0
0
2
0
0
1
0
0
0
1
0
0
0
0
0
1
0
0
0
6
0
1
0
0
2
3
0
2
1
4
6
0
0
3
1
0
1
0
2
0
3
0
0
0
5
3
0
1
0
0
2
0
0
0
0
0
0
0
5
0
7
2
0
6
0
0
4
0
0
1
1
0
3
3
3
0
2
0
0
0
0
0
0
4
0
0
1
0
0
1
0
7
0
0
1
0
0
3
0
3
0
1
0
4
5
0
3
3
2
0
3
2
0
2
0
0
0
0
0
4
0
1
3
1
1
0
0
0
1
3
1
5
3
0
3
0
0
1
2
1
0
0
0
0
3
0
0
1
0
0
2
0
2
4
0
2
0
0
2
2
1
0
0
0
0
3
2
1
1
1
0
3
1
0
0
1
0
0
0
0
1
0
0
0
0
0
1
0
0
0
0
0
0
2
0
1
0
0
1
0
0
0
0
0
0
0
0
0
20
7
1
3
0
0
1
1
0
0
0
2
2
0
0
0
0
1
0
0
0
3
2
3
0
0
0
1
0
1
1
0
0
0
0
1
6
1
0
0
1
0
4
0
0
0
0
0
0
0
0
0
2
4
4
3
4
0
3
2
0
1
0
2
0
0
4
1
0
0
0
0
0
0
0
0
2
0
1
0
0
0
5
0
3
2
0
0
0
2
0
0
0
3
0
0
1
0
0
2
1
2
2
1
4
1
0
0
1
2
0
5
0
0
1
1
0
0
2
0
3
3
0
4
0
1
1
0
0
0
1
2
0
0
0
0
0
2
0
0
0
2
1206
