../2_Decay/DataFilesGe/Decay/415413G2.TXTBackgroundRemoved 
0
0
0
0
0
0
0
0
0
0
0
0
4
0
28
87
3
16
22
13
37
25
20
2
29
21
26
14
19
22
27
25
20
8
16
10
15
17
13
15
11
30
7
0
0
0
6
18
0
0
5
0
9
0
0
5
9
0
11
1
11
0
16
5
25
0
15
8
0
0
0
18
19
1
0
6
0
0
0
0
0
0
20
0
0
0
4
18
14
0
5
0
0
10
0
2
3
0
0
0
1
24
0
15
1
12
32
38
14
0
9
10
0
10
6
29
0
7
2
30
2
0
10
23
0
2
0
0
27
0
8
6
0
7
0
15
24
22
5
26
0
11
17
14
18
0
4
3
12
17
9
10
13
0
3
0
11
13
0
11
9
21
0
4
0
0
0
0
0
13
12
8
0
13
37
22
30
0
0
7
9
8
19
4
0
3
25
0
3
40
3
18
2
14
14
14
19
3
0
0
4
0
10
18
12
12
4
16
12
0
14
0
1
16
5
0
2
0
0
0
13
13
0
0
16
3
0
6
4
1
4
13
1
12
4
1
9
0
0
30
20
0
16
2
0
8
0
14
14
0
0
3
6
16
0
7
4
2
6
0
6
15
8
10
1
13
11
3
16
6
0
12
3
10
9
2
0
8
5
9
0
20
1
9
2
14
8
0
2
2
0
0
0
31
15
10
0
0
4
5
1
0
1
3
8
0
0
0
0
1
0
9
3
2
4
1
0
2
7
4
0
0
0
0
15
4
4
1
3
0
19
3
2
0
12
7
14
4
0
0
3
2
0
0
9
0
0
41
7
0
5
5
4
1
11
6
0
5
0
12
0
2
6
2
4
3
4
5
5
0
0
5
0
0
6
2
0
4
2
0
2
1
8
0
7
1
5
1
0
3
4
3
8
0
7
0
0
8
0
10
0
1
0
4
5
0
0
0
0
0
6
0
4
8
0
0
1
6
0
2
1
3
0
2
0
5
1
0
0
0
5
0
0
0
5
0
0
6
0
5
1
4
0
8
5
2
3
0
4
6
0
0
3
0
4
9
0
6
5
0
4
5
0
0
3
0
3
5
0
1
0
7
0
4
0
0
0
0
3
0
0
0
0
4
6
0
6
0
0
0
0
3
6
1
0
4
0
0
13
7
6
2
3
0
2
6
8
0
0
2
0
0
5
4
2
2
1
1
0
0
10
0
2
1
2
0
0
0
1
0
2
0
2
3
0
1
0
0
2
4
0
0
5
4
0
0
0
0
1
0
2
0
0
2
0
6
0
4
7
0
4
4
0
0
0
0
0
5
16
7
0
3
0
0
4
0
0
0
1
0
2
0
0
0
0
0
0
0
0
0
0
0
21
25
4
3
2
0
0
1
3
0
0
1
0
1
0
1
0
0
0
0
1
0
0
0
2
0
0
0
0
0
0
2
2
0
2
1
0
1
0
0
4
0
2
0
0
0
0
0
0
0
8
14
10
0
2
0
0
0
0
0
0
0
0
1
4
0
1
2
3
0
0
1
3
0
0
0
3
3
0
3
0
0
2
5
1
0
0
0
0
5
4
0
1
0
3
3
0
0
2
0
5
0
1
0
0
2
2
7
1
0
0
0
0
3
0
0
0
0
4
0
2
0
0
0
3
0
0
0
3
4
0
1
0
0
0
0
0
0
0
3
3
0
0
0
3
0
1
0
1
0
0
2
5
0
0
1
0
3
0
1
0
0
1
4
0
3
0
0
0
0
4
1
1
2
0
1
0
5
1
3
1
2
0
3
0
4
0
0
1
1
2
0
0
0
2
8
0
0
0
0
0
0
0
0
0
1
2
1
0
2
0
0
0
0
5
0
0
0
4
1
0
1
0
0
0
0
0
0
0
0
0
1
0
2
0
0
0
0
0
1
3
3
0
2
0
3
1
3
7
0
0
2
0
0
1
0
0
0
2
2
0
1
0
1
0
0
4
1
2
0
1
0
3
5
3
0
2
0
1
1
0
1
0
3
2
0
0
2
7
2
1
10
1
0
0
0
0
0
0
4
0
0
0
2
2
0
0
0
0
0
3
0
1
0
0
0
0
2
0
0
0
2
0
0
2
3
0
0
0
1
1
2
0
5
0
0
0
0
1
0
0
0
0
0
5
7
3
1
1
2
2
0
0
1
0
1
5
0
0
0
2
4
0
1
0
0
0
0
0
0
4
1
0
0
3
0
0
0
2
0
2
4
0
2
0
1
1
0
1
0
1
0
3
0
0
0
0
2
0
0
2
0
1
0
2
0
0
0
3
2
1
0
0
1
1
0
0
0
0
0
0
3
1
0
0
0
0
3
0
0
0
1189
