../2_Decay/DataFilesGe/Decay/415418G2.TXTBackgroundRemoved 
0
0
0
0
0
0
0
0
0
0
0
0
0
1
30
119
38
10
27
29
56
15
1
7
18
19
19
38
58
43
28
19
29
0
7
23
9
9
11
0
13
19
7
0
2
0
0
1
10
0
0
4
8
0
0
0
1
0
2
2
16
9
0
0
0
8
0
6
0
0
0
1
14
0
0
0
0
1
0
8
0
0
11
1
0
0
0
13
0
0
3
0
29
27
12
0
11
0
12
0
4
9
0
25
16
0
26
0
3
0
0
29
0
37
0
19
0
6
5
28
0
0
10
27
0
1
0
13
15
0
9
5
5
0
0
8
28
15
12
17
2
27
39
17
8
14
36
0
14
17
12
9
4
0
8
0
19
0
13
6
6
11
0
0
0
0
12
0
0
15
6
25
10
2
11
17
18
18
0
14
14
5
7
12
0
5
15
9
3
14
28
1
4
25
26
18
10
8
0
11
0
7
4
0
8
18
3
1
22
11
9
2
5
21
0
0
0
0
11
1
0
5
4
0
16
8
4
3
0
6
9
15
4
18
0
16
0
0
0
38
24
0
12
10
0
20
0
6
20
4
2
10
11
2
0
5
16
0
10
9
7
17
0
0
0
12
6
0
0
0
1
10
0
25
6
7
4
0
2
10
3
5
12
7
0
9
1
0
4
4
5
3
0
27
19
6
0
0
0
0
0
1
0
0
2
1
0
0
0
1
5
3
0
6
4
1
4
0
18
0
0
1
0
7
18
9
7
10
0
11
6
0
5
0
4
8
0
5
2
5
8
4
0
0
6
0
0
32
3
3
14
1
0
6
5
2
0
4
2
0
2
4
0
0
2
0
7
0
3
0
0
0
7
4
0
0
0
3
11
0
3
0
4
6
1
0
0
0
6
1
0
3
1
0
4
1
0
0
1
1
0
4
0
0
0
0
7
0
4
0
8
0
3
1
1
4
4
4
3
0
5
5
7
3
0
0
0
8
0
0
3
0
0
0
0
2
2
6
1
0
0
4
0
4
2
0
0
5
2
0
1
0
0
0
1
12
2
0
0
2
0
0
3
4
4
0
5
5
3
2
0
0
2
0
3
1
0
0
4
0
4
3
1
0
0
0
2
0
0
0
2
0
0
0
0
0
0
0
7
13
6
1
10
0
0
0
0
0
0
4
1
10
2
7
4
1
3
0
0
1
0
1
2
4
4
0
7
0
0
0
2
0
0
3
2
4
0
7
0
0
3
3
1
0
0
0
8
0
2
3
0
0
3
0
0
3
0
0
0
5
0
1
0
1
2
0
0
6
18
6
0
4
1
0
0
1
3
0
2
0
7
0
0
0
0
0
6
1
0
0
0
0
13
24
10
0
0
6
2
0
0
0
0
4
0
0
4
2
3
3
0
0
0
0
2
0
0
0
4
0
5
0
0
0
0
0
0
0
1
4
2
3
3
0
2
0
4
1
6
0
0
0
2
16
4
3
0
5
0
0
0
2
1
1
3
1
0
5
0
6
2
0
4
2
1
2
0
0
3
0
0
0
0
2
1
0
5
0
0
0
1
0
0
0
0
1
0
3
0
0
4
2
2
0
0
3
0
1
2
4
3
0
0
0
0
2
1
3
7
0
0
3
1
0
6
0
0
1
4
0
0
4
0
0
2
2
0
4
0
0
2
7
0
1
0
0
4
0
4
2
1
0
0
6
3
2
2
3
0
0
0
0
0
1
0
0
3
0
4
1
0
0
1
2
0
0
0
4
0
0
7
5
0
1
0
0
3
1
0
3
2
4
0
0
0
1
0
1
0
1
0
0
1
0
0
0
0
0
1
0
2
4
3
0
6
7
0
0
3
0
0
0
0
2
0
0
0
0
0
1
0
1
0
0
1
2
1
0
0
0
0
0
9
5
0
0
0
0
0
4
0
0
1
2
0
0
0
1
0
0
1
0
0
0
1
0
5
0
4
0
0
0
3
0
0
0
1
0
4
1
0
0
0
0
0
2
0
0
0
0
1
11
5
2
6
0
0
2
0
0
0
0
0
0
0
0
4
0
0
0
0
5
2
0
0
0
0
1
0
0
1
0
0
0
9
1
3
3
2
1
0
0
3
0
2
0
0
2
0
1
0
0
0
0
0
1
3
2
9
0
0
3
0
0
0
5
2
0
0
0
0
0
1
0
0
3
0
1
0
0
0
1
1
1
1
0
1
0
0
1
0
0
0
0
0
1
0
1
0
0
0
0
0
0
0
0
3
0
0
0
1
0
0
0
0
0
0
0
0
0
2
0
3
1
0
0
1
1
0
0
0
0
0
0
0
0
2
0
0
1
0
0
0
1177
