../2_Decay/DataFilesGe/Decay/415409G2.TXTBackgroundRemoved 
0
0
0
0
0
0
0
0
0
0
0
0
0
0
14
54
0
15
36
42
41
59
28
21
32
16
33
19
30
34
46
23
40
12
30
21
2
8
0
10
0
12
26
0
0
0
14
0
0
1
12
0
3
0
16
0
0
0
13
0
1
0
10
0
18
8
0
0
2
0
2
0
8
0
21
0
0
2
0
7
0
5
18
0
0
0
3
5
24
0
0
16
28
0
0
0
8
13
15
25
0
24
0
19
2
3
0
0
6
18
13
17
13
0
6
0
0
0
0
0
21
7
8
0
0
6
0
14
30
0
13
18
0
5
0
14
0
0
2
20
7
7
24
0
7
13
14
14
10
18
17
0
27
1
9
9
26
4
4
15
8
10
10
20
0
11
0
29
1
8
0
12
27
10
26
24
5
14
12
0
0
5
7
23
1
0
0
17
0
17
8
5
10
17
22
6
0
0
10
0
4
4
0
5
13
10
4
10
18
3
11
2
32
18
7
0
0
0
16
24
0
3
1
0
16
1
0
0
23
7
11
9
0
5
3
11
15
2
0
31
28
0
0
16
0
20
0
0
3
0
13
15
8
0
10
0
1
13
2
0
3
5
0
1
0
8
3
3
2
10
2
3
0
14
2
7
0
14
8
0
5
2
13
12
12
0
12
0
11
3
2
0
0
14
20
5
0
2
15
2
0
0
0
10
5
0
1
0
13
4
6
15
0
8
7
6
4
12
7
4
0
5
0
2
3
0
0
0
0
0
3
0
0
0
7
10
1
12
8
3
4
0
5
4
8
0
0
21
27
10
2
3
0
2
10
0
0
4
0
7
0
8
0
0
10
0
0
0
2
1
0
1
0
8
3
10
0
0
2
0
0
0
5
2
3
0
0
0
5
1
4
6
2
0
3
0
0
0
1
11
0
0
0
8
0
0
4
3
0
0
8
0
3
1
0
0
0
5
4
0
2
2
5
0
0
5
0
0
0
0
1
0
0
0
0
0
7
0
0
4
3
0
1
0
0
0
3
0
5
0
0
5
0
0
2
9
0
2
7
2
0
0
0
0
2
10
5
7
1
3
5
0
0
0
0
2
0
6
1
0
3
7
1
3
0
0
0
0
1
3
0
0
0
0
0
0
0
0
0
12
6
0
7
0
5
0
2
0
0
7
1
1
1
0
5
0
5
3
0
0
2
0
0
5
6
3
0
0
0
0
0
4
0
4
0
1
0
0
3
1
1
0
0
2
0
0
0
0
0
2
0
0
0
0
1
0
0
0
5
4
2
0
1
0
0
0
0
0
11
18
3
4
0
0
2
0
1
0
0
0
2
0
0
0
0
1
1
0
0
0
0
0
4
16
26
6
4
0
4
0
2
0
1
2
0
0
0
5
7
0
1
0
1
0
0
0
3
1
0
0
0
0
0
4
0
0
1
0
3
2
0
0
0
0
0
1
0
0
0
0
0
0
0
20
9
0
0
0
0
0
4
1
0
3
0
0
1
3
0
3
2
0
2
2
0
0
1
0
7
0
0
4
0
1
0
2
1
0
0
0
0
2
4
0
0
0
5
0
0
5
0
0
0
0
2
0
3
1
0
0
0
1
0
0
0
0
0
0
0
0
0
0
0
1
0
1
0
2
3
2
0
2
0
0
0
1
3
1
0
0
0
2
0
1
4
0
1
0
0
2
0
0
0
0
0
3
5
2
0
0
3
2
0
0
0
1
6
1
0
2
0
0
5
2
2
4
0
2
0
0
0
0
1
0
3
0
0
3
0
0
3
0
1
0
0
0
0
1
0
0
0
0
0
0
0
1
2
1
0
0
0
0
0
0
0
0
1
0
0
0
0
0
0
0
0
0
4
0
0
0
0
0
0
3
1
1
0
0
0
2
0
0
0
1
3
1
2
4
2
0
0
0
2
0
0
0
2
2
0
0
1
1
0
2
0
2
4
0
2
2
0
0
0
0
0
0
3
3
0
0
2
3
0
0
0
3
0
0
0
1
0
0
3
11
5
2
0
0
1
0
2
0
0
1
0
3
0
0
0
0
0
5
2
0
5
2
0
0
1
1
1
1
0
0
0
1
3
0
0
0
5
2
3
0
0
2
0
3
2
0
1
0
0
0
1
0
0
1
7
2
3
3
0
0
2
0
1
0
0
0
0
0
0
2
0
0
0
0
0
3
0
0
0
1
0
0
2
0
0
0
0
1
0
0
0
0
0
0
0
1
0
0
0
4
2
0
1
1
2
0
4
0
0
0
3
1
2
0
0
1
0
1
0
6
0
0
1
0
0
1
0
0
0
0
2
0
0
0
1
1
0
0
0
1202
