../2_Decay/DataFilesGe/Decay/415408G2.TXTBackgroundRemoved 
0
0
0
0
0
0
0
0
0
0
0
0
4
0
14
35
23
12
48
49
32
46
30
0
22
12
6
18
43
28
14
6
28
10
5
0
12
28
12
0
2
0
19
0
2
7
0
4
0
9
2
0
2
4
0
0
0
9
0
12
1
21
20
7
19
22
0
0
10
0
0
0
0
8
7
0
0
12
0
0
0
8
10
0
0
0
16
0
36
2
0
10
13
0
16
0
31
4
1
16
0
4
0
27
0
3
23
2
0
0
8
17
0
0
1
11
0
0
0
25
0
0
32
19
19
2
0
7
50
19
0
14
18
43
6
22
11
24
9
10
6
19
52
0
22
0
11
0
11
24
0
2
13
0
10
11
4
0
6
13
0
20
21
0
0
7
0
4
30
0
0
0
31
25
19
11
0
13
6
18
5
7
27
21
2
1
0
10
7
28
15
16
0
13
21
22
9
0
8
8
0
0
12
6
7
10
0
14
12
0
0
2
21
36
4
6
0
0
24
26
0
10
2
0
6
8
0
0
5
6
1
0
6
8
0
8
14
0
0
31
37
0
0
17
1
13
0
14
5
0
0
8
24
5
0
0
5
0
4
0
4
7
0
5
0
8
1
6
1
7
5
0
2
17
9
0
8
0
1
6
0
11
10
15
0
4
12
0
10
10
3
0
0
19
14
3
0
0
1
0
0
6
0
0
0
0
15
0
11
8
15
5
2
5
0
8
0
11
8
0
3
11
0
0
3
6
0
0
3
1
9
3
0
10
9
7
7
5
2
5
2
0
8
4
7
0
0
18
34
3
5
1
4
6
6
6
0
8
8
4
2
0
0
1
2
0
8
0
9
3
0
15
1
0
2
0
6
0
5
0
1
0
6
0
9
1
0
0
6
0
0
6
5
0
1
0
0
0
4
8
0
2
2
2
0
6
6
1
0
3
2
4
4
8
5
2
1
4
4
0
0
2
5
0
0
1
0
2
0
0
6
3
0
2
7
2
4
4
0
1
3
2
2
1
0
2
0
4
3
0
0
4
0
0
1
6
0
0
3
5
0
2
0
0
10
0
4
6
0
3
5
4
3
0
0
0
4
0
1
0
0
3
2
1
0
0
4
0
0
0
0
5
5
0
0
0
0
0
0
6
10
1
6
3
0
7
0
2
0
1
1
0
5
2
0
0
1
0
0
0
5
0
4
2
0
8
0
1
0
7
0
1
3
0
3
2
0
5
0
2
0
1
3
1
2
0
0
2
0
2
0
3
0
0
0
1
2
0
3
3
0
0
0
0
1
0
0
7
14
13
0
1
2
0
1
3
11
4
3
1
5
3
0
0
0
4
4
5
0
0
0
0
10
18
32
3
1
0
1
3
0
2
1
0
0
0
8
0
1
0
2
0
0
0
0
0
7
0
2
0
5
0
0
4
0
0
0
4
0
3
5
0
2
3
2
0
0
4
0
0
0
0
0
19
20
0
0
4
0
0
1
5
1
0
0
3
0
0
3
2
1
1
5
0
0
0
0
0
5
0
0
5
0
5
0
4
0
0
0
0
1
0
0
3
0
0
1
0
2
0
0
2
0
1
5
0
0
0
4
3
0
0
2
8
0
0
7
3
6
0
0
0
1
3
0
3
0
4
3
0
1
0
0
0
0
0
0
0
0
0
2
2
5
0
4
3
1
3
0
0
0
0
0
0
2
2
3
1
0
3
0
0
0
0
0
0
0
0
2
0
0
0
1
0
2
0
0
0
0
0
1
3
0
2
3
2
3
1
0
1
0
0
5
0
0
2
1
0
2
2
0
0
0
4
0
0
3
0
3
0
3
1
1
3
0
3
0
0
3
0
4
3
0
0
0
1
0
1
0
0
6
3
0
3
2
0
0
0
0
0
1
1
1
0
0
0
3
0
0
1
0
0
3
0
0
0
1
5
0
0
0
0
0
0
0
1
0
0
5
0
0
0
0
0
0
1
2
1
2
5
0
0
0
4
0
0
0
0
0
2
0
0
13
7
2
5
0
0
0
7
0
0
0
4
0
0
1
0
2
1
0
0
0
3
3
6
0
0
2
0
0
0
0
0
0
4
0
0
0
0
0
2
0
0
0
6
0
3
0
0
0
0
0
0
2
2
0
10
1
0
1
2
0
0
0
1
0
0
1
0
0
0
0
0
0
1
0
0
0
0
0
1
2
4
2
0
0
0
1
0
0
2
0
0
0
0
0
1
0
0
1
0
0
0
0
0
0
0
0
0
0
1
0
0
0
0
6
0
0
2
0
1
1
0
1
0
0
1
0
0
0
0
0
0
1
2
2
0
0
0
0
0
0
1224
