../2_Decay/DataFilesGe/Decay/415417G2.TXTBackgroundRemoved 
0
0
0
0
0
0
0
0
0
0
0
0
0
1
31
148
37
32
21
18
29
4
16
0
18
46
19
27
54
45
22
8
20
0
0
4
8
0
0
8
14
6
1
0
0
1
2
0
2
0
1
0
0
0
17
0
0
0
0
0
22
23
0
0
7
0
15
15
0
10
1
0
29
0
4
13
0
3
0
0
0
5
1
2
0
0
0
4
0
0
12
2
4
1
25
11
0
6
2
1
11
1
0
21
20
9
17
0
0
3
30
14
0
18
7
7
9
0
0
14
42
0
16
21
0
20
5
0
28
1
2
0
0
9
15
11
14
6
0
3
13
22
21
14
21
11
11
4
15
4
0
7
16
0
29
9
17
21
16
12
6
0
0
0
16
4
13
3
6
3
6
15
4
22
6
19
10
7
13
3
5
0
8
4
0
18
10
13
4
18
17
0
7
10
27
0
5
0
4
12
14
7
1
1
2
19
0
7
16
0
21
21
10
11
0
2
1
10
26
2
0
0
2
7
11
8
0
8
9
9
22
11
0
19
5
25
45
0
0
10
8
0
0
0
6
2
0
2
0
9
0
3
9
6
0
4
0
5
0
6
2
6
0
3
0
2
0
0
0
14
0
12
7
1
3
8
1
2
0
1
9
6
20
4
3
10
13
1
6
31
12
1
0
11
13
0
0
0
6
0
2
6
0
1
2
8
0
0
17
0
4
4
0
0
4
0
4
1
0
6
2
4
0
4
0
5
3
0
2
5
10
0
3
3
7
0
0
0
0
3
0
0
25
13
6
0
0
11
3
1
2
1
0
0
3
0
0
2
0
4
0
2
0
5
2
6
7
1
0
5
0
16
4
4
2
0
0
13
0
3
0
3
6
7
2
7
2
0
0
0
0
0
4
0
2
0
0
0
0
0
2
2
0
0
1
0
1
0
0
0
8
3
1
1
0
0
3
3
0
3
4
8
0
2
0
1
0
0
0
0
0
1
2
2
0
0
5
0
0
0
1
2
0
0
3
0
0
0
0
5
0
0
0
0
0
4
0
2
2
0
4
0
3
0
7
7
0
6
4
3
1
0
0
0
0
7
0
0
0
2
4
1
7
1
0
0
1
2
7
4
1
3
9
10
0
0
0
0
0
0
0
0
5
1
0
0
5
0
5
1
2
6
5
2
0
3
0
3
0
0
5
0
3
5
0
4
3
0
0
0
0
4
0
8
1
0
0
5
3
0
1
0
2
0
0
0
0
6
4
0
0
0
0
1
8
2
2
0
3
9
5
5
6
4
0
0
0
1
8
1
1
5
1
1
6
0
2
0
3
0
0
6
1
3
8
19
1
0
0
0
0
0
0
18
2
0
0
0
3
0
0
1
3
4
0
2
0
3
6
1
0
2
4
0
0
2
2
2
1
0
3
0
0
0
2
0
0
1
0
0
0
0
0
14
13
0
5
0
0
0
0
0
0
10
3
0
0
0
1
7
2
0
0
1
0
2
0
0
0
0
0
0
0
0
0
0
0
0
3
0
0
2
0
2
1
1
4
0
3
0
0
0
2
0
0
0
1
0
0
0
6
0
2
0
0
0
2
1
1
0
3
0
2
0
2
2
0
0
0
0
0
1
0
3
0
0
1
1
1
0
0
1
2
0
1
0
0
0
0
2
1
0
0
0
1
4
3
6
2
2
0
0
0
3
1
0
0
3
0
1
0
0
0
0
0
1
1
1
0
0
0
0
5
1
2
0
0
0
0
0
2
0
0
0
1
0
0
1
0
0
2
3
0
0
0
2
0
2
6
4
0
2
0
1
2
1
1
0
0
0
1
0
0
0
0
7
0
0
0
0
3
1
0
2
0
0
0
4
0
0
0
1
0
1
0
1
0
2
0
0
1
2
0
2
4
3
0
1
2
0
0
0
1
1
3
0
0
4
0
0
7
0
0
2
3
1
2
0
0
0
0
0
0
1
0
1
1
0
2
9
7
5
0
1
0
1
0
0
0
0
3
2
0
0
4
0
0
2
1
0
1
3
1
2
0
0
2
0
0
0
0
0
3
0
2
6
0
0
1
0
2
3
0
1
0
3
0
0
2
0
0
4
0
3
1
7
0
0
1
0
0
0
0
0
0
4
0
2
0
2
0
1
0
1
0
0
1
0
3
5
0
0
0
3
0
0
0
1
0
0
0
0
0
2
2
0
2
0
1
0
1
0
1
0
0
1
0
1
0
0
2
0
0
1
0
1
3
0
0
2
2
0
0
6
0
0
2
0
0
0
0
2
3
0
0
0
2
0
0
0
0
0
0
0
1
1
0
0
4
0
0
0
0
1137
