../2_Decay/DataFilesGe/Decay/415401G2.TXTBackgroundRemoved 
0
0
0
0
0
0
0
0
0
0
0
0
1
1
32
89
56
39
124
35
60
41
8
52
68
24
45
13
35
31
57
124
153
184
157
155
134
64
62
44
22
24
18
8
0
2
0
13
1
9
4
11
7
0
20
11
0
13
0
0
0
9
15
0
15
0
3
13
34
0
0
0
0
14
0
7
15
10
6
0
1
17
0
0
0
0
13
0
25
19
15
25
0
12
15
0
22
0
6
4
0
15
5
28
0
31
30
25
9
41
8
31
24
2
7
17
18
48
8
19
8
0
21
39
0
17
0
0
20
26
15
23
0
0
0
34
10
28
29
33
22
30
50
26
52
18
13
24
11
33
17
19
29
3
40
26
36
0
33
20
36
17
0
5
16
0
9
0
13
4
0
16
20
0
15
0
12
13
3
7
19
3
0
17
21
14
34
4
0
20
38
14
12
32
18
4
13
12
19
38
23
6
10
1
20
25
15
21
10
7
13
10
3
8
6
21
0
17
12
13
1
19
23
10
21
10
5
14
10
7
10
9
14
10
7
14
8
2
0
0
68
6
27
11
20
10
0
7
20
8
20
7
0
14
0
0
13
18
2
5
11
10
7
12
10
5
6
3
2
10
11
14
0
13
9
0
6
0
8
8
10
0
17
14
10
17
0
1
11
10
13
2
0
1
15
11
4
0
11
11
7
6
0
7
0
5
11
0
12
10
0
11
4
5
8
4
4
10
12
7
2
0
7
1
5
13
8
0
4
1
1
4
6
3
0
9
21
2
9
7
5
2
5
0
1
0
0
9
35
30
3
1
0
5
10
7
0
0
7
5
0
5
2
11
1
2
3
3
2
0
0
9
5
0
13
0
3
6
4
0
0
1
12
0
1
0
0
0
1
0
8
3
4
0
1
4
5
9
6
8
0
0
1
0
8
0
7
5
2
0
5
0
4
0
0
3
8
0
6
0
1
6
3
4
1
6
0
0
0
2
0
3
0
3
0
4
3
0
0
5
0
7
2
4
7
0
1
12
10
1
0
0
0
0
9
10
8
1
0
10
0
5
6
2
5
1
2
1
6
4
0
1
7
0
0
2
0
1
0
5
4
2
3
3
4
1
0
1
7
4
2
4
0
1
0
0
0
0
0
2
15
22
10
7
5
2
6
3
0
0
2
5
8
0
5
8
0
0
0
0
4
0
0
8
0
3
0
0
0
0
0
3
1
0
3
0
3
0
1
11
2
0
3
0
2
0
0
0
3
8
1
0
5
0
1
0
0
4
0
6
1
0
0
0
0
0
0
2
3
6
17
12
3
1
3
1
1
0
3
0
0
0
0
0
0
4
5
4
0
0
0
0
0
7
11
35
8
4
0
0
2
0
0
0
0
0
1
1
3
6
3
1
2
0
0
2
0
2
0
0
0
1
0
2
1
1
0
0
0
0
0
0
2
1
6
0
2
0
0
0
0
0
0
1
4
10
5
2
0
0
1
4
0
0
0
0
2
4
0
4
1
1
5
4
5
2
4
3
3
0
0
4
0
0
0
5
4
0
1
0
0
1
0
0
1
0
1
0
3
2
2
0
0
0
2
0
1
0
0
3
0
0
6
1
0
0
1
3
2
0
2
0
5
1
3
0
2
1
0
0
0
1
0
1
0
0
0
0
0
2
2
4
1
0
0
0
0
0
1
2
0
4
0
0
2
2
4
3
3
3
0
1
0
0
0
0
0
4
0
0
0
0
0
1
3
0
0
3
2
0
2
1
4
7
5
0
4
0
2
0
1
1
3
0
0
1
0
2
1
2
4
3
4
0
0
2
1
2
0
0
0
0
1
2
2
3
0
0
0
0
2
8
4
1
0
0
1
4
0
2
2
3
0
0
0
0
3
0
2
3
1
0
1
0
4
0
3
0
2
0
1
0
0
0
0
4
3
4
0
3
7
0
0
1
0
1
0
0
1
0
0
1
0
0
0
0
2
1
0
0
0
3
0
0
0
2
0
0
0
3
0
0
5
7
2
6
5
5
6
1
0
0
0
0
0
0
0
0
2
1
0
3
2
0
0
2
1
0
2
0
1
0
0
0
1
1
0
3
0
0
1
3
0
0
0
6
1
0
0
2
0
3
0
0
2
1
0
2
0
4
4
0
3
0
0
2
0
5
5
0
0
0
0
3
0
2
0
0
0
0
0
0
0
2
0
0
0
0
1
0
2
0
0
0
0
1
0
0
2
0
0
0
0
0
0
0
2
1
0
2
0
0
3
0
0
0
0
1
0
1
2
0
0
2
0
0
0
0
0
2
0
0
2
0
0
3
1
1
0
3
0
2
0
1327
