../2_Decay/DataFilesGe/Decay/415416G2.TXTBackgroundRemoved 
0
0
0
0
0
0
0
0
0
0
0
0
1
0
16
56
4
12
27
23
32
14
1
0
23
32
35
42
34
20
21
13
6
12
0
4
3
12
8
0
4
13
4
0
0
2
0
5
7
0
1
21
0
18
2
0
0
0
15
0
23
18
4
1
16
0
14
5
0
4
0
0
18
4
0
0
0
0
3
0
0
0
14
0
0
0
22
4
22
7
26
0
21
33
7
0
8
0
10
0
8
0
10
31
0
0
27
0
0
19
15
0
0
9
11
13
37
24
2
10
12
7
25
28
0
16
0
20
12
0
0
22
7
27
8
38
13
8
14
14
14
5
21
1
26
17
32
29
0
5
0
17
25
20
0
7
14
0
22
6
19
9
0
0
18
0
18
0
0
22
0
9
2
13
31
0
0
19
0
5
6
2
0
0
8
1
18
15
0
13
9
18
15
0
32
14
0
15
1
5
4
0
0
6
7
22
5
5
11
3
14
8
13
13
11
0
0
0
6
13
7
1
0
0
4
0
0
6
0
2
0
5
7
14
0
1
24
0
0
7
3
0
2
2
1
1
0
1
0
5
0
9
3
7
0
0
0
0
0
11
7
0
0
0
0
6
0
1
0
7
1
0
1
3
0
0
0
0
0
0
1
10
13
8
0
10
1
10
11
0
1
2
0
27
5
0
6
0
0
0
9
3
0
2
4
9
7
0
1
3
3
0
0
9
0
0
0
8
5
1
9
6
0
3
6
0
8
0
2
6
18
0
0
0
2
1
12
0
8
0
5
0
29
18
8
0
0
26
1
0
6
5
0
0
11
4
0
6
0
12
0
3
0
2
4
3
3
3
0
3
0
2
7
0
7
0
0
0
0
4
1
0
5
4
0
0
1
8
2
4
0
0
4
2
5
4
0
0
0
0
0
0
1
0
2
0
2
6
0
0
13
3
2
8
0
2
9
0
2
2
1
0
0
0
0
3
6
2
0
0
1
1
5
3
0
0
2
1
0
0
1
0
2
0
7
0
0
1
10
4
0
0
7
5
1
3
7
4
3
0
0
0
0
0
6
1
0
0
0
0
0
0
5
0
0
0
6
0
0
1
0
4
0
0
0
0
0
0
0
0
1
4
12
7
1
3
0
0
0
7
7
2
3
6
0
0
3
2
0
2
3
2
4
1
0
0
6
0
0
4
5
2
0
1
2
2
1
0
0
0
0
2
0
0
0
0
0
2
0
7
0
0
2
0
0
0
0
0
0
4
2
0
1
2
1
0
0
4
3
0
6
1
4
2
0
0
0
1
12
6
2
4
0
0
2
0
4
0
0
3
0
2
2
1
14
14
4
1
0
0
0
0
4
13
1
0
2
0
0
0
1
0
0
1
0
0
2
5
2
3
6
0
3
0
0
0
6
1
2
4
2
0
7
4
0
0
0
1
1
1
0
4
0
14
12
3
0
0
2
0
0
0
2
5
6
0
1
2
0
0
0
0
0
0
2
0
0
0
2
0
6
2
3
2
6
3
0
0
1
0
0
5
0
2
3
1
3
2
0
0
0
0
0
0
0
0
1
0
6
0
2
0
0
0
3
0
2
0
1
3
0
0
3
0
0
1
1
4
0
0
0
5
0
1
2
1
0
0
4
3
0
0
0
0
0
2
0
5
0
0
0
3
0
3
0
0
1
0
0
1
0
1
0
0
0
4
0
1
0
0
0
3
0
0
0
1
2
0
3
0
1
0
5
0
2
0
0
2
1
0
1
0
3
2
0
0
1
1
0
0
0
1
1
0
0
0
0
1
3
2
0
0
4
5
0
3
0
0
1
2
2
2
0
1
0
2
0
0
0
0
0
2
0
0
0
0
2
2
0
0
2
3
1
1
0
1
0
0
0
0
3
0
2
2
0
1
0
0
0
3
0
0
6
3
0
0
3
0
0
0
0
3
0
4
0
2
0
0
9
0
0
0
0
1
2
0
1
0
5
3
5
0
0
0
0
1
0
0
0
0
0
0
1
5
2
1
2
0
0
0
4
0
1
0
0
1
1
1
1
0
0
0
0
0
0
4
2
0
0
0
0
0
0
2
2
0
0
0
2
0
2
3
0
0
7
3
1
0
0
0
0
0
0
1
1
0
1
5
0
0
0
3
3
0
0
0
0
2
3
0
0
0
3
0
1
0
0
0
0
2
0
0
0
4
2
1
0
0
0
2
0
0
0
2
0
1
0
0
0
0
4
2
0
0
1
0
2
0
0
0
2
0
3
0
0
0
2
0
0
1
4
1
0
0
0
0
0
0
0
0
0
0
3
0
0
4
0
0
3
0
0
2
0
1163
