../2_Decay/DataFilesGe/Decay/415405G2.TXTBackgroundRemoved 
0
0
0
0
0
0
0
0
0
0
0
0
0
0
49
157
26
25
22
18
3
20
15
3
6
14
11
15
16
9
27
0
16
7
14
23
0
13
14
11
15
14
19
0
4
6
0
18
0
0
6
0
5
8
0
0
4
1
17
19
14
8
23
0
18
0
0
10
0
5
0
0
2
20
2
0
0
15
0
0
5
0
0
23
6
0
12
0
15
15
15
5
0
0
0
0
0
0
6
29
19
23
0
4
0
3
11
6
0
0
2
3
0
13
0
32
12
2
18
34
15
10
19
20
0
23
3
5
16
23
0
11
0
16
0
19
5
35
15
7
21
0
36
6
37
34
25
24
11
25
14
6
8
3
14
38
15
0
12
24
24
26
9
0
0
4
18
23
16
0
20
10
13
17
24
0
23
5
0
7
5
11
14
20
0
36
2
4
0
10
17
15
1
16
13
0
9
13
0
13
0
4
8
4
23
12
15
2
21
0
4
3
2
16
8
4
2
0
11
8
0
11
0
0
7
11
0
7
4
6
11
11
8
1
17
22
10
2
0
23
16
0
13
17
7
4
4
15
21
0
8
11
9
7
0
17
9
5
0
0
5
1
0
0
0
8
4
1
0
1
1
7
8
6
11
10
9
0
6
9
9
13
5
15
0
3
4
2
5
1
4
0
0
26
28
0
2
0
6
0
0
4
14
3
1
0
7
0
0
9
9
16
0
6
10
19
0
4
9
2
2
4
0
5
11
12
6
0
3
1
3
3
0
2
9
12
2
6
2
3
2
15
3
1
3
0
0
14
27
6
10
0
6
6
3
3
0
5
3
1
0
6
1
1
5
0
10
1
0
0
0
3
0
6
12
0
1
0
1
0
0
0
10
0
0
0
4
2
5
0
0
6
5
1
0
5
2
0
0
7
0
0
0
0
10
0
5
1
4
0
5
9
6
11
0
0
0
2
0
0
0
0
0
3
2
3
2
0
0
0
0
0
3
0
0
0
0
0
8
0
0
6
2
0
0
0
0
5
12
6
1
0
0
2
6
10
3
0
10
2
0
1
1
0
11
5
1
4
3
0
1
0
11
5
4
0
0
0
1
0
3
1
6
4
2
0
0
5
0
3
0
2
2
1
0
2
0
0
0
13
12
1
9
0
1
2
0
0
3
0
2
2
2
10
2
3
0
1
0
0
4
4
0
0
4
0
7
0
0
0
0
4
4
6
0
0
0
2
0
2
3
0
2
3
1
0
0
0
0
3
2
0
5
0
3
2
0
1
3
0
4
0
8
1
0
0
0
2
14
16
7
2
0
3
3
0
4
0
2
7
5
0
0
0
3
0
3
0
0
3
0
0
5
25
17
3
3
0
3
0
0
0
3
4
0
0
0
0
9
0
2
0
0
6
0
0
0
3
2
0
0
3
0
3
2
0
0
0
0
1
0
3
2
0
9
2
1
0
0
0
0
0
4
17
7
3
1
3
0
2
4
1
1
0
0
0
0
4
0
0
0
0
6
2
5
0
0
0
0
0
0
2
0
0
0
2
0
1
0
0
0
2
0
0
0
0
0
0
7
3
0
0
3
2
1
0
2
2
0
0
5
4
2
6
2
3
4
0
0
0
0
0
0
1
0
0
0
2
1
0
0
1
0
2
1
2
3
0
0
0
0
0
3
0
4
4
0
0
2
3
0
0
0
1
5
5
7
0
2
0
0
2
0
0
0
2
0
0
0
3
0
0
2
0
0
3
0
2
0
5
3
1
1
1
4
5
3
0
0
1
0
0
3
0
3
0
1
0
3
0
0
0
2
1
0
0
3
1
0
0
1
0
0
0
0
0
0
3
0
0
1
0
2
0
0
0
0
0
0
0
0
3
0
2
0
3
0
2
0
0
0
0
1
2
0
2
0
3
0
2
2
0
5
0
2
1
0
2
0
0
2
0
0
1
0
0
0
0
2
0
0
0
0
0
5
2
0
1
0
0
1
0
0
0
1
1
0
0
0
0
3
6
8
9
5
2
1
0
2
0
0
0
0
0
2
2
0
0
2
0
0
0
2
0
5
3
0
0
0
0
0
3
4
0
1
1
0
0
0
1
0
4
0
1
0
0
0
0
0
4
0
0
0
5
0
0
0
6
3
0
0
1
0
1
0
2
1
2
0
1
1
0
2
2
0
3
0
0
0
0
2
0
0
0
0
0
4
0
0
0
0
0
0
0
6
1
0
0
0
0
1
0
0
2
0
2
0
0
0
3
6
0
2
0
0
0
2
0
0
0
1
1
0
0
0
0
1
3
0
0
0
1
1
2
0
0
4
1
3
0
0
1
1
1217
