../2_Decay/DataFilesGe/Decay/415421G2.TXTBackgroundRemoved 
0
0
0
0
0
0
0
0
0
0
0
0
0
0
19
95
67
42
55
55
28
29
40
3
3
40
88
76
46
27
29
0
6
6
13
8
12
5
10
0
0
0
24
0
2
14
0
3
0
7
4
4
0
0
0
5
5
0
5
0
0
14
0
0
0
0
0
0
1
14
0
0
0
7
1
0
0
7
0
0
0
4
0
0
1
0
21
0
24
5
0
5
26
10
28
0
0
0
0
6
0
0
0
16
9
24
14
0
0
2
8
0
0
0
0
23
6
0
17
45
22
0
1
0
0
21
0
0
4
0
13
2
4
24
18
12
0
13
16
19
2
3
1
14
23
0
9
5
0
26
0
15
1
1
0
23
2
0
31
0
2
0
0
10
1
2
0
0
10
1
18
3
26
5
13
17
6
29
0
5
3
0
26
0
0
6
5
2
0
32
4
2
0
13
36
14
11
7
15
22
8
4
17
3
16
9
19
12
13
0
16
2
11
10
0
0
0
0
18
11
9
11
0
0
14
14
0
14
10
0
7
0
1
0
18
1
14
0
0
18
27
0
29
17
18
15
0
0
1
0
0
9
7
5
0
0
18
2
0
0
9
10
7
10
0
0
1
5
0
0
6
8
0
14
14
0
15
0
9
6
0
8
7
3
0
5
0
0
2
5
0
0
0
23
4
0
0
8
20
13
4
8
2
2
6
2
2
0
3
5
1
6
0
10
6
1
2
0
4
0
4
4
0
4
1
6
8
0
0
0
7
8
0
0
12
1
12
8
3
8
5
2
8
0
0
0
0
32
22
0
13
0
2
1
0
0
5
7
5
8
0
7
5
3
13
0
7
5
1
6
0
4
0
9
3
0
3
12
0
0
3
0
4
0
0
0
8
0
7
0
0
7
6
0
0
1
0
1
4
0
0
1
0
0
0
0
0
0
7
0
0
0
4
0
7
4
0
6
1
0
0
0
4
5
0
0
0
0
0
4
0
0
4
1
0
0
0
0
0
5
1
4
0
6
1
0
0
0
4
0
0
0
2
3
0
6
0
0
0
0
0
2
3
0
3
0
1
1
6
4
2
0
2
0
0
0
0
0
0
0
10
0
2
5
3
9
8
0
0
1
4
1
0
0
0
0
0
0
16
6
11
0
0
0
3
1
4
1
0
3
1
1
2
8
0
0
0
2
0
0
8
6
0
1
0
0
1
0
0
0
0
1
0
1
1
0
3
2
0
0
5
1
0
0
1
0
0
0
1
0
1
2
5
3
6
2
0
0
2
5
1
0
3
0
1
0
0
5
19
7
2
0
0
1
0
0
1
0
5
0
0
0
2
0
0
0
1
0
0
0
0
0
11
32
7
2
0
0
1
0
1
2
2
0
0
0
2
0
5
0
0
0
4
0
0
2
0
0
3
0
3
0
2
0
0
0
0
0
1
0
0
1
1
1
1
2
0
2
0
0
0
0
5
17
7
0
0
0
0
1
0
3
0
2
0
3
0
1
0
1
3
0
1
0
7
2
4
2
3
0
0
6
1
4
1
7
0
1
0
0
2
1
2
3
5
0
0
1
0
3
5
0
4
0
0
2
3
1
0
0
4
1
3
5
0
3
0
0
0
0
0
0
0
3
1
8
0
0
1
0
0
0
0
1
0
0
3
0
0
0
0
2
5
0
0
3
3
1
0
3
4
3
0
4
3
4
4
0
2
4
0
2
0
0
0
0
0
0
2
1
0
0
4
1
0
4
0
0
0
0
0
5
0
4
2
1
2
0
0
1
0
3
1
0
0
3
0
0
0
1
0
2
2
0
0
6
0
0
0
0
3
1
5
0
0
1
0
0
0
0
1
2
5
0
0
0
0
0
0
2
4
1
0
0
2
0
0
0
0
0
0
0
5
7
0
0
0
0
0
2
0
0
4
0
0
3
0
0
1
1
1
0
0
0
0
0
0
3
6
0
0
2
0
0
0
0
2
0
1
0
0
0
5
1
0
3
0
0
0
0
0
8
5
6
1
0
0
0
6
0
3
2
0
0
0
0
0
6
1
1
3
0
0
0
3
1
0
0
4
0
0
0
0
0
0
4
1
0
1
0
0
1
2
0
0
2
0
0
0
0
0
0
0
0
2
0
6
0
0
2
0
0
0
0
2
0
0
0
2
0
0
0
2
0
0
0
0
0
0
2
6
0
7
1
0
0
0
0
0
0
0
0
0
0
0
0
0
0
1
0
2
2
0
0
3
0
2
0
0
0
5
0
2
0
0
0
1
0
1
0
0
0
0
0
1
0
1
0
0
4
0
0
0
2
1
1
0
1
3
0
0
0
1
1145
