../2_Decay/DataFilesGe/Decay/415414G2.TXTBackgroundRemoved 
0
0
0
0
0
0
0
0
0
0
0
0
3
0
25
60
25
24
69
33
47
4
33
26
29
24
23
23
28
13
22
29
25
20
5
16
37
33
25
12
23
29
8
8
1
7
14
23
0
2
32
0
11
0
0
0
19
7
28
3
0
0
9
0
0
0
0
9
12
5
8
0
8
5
4
0
0
0
1
7
5
22
0
0
0
0
17
28
18
0
0
14
21
0
31
0
9
0
4
23
5
23
0
20
0
0
9
0
0
0
19
3
0
29
9
13
17
12
29
1
38
0
12
0
22
2
17
0
29
8
16
0
0
22
6
20
7
8
0
18
21
7
28
6
23
11
28
13
2
4
3
0
21
1
16
11
0
3
0
23
11
13
0
6
0
2
0
5
13
14
18
18
18
18
20
6
14
6
1
17
7
0
0
3
16
13
14
5
0
7
7
5
10
25
19
20
24
11
17
17
9
10
8
1
0
11
0
0
21
0
10
2
19
9
0
4
0
13
21
12
11
8
6
4
15
4
20
10
13
12
16
14
16
24
0
14
1
0
0
36
27
0
8
13
6
5
0
4
0
4
6
17
16
2
4
0
2
0
7
1
4
9
2
6
0
0
7
4
21
0
0
15
0
2
0
0
0
8
1
9
2
0
11
0
14
11
14
0
0
12
1
0
0
31
5
0
0
3
11
0
2
5
4
7
4
0
1
1
6
9
3
11
0
5
0
1
0
0
6
1
0
0
0
3
1
6
0
1
0
10
2
12
0
0
18
3
1
3
0
7
1
0
0
5
9
0
0
28
9
1
11
0
1
4
5
5
0
0
2
1
0
4
0
7
10
0
2
3
4
0
0
10
5
0
6
0
3
6
1
0
0
0
2
3
0
7
0
1
1
0
0
1
2
0
0
4
1
0
5
2
0
4
0
0
4
5
3
1
0
0
7
1
2
4
1
4
1
4
1
0
1
0
5
0
0
2
0
0
0
0
0
4
0
3
2
11
0
0
3
0
3
0
0
0
4
0
0
0
4
5
0
0
0
3
3
8
6
0
2
0
0
0
1
1
5
4
0
2
0
3
1
0
8
1
1
4
1
0
0
0
0
0
5
0
0
3
0
0
3
11
3
8
7
0
0
0
0
0
0
10
14
4
1
0
4
4
2
2
10
0
0
2
0
6
2
0
0
0
1
0
4
3
0
5
1
2
5
0
0
0
0
0
3
2
3
0
0
3
2
0
2
3
0
0
6
0
1
0
0
0
0
0
6
0
0
2
0
0
5
0
4
0
1
2
0
0
0
3
14
12
0
1
0
3
0
0
4
0
0
1
0
0
0
0
0
10
2
1
1
0
0
0
24
18
8
1
1
3
2
2
3
3
2
1
0
0
3
0
2
0
0
0
1
0
0
0
0
3
2
4
5
0
0
4
1
1
2
0
0
0
4
0
2
4
3
2
0
0
0
0
0
0
7
11
3
0
0
3
0
1
3
2
0
0
3
0
0
0
2
0
0
0
0
4
0
0
0
1
4
5
0
0
0
6
4
0
0
0
0
0
3
0
1
1
0
0
0
0
0
3
1
0
3
0
2
0
7
1
1
0
6
1
2
3
2
1
6
0
2
0
3
7
0
2
0
1
4
0
4
2
4
0
0
0
2
4
1
0
0
2
0
4
3
0
1
0
1
0
0
3
5
3
0
1
0
6
2
6
0
0
0
4
0
1
0
0
0
0
0
2
0
2
2
0
2
0
1
0
6
0
5
0
3
1
6
0
1
2
0
0
2
0
2
0
0
0
1
2
0
0
0
0
0
0
0
1
0
0
2
0
0
0
0
0
0
5
0
2
3
0
1
3
3
0
0
0
0
1
0
0
2
0
0
0
2
2
0
0
0
0
0
1
1
2
0
1
0
0
2
5
0
2
1
0
0
2
1
1
1
2
0
1
2
0
0
0
1
1
2
0
0
0
0
0
0
2
1
0
0
0
1
1
0
0
0
3
0
0
0
0
0
9
2
8
2
0
2
3
0
3
3
1
0
0
0
2
3
0
1
1
0
0
2
0
1
2
0
0
1
0
4
0
3
0
0
0
2
3
0
0
0
1
4
1
0
0
0
2
0
3
0
0
0
0
0
1
2
3
2
0
0
1
2
1
0
0
0
1
1
0
0
0
2
0
0
0
0
0
0
0
1
0
0
1
6
0
0
0
0
0
2
0
0
0
0
0
0
3
0
0
0
1
0
0
0
0
0
4
0
3
2
1
1
2
0
0
1
2
1
1
1
1
1
0
0
0
2
0
0
0
2
0
0
1
0
0
0
0
2
0
0
0
0
1185
