../2_Decay/DataFilesGe/Decay/415412G2.TXTBackgroundRemoved 
0
0
0
0
0
0
0
0
0
0
0
0
4
0
40
111
55
91
75
26
29
8
8
10
21
21
21
16
41
66
60
35
36
28
20
14
10
8
9
17
5
0
3
0
0
8
0
8
0
6
16
0
7
0
0
0
3
8
6
0
6
0
17
0
9
6
9
0
0
0
0
0
16
0
3
0
0
2
0
3
6
16
0
16
1
0
0
7
12
0
0
0
6
20
0
2
14
0
0
5
2
10
0
13
1
0
24
6
11
17
1
0
12
0
0
0
0
4
0
17
9
0
22
15
25
0
1
5
21
10
0
3
0
3
13
10
13
11
0
0
0
4
32
22
8
14
16
20
34
10
0
0
12
3
21
23
15
6
0
33
11
41
2
0
6
9
25
0
7
11
12
18
15
26
30
0
12
6
6
0
20
0
16
21
0
4
6
0
0
11
19
10
0
9
24
7
8
0
19
6
0
13
0
0
8
28
0
5
17
0
5
0
1
0
3
4
0
0
25
4
0
8
14
10
2
3
12
0
22
6
5
12
0
7
5
10
10
0
0
39
17
0
17
15
6
12
6
0
10
3
0
17
7
9
24
8
0
2
5
0
2
13
9
3
2
10
0
0
0
2
0
11
0
3
0
0
0
5
4
6
0
3
13
12
15
3
6
3
16
12
4
1
0
12
6
0
5
0
6
1
0
0
0
6
6
0
11
0
15
0
4
10
2
0
1
10
0
0
0
0
8
2
1
0
17
9
3
1
3
9
5
4
0
0
8
10
0
1
4
8
1
1
7
2
0
0
0
16
23
5
8
1
1
4
5
0
0
0
8
0
0
4
0
7
2
0
8
0
4
0
0
2
0
0
0
1
5
1
0
0
0
0
5
0
0
0
0
3
3
0
2
0
3
0
0
4
1
0
11
3
0
3
0
0
0
1
9
0
0
4
4
4
0
3
0
3
0
7
0
5
4
1
1
7
1
4
0
4
0
7
5
1
0
0
0
0
1
0
2
2
1
2
1
0
4
0
0
7
4
1
3
4
0
2
4
0
0
0
5
2
6
1
0
0
10
1
0
0
2
1
0
0
1
1
0
1
0
6
0
0
2
2
6
4
2
0
1
1
0
1
0
6
0
2
0
0
0
0
3
7
11
3
0
0
0
5
1
2
1
1
1
8
8
0
1
0
0
5
0
0
0
1
0
3
1
0
0
0
0
2
0
2
0
2
0
0
0
0
0
0
0
1
0
2
0
0
2
0
0
3
0
0
0
4
0
0
0
0
1
4
1
0
3
0
4
0
0
3
14
7
1
0
0
0
0
0
2
0
0
0
2
7
0
0
0
7
0
0
0
0
0
0
4
34
6
0
0
0
2
2
4
1
0
2
0
1
0
0
2
3
0
0
1
4
0
3
3
0
2
0
1
0
2
0
0
0
0
0
5
0
1
1
0
3
10
1
2
2
0
0
0
0
5
17
12
4
3
0
0
3
0
1
1
0
0
1
3
2
0
0
4
2
2
0
1
5
0
0
0
0
0
1
1
0
0
0
3
0
0
0
0
0
3
0
8
3
0
0
0
1
0
0
7
1
2
0
1
0
0
1
1
0
0
0
0
0
0
3
0
0
5
0
0
2
0
0
0
1
0
3
0
2
0
3
0
0
0
1
1
0
0
0
1
0
6
2
4
0
0
1
1
0
0
0
2
0
6
0
2
0
0
0
1
0
0
0
0
0
1
0
0
0
3
3
0
2
0
0
0
0
3
1
3
1
0
3
0
0
0
1
1
0
0
0
1
0
0
0
2
0
0
0
0
0
0
2
1
0
0
0
1
4
0
0
2
2
2
0
0
0
0
4
0
3
0
0
0
0
0
3
0
2
0
4
1
1
0
0
0
0
0
0
0
8
0
1
0
2
2
1
7
0
1
0
1
3
6
6
0
0
0
0
0
2
0
3
0
0
0
1
0
1
2
0
0
0
2
4
1
0
0
1
1
1
0
5
0
0
0
0
3
6
9
3
4
2
2
0
0
0
0
0
1
2
2
0
0
0
0
0
0
0
1
0
5
3
1
0
1
0
1
0
0
0
0
0
1
0
3
0
0
3
2
0
0
2
0
0
1
0
1
0
0
0
0
0
1
10
0
1
0
0
0
0
2
0
2
0
0
0
1
3
0
4
1
0
0
2
0
0
0
0
3
3
1
0
0
0
0
0
0
0
3
2
4
0
2
1
0
1
0
0
0
1
2
0
0
0
1
1
0
0
0
0
0
0
5
0
1
1
0
0
0
0
0
2
1
2
0
0
0
3
2
0
1
0
3
0
4
1
0
0
0
1184
