../2_Decay/DataFilesGe/Decay/415423G2.TXTBackgroundRemoved 
0
0
0
0
0
0
0
0
0
0
0
0
0
0
56
271
181
148
224
630
1189
736
236
29
26
22
32
24
25
37
47
51
87
43
31
46
45
44
35
23
20
29
0
0
0
12
11
2
7
0
14
10
16
3
3
1
0
0
19
0
0
16
0
0
0
0
0
7
0
10
0
0
2
0
0
0
0
26
0
14
21
0
0
0
0
0
23
0
6
0
0
0
16
8
12
0
11
21
1
1
2
14
0
9
0
0
39
0
0
0
14
6
0
0
5
0
12
2
4
7
25
0
21
11
0
7
0
0
37
7
0
0
6
1
0
0
4
3
0
0
10
19
19
3
6
23
25
8
8
22
14
5
3
0
0
1
0
28
2
23
20
17
7
0
14
0
15
1
18
0
0
12
15
0
19
6
11
7
0
32
0
0
7
9
0
10
16
11
0
2
18
2
0
24
21
6
2
25
0
0
11
6
3
0
22
21
2
12
24
0
13
1
24
25
9
13
0
11
6
4
0
21
0
0
8
9
6
11
6
5
4
11
6
15
3
6
17
0
0
6
32
0
5
16
0
15
2
1
12
0
2
13
0
9
0
3
9
1
11
12
0
3
1
7
0
2
8
0
4
0
0
2
0
12
1
0
17
9
6
0
19
1
21
14
0
3
6
11
0
14
6
2
0
22
13
0
0
0
2
0
4
7
5
2
14
1
12
0
4
14
9
7
1
0
5
0
0
15
3
1
1
0
0
5
6
13
0
7
2
0
8
0
5
3
0
8
0
0
0
9
1
2
3
4
6
0
0
17
26
4
7
0
0
0
7
0
1
12
7
10
0
1
0
2
3
5
4
1
0
5
0
5
0
4
0
0
5
0
0
1
1
14
4
0
5
0
0
0
0
5
1
7
0
0
0
3
0
4
0
3
0
0
5
2
5
3
0
5
0
0
8
0
7
9
0
0
2
12
0
0
7
4
3
0
0
0
8
1
0
0
0
0
2
0
2
2
6
2
0
1
7
11
0
0
0
0
0
0
5
1
0
0
0
0
2
2
5
0
1
0
7
7
6
0
2
0
0
2
0
2
8
5
4
0
2
0
0
1
0
0
6
1
5
1
0
0
1
2
0
0
1
0
0
0
0
0
0
0
2
7
24
9
12
0
2
1
4
1
0
3
4
3
2
4
0
0
2
2
0
0
3
9
0
3
4
0
2
0
6
2
7
5
0
0
0
0
0
5
0
0
6
0
0
0
0
0
0
1
0
3
0
5
1
1
0
6
0
0
2
0
0
0
0
3
1
0
0
10
22
13
0
1
4
0
0
0
3
1
0
0
3
3
0
0
0
5
0
0
0
0
0
0
3
25
28
11
2
0
0
0
1
0
0
1
0
0
10
1
0
6
1
1
0
0
0
1
2
0
0
0
0
0
0
2
0
0
0
0
0
1
4
5
3
0
1
0
1
1
0
0
0
0
3
9
7
0
4
5
0
0
1
2
2
5
0
1
2
0
0
2
2
7
2
5
0
0
0
0
3
0
0
3
1
5
4
5
0
0
0
0
1
2
0
3
0
3
0
0
0
3
2
0
5
1
1
0
0
4
0
1
4
0
5
0
0
1
0
0
0
0
0
0
4
1
0
1
0
6
0
3
0
0
0
0
0
0
2
2
0
0
0
0
0
0
0
1
2
0
0
0
0
0
0
6
0
2
6
0
1
1
0
2
2
0
2
0
1
0
1
0
2
0
2
1
1
0
0
2
1
5
1
3
2
4
0
0
0
5
0
0
0
4
1
0
0
0
3
1
0
0
0
0
1
4
0
0
0
0
1
0
4
3
2
0
0
0
2
0
5
0
0
0
0
6
0
0
0
5
1
0
0
2
0
0
1
1
4
0
0
0
0
0
5
0
4
0
0
0
1
1
1
0
1
0
0
1
0
1
2
0
0
0
0
1
0
0
2
0
3
0
0
0
0
0
0
0
2
1
4
0
1
0
0
0
0
3
0
0
0
1
7
3
4
0
7
0
1
3
0
6
0
0
2
0
0
2
0
0
0
1
0
1
4
0
0
1
0
0
3
2
0
1
0
2
0
3
1
0
4
0
0
1
3
0
1
1
0
0
0
0
2
0
0
3
4
1
0
4
2
4
0
0
1
2
0
0
0
1
0
0
0
1
1
1
0
2
0
0
0
1
0
1
0
1
0
0
0
0
0
0
1
0
2
0
0
1
0
0
1
0
0
0
0
1
0
0
1
0
0
0
3
0
0
4
2
1
2
2
0
0
4
0
2
0
2
0
0
3
1
0
0
0
1
1
0
0
0
0
1
1
0
1
0
1205
