../2_Decay/DataFilesGe/Decay/415407G2.TXTBackgroundRemoved 
0
0
0
0
0
0
0
0
0
0
0
0
0
0
22
46
0
16
27
14
37
25
21
20
38
9
24
7
11
20
28
9
13
1
0
11
10
18
15
9
6
21
3
7
0
3
1
0
9
9
4
5
17
4
0
0
0
0
15
1
14
0
10
0
0
0
8
0
0
16
0
0
2
0
0
0
0
0
0
0
0
9
0
26
0
0
11
15
0
0
0
0
0
30
36
32
15
0
17
11
0
16
0
31
3
2
20
0
0
0
3
14
7
8
2
7
1
15
0
0
1
0
11
20
2
22
10
33
13
10
11
14
28
24
0
10
29
11
0
24
19
20
29
31
22
0
15
28
0
25
16
40
24
5
14
11
20
0
14
30
0
26
1
0
0
20
28
3
14
3
5
20
0
10
18
12
31
19
14
13
0
22
6
18
5
3
0
14
0
32
5
7
0
18
7
3
0
0
0
8
8
3
10
0
9
11
3
7
22
12
15
27
5
18
16
9
0
4
18
4
0
24
14
7
0
5
0
10
30
16
0
4
9
0
13
13
5
0
0
23
30
0
2
25
12
14
0
4
15
17
6
4
0
5
5
8
0
7
6
5
3
2
0
4
0
2
3
0
6
0
10
0
5
10
0
0
0
3
0
6
3
9
17
6
6
2
4
1
15
15
9
5
0
9
11
0
1
0
8
7
7
2
1
9
0
3
0
0
2
8
6
13
0
2
10
0
0
0
3
6
0
0
4
0
0
3
0
0
0
0
9
7
3
0
7
2
5
5
0
3
0
5
0
4
0
0
0
18
32
8
12
1
0
0
8
4
0
6
4
7
0
0
7
1
2
3
6
0
5
5
0
6
1
4
4
1
0
12
0
3
0
0
6
0
5
0
0
0
0
0
2
4
2
0
0
0
1
0
9
12
3
0
2
4
0
0
3
1
0
0
7
2
6
9
0
0
0
7
4
0
0
7
1
8
0
0
7
0
0
8
2
3
0
8
0
9
0
0
3
0
2
0
0
5
2
0
0
0
0
3
0
0
3
0
0
10
3
0
0
5
3
8
2
0
4
6
2
0
3
2
1
0
1
0
7
2
2
0
0
0
0
2
1
0
1
0
11
2
0
4
0
1
4
0
0
0
0
0
0
6
13
3
6
0
0
0
0
0
4
2
0
3
4
0
0
6
2
0
1
1
6
0
3
4
5
3
1
0
0
1
0
1
0
3
1
2
2
1
0
0
9
2
0
0
0
0
1
0
0
3
0
0
2
2
2
0
0
0
3
3
0
1
2
0
0
0
0
4
14
14
0
0
2
0
0
0
3
0
3
0
0
0
0
0
0
0
3
0
5
0
0
0
2
26
19
2
5
0
1
1
0
0
0
0
0
0
0
0
2
2
0
0
0
1
1
0
7
0
0
2
1
0
1
0
0
0
3
0
0
5
0
0
0
1
1
0
1
0
0
0
0
0
0
11
10
2
0
0
5
0
0
2
0
1
0
0
1
0
0
0
2
2
0
0
0
0
0
3
0
2
0
0
0
0
4
0
1
0
0
0
0
4
2
0
0
0
0
0
2
1
2
2
1
0
2
1
2
0
0
3
3
0
0
2
0
1
5
3
1
0
0
0
4
6
0
1
0
0
1
6
2
1
0
0
2
0
1
1
0
4
3
4
1
0
0
2
4
1
1
0
0
0
0
0
1
2
1
2
1
1
0
0
1
0
2
2
1
0
3
0
0
1
8
2
0
0
0
0
0
3
0
0
0
2
1
0
0
0
3
2
0
0
2
0
2
0
5
0
3
1
0
0
2
3
2
1
2
0
2
0
2
0
0
0
1
1
3
0
0
0
3
0
0
4
0
0
0
0
4
0
0
0
0
0
0
1
1
0
0
0
0
0
1
3
0
0
0
0
0
0
2
0
0
0
2
2
2
5
0
0
3
1
0
0
0
0
0
1
2
0
0
0
0
0
1
0
0
0
4
0
3
1
0
3
0
0
3
0
0
0
1
3
12
6
2
1
2
0
0
5
2
0
0
0
3
2
1
0
3
0
0
0
0
0
5
4
2
0
1
4
3
2
3
0
0
2
0
0
1
0
1
4
0
0
0
0
0
2
0
3
1
0
0
1
0
3
0
8
7
2
0
0
0
0
0
3
2
0
0
1
0
1
1
0
1
0
0
2
0
0
0
0
3
0
1
0
1
0
0
0
0
0
0
0
1
0
0
4
0
0
0
3
0
1
1
0
1
0
0
0
4
0
0
1
0
0
4
0
1
1
1
5
0
1
0
0
0
0
4
3
0
0
0
0
0
0
5
0
2
1
0
1
0
1203
