../2_Decay/DataFilesGe/Decay/415411G2.TXTBackgroundRemoved 
0
0
0
0
0
0
0
0
0
0
0
0
1
0
43
98
11
54
115
59
77
34
37
32
16
24
20
17
40
25
29
15
14
8
14
0
0
10
11
0
18
4
2
3
0
0
0
0
3
0
17
0
6
3
0
0
3
0
12
0
21
8
2
0
19
5
0
0
0
15
0
0
2
20
0
19
13
0
0
0
12
18
4
0
0
8
13
0
27
0
0
0
22
0
12
13
11
0
0
10
18
19
0
8
0
37
15
8
5
2
12
2
22
19
0
15
5
30
17
4
9
21
16
38
6
26
8
8
17
29
24
0
17
8
17
12
17
30
20
30
25
26
22
0
37
10
29
10
21
21
22
27
3
0
7
0
17
35
18
23
5
2
4
4
0
0
8
0
10
0
16
14
2
30
31
1
5
0
7
30
5
8
5
28
0
0
9
6
0
15
20
0
11
13
14
17
12
0
11
23
7
1
6
0
0
19
0
1
23
0
2
0
12
27
2
0
0
4
19
11
0
4
2
19
14
4
7
0
0
0
6
11
20
19
4
31
4
0
0
29
22
4
0
20
5
6
9
6
14
6
13
19
1
11
10
8
10
1
0
3
5
10
2
0
0
2
2
0
9
13
0
9
0
0
4
0
3
8
0
10
3
8
6
5
4
7
11
0
4
11
0
2
0
19
7
0
0
0
5
0
0
2
0
3
0
7
2
0
0
0
4
10
1
4
4
1
6
2
6
18
9
0
2
0
5
1
0
5
3
0
7
9
0
11
4
5
1
4
0
8
0
0
2
5
0
0
0
44
13
0
1
0
6
0
1
2
0
7
3
0
0
12
0
0
4
5
6
6
3
0
0
2
3
0
2
0
0
0
5
0
0
0
8
0
0
0
0
1
0
0
0
4
0
5
0
7
2
0
3
2
5
0
4
0
3
0
0
1
0
0
8
2
0
3
0
9
10
1
4
8
0
6
2
6
0
6
1
1
0
0
0
1
0
1
0
1
3
0
2
0
7
1
1
0
0
0
0
0
3
5
0
0
2
2
0
0
0
0
0
3
1
0
3
0
6
5
3
9
3
5
2
3
4
2
0
7
0
0
0
4
4
1
10
1
7
3
0
0
0
1
0
4
2
0
3
0
0
0
0
0
12
1
4
2
0
1
3
2
2
0
3
7
2
5
3
6
5
0
0
1
5
0
1
0
5
3
4
0
0
0
0
5
0
6
0
1
0
0
0
0
0
4
0
2
0
0
0
0
1
3
1
0
0
0
0
1
0
2
0
3
2
5
0
2
0
0
0
11
15
6
0
2
0
0
0
0
0
1
0
5
0
0
0
0
3
2
0
3
1
0
0
0
6
31
9
0
1
0
0
0
0
0
0
6
0
3
0
0
2
0
0
2
6
1
0
5
5
3
0
2
1
0
3
1
0
0
0
3
0
1
3
0
0
1
5
0
0
1
3
0
0
0
11
24
12
0
0
3
0
2
5
2
1
0
0
5
4
1
0
3
4
2
4
0
2
0
0
0
2
1
0
1
1
2
0
0
0
0
1
0
0
0
0
0
0
0
0
0
1
0
5
5
2
0
0
0
1
0
3
0
1
0
1
3
0
2
0
0
0
0
0
2
0
0
0
1
0
0
0
3
0
0
0
1
0
6
2
0
0
2
0
4
2
0
0
0
2
0
0
0
2
0
3
4
5
5
4
0
0
3
0
0
0
0
0
0
0
1
0
0
3
0
2
3
3
3
0
0
0
0
1
0
1
1
0
0
2
0
0
0
0
0
2
0
0
0
0
2
0
0
0
0
1
0
2
0
3
0
0
2
6
0
0
0
0
5
0
0
0
0
0
2
0
1
0
0
0
0
0
0
0
1
0
0
0
5
0
0
0
0
0
2
0
8
1
9
0
0
2
2
0
0
3
1
0
0
0
1
0
4
0
0
0
0
2
0
0
1
0
0
1
0
0
0
1
2
0
0
0
3
0
0
0
2
2
0
0
0
0
0
10
4
4
5
2
0
0
4
0
0
0
0
0
2
0
3
0
0
0
0
0
0
1
0
2
0
0
0
2
0
1
0
0
0
0
1
5
0
0
1
1
0
0
0
0
0
0
0
0
0
7
0
0
0
2
1
2
6
0
1
1
0
0
0
0
1
0
0
0
0
0
1
2
3
4
0
1
1
0
0
2
0
2
3
2
0
0
0
0
0
0
0
0
2
0
5
0
0
0
2
0
0
0
0
0
0
3
1
3
1
4
0
0
0
3
1
1
1
0
1
2
0
0
4
0
0
0
3
1
0
0
2
0
0
0
1
2
0
0
0
0
0
0
1231
