../2_Decay/DataFilesGe/Decay/415400G2.TXTBackgroundRemoved 
0
0
0
0
0
0
1
0
0
0
0
1
1
2
68
242
123
60
63
40
37
28
25
35
32
31
34
30
15
10
24
16
15
0
39
27
19
38
22
18
5
28
6
7
0
0
8
1
0
3
13
17
2
0
9
2
2
11
0
3
16
0
15
0
14
16
0
9
11
25
4
0
0
12
0
0
2
0
0
23
0
7
0
0
0
1
24
1
19
18
22
0
5
1
25
32
32
8
12
7
0
16
16
37
43
5
41
17
15
11
28
11
0
16
14
15
0
17
22
15
35
12
0
36
19
45
24
11
12
0
27
7
1
15
28
17
13
34
1
25
6
22
39
38
30
17
42
28
25
16
0
7
7
13
20
13
20
16
12
17
26
25
22
0
12
13
12
16
29
28
7
17
15
25
33
34
11
11
17
32
15
6
10
0
3
21
0
11
6
11
17
17
19
36
27
19
0
32
12
11
0
4
1
11
17
28
0
10
28
2
16
0
5
25
8
19
3
16
8
9
0
15
0
0
15
3
18
5
18
17
5
15
6
12
4
18
26
12
0
0
44
7
11
15
13
3
10
9
2
1
19
19
17
21
10
14
4
20
4
10
4
0
0
5
11
13
2
13
9
12
14
11
8
8
0
9
0
5
11
11
13
17
19
7
2
15
5
11
7
0
5
5
0
6
28
15
3
0
10
8
2
13
6
15
3
0
8
0
4
1
3
0
10
16
10
0
10
9
13
10
9
6
3
8
13
2
0
10
17
10
7
10
0
3
7
5
9
11
9
3
0
0
7
3
7
0
0
0
18
27
17
4
11
3
5
1
6
7
3
0
0
12
2
11
12
1
12
10
0
3
6
5
4
7
0
0
0
1
0
4
0
3
10
0
2
0
3
0
4
0
0
4
2
2
3
8
8
0
0
6
0
0
0
0
0
0
2
0
0
6
12
3
5
3
0
4
0
12
1
4
2
3
0
6
0
0
3
0
0
4
4
0
11
0
0
3
0
6
3
0
3
4
4
1
2
0
0
1
6
2
0
4
0
4
0
7
2
5
2
0
1
2
0
1
2
8
1
14
0
4
0
8
4
0
4
0
0
1
3
0
6
3
2
9
1
0
0
0
5
6
1
11
2
0
2
0
0
0
0
0
14
17
22
0
0
0
1
3
0
2
0
1
10
0
0
6
2
4
0
1
6
2
1
4
3
1
0
0
8
2
0
1
0
0
0
0
2
2
0
0
3
0
2
2
0
0
1
0
2
2
4
3
1
1
0
0
3
0
3
1
2
2
0
6
2
0
0
0
5
6
14
9
0
4
0
0
0
0
0
4
2
2
0
0
1
1
5
6
0
0
0
0
0
0
4
23
15
3
6
0
0
4
1
6
0
0
0
3
7
0
4
0
0
0
0
3
0
5
0
0
0
10
0
2
0
1
0
4
2
2
0
4
3
0
3
1
0
3
0
0
0
0
0
2
1
10
19
2
0
2
4
1
1
0
5
0
2
2
1
0
0
2
2
0
2
5
0
0
6
3
0
0
0
0
1
0
3
0
0
1
1
1
1
0
0
0
0
0
2
0
5
0
0
0
0
0
6
0
0
0
0
0
0
5
2
0
0
1
1
0
4
5
3
0
0
0
0
2
3
2
0
0
0
2
0
0
0
0
0
0
0
6
2
0
0
2
0
0
0
3
5
0
0
0
3
1
4
7
2
1
1
1
3
0
1
2
1
0
2
2
0
1
0
0
4
0
0
0
0
0
2
0
5
4
3
3
3
4
0
1
1
1
2
0
0
0
0
4
1
2
0
0
0
0
0
2
2
2
0
0
0
6
5
0
0
3
0
0
0
0
0
4
0
0
0
0
1
1
0
0
0
0
0
0
0
0
0
0
1
0
0
4
3
0
0
0
2
2
0
1
0
3
2
1
0
0
0
0
0
0
1
0
3
0
0
2
0
0
3
2
0
3
1
2
0
0
3
0
0
0
0
0
3
0
0
4
0
0
0
0
0
2
0
3
6
4
5
2
1
3
3
3
0
3
0
0
0
0
0
1
0
0
0
0
4
6
0
7
1
1
0
0
1
0
3
4
0
1
0
2
2
0
3
0
0
0
0
3
0
0
1
1
0
0
0
1
0
0
1
7
0
2
1
2
1
0
2
1
1
1
1
0
1
1
2
0
0
0
1
0
2
0
3
0
1
0
0
0
0
0
0
0
3
1
0
0
0
3
0
3
0
0
0
0
0
0
0
7
0
4
0
0
0
2
0
2
3
0
0
0
3
1
0
1
2
0
4
0
0
1
2
0
1
0
0
1
0
0
2
1
0
5
0
1374
