../2_Decay/DataFilesGe/Decay/415410G2.TXTBackgroundRemoved 
0
0
0
0
0
0
0
0
0
0
0
0
0
0
85
177
7
12
53
56
37
34
22
10
7
30
24
47
21
31
28
27
31
26
16
12
9
11
10
4
9
10
11
11
11
11
11
9
1
3
18
6
8
8
8
8
16
8
8
8
12
16
15
15
7
7
7
7
2
0
8
8
8
1
1
1
5
10
2
2
2
7
7
7
7
7
14
1
8
8
9
4
1
23
23
23
11
3
20
12
26
7
7
4
5
5
15
15
15
15
15
7
7
10
1
21
7
1
22
11
35
12
19
29
10
0
0
22
17
1
0
23
14
11
17
20
18
4
4
11
11
11
37
14
35
8
16
16
24
1
0
9
21
4
9
15
5
5
31
17
24
9
22
2
2
21
5
5
7
7
14
14
23
13
26
0
11
11
11
22
4
4
0
12
12
0
0
10
10
15
12
12
1
13
15
15
6
7
2
2
9
11
6
6
27
17
6
6
12
3
11
3
16
13
11
11
1
8
6
0
0
15
11
8
7
4
11
6
6
4
4
4
4
8
8
16
1
0
0
32
18
18
8
15
9
3
8
2
12
1
1
8
8
11
11
16
16
16
1
5
11
4
13
2
2
2
7
9
9
15
11
8
1
9
4
4
4
0
0
6
2
3
12
9
2
1
12
12
19
7
0
0
0
24
16
16
16
1
10
0
2
14
3
6
2
2
3
6
6
2
6
7
7
13
13
10
4
11
11
7
0
0
3
3
3
6
0
3
4
0
0
0
0
0
11
10
7
7
1
2
2
6
6
6
6
6
6
32
22
12
8
1
1
1
1
1
3
4
9
1
1
1
8
0
11
11
13
13
15
7
0
6
6
2
3
1
1
3
3
0
0
5
12
12
12
12
3
3
3
3
5
2
4
3
3
8
8
2
2
2
2
2
0
0
0
0
5
5
5
5
3
3
7
9
9
9
7
9
9
9
5
5
6
1
1
3
14
14
14
14
2
2
7
7
7
8
1
0
2
2
2
0
0
0
0
0
2
2
7
4
4
0
0
2
9
3
3
0
1
5
5
5
5
5
2
2
2
2
7
9
9
9
4
6
6
6
6
1
1
1
0
2
11
4
2
3
0
0
0
0
2
4
2
0
0
1
1
1
8
12
8
8
5
5
5
8
4
1
2
3
0
5
4
3
6
0
5
1
1
0
5
5
5
2
2
1
1
1
1
1
1
6
2
2
2
2
2
4
2
2
2
1
0
0
0
5
5
5
5
2
6
6
6
0
1
1
1
1
4
1
4
4
3
1
4
4
4
7
14
19
2
3
3
5
5
0
1
0
0
0
0
0
0
0
0
0
0
2
1
1
1
1
6
30
10
0
0
0
0
0
0
0
0
1
1
1
6
1
5
5
5
3
0
0
0
5
5
2
2
2
4
4
4
1
1
1
2
2
2
2
2
5
0
0
1
1
1
5
5
5
5
0
1
10
11
4
4
4
4
4
3
1
3
3
1
1
1
1
2
2
2
2
2
0
0
2
2
2
3
2
2
1
1
6
7
5
2
1
1
1
0
1
4
4
3
3
4
4
2
2
7
7
7
7
1
1
1
1
0
1
1
5
0
7
4
2
2
2
4
4
0
3
0
0
1
1
1
1
2
3
3
0
0
2
0
0
0
1
1
1
1
0
1
2
2
2
1
1
1
1
1
1
1
2
2
16
6
0
1
3
3
3
3
3
3
3
2
1
1
1
1
0
3
3
1
1
1
1
1
1
2
1
1
2
3
2
2
3
3
0
2
3
0
0
0
1
1
4
0
2
5
5
5
5
5
5
2
0
0
0
0
3
1
1
1
1
1
2
1
1
2
5
5
5
5
5
0
0
2
2
2
1
0
1
1
2
2
2
2
2
1
4
1
1
3
5
5
0
0
1
1
1
5
5
5
3
0
0
0
1
1
1
1
3
3
3
3
0
6
6
6
6
1
0
2
0
2
0
0
3
3
0
0
1
1
0
0
0
0
0
0
13
2
3
3
1
0
0
2
2
0
0
0
1
0
0
2
2
1
0
0
4
5
5
4
0
3
0
1
1
1
0
0
0
0
0
0
0
0
2
2
2
2
2
2
0
0
0
0
0
1
1
1
0
1
2
0
8
5
5
2
2
2
1
0
0
3
3
3
0
1
1
1
0
0
0
0
0
2
1
0
0
0
0
0
0
0
0
0
0
0
1
0
0
0
1
1
1
1
1
0
1
1
1
4
4
2
0
0
1
2
2
2
0
0
0
4
4
4
3
3
2
2
2
2
0
1
1
1
1
1
1
2
2
2
2
0
0
1
1
1
0
0
1178
