../2_Decay/DataFilesGe/Decay/415406G2.TXTBackgroundRemoved 
0
0
0
0
0
0
0
0
0
0
0
0
3
2
47
174
63
37
47
24
12
21
15
5
33
21
7
19
26
20
25
0
20
11
30
27
27
16
2
0
5
12
0
0
12
0
0
2
0
5
5
16
2
20
0
6
3
0
1
7
5
6
3
0
17
22
1
7
4
25
7
0
0
16
0
0
0
0
0
0
0
12
15
0
14
0
4
0
30
0
6
0
17
0
0
0
0
2
11
6
11
3
0
29
8
0
21
0
13
0
0
5
11
10
0
0
0
0
3
29
39
0
2
21
10
12
0
6
14
13
11
0
6
0
0
18
8
25
0
16
0
28
0
30
16
7
44
13
15
0
0
9
10
27
10
1
30
0
0
25
3
8
19
4
14
0
18
20
0
0
14
19
7
21
25
10
14
1
0
6
21
0
0
0
0
0
8
6
0
23
27
16
0
20
10
21
0
0
12
17
0
16
7
0
26
15
0
10
5
15
1
2
23
8
7
0
4
3
0
0
0
13
0
0
14
10
0
1
0
6
8
14
3
10
0
13
5
10
0
7
27
0
0
19
7
11
3
4
16
0
17
15
6
9
5
8
11
5
15
6
12
14
4
3
0
11
18
8
0
0
11
0
0
9
8
5
4
0
0
0
5
9
13
17
0
16
5
2
6
8
0
0
0
18
11
4
0
0
12
8
0
5
1
1
0
0
3
0
5
6
7
9
0
0
6
0
0
0
2
0
0
5
3
3
8
11
2
0
2
11
5
0
0
0
5
13
2
0
10
0
3
0
0
0
5
0
0
25
27
1
3
7
0
8
5
5
0
3
0
2
0
2
1
3
3
0
0
4
1
0
2
5
0
3
0
0
3
0
6
0
0
0
3
0
6
0
8
1
4
0
2
8
0
0
6
5
0
2
0
9
0
2
2
9
3
0
5
0
3
0
13
0
9
0
0
0
5
8
6
5
3
5
1
2
0
0
0
0
0
5
0
3
7
1
0
0
0
0
4
2
5
4
0
0
5
5
1
3
4
4
1
0
0
1
0
6
3
3
0
4
10
0
1
1
7
3
0
0
2
5
0
3
0
0
5
0
0
0
0
0
2
7
0
0
0
0
0
0
0
2
3
5
5
0
1
0
0
0
6
3
6
7
5
4
10
0
4
3
1
1
6
4
8
8
0
3
6
0
0
0
0
4
0
1
0
1
3
0
0
0
4
0
0
3
0
2
4
0
4
0
3
0
0
3
0
3
2
0
0
0
0
2
0
3
11
2
0
0
4
0
0
1
3
2
0
0
0
3
15
15
0
1
0
0
1
0
0
0
0
0
4
0
0
2
0
2
5
0
1
3
0
0
10
41
7
1
0
0
0
0
1
0
2
1
0
2
0
0
1
1
0
1
4
0
0
0
4
0
7
0
4
0
4
1
0
0
0
0
0
0
0
4
0
2
1
0
0
0
0
2
0
0
5
17
7
2
3
0
1
0
1
0
0
2
0
4
0
5
0
3
3
1
1
0
3
2
3
0
3
2
0
1
1
0
1
4
0
0
0
0
0
1
3
0
2
2
0
0
1
3
5
0
4
0
0
0
1
0
1
1
0
5
0
1
0
11
2
5
0
0
2
1
1
2
0
0
0
1
2
1
0
2
0
0
1
7
0
1
0
1
0
7
4
6
0
0
4
0
0
0
0
2
0
0
0
0
4
1
0
0
0
4
1
1
0
0
6
0
0
0
1
3
6
4
0
1
0
0
0
3
4
2
0
2
6
0
0
0
0
1
0
2
0
0
0
1
0
2
2
2
1
0
2
1
1
2
1
1
0
0
2
0
0
0
3
0
0
0
0
0
0
3
0
1
0
0
0
0
1
3
4
2
0
1
1
0
0
0
0
0
0
0
3
2
3
0
1
2
1
0
0
2
0
0
0
2
0
0
0
0
2
0
1
3
0
4
3
0
1
0
0
0
0
2
1
0
2
1
1
3
0
0
2
0
0
3
0
0
0
0
1
3
11
2
7
0
2
0
0
0
0
1
0
4
2
3
1
0
0
1
0
2
0
0
1
3
0
1
0
0
2
1
0
1
1
1
0
1
5
0
0
5
0
0
0
0
3
0
1
1
0
0
0
0
3
3
4
8
3
2
0
2
0
0
0
3
0
0
3
2
0
0
0
0
1
0
0
0
0
0
5
0
3
2
1
0
0
0
1
0
0
0
0
1
0
0
3
2
1
0
0
0
0
0
1
0
0
0
0
0
2
3
3
0
0
1
2
0
2
3
1
1
0
0
1
0
2
0
0
0
0
6
0
0
0
0
7
0
1
0
0
0
0
1171
