../2_Decay/DataFilesGe/Decay/415404G2.TXTBackgroundRemoved 
0
0
0
0
0
0
0
0
0
0
0
1
2
0
35
122
30
31
24
9
22
0
12
16
25
15
29
27
21
32
18
3
24
6
0
0
1
5
0
3
2
20
0
0
7
0
0
4
7
2
0
9
0
4
3
0
8
6
0
0
11
5
9
0
7
0
14
0
0
9
0
0
7
4
0
0
0
0
3
0
14
0
0
0
0
0
6
14
22
0
0
6
18
8
14
10
8
6
4
1
15
19
0
32
13
4
2
17
0
4
15
33
4
9
16
21
0
3
31
6
10
19
0
18
0
7
10
16
25
10
1
18
21
0
0
15
10
21
0
23
36
7
17
0
16
39
22
17
6
4
15
0
5
0
9
29
15
9
11
17
32
30
0
2
3
19
8
9
3
21
0
10
13
16
10
10
13
0
0
26
0
10
13
0
11
3
7
5
29
17
23
11
10
10
36
0
0
0
0
6
12
0
0
0
10
8
0
8
30
1
9
0
2
22
1
2
0
12
0
0
0
14
0
7
7
3
1
1
24
3
0
10
13
11
3
12
8
0
0
16
31
0
3
19
6
16
0
0
11
0
3
3
14
7
6
1
0
0
0
10
11
8
12
0
0
1
7
6
3
1
13
6
0
0
18
4
9
17
12
11
0
27
18
7
0
5
8
11
20
0
8
4
0
22
15
1
0
0
6
6
0
7
11
5
3
7
4
0
0
2
3
3
5
0
11
3
9
6
13
5
2
1
1
0
2
3
0
1
2
0
11
4
8
0
6
0
13
5
0
3
7
0
2
0
5
0
0
22
33
2
9
0
13
4
1
0
0
6
7
0
0
2
6
2
0
0
8
2
3
7
0
8
0
6
4
6
5
7
1
0
5
0
0
0
10
0
0
0
5
0
0
5
12
1
0
1
2
0
0
3
1
0
0
0
1
0
12
6
0
0
11
0
2
0
7
0
6
9
1
4
3
0
1
8
0
0
2
4
0
4
2
0
4
1
0
6
4
0
0
0
5
11
0
1
5
0
0
2
5
0
0
0
0
4
6
1
1
3
1
0
2
1
0
0
7
0
5
1
3
5
2
3
0
0
0
2
2
0
0
2
3
2
3
0
0
0
4
2
0
0
0
3
0
5
1
2
0
0
3
13
15
5
4
0
0
0
3
3
1
0
6
5
4
0
2
0
0
1
0
0
9
8
3
3
0
0
4
0
0
0
3
0
3
0
0
0
0
0
1
4
0
0
0
3
0
6
0
0
0
5
2
2
3
8
0
0
0
0
4
1
1
0
0
0
2
0
0
1
10
13
0
0
0
0
2
0
3
0
1
0
0
0
0
0
0
6
0
3
0
0
0
0
11
28
11
10
2
0
0
4
0
0
0
8
0
6
1
1
0
0
0
2
3
0
0
1
3
0
7
0
0
0
0
6
0
0
0
0
7
0
2
0
0
1
5
0
0
3
0
0
0
0
0
9
6
0
0
2
0
0
5
0
2
1
0
2
0
0
0
0
3
4
0
0
2
1
3
3
0
0
0
1
0
1
4
3
0
4
0
0
0
1
0
1
0
0
0
0
0
0
0
2
0
0
0
0
3
1
1
5
3
0
0
1
0
0
6
0
1
7
6
0
2
0
0
5
0
0
2
4
1
1
0
5
0
0
0
0
0
0
3
5
0
0
0
0
0
0
0
3
1
0
0
5
0
6
0
0
0
0
0
4
0
1
0
0
0
1
0
0
0
0
3
0
0
1
0
0
0
1
2
11
2
1
0
1
2
3
0
5
1
1
1
0
5
2
2
3
2
0
4
0
0
0
3
2
2
0
1
0
0
0
3
4
2
0
0
0
1
0
1
0
0
0
0
0
0
0
1
1
0
0
0
0
2
1
0
4
1
0
1
0
2
0
0
3
0
0
0
0
0
0
7
2
0
0
3
5
0
1
0
0
0
3
0
0
0
0
4
3
1
0
0
0
0
0
0
0
0
2
0
2
0
0
0
0
0
0
0
3
2
9
15
2
6
0
0
1
0
4
1
0
0
0
0
0
0
0
2
0
0
0
0
0
0
0
0
1
3
0
0
1
0
0
0
1
3
1
0
0
0
4
2
0
1
6
0
0
0
0
0
0
0
0
2
0
5
1
4
2
2
0
6
0
0
5
5
3
0
0
0
0
2
0
4
0
0
0
1
0
0
2
1
1
1
2
0
0
0
0
0
0
0
0
0
0
0
2
3
0
0
1
0
0
1
0
0
0
0
0
3
0
0
4
0
2
0
0
0
1
0
0
1
0
0
0
1
1
0
0
0
0
1
5
0
0
0
0
2
2
0
0
1
1198
