../2_Decay/DataFilesGe/Decay/415420G2.TXTBackgroundRemoved 
0
0
0
0
0
0
0
0
0
0
1
0
1
0
35
97
6
34
8
16
34
0
10
20
6
38
29
30
25
11
31
3
16
20
12
0
5
0
21
0
12
10
22
0
0
0
10
0
0
3
5
11
0
0
10
0
0
0
0
18
0
2
36
0
8
14
0
0
0
9
0
0
11
0
0
0
4
0
0
0
11
0
0
0
0
0
14
9
16
0
7
16
0
11
10
0
15
9
0
0
14
0
0
24
21
0
1
0
0
21
0
0
4
11
0
11
0
0
25
15
13
0
1
13
6
33
0
0
31
0
11
23
5
16
3
23
10
2
2
14
30
13
25
0
31
4
22
0
4
7
22
4
0
0
0
10
15
0
0
26
18
34
0
3
2
8
5
0
0
0
0
4
0
14
0
14
11
10
0
22
6
0
0
24
0
4
1
18
0
12
16
19
0
2
9
23
0
18
7
6
9
3
0
0
24
12
6
0
24
0
2
0
13
3
27
0
0
2
0
8
0
11
15
1
20
8
0
1
2
0
1
11
0
12
0
10
15
10
0
29
17
0
14
14
11
4
2
0
3
12
13
4
15
3
0
0
0
0
6
0
2
5
5
0
0
0
11
9
0
2
3
1
9
13
0
3
2
0
0
6
3
5
10
5
1
8
3
0
9
3
7
0
0
19
17
0
0
0
10
4
12
0
3
8
3
3
1
1
3
0
9
2
7
0
13
7
0
0
5
0
0
0
5
2
0
12
0
7
0
1
10
2
5
0
13
1
0
4
0
0
0
1
9
0
0
0
0
32
13
14
0
0
0
4
3
3
0
5
0
6
0
9
0
0
4
0
4
0
4
5
4
10
0
7
2
0
2
3
0
0
2
3
7
0
1
0
2
1
0
0
5
0
5
0
0
3
0
0
8
2
0
1
3
0
0
0
2
6
1
4
3
1
3
6
0
3
2
2
1
6
0
4
3
0
0
9
0
4
0
0
0
2
0
3
0
5
8
0
5
0
0
3
1
0
0
0
2
0
7
1
0
0
0
2
8
0
7
0
0
4
11
2
0
1
0
2
6
1
4
9
6
0
4
0
3
0
0
1
3
2
5
2
0
6
0
0
5
3
0
0
0
0
0
3
0
0
0
0
5
10
7
5
7
0
3
0
6
4
6
0
0
1
4
0
2
0
1
1
1
2
7
2
4
2
0
0
0
1
3
0
0
3
0
0
3
1
0
8
0
0
0
1
3
2
0
4
0
0
0
0
0
0
2
2
0
2
0
0
0
0
0
0
0
3
0
0
0
4
19
8
0
0
0
2
1
0
4
3
0
2
7
0
0
0
0
0
1
1
0
0
0
0
7
23
7
0
1
0
4
0
0
3
1
0
0
0
0
6
0
0
2
0
8
0
0
0
1
4
0
0
0
0
0
3
2
0
0
2
0
0
0
2
0
4
8
0
0
2
4
0
0
0
7
28
8
2
1
3
0
0
0
0
0
0
0
1
1
2
0
0
0
0
0
0
4
0
0
1
10
0
0
2
0
5
4
4
5
2
0
0
0
0
4
0
1
0
0
0
0
0
3
0
1
0
3
0
0
0
4
0
1
0
0
0
0
0
9
1
0
1
2
0
0
0
0
1
0
1
0
2
0
0
0
6
0
2
0
2
0
3
1
0
5
0
0
0
3
0
4
4
1
3
0
0
5
8
5
0
0
1
0
4
0
3
0
0
0
1
4
0
0
0
3
0
1
2
1
0
0
1
0
0
0
0
3
0
3
0
0
2
0
3
3
0
0
0
2
0
0
0
0
7
3
4
3
1
0
1
0
0
0
5
1
0
0
1
0
0
2
0
2
0
0
0
0
0
0
3
2
0
0
0
0
0
4
0
0
0
0
0
0
0
2
4
0
3
0
0
0
0
3
1
1
2
0
0
0
1
0
0
0
0
1
6
0
0
0
0
8
0
0
0
0
0
0
0
2
0
2
6
0
3
0
0
0
0
0
0
0
2
5
11
4
0
2
0
1
0
0
1
3
0
3
1
1
0
1
0
0
0
0
0
0
1
2
1
0
0
0
0
0
0
0
0
0
0
1
0
0
0
0
2
0
1
0
1
0
1
0
1
1
0
0
0
0
0
3
2
5
5
0
1
2
3
0
2
0
3
0
0
0
0
0
2
0
0
0
0
0
0
3
1
3
0
0
0
4
0
1
0
0
1
0
0
0
1
0
0
1
1
0
0
0
2
0
1
0
3
0
3
2
1
0
0
0
0
0
0
0
0
2
1
2
0
0
0
0
0
3
0
0
0
1
0
0
0
0
0
1
0
0
0
0
1205
