../2_Decay/DataFilesGe/Decay/415415G2.TXTBackgroundRemoved 
0
0
0
0
0
0
0
0
0
0
0
0
0
0
22
60
25
12
41
37
16
16
22
4
6
2
29
47
64
50
30
5
10
0
0
2
9
9
0
0
17
22
3
0
0
1
13
0
0
0
2
0
0
11
0
0
0
0
0
0
0
7
27
3
7
0
11
0
0
0
0
0
0
11
0
0
0
0
0
0
10
0
1
0
0
0
0
0
20
17
14
0
5
6
3
0
0
0
1
1
11
23
5
5
0
0
35
0
12
7
25
5
12
0
3
0
4
2
2
8
8
24
9
0
14
9
0
19
26
0
12
0
0
10
0
29
0
0
16
15
7
9
24
30
0
44
32
0
7
18
2
8
15
5
19
15
0
0
14
2
13
17
5
20
7
0
3
18
0
20
7
27
13
9
25
4
8
9
4
0
21
0
0
24
0
0
8
11
0
26
15
11
10
12
21
7
0
2
19
0
2
7
7
0
17
14
0
5
4
0
20
0
32
15
0
0
0
0
0
7
0
23
0
0
12
7
6
6
2
7
9
11
8
0
0
9
6
0
0
42
9
0
9
11
2
6
0
4
2
0
6
19
0
7
0
0
6
0
3
0
10
10
5
5
0
17
0
0
0
2
8
2
0
5
25
6
10
1
0
8
9
17
14
2
0
0
6
9
8
3
0
0
0
19
14
0
7
9
8
0
2
7
1
0
8
6
0
6
15
13
4
12
0
9
0
9
1
0
3
6
0
0
1
0
8
3
0
0
1
0
16
4
0
0
11
3
3
6
4
5
0
3
0
0
8
0
0
42
4
0
4
1
4
0
7
2
0
5
3
6
0
2
0
5
3
3
4
0
3
0
0
0
0
2
2
3
0
0
0
1
0
0
4
0
3
0
9
0
0
0
5
3
6
0
0
5
4
2
3
4
0
0
1
0
4
0
0
3
0
0
13
0
10
9
1
3
10
9
7
0
0
0
2
0
4
0
0
0
0
0
7
7
6
0
3
1
0
0
2
4
5
0
0
1
0
0
0
0
0
0
2
0
0
0
9
4
0
0
8
5
0
5
0
0
4
1
0
0
0
2
7
1
3
0
2
0
0
0
0
0
7
7
0
0
1
0
3
0
0
1
1
2
7
0
0
0
0
0
4
15
2
0
6
0
0
3
7
0
0
0
0
10
6
3
1
0
0
2
3
0
6
0
0
3
3
0
3
0
2
2
0
0
0
8
2
2
0
9
0
0
10
2
0
1
0
0
0
0
1
0
0
0
1
6
2
0
0
6
0
5
0
3
0
1
0
0
0
8
16
3
0
3
4
0
0
7
0
1
1
0
0
0
1
0
0
0
2
0
2
0
0
0
23
26
5
4
3
0
1
0
0
6
2
2
0
0
2
0
4
3
0
2
0
0
0
5
5
0
0
1
0
0
1
0
0
0
0
0
0
1
0
0
0
3
3
3
0
3
0
0
0
0
10
11
4
0
0
5
0
0
0
0
3
1
0
7
1
0
4
0
1
0
0
0
0
0
0
0
1
0
0
2
2
0
0
10
0
0
3
2
0
2
4
0
0
0
3
0
0
1
3
1
1
0
0
0
5
6
0
0
3
0
0
1
0
0
5
2
0
0
3
0
3
1
0
3
0
3
0
6
1
0
0
0
0
3
0
3
0
2
1
5
1
0
0
0
3
0
0
3
1
0
0
3
3
2
2
4
0
0
0
2
0
0
0
2
0
0
0
2
5
0
1
4
4
0
0
1
0
0
1
1
1
1
1
1
3
0
2
0
0
7
0
0
0
1
4
1
0
0
0
0
0
0
0
4
1
1
0
0
0
0
2
0
1
3
0
3
2
1
0
0
1
0
0
0
0
1
0
0
4
2
0
0
1
0
0
0
0
0
0
2
1
5
2
0
3
4
1
1
0
0
3
0
0
0
0
0
3
0
1
0
2
2
0
0
0
0
0
0
0
3
0
1
2
0
3
0
4
0
0
0
0
0
0
0
0
0
0
2
5
6
8
6
0
0
0
0
2
1
0
4
0
2
1
2
2
0
1
0
0
1
4
0
1
5
0
2
0
3
1
0
0
0
0
6
1
0
1
0
0
0
1
4
0
3
0
0
0
0
0
3
4
1
0
2
9
1
0
0
0
4
0
0
0
0
1
0
0
1
2
0
2
0
0
0
0
3
0
0
0
2
1
1
0
0
0
1
0
0
0
0
0
0
0
0
0
1
0
0
3
2
2
0
1
1
0
3
0
0
6
0
0
1
3
0
0
0
2
0
3
1
0
0
0
3
8
0
0
0
0
0
0
0
2
0
0
0
0
1
0
3
1
1158
