../2_Decay/DataFilesGe/Decay/415422G2.TXTBackgroundRemoved 
0
0
0
0
0
0
0
0
0
0
0
0
1
0
22
81
15
37
41
48
43
26
21
0
12
28
20
10
24
40
44
53
43
8
22
32
0
0
14
0
16
15
11
5
0
1
0
9
0
3
21
3
3
2
0
0
0
0
0
11
0
7
0
0
10
4
14
6
17
9
1
3
0
0
0
0
0
0
0
6
0
0
27
0
0
0
11
29
21
7
0
0
0
5
26
0
0
0
24
0
15
0
1
8
5
0
2
16
0
15
0
10
0
0
6
9
27
13
0
29
15
0
0
4
1
6
0
0
33
0
0
15
0
7
18
0
13
0
0
20
31
13
14
6
29
0
12
3
3
11
1
17
17
12
0
15
0
2
1
9
0
0
0
0
0
12
26
11
0
17
6
17
5
6
43
0
21
6
0
23
0
0
0
1
0
2
8
6
17
16
38
11
20
16
7
0
0
0
10
0
0
9
0
2
29
0
0
0
0
8
0
12
15
9
1
7
0
4
0
9
0
10
1
0
16
13
0
8
14
17
0
12
0
5
0
24
1
0
0
35
5
0
3
10
6
2
0
2
0
0
0
0
3
10
6
0
0
3
6
0
3
0
0
9
0
9
7
8
0
0
0
7
5
10
3
0
4
0
0
1
2
0
17
14
0
12
2
1
5
10
2
0
0
21
8
0
0
1
2
0
3
0
0
0
0
0
5
1
3
0
2
5
6
2
8
0
0
1
12
7
0
0
0
2
5
13
1
1
5
2
2
15
2
0
2
4
0
3
0
6
1
3
3
0
8
0
0
33
0
9
5
0
7
0
2
6
0
14
7
3
0
6
0
7
4
0
0
0
0
2
0
12
0
0
0
2
1
5
0
2
0
7
10
0
5
0
0
5
0
0
0
1
10
0
8
0
0
2
2
4
1
7
1
2
0
0
3
0
2
2
10
0
9
4
1
1
1
3
0
1
1
4
1
0
0
3
0
0
2
0
7
3
4
0
0
8
0
0
0
0
0
2
0
2
4
4
0
0
3
0
0
0
0
2
2
0
6
4
2
0
3
0
0
0
7
2
0
0
7
1
6
1
3
0
7
0
0
4
0
0
3
0
6
0
4
3
4
0
0
1
1
4
0
0
0
0
0
0
8
5
7
0
0
1
0
3
1
0
8
2
1
2
5
1
1
6
2
1
0
0
0
0
0
3
2
0
1
0
9
2
0
3
4
6
1
0
0
0
0
0
2
4
0
0
0
5
0
0
0
2
5
3
0
0
0
0
4
0
0
4
0
0
0
0
1
0
0
10
11
4
5
2
0
5
0
0
0
6
0
0
4
0
1
0
2
0
0
3
0
0
0
0
13
29
13
0
3
0
2
0
5
3
4
1
0
0
2
2
4
3
0
0
0
3
0
0
2
0
4
0
0
0
0
0
0
0
0
0
3
0
0
0
0
0
0
0
0
3
2
0
0
0
8
13
10
0
0
1
0
3
1
2
1
0
0
1
0
3
2
2
0
0
2
0
0
0
0
0
0
0
0
2
0
0
1
1
0
1
2
1
0
0
0
0
0
4
0
1
0
0
1
0
0
0
0
4
0
0
0
0
4
0
0
0
1
6
4
0
5
0
3
0
5
0
0
0
0
0
0
0
0
0
0
0
0
0
0
0
0
0
0
1
1
2
1
0
6
2
0
3
0
0
0
2
2
9
4
2
3
0
0
3
1
0
1
0
4
2
0
0
0
3
1
1
1
2
0
1
0
0
4
2
2
0
2
0
0
3
0
1
0
0
1
1
1
1
2
0
0
1
0
0
5
1
0
0
3
0
0
0
0
4
1
1
0
4
0
1
0
0
1
3
0
3
0
2
1
0
0
0
2
2
0
5
4
1
0
0
0
0
0
0
0
0
3
6
0
1
0
3
4
0
0
0
1
2
0
1
0
1
2
0
0
6
3
3
0
0
0
3
0
0
0
1
2
0
1
1
0
1
0
1
1
0
0
1
2
0
0
0
0
15
1
1
11
0
0
0
0
0
0
0
0
0
0
2
1
0
0
0
0
0
2
2
0
5
0
0
2
0
1
0
0
1
0
0
4
0
3
0
0
3
0
1
0
1
0
0
0
0
2
0
0
0
3
1
6
5
2
1
2
0
0
1
0
0
3
0
0
0
2
0
3
0
0
0
0
0
3
0
0
3
3
5
3
0
0
0
0
1
0
1
3
2
0
0
0
0
0
2
0
0
0
1
4
1
4
2
0
3
1
0
0
0
3
2
0
0
0
0
0
0
3
0
0
2
2
1
0
0
0
2
0
1
0
1
0
0
3
0
2
0
1
1092
