../2_Decay/DataFilesGe/Decay/415403G2.TXTBackgroundRemoved 
0
0
0
0
0
0
0
0
0
0
0
0
0
0
57
212
63
41
43
12
14
13
27
24
42
21
13
17
16
11
39
2
30
4
2
6
16
2
35
1
10
20
14
17
13
8
10
11
9
2
22
8
2
13
0
0
8
21
3
3
3
23
10
3
13
2
0
7
0
20
0
0
16
24
0
0
8
0
0
0
18
5
20
1
7
2
12
0
4
12
18
0
28
38
5
12
4
9
0
11
5
18
10
60
16
35
19
0
0
13
20
24
33
19
16
35
16
42
45
35
26
2
39
21
21
24
11
6
36
13
12
5
23
20
12
28
19
18
15
16
16
27
53
0
40
24
31
15
5
39
24
4
20
29
23
24
17
31
2
13
10
3
7
17
11
19
30
23
41
15
6
21
22
13
31
16
28
24
29
24
16
15
9
9
0
3
8
20
0
29
14
10
12
8
25
11
0
12
0
11
23
19
18
9
17
9
12
3
19
14
19
10
17
28
18
4
0
5
5
19
0
4
4
11
20
2
5
10
18
3
0
6
11
24
3
13
19
4
0
27
55
1
16
18
21
32
0
0
10
8
5
12
0
14
18
0
9
8
0
7
4
12
0
7
0
0
3
6
0
8
15
8
2
31
13
3
6
0
18
3
11
9
12
19
2
9
4
5
1
0
3
0
0
28
30
4
4
5
10
0
10
14
0
0
2
4
0
0
6
15
13
3
0
8
7
5
0
16
7
13
0
0
6
3
16
0
0
3
10
7
5
7
0
0
4
7
0
8
8
11
2
1
4
7
2
0
0
21
43
9
10
0
0
2
2
13
0
2
8
2
0
4
8
5
4
4
0
0
0
2
2
6
3
0
3
0
9
3
6
0
7
4
11
0
3
0
0
0
4
0
1
2
0
3
3
0
1
0
0
1
0
0
6
4
13
0
8
2
3
3
8
0
4
10
0
3
6
4
4
5
5
2
5
2
5
7
3
0
0
0
3
2
0
4
0
1
0
0
7
0
1
9
0
1
2
0
0
13
3
5
3
0
0
4
4
6
0
5
8
4
8
0
1
6
8
4
1
2
6
3
0
6
4
3
8
0
0
0
6
0
0
6
6
0
6
0
0
2
1
1
0
0
3
3
3
0
0
0
0
1
7
6
8
2
0
0
16
0
0
7
0
8
1
7
5
0
0
1
0
0
2
6
4
1
1
0
2
4
2
4
0
3
0
1
0
0
0
2
5
2
2
3
0
2
0
0
0
4
0
0
1
2
0
1
0
3
2
0
8
3
2
0
2
0
0
0
0
2
12
18
8
0
0
0
0
3
3
0
0
0
4
0
0
0
0
0
4
0
0
0
0
0
6
23
27
8
2
0
0
0
1
3
0
5
0
0
5
1
0
0
0
0
3
2
0
4
4
0
3
0
3
0
0
0
0
0
0
1
1
1
7
0
5
0
6
0
0
8
0
0
0
0
1
15
10
10
0
9
1
2
3
0
1
1
5
3
0
3
0
2
0
0
1
0
3
2
0
0
4
0
0
7
0
1
0
3
0
0
0
0
4
0
1
0
0
0
0
0
5
0
0
1
0
0
4
3
2
0
1
8
0
0
6
0
0
3
0
3
0
6
0
0
2
0
0
2
0
0
1
2
0
0
0
1
1
1
0
0
0
2
3
3
1
0
0
0
0
0
2
1
0
0
0
2
1
5
3
1
0
0
3
0
0
2
3
2
1
2
1
0
0
0
1
1
1
7
0
1
0
1
1
2
4
0
1
0
0
4
1
0
1
2
0
3
2
0
7
0
1
0
0
2
6
0
0
1
1
2
3
0
0
0
0
1
0
2
0
2
0
0
0
0
0
3
0
0
0
1
0
1
5
0
0
2
0
0
0
0
0
0
0
0
2
7
5
0
0
0
0
2
0
0
1
0
0
2
0
2
0
1
1
0
0
0
0
0
0
0
4
3
0
0
0
0
0
0
3
0
0
0
0
0
1
4
0
1
0
0
0
0
3
0
1
8
8
0
3
1
1
0
2
0
0
1
2
0
2
0
6
2
0
0
1
0
1
0
3
0
0
1
0
5
0
0
0
0
0
3
2
0
0
3
1
0
0
1
1
4
2
0
0
2
0
3
1
2
3
6
7
0
0
3
1
2
0
3
0
0
0
2
2
0
0
0
0
4
0
1
0
0
0
2
0
0
1
1
0
1
0
0
0
0
1
0
0
0
1
0
3
2
0
3
0
0
0
1
2
1
0
0
3
0
2
1
0
1
4
2
0
0
0
1
1
2
0
1
0
1
0
2
2
0
0
3
0
5
2
0
2
0
0
1
0
1394
