../2_Decay/DataFilesGe/Decay/416001G2.TXTBackgroundRemoved 
0
0
0
0
0
0
0
0
0
0
0
0
0
0
37
72
32
24
19
11
14
19
18
0
13
17
0
25
14
0
25
4
23
13
10
10
22
30
16
9
22
0
14
4
0
0
0
20
0
3
6
0
4
0
0
0
0
2
4
2
0
5
6
0
15
0
0
0
0
17
0
0
5
0
0
0
0
0
0
0
0
12
0
0
0
0
16
0
0
3
0
0
9
0
18
0
8
0
0
7
3
25
0
19
0
0
9
16
2
14
11
11
19
0
17
16
0
20
0
19
11
0
2
0
9
21
5
6
16
0
0
22
11
15
6
10
36
25
8
9
0
0
19
6
10
9
32
0
10
28
0
0
14
0
4
2
0
23
16
8
23
18
6
0
0
0
6
12
1
1
0
13
5
21
24
9
33
22
29
0
4
10
0
23
0
0
10
9
0
23
22
0
7
25
14
11
0
4
4
15
0
3
4
0
13
8
0
1
14
16
4
0
17
14
8
1
0
25
15
16
5
8
4
0
6
1
0
9
7
7
5
6
18
6
0
0
2
0
0
10
32
0
9
24
9
10
4
0
18
0
0
14
19
10
0
1
8
7
0
3
1
11
1
0
0
14
0
0
0
18
2
1
1
0
21
0
0
7
4
8
0
5
5
5
0
0
3
7
0
7
5
2
0
11
13
0
0
0
5
0
1
6
3
0
3
0
6
0
0
8
0
10
5
6
4
8
8
0
0
4
1
0
5
1
6
12
8
1
2
4
0
9
2
0
16
5
13
7
3
0
0
8
0
0
0
0
0
22
22
4
11
10
1
0
5
4
1
2
3
2
0
6
4
4
6
10
3
1
0
7
0
10
8
3
3
0
7
6
3
4
0
2
6
0
0
5
2
2
0
0
4
2
1
0
1
0
0
14
0
0
0
1
0
0
0
0
0
0
0
0
4
0
4
5
0
0
2
8
2
5
0
6
0
0
0
7
2
0
5
0
0
8
0
10
0
2
1
6
0
5
6
2
0
3
0
0
0
0
0
0
0
0
0
0
6
4
5
2
0
6
1
0
2
4
9
0
0
0
5
6
0
5
0
3
0
1
0
0
0
3
3
5
0
0
2
0
1
1
8
0
0
0
1
3
2
0
0
0
11
7
0
1
9
0
0
0
2
0
2
0
7
6
4
2
1
3
0
0
0
1
7
7
0
2
4
0
8
0
2
1
0
2
0
0
1
0
1
5
1
0
6
0
0
2
1
0
0
0
0
1
0
3
2
5
0
0
0
0
0
2
1
0
1
9
1
0
0
0
12
14
7
2
2
1
5
0
0
0
0
0
0
0
0
0
0
2
7
5
0
0
0
0
0
17
22
3
0
0
0
0
4
0
0
1
0
0
1
3
1
0
2
0
0
0
0
0
5
0
0
0
1
0
2
4
3
0
0
0
0
0
2
1
0
2
0
0
1
0
0
0
0
0
3
16
9
3
0
8
0
0
0
2
3
0
0
2
2
2
0
0
2
0
0
3
2
5
0
0
6
0
0
3
3
2
2
0
1
1
0
1
0
0
0
0
0
0
0
1
5
0
0
3
5
0
4
2
2
2
0
1
5
0
0
2
0
0
5
3
0
0
2
0
3
0
4
0
0
2
2
3
0
0
0
0
0
7
1
0
0
0
4
3
5
0
0
1
2
0
1
0
1
0
0
0
1
8
3
2
1
2
0
1
0
0
0
0
1
0
0
1
3
2
4
0
1
0
0
0
1
4
5
2
1
0
5
2
0
0
0
0
0
0
2
0
0
1
4
1
1
2
0
0
4
0
2
0
0
0
3
0
0
0
0
0
0
0
0
0
0
0
1
0
0
0
0
0
1
0
0
0
0
3
0
0
0
0
0
0
0
0
0
0
4
2
3
0
2
1
0
1
0
0
0
0
0
0
1
2
1
0
1
0
0
1
1
0
0
0
1
0
0
1
3
0
3
0
1
0
0
1
0
0
0
0
0
2
0
0
0
0
5
4
6
8
2
0
1
3
0
2
0
1
0
3
0
0
0
0
0
0
0
0
0
0
2
3
0
0
1
0
2
0
0
0
0
2
0
0
4
0
0
1
3
0
0
3
0
0
3
0
0
2
0
3
0
3
0
13
1
3
1
3
2
1
2
0
0
3
0
0
2
0
3
0
1
1
0
3
1
4
0
0
0
3
0
1
0
0
0
1
1
2
0
0
0
0
0
0
0
0
0
0
0
2
1
0
0
1
0
2
1
0
1
0
0
2
0
0
0
0
0
0
0
0
0
0
9
0
1
0
0
4
0
0
0
3
0
0
2
0
0
1
1
1196
