../2_Decay/DataFilesGe/Decay/416007G2.TXTBackgroundRemoved 
0
0
0
0
0
0
0
0
0
0
0
0
2
2
32
82
10
49
30
35
38
30
17
0
17
7
0
14
19
45
24
26
44
34
18
21
17
27
11
0
16
2
11
0
3
22
0
16
18
5
12
12
0
3
6
0
16
3
17
10
23
10
14
6
8
0
25
13
0
0
1
0
8
0
0
2
0
15
0
0
0
0
0
0
6
0
4
0
10
0
0
0
5
12
30
0
22
0
5
4
0
0
0
0
14
22
34
0
0
0
6
12
22
7
7
26
21
21
0
9
9
0
17
8
8
21
7
20
8
6
17
9
6
10
3
5
29
7
0
8
0
19
34
10
0
23
32
30
32
20
12
0
3
4
25
0
0
0
15
7
22
30
0
0
0
3
11
0
21
0
2
18
0
12
20
38
16
1
4
4
15
0
1
29
0
6
17
2
7
21
52
10
6
23
20
11
0
0
16
0
16
5
2
0
3
14
8
23
3
4
4
12
21
0
0
4
0
5
6
0
0
8
5
1
9
5
3
0
19
0
11
12
0
11
8
9
13
3
0
17
29
0
12
11
12
5
0
0
6
12
8
14
7
0
0
0
1
2
13
3
10
12
6
0
3
5
6
4
0
9
3
5
0
14
2
2
4
0
3
7
3
12
12
5
5
10
0
0
13
9
4
0
0
21
22
0
2
0
0
2
1
15
0
4
0
5
0
1
7
2
3
15
11
4
0
4
0
0
6
9
14
0
0
3
5
9
2
4
13
2
7
3
0
0
3
9
9
5
1
5
0
0
7
4
3
0
0
16
10
16
1
0
8
6
6
0
7
3
8
0
0
0
0
4
5
0
0
12
0
5
0
9
0
2
0
9
2
4
0
4
0
0
2
2
0
0
0
4
0
0
0
0
6
0
0
0
0
0
1
5
0
0
0
0
2
0
8
2
0
0
2
0
4
7
5
0
1
4
1
2
0
1
2
0
0
0
0
5
0
0
0
3
0
0
2
3
0
1
0
6
5
0
5
5
0
0
0
0
6
5
0
0
0
2
5
2
12
0
5
3
0
2
3
0
2
0
4
0
4
10
0
4
3
0
4
0
0
1
0
0
1
2
0
1
0
7
1
0
0
3
0
8
10
8
0
0
0
0
5
5
6
0
0
0
2
6
0
0
0
0
0
0
5
0
0
5
3
0
2
0
0
4
2
0
0
0
0
0
0
1
3
2
6
1
4
0
0
1
0
0
7
0
0
0
0
0
0
6
1
1
0
0
7
0
0
0
0
0
4
4
1
1
1
2
3
0
0
3
10
10
1
4
0
1
1
0
9
8
0
0
0
0
4
0
12
9
0
0
0
0
0
0
6
16
4
5
6
0
0
2
0
0
1
2
0
0
0
5
4
0
2
0
0
1
0
0
2
0
3
0
3
0
2
0
3
1
0
0
7
1
0
0
0
0
4
2
0
0
3
0
0
0
0
4
6
9
0
5
0
1
0
2
0
1
6
0
4
0
0
0
9
1
0
1
0
4
0
4
2
0
1
1
0
2
0
2
2
2
3
0
0
0
0
0
0
0
0
0
0
0
6
0
0
3
5
0
7
0
0
4
4
4
4
5
0
9
0
3
0
0
0
0
0
5
1
0
0
3
0
0
3
2
0
0
0
1
0
1
0
0
2
1
1
0
0
0
1
4
0
2
1
0
0
6
6
2
7
0
0
0
0
0
0
3
0
0
2
1
0
2
0
4
0
2
0
1
0
0
0
0
0
3
3
0
4
3
0
0
0
0
0
5
3
0
0
1
2
2
3
0
0
0
2
0
0
1
1
2
1
0
0
0
0
0
1
0
0
0
0
0
1
3
2
0
0
0
0
0
1
1
1
2
0
3
0
0
0
0
4
0
0
0
0
1
0
1
1
1
2
2
3
0
0
5
0
2
0
5
3
0
2
1
0
1
0
0
0
1
1
0
0
1
0
0
0
1
3
0
1
4
2
0
0
0
0
1
3
0
0
0
3
10
7
2
12
0
4
0
0
4
2
1
2
1
0
2
0
0
1
0
0
0
4
0
2
0
0
0
1
0
0
1
0
0
0
2
0
0
4
0
0
2
0
0
0
2
0
1
0
0
2
0
0
0
2
0
0
5
0
0
4
0
1
2
0
0
2
0
1
1
0
3
0
0
0
0
0
0
0
2
0
2
2
0
2
0
0
2
0
0
0
0
0
0
1
0
0
0
0
1
2
5
0
0
3
0
4
2
0
1
1
0
0
0
0
1
3
0
2
0
4
1
0
3
3
1
1
1
1
0
2
0
0
0
1
0
1
6
2
4
0
0
3
1228
