../2_Decay/DataFilesGe/Decay/416042G2.TXTBackgroundRemoved 
0
0
0
0
0
0
0
0
0
0
0
0
3
3
37
41
21
17
10
35
10
4
3
0
0
7
7
0
0
0
6
0
0
4
0
0
0
10
0
0
6
0
1
0
0
0
4
4
1
0
0
7
17
0
0
0
0
15
0
0
13
0
0
0
3
0
0
4
0
0
0
0
15
0
0
14
0
0
0
0
0
10
0
4
0
0
1
0
7
0
0
4
6
8
4
0
0
0
0
0
14
0
0
11
0
0
0
1
0
0
0
0
0
0
9
0
3
17
0
27
18
0
22
0
0
12
0
0
0
0
0
0
0
15
0
0
10
0
8
0
1
0
20
0
14
0
25
0
0
17
10
0
10
0
0
5
16
0
0
0
2
16
2
0
0
14
3
0
0
7
0
7
0
13
3
4
0
9
0
0
6
0
0
29
0
0
15
13
0
0
5
6
5
22
0
1
0
3
3
0
0
1
0
0
4
18
0
0
4
5
8
0
8
0
0
0
0
0
0
0
0
3
0
8
15
23
0
1
1
7
7
0
0
4
0
4
46
8
0
0
13
0
0
2
6
0
0
7
0
1
3
6
0
4
0
0
0
0
9
0
2
10
8
0
0
0
1
4
0
7
0
3
8
14
0
0
1
4
0
13
0
0
4
5
0
4
5
0
0
18
17
0
0
4
3
0
0
0
4
0
5
0
0
0
0
3
0
2
8
13
3
8
0
7
3
0
0
0
9
4
1
0
3
0
0
7
0
3
4
0
18
0
0
0
6
0
0
0
0
7
3
0
19
40
0
0
0
0
2
3
3
0
2
1
0
3
0
0
4
0
0
2
0
0
0
0
0
0
0
0
0
0
9
0
5
1
4
0
4
6
0
0
2
1
0
1
4
0
0
0
5
4
1
0
0
0
0
0
6
2
0
0
0
0
1
0
0
5
2
1
1
0
4
0
0
0
0
9
0
0
4
11
2
0
0
2
0
0
0
0
0
0
0
0
2
0
0
7
0
1
0
2
0
4
1
0
2
0
2
2
0
3
0
0
0
1
0
0
0
1
0
4
6
0
3
0
4
2
7
0
4
0
0
0
0
0
0
2
0
2
6
0
0
7
0
0
0
0
0
1
0
14
13
8
6
0
0
0
0
0
0
0
4
0
0
4
5
5
0
2
0
0
3
0
0
1
4
5
1
0
4
0
1
0
1
2
3
0
0
0
0
4
4
0
0
0
0
7
0
3
2
1
0
0
0
2
4
1
0
2
2
0
0
0
3
4
2
0
3
9
9
14
5
4
3
0
0
0
2
2
0
0
1
0
0
0
0
0
0
0
0
0
0
0
7
28
9
7
0
0
0
0
0
0
0
0
4
3
0
0
0
3
0
0
0
0
8
1
10
0
0
1
4
0
4
1
4
0
0
0
0
0
0
0
0
1
3
0
3
0
1
0
0
2
24
10
2
3
0
0
0
0
0
0
0
3
5
0
0
0
0
2
0
6
0
0
0
2
0
0
5
0
1
1
6
0
2
1
1
0
0
2
0
2
4
1
3
0
0
0
0
0
0
0
0
0
0
0
3
0
0
0
0
0
2
0
1
3
0
1
0
0
0
6
0
0
0
0
0
0
0
2
0
0
0
3
1
0
0
0
0
0
0
1
0
0
0
4
0
1
2
0
1
4
0
2
0
1
0
1
0
0
0
6
0
2
4
0
0
0
0
1
0
0
0
0
3
0
0
0
3
0
2
0
0
0
0
0
0
0
0
2
3
0
1
0
1
0
0
2
0
0
1
0
0
0
0
0
0
0
0
0
7
1
0
2
2
0
0
0
2
1
0
0
1
0
0
3
0
0
0
1
0
0
0
0
2
0
0
4
4
5
0
3
0
3
0
0
1
0
0
0
0
3
1
1
0
1
4
5
1
0
1
1
2
0
1
0
0
0
1
0
1
1
0
2
1
1
1
2
3
0
0
2
0
0
3
1
1
4
2
5
0
0
0
0
0
0
0
0
0
0
0
4
1
0
0
0
1
0
4
2
0
1
2
0
10
0
0
0
0
0
2
0
0
2
0
0
1
0
0
0
0
0
0
1
0
0
0
0
0
4
0
1
0
2
0
2
4
0
0
0
0
2
0
0
0
1
0
0
0
0
0
0
0
0
2
0
0
0
0
0
5
0
1
0
0
3
1
0
1
3
1
5
0
0
3
0
0
0
0
0
0
0
0
0
1
2
0
0
0
0
1
0
0
0
0
0
0
1
3
0
0
0
0
0
4
0
0
1
2
0
0
0
0
1
0
0
0
0
0
0
0
0
0
0
1
0
2
1
0
0
1697
0
