../2_Decay/DataFilesGe/Decay/416038G2.TXTBackgroundRemoved 
0
0
0
0
0
0
0
0
0
0
0
0
0
0
39
55
7
41
26
12
8
27
15
18
26
18
29
34
49
86
87
93
74
33
24
10
13
5
0
0
18
11
8
0
0
1
9
0
8
0
2
8
0
0
0
1
0
0
0
0
28
0
0
0
5
0
0
0
0
0
0
0
10
0
0
0
0
0
0
0
0
0
0
0
9
0
0
0
21
0
8
0
19
12
0
0
6
0
0
0
2
0
0
5
3
0
0
0
0
25
0
0
4
5
11
19
0
0
0
5
17
12
0
9
0
17
0
0
0
0
1
0
0
7
2
2
12
0
18
4
19
0
11
12
3
0
12
0
17
6
0
2
1
0
0
0
0
4
4
17
0
13
0
0
1
8
9
0
0
0
0
1
3
13
13
18
3
0
0
7
0
0
0
0
0
0
0
0
0
19
0
6
11
6
0
16
3
1
14
18
0
8
24
2
14
0
0
8
10
4
0
0
4
29
3
0
0
0
0
0
0
6
0
1
24
2
0
0
8
0
14
0
0
1
0
23
0
4
0
6
5
5
12
5
0
0
3
0
0
5
0
2
0
6
2
0
0
0
0
0
1
10
3
0
0
7
0
5
0
0
0
0
0
0
6
2
3
2
7
10
0
5
9
6
11
7
10
0
9
0
15
0
0
12
10
0
0
0
3
0
9
7
0
2
0
0
0
0
5
0
0
0
0
0
0
3
0
0
0
14
0
0
0
0
0
5
0
0
1
1
15
7
0
0
8
0
3
4
7
2
0
0
7
7
0
0
0
13
9
0
3
0
4
4
7
6
0
5
6
1
0
12
4
0
5
1
0
0
0
3
0
5
2
5
2
0
1
0
0
0
4
0
7
0
2
1
3
1
0
0
2
0
6
0
2
9
0
0
0
2
2
0
4
6
8
0
8
6
0
0
0
0
5
0
2
2
1
5
3
1
0
0
2
5
0
3
0
5
0
3
0
0
4
0
0
1
3
2
0
0
0
0
0
0
0
0
2
1
0
0
0
0
0
0
9
4
0
6
0
3
0
0
5
0
2
2
2
0
0
0
0
2
0
0
0
0
0
0
0
0
4
2
0
0
0
0
0
0
0
2
0
0
0
0
0
0
0
0
6
9
8
0
2
0
0
1
3
0
0
0
1
0
7
6
0
0
0
2
0
0
5
0
2
8
4
0
0
0
0
1
2
0
4
0
5
1
0
3
0
0
0
1
0
4
0
0
0
4
1
0
7
2
5
2
0
0
0
2
2
0
2
1
3
0
0
0
0
5
16
11
7
0
9
0
1
0
1
0
2
0
0
0
0
0
0
0
0
0
6
0
0
0
13
33
13
0
0
0
2
6
6
1
0
0
0
0
2
0
6
4
2
0
4
0
0
3
3
2
0
0
5
0
3
1
0
0
0
0
0
0
2
0
0
3
3
0
2
1
0
0
0
2
5
11
3
0
0
3
0
1
1
2
0
2
1
0
0
0
0
0
0
0
0
4
0
0
0
0
0
0
1
2
0
0
3
1
6
0
3
0
0
0
3
0
2
0
0
0
3
0
4
0
0
0
2
0
7
2
0
0
0
0
0
0
3
4
0
0
0
1
0
0
3
0
0
0
1
2
1
4
5
0
2
0
0
0
0
5
0
2
1
0
1
1
1
0
1
0
0
6
0
0
0
1
0
2
0
1
1
3
0
1
1
0
2
3
1
0
1
5
3
0
0
2
1
0
0
0
0
0
2
0
0
0
2
0
4
1
0
0
0
2
3
0
0
0
0
0
1
0
0
4
1
0
0
0
1
0
3
0
0
0
0
0
2
2
0
7
2
0
0
1
1
1
0
0
0
0
0
0
1
4
0
0
0
3
0
0
0
0
2
0
1
1
0
4
0
2
0
0
1
0
0
2
0
0
0
1
0
2
0
3
0
0
3
2
2
0
5
0
0
0
0
0
1
0
0
0
0
2
0
2
0
3
0
1
0
0
0
11
6
8
5
0
2
0
0
0
0
0
0
0
0
0
0
1
0
2
1
0
7
2
1
0
0
0
0
2
0
2
4
0
0
0
0
1
0
0
0
2
0
0
0
1
1
0
0
0
0
0
4
0
0
0
4
9
1
5
3
1
0
0
0
0
0
0
0
1
0
0
1
0
0
0
0
0
0
0
4
0
0
0
2
1
1
0
0
0
0
0
1
0
0
0
0
0
0
2
1
0
0
0
0
0
0
0
1
3
0
3
0
0
1
0
0
1
0
0
0
2
0
0
0
0
0
0
0
0
3
0
0
0
2
1
0
0
2
0
0
0
0
0
1733
0
