../2_Decay/DataFilesGe/Decay/416035G2.TXTBackgroundRemoved 
0
0
0
0
0
0
0
0
0
0
0
0
0
0
55
80
55
20
21
20
0
0
0
0
4
20
15
10
19
0
20
0
1
0
0
8
0
0
0
0
23
20
1
0
1
4
0
0
0
0
6
0
15
0
0
0
0
0
0
3
0
4
3
0
0
0
16
5
0
8
2
4
0
0
0
7
0
0
0
0
0
8
1
0
0
0
11
0
4
0
5
0
0
0
0
0
28
0
0
8
0
16
0
17
5
0
0
0
10
4
0
20
0
8
0
0
0
0
0
0
20
5
26
0
0
0
0
2
14
0
11
0
0
17
0
11
0
13
0
8
15
0
6
33
22
0
25
0
10
2
0
7
18
0
0
0
22
3
0
0
13
21
0
0
0
0
0
1
0
1
3
0
5
16
10
6
7
14
0
15
0
0
1
0
0
0
4
14
0
2
20
14
0
5
31
11
0
1
5
0
0
2
0
0
0
19
0
0
14
0
0
8
17
3
0
0
0
0
6
2
0
12
0
0
16
3
0
3
2
14
0
0
8
22
0
3
0
0
0
5
36
0
4
14
1
0
0
0
12
0
8
0
2
5
0
15
10
0
0
10
5
4
0
0
0
0
1
1
0
10
7
7
5
0
0
5
6
0
9
7
0
4
6
6
0
0
1
4
0
11
11
5
0
24
20
0
10
0
2
5
10
13
0
2
1
6
0
0
0
6
0
10
0
1
7
0
0
0
11
0
2
9
5
0
7
13
7
12
0
4
4
4
1
0
10
18
0
6
0
11
0
0
0
0
3
0
0
18
33
6
10
0
1
0
5
0
1
0
5
0
0
8
1
3
2
0
1
0
2
0
0
2
1
0
4
0
0
4
0
0
0
0
0
1
1
2
1
6
1
0
5
3
4
0
4
0
2
0
3
2
3
3
1
0
4
0
9
0
3
0
3
0
1
3
6
10
1
0
0
0
0
5
1
0
0
0
1
0
0
5
0
1
0
0
0
9
0
0
2
0
0
0
0
6
0
0
0
0
1
1
0
0
0
0
0
6
5
6
9
3
3
0
3
2
2
0
2
3
9
0
0
1
0
0
4
0
1
0
2
0
0
2
0
0
7
0
4
1
1
1
0
0
1
0
0
0
0
0
0
5
8
4
3
0
4
4
2
0
3
1
0
5
0
2
2
2
0
0
0
0
6
3
2
10
5
0
2
0
0
0
0
5
1
3
0
3
0
1
0
0
0
2
3
0
2
0
0
0
0
0
0
0
3
0
0
4
1
1
5
4
0
0
0
0
3
0
0
3
16
14
6
0
0
0
3
0
2
5
2
0
0
0
0
0
2
2
8
0
0
0
0
0
1
25
18
0
0
1
0
2
1
1
0
0
0
0
1
0
0
0
3
0
0
0
0
0
0
0
0
0
7
0
1
3
3
1
0
0
0
0
0
0
0
1
3
0
0
1
0
0
0
0
0
12
13
1
0
4
2
2
0
2
1
3
0
0
6
0
0
3
0
3
0
1
3
0
0
3
4
3
0
2
0
2
1
0
1
1
0
0
2
0
0
0
0
0
0
2
0
0
1
0
0
6
0
2
1
0
6
3
2
0
2
1
0
0
0
1
0
0
2
0
0
1
3
5
0
0
3
0
0
4
0
1
2
0
0
3
0
0
3
1
1
3
0
0
2
0
0
0
0
4
0
2
0
2
3
2
0
0
0
1
1
0
0
4
0
3
1
1
0
0
0
0
3
0
0
0
0
2
6
3
0
2
0
0
1
0
0
0
0
4
3
0
1
0
2
6
4
0
0
0
0
4
0
0
0
4
0
0
0
0
1
2
0
1
1
2
0
0
1
2
0
3
0
0
0
0
0
3
0
0
0
1
0
0
1
0
0
0
0
1
0
7
5
0
0
2
2
0
2
0
0
4
0
0
4
0
1
0
4
0
0
0
0
0
0
0
0
2
0
0
0
0
0
0
7
2
0
0
0
2
1
0
0
1
0
0
0
0
0
4
7
3
6
1
0
1
0
2
0
2
0
0
3
3
3
0
0
0
0
0
3
0
0
0
0
0
0
0
0
0
4
2
0
0
0
0
0
0
0
4
1
0
0
0
0
0
0
0
0
0
0
4
1
1
3
4
9
0
3
1
0
0
1
0
0
0
0
1
1
0
1
0
0
0
0
1
0
0
2
3
0
0
2
0
0
0
0
0
0
0
0
0
3
1
0
4
0
0
4
0
0
0
0
0
1
1
0
0
0
2
2
0
0
2
2
0
1
0
1
1
0
3
0
0
0
4
2
0
0
0
3
4
0
0
1
0
0
0
0
0
1854
0
