../2_Decay/DataFilesGe/Decay/416010G2.TXTBackgroundRemoved 
0
0
0
0
0
0
0
0
0
0
0
1
0
0
30
83
26
26
7
16
17
16
0
0
7
20
45
62
56
59
64
14
27
9
0
3
0
1
8
3
4
3
9
0
0
0
0
10
0
1
0
16
4
7
14
0
0
8
0
5
7
13
4
0
4
1
0
7
0
0
0
0
4
3
0
0
0
0
0
5
12
0
0
0
0
0
0
2
5
0
0
4
15
15
0
0
18
16
0
21
5
0
0
25
4
6
20
0
0
0
0
0
34
0
0
23
0
0
11
18
7
14
8
16
6
38
0
0
17
1
2
2
17
7
1
11
19
2
0
11
18
29
19
11
19
0
5
17
12
7
29
0
0
1
14
13
32
5
7
25
12
11
7
8
0
26
0
22
0
0
11
13
0
14
29
7
1
14
8
11
15
0
0
29
0
2
0
0
1
28
19
19
1
17
8
0
8
0
0
5
0
12
4
0
14
19
0
0
0
0
14
0
0
0
4
14
3
0
8
16
0
14
0
12
10
0
0
0
11
3
0
24
9
8
8
6
13
1
0
13
27
0
10
2
20
2
0
3
9
0
0
14
7
17
10
8
13
0
0
7
10
0
0
8
1
1
0
2
0
10
0
7
1
5
4
13
8
3
5
10
3
10
25
0
0
3
0
0
7
4
0
1
0
34
20
0
2
0
4
4
3
8
3
5
13
0
0
0
0
0
0
7
0
12
17
10
0
4
4
8
4
11
0
5
0
6
2
0
2
0
0
9
0
0
6
3
8
8
3
0
2
3
0
0
0
0
0
31
20
9
1
5
5
8
2
0
0
3
2
3
0
5
2
5
6
1
5
0
0
3
7
8
7
0
2
0
0
1
0
0
4
0
6
0
6
3
0
5
7
2
2
2
1
3
0
0
0
0
0
11
0
3
0
0
5
0
0
0
0
0
7
0
0
0
7
0
1
9
0
3
0
6
0
0
0
3
0
9
0
0
2
0
0
0
0
10
1
7
0
0
0
6
4
0
0
0
0
0
0
6
0
0
0
7
3
8
0
2
4
1
3
0
1
0
0
4
3
0
3
3
0
0
3
0
3
3
0
2
0
0
6
0
0
0
0
0
0
0
0
0
0
1
0
1
0
0
0
0
0
6
10
7
2
5
0
2
0
0
3
4
2
6
3
4
0
5
1
0
0
0
5
3
0
3
1
0
8
0
0
1
0
0
0
3
3
0
0
0
6
1
1
6
3
0
0
1
3
1
0
0
0
0
7
0
0
1
0
0
6
0
1
0
3
2
0
0
0
0
16
11
3
0
3
0
1
4
1
0
2
0
0
5
0
0
1
0
2
0
0
0
0
0
5
36
16
4
0
4
0
0
0
2
0
2
0
0
0
0
1
5
2
0
0
0
0
1
0
0
4
5
2
0
1
3
0
0
0
0
1
0
5
1
0
3
7
2
0
1
0
0
0
0
0
15
8
2
0
1
0
0
0
0
1
0
3
3
2
6
3
1
2
0
1
6
1
0
1
0
2
0
0
4
0
0
0
2
0
0
0
0
0
1
2
1
2
0
0
0
3
0
3
2
3
0
3
2
2
0
0
0
2
3
0
0
0
1
1
1
0
0
0
0
2
0
2
2
0
0
0
1
0
0
0
0
2
2
0
2
0
0
0
4
0
1
0
0
3
0
0
0
0
0
0
2
3
3
2
6
0
0
0
1
0
0
0
2
0
0
0
0
0
0
5
0
3
5
0
0
0
2
1
1
0
0
0
0
2
0
0
4
2
2
2
1
0
1
0
4
0
0
0
0
7
5
1
2
0
1
2
0
0
0
0
0
0
3
0
0
0
0
0
2
0
1
0
0
0
3
0
0
3
3
0
1
0
0
0
0
0
1
3
1
1
4
3
1
0
1
0
2
0
3
0
7
1
4
0
0
0
4
0
0
0
0
0
0
0
3
0
2
0
0
0
0
0
2
2
0
2
1
0
0
0
0
0
0
0
0
0
0
0
5
3
4
0
0
2
0
1
3
0
1
0
1
0
1
0
0
0
0
1
0
2
0
0
2
0
0
2
0
0
0
0
3
0
3
0
3
0
0
0
0
0
2
0
1
0
0
0
0
0
0
0
2
1
3
0
8
4
0
0
1
0
0
0
0
0
2
0
0
0
0
1
0
0
0
0
0
3
2
5
3
0
1
0
0
1
0
1
0
0
0
0
0
1
1
0
0
8
3
3
0
0
0
1
0
0
1
0
0
0
0
0
0
0
0
0
3
2
0
0
4
0
0
0
0
0
0
0
0
0
0
3
2
0
1
0
0
0
0
0
0
0
1210
