../2_Decay/DataFilesGe/Decay/416016G2.TXTBackgroundRemoved 
0
0
0
0
0
0
0
0
0
0
0
0
0
0
49
152
113
83
73
39
19
43
16
2
17
9
39
50
49
62
36
27
33
9
13
9
19
23
14
10
22
5
5
25
14
14
5
2
19
16
9
4
23
23
14
16
22
3
1
9
28
28
28
28
33
13
13
30
30
51
51
51
10
17
17
22
31
34
8
8
9
45
15
2
17
12
18
18
40
5
16
31
47
18
23
10
10
22
11
11
11
51
6
31
28
28
52
29
35
32
38
44
16
36
47
19
13
15
25
33
46
26
34
8
18
35
17
9
38
25
51
26
44
26
30
27
71
28
28
18
33
24
44
41
34
30
68
13
34
39
23
23
23
5
22
23
26
26
31
29
40
37
17
18
24
35
27
8
14
14
15
42
11
34
49
22
9
9
22
15
32
32
9
20
0
21
16
22
1
13
24
13
19
20
11
8
4
21
22
22
20
20
8
12
33
33
8
20
23
15
22
2
17
15
11
11
9
18
9
6
6
31
9
15
16
13
11
12
15
22
2
24
24
8
20
12
9
18
18
23
32
13
26
26
17
17
7
10
9
13
18
16
21
18
17
0
14
14
5
5
13
0
10
3
14
18
3
12
8
8
8
16
7
5
8
13
1
2
14
17
17
4
8
10
0
21
10
7
12
8
5
1
1
30
19
8
6
9
0
1
4
13
11
6
3
6
4
0
14
12
10
8
0
10
7
4
6
0
9
9
2
3
3
7
6
12
1
5
5
6
5
9
3
2
5
1
10
5
5
8
5
2
4
0
6
6
6
33
10
8
9
6
4
0
5
2
2
7
7
9
9
7
7
7
9
5
4
2
6
6
6
1
2
5
12
7
7
2
3
1
2
4
10
2
2
4
7
1
6
1
6
6
1
3
3
6
3
3
3
9
9
7
0
0
0
8
8
8
0
0
9
5
8
9
1
1
3
5
4
3
4
6
6
6
4
4
4
0
3
1
4
4
9
0
2
2
2
1
1
2
0
7
0
3
2
1
1
1
4
7
7
7
7
0
0
6
5
3
8
6
6
6
3
3
3
3
2
7
6
5
2
6
10
6
7
7
0
3
0
0
1
0
5
5
2
2
0
0
0
6
6
0
5
5
7
1
1
1
1
11
8
2
0
0
0
4
3
6
3
2
5
1
4
4
4
3
5
6
0
0
7
7
7
3
2
2
5
5
5
7
7
7
0
2
6
1
3
4
0
1
1
4
4
0
0
5
1
7
7
7
2
5
0
2
2
0
0
0
4
6
0
6
6
6
6
6
6
5
29
6
2
2
4
1
5
2
2
2
0
1
0
2
2
2
2
0
5
1
1
1
1
1
18
23
8
8
8
8
3
3
3
3
4
3
3
6
1
3
6
2
2
2
4
0
0
3
11
6
2
1
1
0
4
0
0
0
0
0
0
4
0
3
2
2
0
0
0
7
2
2
2
3
17
20
3
0
0
3
0
0
3
2
2
2
2
2
10
0
1
1
1
2
9
1
0
6
2
4
2
2
2
1
1
7
0
4
2
0
0
0
0
0
3
3
4
4
4
4
4
2
3
3
2
1
2
2
2
1
2
5
0
1
4
0
2
7
0
2
1
0
1
4
2
2
0
2
2
0
0
1
2
1
1
0
0
5
1
2
2
1
1
0
6
1
1
1
1
2
2
0
1
1
0
2
2
2
5
2
2
2
2
0
0
0
0
0
0
4
1
5
5
5
4
0
0
3
3
1
0
4
4
4
0
2
0
0
2
2
2
4
4
2
1
1
1
5
5
2
5
5
2
2
6
1
1
5
0
1
0
0
1
4
2
2
2
1
1
4
4
4
4
2
2
1
1
1
1
1
1
0
2
1
1
2
2
1
1
1
5
2
3
1
5
2
1
1
1
4
3
3
3
3
3
4
4
1
3
3
4
0
3
1
2
1
0
0
3
3
2
2
0
0
1
1
3
0
0
4
1
3
3
1
5
3
1
1
2
2
2
2
6
8
7
2
2
2
1
2
2
2
4
5
2
5
5
3
6
6
1
0
0
1
5
3
3
0
0
1
4
0
0
3
3
3
3
0
5
3
1
2
2
0
0
0
0
1
1
1
0
0
0
0
0
0
1
0
5
5
5
0
1
3
0
0
3
3
3
0
0
0
0
0
0
0
0
0
0
2
4
0
0
0
0
2
2
2
2
1
1
1
1
5
2
2
2
2
1
4
0
0
0
0
0
1
0
1
1
1
1
1
3
3
0
2
2
2
0
0
1
1
1
1
1
1
1
1
2
2
0
0
0
2
2
1
1
5
5
5
4
4
4
3
65
1361
