../2_Decay/DataFilesGe/Decay/416026G2.TXTBackgroundRemoved 
0
0
0
0
0
0
0
0
0
0
0
0
1
2
55
55
19
44
93
135
74
20
13
0
28
0
8
0
39
17
15
0
6
13
9
21
9
16
25
17
15
20
14
9
0
10
0
0
0
0
14
5
0
7
18
0
0
4
3
0
0
10
0
0
11
0
0
0
0
19
7
0
13
13
0
0
11
27
0
0
0
6
0
0
0
0
4
3
9
19
11
8
10
9
9
19
21
0
19
2
3
16
2
8
0
19
14
0
0
5
17
20
0
17
0
0
0
7
0
13
2
0
1
0
0
10
12
0
15
0
16
4
7
15
11
27
24
24
18
21
9
20
31
12
24
10
8
11
22
22
36
24
28
11
26
12
0
0
4
0
4
6
3
12
0
18
0
6
13
18
9
18
0
17
29
0
0
22
0
3
0
17
7
12
7
0
0
9
0
12
18
6
10
8
33
1
8
9
11
3
3
12
9
10
15
10
13
0
23
5
32
0
18
22
0
7
0
3
13
0
3
0
11
7
20
1
17
10
0
4
0
0
17
4
18
16
6
0
0
29
40
0
0
22
11
19
2
15
14
2
2
11
6
3
1
7
11
0
11
15
6
25
1
0
3
12
8
12
0
7
0
16
6
10
4
0
13
0
6
0
0
10
0
3
1
15
0
12
0
15
8
0
0
9
23
0
0
0
8
0
5
3
0
0
0
0
0
0
1
4
0
7
0
8
8
2
2
0
3
9
5
4
6
0
5
4
2
0
1
0
3
0
0
3
5
6
2
1
9
0
6
1
0
4
0
0
0
2
34
27
6
0
0
7
3
11
0
3
0
5
0
2
0
13
0
5
0
4
2
4
3
8
0
3
4
0
0
5
0
0
0
1
12
5
7
3
3
1
0
0
0
8
10
4
11
4
0
4
0
4
0
0
0
4
4
1
0
0
1
0
2
2
0
0
1
0
2
5
1
0
5
2
0
4
0
7
6
0
0
5
0
8
0
1
0
0
0
3
4
0
2
4
5
0
0
3
0
0
1
0
2
0
1
1
1
8
1
0
1
0
1
5
4
0
1
3
1
0
2
12
2
3
7
0
0
7
1
1
0
1
0
0
0
2
0
0
0
0
4
5
5
3
0
3
0
0
0
0
2
1
10
9
11
0
0
3
1
0
0
5
2
2
2
0
0
4
1
0
0
0
7
6
0
0
3
2
5
6
0
0
1
0
0
0
0
0
0
12
1
0
5
0
0
0
0
0
0
0
6
6
0
0
0
0
0
2
0
0
4
8
1
2
0
1
0
0
0
3
6
8
8
5
0
0
0
0
0
2
3
0
1
0
0
1
0
0
3
0
0
0
0
0
6
9
21
15
4
7
0
0
0
3
0
6
0
0
1
0
1
2
1
0
3
0
0
2
6
0
7
1
0
0
0
0
1
0
5
4
2
0
1
0
3
1
0
0
0
0
2
0
0
2
2
6
12
5
8
0
3
1
1
2
1
0
2
0
3
0
1
2
2
0
0
0
4
0
0
0
6
0
0
1
0
0
2
0
1
0
0
0
0
3
5
0
0
0
0
0
5
0
0
0
0
0
0
0
3
3
5
5
3
2
0
1
6
1
4
8
1
0
0
0
0
1
1
3
1
0
1
4
0
0
2
0
0
3
1
1
0
0
0
4
0
2
0
0
0
0
0
0
0
0
0
0
2
1
8
4
2
1
0
0
0
0
3
0
1
0
0
1
0
0
0
5
3
0
0
0
0
0
0
4
4
0
0
0
0
2
0
0
0
3
1
1
1
4
0
0
1
3
0
0
2
0
2
1
0
1
4
0
3
0
3
1
0
3
0
3
0
0
4
2
5
0
0
0
0
0
0
0
0
0
0
0
0
0
2
0
0
0
0
1
0
0
3
0
0
0
1
0
0
0
2
1
0
9
0
3
4
2
1
0
4
3
0
0
0
0
2
0
2
0
1
0
1
0
0
0
1
0
4
1
0
1
0
1
1
0
0
3
1
0
7
6
5
0
3
1
2
0
0
0
0
0
3
0
4
0
0
0
0
1
0
0
0
0
1
0
0
0
0
2
0
0
0
3
1
0
4
6
1
0
0
0
0
3
0
0
0
0
0
2
0
0
1
2
0
6
0
5
0
5
0
0
0
0
1
3
3
0
0
0
7
0
0
0
0
0
0
0
1
0
0
0
5
0
0
0
0
0
2
3
0
0
0
0
0
1
4
0
0
0
3
0
3
0
0
2
0
0
2
0
2
0
0
1
3
1
0
1
1
0
0
1
0
0
0
0
0
0
0
0
0
4
0
1
2
0
2
2
0
0
1909
0
