../2_Decay/DataFilesGe/Decay/416044G2.TXTBackgroundRemoved 
1
0
0
0
0
0
0
0
0
0
0
0
0
1
57
85
56
38
14
15
5
0
0
0
9
0
14
9
0
0
7
0
12
0
0
6
0
0
5
4
3
0
8
6
0
0
0
7
0
0
3
0
0
0
8
0
0
0
4
0
9
0
0
0
0
0
0
0
0
4
1
1
0
0
0
5
5
0
0
0
0
0
3
0
7
0
14
0
0
0
0
0
11
41
0
0
10
0
0
0
0
2
0
13
0
11
9
0
0
0
0
3
0
0
0
0
5
17
0
14
7
0
0
19
0
7
0
0
9
0
0
0
0
12
0
0
11
16
0
11
0
42
11
0
0
8
5
6
0
7
0
21
0
0
0
25
13
0
3
11
27
21
2
10
0
27
0
4
0
0
0
1
6
9
17
7
0
13
6
10
0
0
0
0
0
3
0
5
0
20
6
13
0
28
11
0
9
8
0
0
10
1
1
0
2
4
0
3
17
0
13
3
16
13
0
0
0
0
3
0
0
11
0
0
16
4
0
0
9
0
0
15
0
8
3
7
6
0
0
8
35
0
14
13
11
19
0
7
0
0
2
12
11
3
3
8
8
0
0
7
15
8
2
5
0
5
0
0
0
4
0
11
0
0
0
5
0
2
14
3
0
18
7
8
12
7
0
0
4
3
10
6
0
21
5
1
0
0
4
1
5
7
0
0
1
10
0
0
6
9
3
0
2
4
1
0
0
0
7
3
0
0
0
5
0
10
1
0
0
3
4
11
0
0
9
0
0
9
4
0
0
0
4
0
0
0
0
36
19
2
0
0
0
0
0
2
0
4
4
1
0
7
0
3
0
0
4
0
1
6
0
3
0
9
1
0
0
0
0
0
3
0
1
0
5
0
0
6
5
0
0
6
5
1
0
0
0
0
2
0
0
1
5
3
0
0
3
3
0
0
0
0
5
4
0
4
3
4
0
2
1
0
0
3
0
0
0
0
0
0
0
11
4
0
0
1
0
0
0
0
4
0
10
2
0
2
0
2
11
0
3
0
0
3
3
6
3
4
2
0
0
0
2
3
12
0
6
0
0
0
8
0
0
4
4
0
0
0
0
2
3
4
0
0
8
0
4
2
0
0
0
0
1
6
0
0
0
0
5
0
7
3
0
0
4
0
0
2
0
1
0
0
9
6
0
4
0
0
0
0
2
2
0
1
5
0
3
0
0
0
0
1
2
0
0
0
0
2
0
0
1
9
0
0
0
4
0
0
0
0
1
2
1
0
0
3
1
4
0
0
0
0
0
0
0
0
0
6
13
6
3
4
0
0
7
0
0
3
0
0
0
0
3
0
0
0
3
0
0
0
0
0
2
25
18
0
0
0
0
0
0
2
3
2
0
0
0
0
1
0
0
0
0
0
0
3
2
0
1
0
4
0
6
1
0
0
3
0
0
1
0
0
0
4
0
0
0
1
0
0
0
0
14
14
8
2
0
1
0
0
3
4
0
0
0
0
0
0
0
0
0
0
0
2
5
0
0
0
4
0
0
0
0
0
2
3
0
0
0
0
0
0
0
0
1
0
0
0
0
0
1
6
4
0
4
0
0
0
0
0
0
0
2
0
2
0
0
0
0
0
0
0
1
0
0
0
0
2
0
1
0
0
0
1
0
0
0
0
2
0
2
1
1
5
0
0
5
0
0
3
3
0
0
2
0
1
0
0
0
0
0
1
0
4
1
0
0
0
0
0
0
4
5
0
1
2
0
0
0
0
0
0
3
0
0
0
0
1
0
1
2
0
0
1
0
2
0
2
3
2
0
0
2
1
0
0
3
2
3
0
0
0
0
0
0
3
0
2
1
0
1
2
0
2
0
0
0
0
3
0
0
1
0
3
0
4
0
0
0
0
0
1
3
3
4
0
0
0
2
3
0
0
1
1
0
1
1
0
3
1
0
0
0
2
0
0
0
1
1
0
1
0
1
0
3
3
1
0
0
0
0
0
0
0
0
3
2
0
0
0
1
8
4
7
3
0
0
0
0
0
1
2
0
0
1
0
4
0
0
0
2
0
1
0
3
0
0
2
0
3
0
0
0
1
0
3
0
1
2
2
0
0
0
0
0
3
0
0
0
0
0
0
0
0
1
1
0
9
0
1
2
2
0
0
1
0
2
0
0
0
0
0
5
0
2
0
0
0
2
0
1
0
1
2
0
0
1
0
0
0
0
0
0
1
3
0
0
0
3
0
1
3
0
0
3
0
0
0
0
3
0
0
0
0
0
1
3
0
0
0
3
0
2
0
4
0
2
0
0
0
0
0
1
0
0
0
0
0
3
0
3
0
1787
0
