../2_Decay/DataFilesGe/Decay/416040G2.TXTBackgroundRemoved 
0
0
0
0
0
0
0
0
0
0
0
0
5
5
38
97
57
69
22
0
8
0
0
5
15
0
11
11
25
4
19
0
3
0
0
4
6
0
0
0
0
6
10
0
0
0
0
2
0
0
5
4
0
1
0
0
9
0
0
0
0
0
9
0
13
0
0
7
0
4
0
0
0
0
0
0
0
0
7
0
0
10
2
0
0
0
4
0
0
0
0
0
0
11
0
0
1
0
5
0
0
0
0
0
3
13
12
0
2
0
12
0
0
0
7
1
0
0
0
9
0
0
0
8
0
0
0
0
26
0
0
17
7
6
0
21
0
15
12
12
0
6
1
14
9
0
12
0
0
0
0
3
14
0
16
13
0
13
17
0
3
1
0
0
0
8
0
3
0
0
11
3
12
9
18
0
0
6
0
5
9
0
14
10
0
13
0
1
4
20
17
17
0
12
14
0
0
7
5
0
0
0
6
0
16
12
0
0
21
0
4
12
3
16
0
0
0
0
1
0
13
4
0
0
21
0
0
0
10
7
0
0
0
9
16
15
0
7
0
29
18
0
4
14
4
2
4
3
0
8
2
20
12
2
1
0
0
6
7
0
11
0
0
0
0
0
8
0
0
1
0
14
0
11
0
6
0
6
0
2
0
9
6
0
5
4
8
3
0
0
0
0
0
16
10
1
2
0
13
5
1
2
0
3
3
0
0
0
0
5
6
7
0
7
1
0
0
1
0
6
0
6
4
0
1
0
2
4
4
0
4
2
0
1
3
0
3
0
0
4
4
0
0
1
7
0
0
9
19
0
0
4
0
4
5
0
0
11
0
2
0
0
0
4
3
2
0
0
0
0
0
4
8
4
4
0
0
2
0
0
0
0
1
0
3
0
0
0
5
0
6
3
0
0
3
3
0
0
0
3
0
2
0
0
3
0
0
3
1
1
2
0
8
1
0
1
0
1
0
0
1
3
2
3
0
6
0
2
0
4
0
0
0
0
0
4
5
1
0
0
0
0
0
0
3
0
0
0
2
2
0
0
0
0
9
3
0
0
0
0
5
4
2
0
8
0
0
2
0
7
0
3
4
5
0
3
1
0
0
0
2
0
3
0
3
7
0
0
1
0
0
4
3
2
0
1
0
0
9
10
4
2
2
1
0
0
0
0
3
5
0
5
2
0
4
0
0
4
0
0
10
0
0
0
0
0
4
2
0
2
3
6
0
3
0
0
2
4
0
3
0
2
0
5
0
0
0
1
0
2
0
0
1
0
3
0
0
0
0
3
0
3
1
0
0
0
0
3
14
9
0
0
0
3
3
0
5
3
0
0
0
0
0
0
1
2
1
3
0
0
0
0
5
18
6
4
0
0
0
0
0
2
0
4
0
0
8
0
0
1
3
0
0
0
0
0
4
0
2
0
0
0
0
2
0
0
1
0
0
0
0
0
0
0
0
1
3
0
0
0
0
0
2
17
6
0
1
1
0
0
1
2
0
0
0
0
2
0
0
0
0
3
1
1
0
0
2
1
3
0
0
0
0
0
0
0
0
0
0
0
0
0
5
0
0
0
0
1
0
1
0
2
1
0
7
0
3
0
1
1
5
0
1
1
0
1
0
0
0
1
0
0
0
0
0
1
0
0
0
5
0
0
0
1
0
2
0
2
0
0
0
0
4
2
0
0
2
2
0
1
6
0
0
1
3
6
0
1
0
0
2
0
0
0
0
0
3
1
5
2
0
0
2
0
0
2
0
2
0
2
0
1
3
0
5
0
0
0
0
2
2
1
2
1
1
0
1
2
3
2
0
0
0
2
0
1
2
2
0
0
0
3
0
0
2
4
0
0
0
0
1
0
0
1
0
0
0
3
0
2
0
0
0
0
4
0
0
0
0
0
2
3
0
0
2
0
0
0
3
4
0
0
5
4
5
0
1
0
0
0
0
2
0
0
0
0
0
2
3
0
0
1
0
1
0
0
1
0
0
0
0
0
0
0
0
2
0
0
0
0
0
7
12
0
1
1
0
0
0
0
0
0
2
3
0
2
8
0
1
0
0
0
0
0
0
0
0
0
0
0
1
0
0
1
0
3
2
0
0
0
0
3
0
2
4
1
0
0
0
0
0
0
5
0
2
1
4
4
4
0
0
0
0
0
2
0
0
0
2
0
0
1
3
0
0
0
0
0
1
1
0
2
2
1
0
0
0
0
4
0
0
4
0
0
0
0
0
0
0
2
0
1
0
0
0
1
0
1
0
0
2
1
1
0
0
0
1
0
0
0
2
0
0
1
0
0
2
0
0
0
0
0
0
2
0
2
0
0
1
1
0
0
1825
0
