../2_Decay/DataFilesGe/Decay/416003G2.TXTBackgroundRemoved 
0
0
0
0
0
0
0
0
0
0
0
0
5
0
33
118
96
70
23
13
25
0
37
20
37
18
2
19
23
45
49
65
59
47
56
52
43
28
16
2
6
12
1
0
0
9
1
0
19
9
11
1
4
0
0
0
0
4
2
0
9
0
0
0
3
0
0
2
0
22
11
0
12
0
12
12
0
8
0
0
0
3
0
0
0
0
18
37
0
1
0
2
14
0
0
1
0
0
21
3
0
0
0
3
14
0
0
0
6
5
0
10
13
0
0
15
5
3
17
0
0
1
11
30
6
30
0
0
16
0
1
17
5
0
0
45
9
28
0
2
0
13
12
3
9
9
36
0
12
24
18
10
37
15
14
15
0
23
0
9
14
31
0
0
1
19
16
0
14
3
0
6
15
25
24
4
13
7
10
16
0
2
0
11
0
1
4
3
0
17
18
21
20
14
1
14
5
13
20
8
15
0
3
0
18
0
13
0
16
3
4
0
8
23
4
0
11
0
0
13
0
17
0
0
22
11
2
1
11
10
11
10
5
3
0
4
0
0
0
2
44
0
7
21
5
2
9
8
0
0
2
12
0
17
3
0
12
0
0
0
0
6
4
5
0
10
0
3
0
9
0
0
14
16
6
0
20
16
10
0
12
16
18
20
3
4
0
8
6
9
9
0
0
12
23
0
0
0
7
8
4
0
6
6
7
11
0
0
11
0
5
7
8
11
8
0
0
0
9
5
7
6
3
0
6
7
0
5
0
0
9
4
0
0
2
18
0
0
5
3
1
0
3
0
3
0
0
10
27
12
4
0
6
9
0
0
3
3
5
8
0
6
1
8
0
5
9
10
0
4
0
9
0
11
8
2
0
2
0
3
0
0
7
0
0
0
3
0
3
1
1
3
1
5
0
2
0
3
0
8
0
4
1
9
7
0
10
0
5
1
6
2
0
0
0
0
4
2
1
0
4
3
2
1
0
1
4
4
0
0
0
4
4
0
5
0
5
0
0
1
2
1
1
3
0
0
0
3
7
0
0
5
0
0
0
11
0
0
0
5
3
0
8
4
9
4
2
2
1
1
0
3
3
0
0
0
0
3
0
0
1
6
5
0
0
1
0
4
0
3
0
0
3
0
0
0
0
0
5
14
20
0
8
0
0
5
4
6
3
0
0
3
4
5
0
1
0
0
2
0
0
3
1
0
0
5
4
2
2
0
0
3
2
0
0
2
0
8
0
0
0
4
0
0
0
0
0
2
0
8
2
7
0
0
0
0
0
0
1
3
6
2
0
4
5
0
0
1
15
18
7
4
2
1
3
0
5
0
0
2
1
0
2
0
0
3
0
2
0
0
0
0
0
10
32
5
2
0
2
0
0
3
1
3
0
0
0
4
1
5
1
0
0
5
0
0
0
4
0
0
0
0
0
3
0
0
0
0
0
0
1
1
1
0
2
0
0
1
1
0
0
0
6
3
18
5
6
4
0
2
0
0
1
0
0
1
3
0
0
1
0
0
3
2
0
0
1
0
6
0
0
0
0
3
2
5
6
5
0
2
0
0
3
0
4
4
0
0
2
0
2
0
2
0
0
0
6
4
3
0
2
3
0
4
4
0
9
3
0
0
0
0
1
0
0
0
0
0
0
2
1
0
0
1
0
4
0
2
1
0
0
2
0
0
2
0
0
0
0
0
1
0
0
5
0
1
0
1
3
6
0
6
0
6
0
0
2
0
0
0
0
0
0
0
5
0
1
3
0
0
1
0
0
4
3
0
0
0
0
1
1
1
0
0
0
0
0
2
2
0
0
0
2
0
0
6
0
4
3
0
0
1
5
0
0
5
0
4
0
0
1
2
2
0
0
0
0
1
0
0
0
3
0
0
1
1
0
0
0
0
0
0
3
4
0
0
0
1
2
2
0
1
4
0
0
0
2
0
3
3
2
0
0
0
1
6
0
0
2
0
0
0
0
0
0
0
4
2
0
0
0
0
4
0
3
5
0
0
0
1
0
4
16
14
0
0
2
1
1
4
0
0
0
1
0
2
0
2
1
0
0
0
0
0
4
4
1
4
0
1
0
3
0
0
0
1
1
0
0
0
0
0
3
0
1
5
0
0
0
0
0
0
0
0
1
0
0
2
4
2
1
3
0
0
0
0
6
2
2
0
2
2
0
2
1
0
0
0
0
0
1
0
0
0
0
0
0
0
0
0
5
2
0
5
0
1
2
1
0
3
0
0
0
0
2
2
0
1
0
3
3
0
3
0
1
0
0
0
0
0
2
1
0
0
0
0
0
2
0
1
0
0
3
1
0
1
0
0
4
0
2
0
0
1153
