../2_Decay/DataFilesGe/Decay/416019G2.TXTBackgroundRemoved 
0
0
0
0
0
0
0
0
0
0
0
0
0
2
70
205
80
131
169
220
140
42
33
15
38
60
57
106
50
47
48
5
30
15
5
15
29
21
14
11
28
36
20
6
2
7
17
11
6
6
29
21
5
15
11
6
0
23
16
23
26
11
25
6
12
18
33
41
43
27
25
20
18
24
18
27
33
35
29
26
23
9
22
11
18
13
28
29
21
27
54
22
42
40
22
34
51
31
20
20
53
26
11
47
22
47
45
33
17
44
40
34
15
21
32
21
48
38
43
41
30
29
23
45
15
44
37
37
64
48
27
37
23
47
22
57
55
27
24
37
13
40
55
28
33
29
54
13
28
25
21
24
36
25
24
37
29
33
23
57
37
47
63
31
31
31
42
3
39
31
33
23
15
30
55
51
12
48
12
18
13
19
15
10
14
16
29
25
1
21
31
24
21
15
51
30
9
40
30
30
15
26
16
28
10
25
3
22
35
31
45
21
24
28
15
3
5
7
21
25
25
36
36
16
34
22
11
11
25
21
1
8
19
35
10
7
37
10
10
38
31
10
9
23
19
11
16
16
19
18
12
26
13
17
10
8
8
21
11
18
16
30
15
7
18
6
15
10
15
7
7
10
0
17
2
9
1
21
9
11
6
7
15
16
9
20
12
2
11
0
2
0
4
30
20
3
9
6
21
21
2
6
12
4
10
6
4
2
9
15
6
11
9
10
4
10
3
9
8
15
4
0
0
17
8
8
0
13
4
13
7
12
12
12
9
3
14
3
4
12
5
5
10
6
8
8
8
37
10
13
3
10
0
14
12
6
6
14
10
10
10
6
5
12
1
1
12
6
12
6
1
12
13
9
4
4
4
16
5
5
5
6
6
13
3
7
7
2
3
10
0
5
5
2
2
9
1
5
4
6
6
6
1
1
7
7
6
1
1
0
1
1
12
10
2
2
6
4
1
6
1
6
2
2
2
5
1
10
10
0
3
0
2
2
2
5
1
1
3
3
4
6
0
12
8
8
8
2
1
6
3
6
6
9
9
8
6
2
4
6
6
8
3
3
3
4
3
2
2
4
2
3
5
5
0
1
1
1
1
7
3
5
0
4
1
1
5
5
5
1
1
2
5
4
4
7
7
7
17
14
10
4
6
11
2
6
6
2
2
2
1
1
9
8
8
1
0
0
0
1
1
1
0
8
8
5
1
2
2
4
4
0
9
9
2
2
2
1
2
0
0
6
0
1
2
2
2
2
2
2
12
0
8
1
2
6
2
0
2
2
2
2
2
3
3
3
1
14
15
19
2
4
4
1
7
7
6
2
0
6
2
2
1
1
0
0
0
2
2
2
2
2
21
16
19
3
5
5
5
6
1
0
4
3
3
3
2
2
5
1
2
6
1
1
1
6
3
0
1
5
5
1
1
1
1
1
0
1
5
2
2
0
0
0
8
3
3
3
2
2
2
3
9
9
5
0
0
1
1
4
1
0
0
0
0
0
0
1
0
0
2
1
1
4
0
3
3
0
4
4
4
2
1
1
4
3
9
9
0
0
3
3
3
3
3
2
2
5
5
5
5
5
9
9
3
1
4
4
2
7
4
1
0
2
6
5
1
1
1
1
4
4
7
1
1
8
8
0
1
0
0
0
0
2
2
0
0
0
0
4
1
1
2
3
1
1
1
1
1
1
0
0
0
4
4
4
0
2
2
0
0
7
2
1
2
1
3
3
3
3
0
0
7
0
0
4
4
2
1
1
8
7
1
0
2
2
3
4
4
0
0
2
2
2
3
3
5
2
2
5
5
5
5
1
1
6
0
0
5
5
1
1
1
1
3
7
7
3
3
0
1
3
3
3
1
1
1
0
0
0
4
2
2
2
2
2
3
0
0
0
0
0
7
7
0
2
2
2
2
3
3
5
6
1
3
2
2
2
2
6
3
3
0
1
3
1
1
2
2
0
0
0
0
0
1
1
3
1
1
1
2
2
2
4
1
0
0
0
0
2
9
5
3
5
1
1
1
0
0
0
0
1
1
1
1
1
0
2
1
1
1
2
1
1
0
2
2
5
3
3
3
2
2
2
2
5
2
0
1
0
0
4
1
1
1
3
3
0
4
4
2
2
2
2
9
3
2
3
3
3
3
1
5
5
5
2
3
1
5
3
0
0
1
3
3
0
0
1
2
0
0
4
3
5
1
1
1
1
1
2
1
2
2
0
0
4
4
4
4
4
2
2
1
2
0
0
0
0
1
0
6
6
0
0
0
1
3
3
0
0
6
0
0
0
0
0
4
3
2
2
1
3
3
3
2
2
3
1
5
5
5
2
873
694
