../2_Decay/DataFilesGe/Decay/416024G2.TXTBackgroundRemoved 
0
0
0
0
0
0
0
0
1
0
0
0
7
7
110
320
286
224
271
310
257
133
58
76
168
351
590
796
781
862
705
410
209
74
43
32
19
11
1
12
9
18
25
7
2
5
1
15
11
8
3
5
7
38
6
1
12
6
12
8
0
4
0
9
9
0
0
4
0
14
0
7
18
14
0
0
3
14
0
6
0
25
3
9
13
0
24
18
23
0
15
25
18
19
8
1
0
14
4
5
10
41
1
33
14
33
21
0
21
20
13
14
15
24
15
32
6
33
18
26
5
0
27
28
13
21
20
17
21
24
17
7
7
17
35
44
43
1
15
26
13
32
21
38
40
13
20
6
23
8
18
0
15
14
23
26
23
18
13
14
15
21
32
17
0
8
19
14
9
0
11
8
19
25
23
23
5
19
3
26
14
13
14
12
0
0
5
15
4
16
33
13
30
15
23
3
9
15
20
8
4
0
15
0
30
8
11
24
35
19
21
1
35
15
13
4
6
0
4
15
0
18
6
0
24
1
6
0
9
3
16
12
22
1
10
23
10
6
0
8
42
0
0
24
18
16
13
0
15
7
11
23
8
11
6
0
9
0
9
0
13
14
6
5
0
6
6
13
10
8
9
2
6
7
3
7
4
8
17
10
9
17
16
6
7
9
2
0
6
4
9
0
0
13
20
1
1
0
15
2
6
5
0
1
14
4
0
0
16
5
0
7
0
10
13
13
7
3
7
11
8
2
4
0
8
0
0
0
4
1
10
14
0
2
3
7
4
6
11
1
8
0
0
4
0
0
0
25
27
7
4
0
5
4
4
4
12
17
4
7
0
5
1
4
0
0
0
0
5
8
0
7
3
0
10
0
8
7
0
0
0
5
8
7
4
2
6
6
5
0
0
7
6
0
0
9
0
0
2
9
2
0
4
4
5
0
0
0
0
0
7
0
10
1
3
10
0
6
5
3
0
5
0
0
1
7
0
2
0
2
0
0
3
3
0
2
3
3
0
3
5
1
0
0
5
0
0
0
2
5
0
0
0
0
4
7
2
2
10
10
0
7
9
6
2
1
2
2
8
1
1
3
5
9
4
0
0
0
0
0
5
10
11
0
0
1
0
0
1
0
0
0
0
0
1
0
0
0
9
1
19
3
8
5
0
3
8
8
1
5
2
6
5
1
0
4
7
3
0
0
4
2
2
1
2
1
2
0
0
3
7
5
2
2
1
0
0
5
3
1
0
0
0
0
0
0
1
6
0
0
0
4
2
2
0
5
0
3
2
8
0
3
0
0
2
0
0
7
10
12
3
3
2
7
5
0
0
0
0
0
0
4
0
0
0
0
6
1
0
0
0
0
7
26
17
16
2
0
2
0
2
0
0
2
0
0
0
3
1
0
3
0
0
1
2
4
3
0
3
0
0
0
0
2
0
1
1
0
4
0
0
2
1
0
0
0
0
1
1
0
0
0
1
9
16
0
4
2
0
0
5
0
0
0
0
1
1
1
0
0
0
2
0
1
4
0
0
1
3
1
1
1
0
0
1
1
2
2
2
1
0
0
1
0
2
0
0
0
0
7
0
0
0
0
0
1
1
0
0
5
6
1
0
0
0
5
1
4
0
0
0
2
2
0
0
0
1
0
2
0
1
1
2
4
0
2
0
3
0
2
0
6
0
0
0
3
1
2
0
0
0
0
0
1
3
5
8
1
0
0
0
7
0
2
0
2
2
0
0
3
0
0
4
4
7
1
0
0
0
0
0
0
2
0
2
0
0
0
0
0
3
3
2
0
1
0
0
3
4
2
1
0
0
1
0
1
0
0
0
0
0
1
0
0
0
4
0
0
0
0
0
0
0
0
0
0
0
0
0
0
0
5
0
2
0
2
0
0
0
0
0
0
3
1
0
0
0
0
0
2
0
0
0
0
0
0
0
0
2
0
4
2
0
4
0
1
1
0
2
3
2
2
0
0
0
0
0
0
0
0
4
0
0
0
0
1
0
0
0
3
3
2
8
5
6
3
1
0
0
0
0
0
0
1
0
2
0
1
0
0
2
2
4
0
0
4
0
1
0
1
6
0
0
0
0
1
1
0
0
7
2
0
2
6
1
0
0
0
0
0
0
0
0
0
7
2
1
5
6
0
3
4
0
2
4
0
5
0
1
0
0
0
1
2
0
0
0
1
0
1
0
2
4
0
2
0
0
0
0
0
0
1
0
3
0
4
0
0
1
0
4
0
0
1
1
1
0
0
0
3
1
2
3
4
0
0
3
0
1
0
1
3
0
0
1
1
0
2
3
1
0
1
0
3
1
0
0
0
1
3
0
2
2013
0
