../2_Decay/DataFilesGe/Decay/416002G2.TXTBackgroundRemoved 
0
0
0
0
0
0
0
0
0
0
0
0
1
1
19
51
36
41
22
19
20
17
36
14
30
16
10
31
26
42
60
34
54
42
35
28
8
2
3
19
5
22
15
3
7
7
4
12
12
12
10
14
14
4
11
11
11
11
11
27
27
9
8
8
8
11
10
7
7
7
7
0
0
0
0
0
0
8
8
8
8
6
4
4
4
4
4
4
29
3
3
5
19
29
0
9
16
16
16
16
1
1
1
12
14
17
17
18
18
18
26
26
26
26
26
12
17
17
14
6
4
4
4
6
6
12
12
2
7
29
0
0
0
2
18
39
28
28
10
39
20
17
41
22
13
13
13
13
12
27
27
27
17
17
11
11
23
19
7
10
10
27
27
17
3
14
3
3
10
23
23
25
1
16
18
18
18
7
7
12
8
5
3
16
16
16
12
11
3
5
9
8
21
33
6
2
2
11
11
11
19
19
19
19
26
12
12
2
18
18
9
9
15
15
21
2
2
2
10
14
14
14
14
14
14
4
4
3
20
4
20
5
4
5
5
5
16
16
16
16
31
31
7
14
10
10
10
16
12
19
13
12
10
15
0
0
10
10
8
5
13
13
8
7
7
7
7
7
7
9
3
11
11
12
9
7
5
1
5
15
15
4
12
6
2
15
15
15
15
5
15
15
15
21
18
2
0
6
8
3
10
10
15
8
8
2
2
1
15
12
3
4
11
7
5
5
5
1
6
5
5
5
5
4
4
4
7
5
5
10
6
6
1
1
9
10
19
5
5
9
9
4
2
2
0
0
0
25
37
9
8
8
1
5
0
0
0
9
0
0
0
13
13
13
2
4
3
3
14
7
7
11
7
7
9
0
0
2
2
2
2
2
0
8
8
8
10
10
3
3
3
8
2
10
1
7
7
8
1
6
6
2
4
2
8
8
5
0
2
2
11
6
2
2
4
4
7
3
9
6
6
7
7
6
6
6
6
6
6
6
0
4
1
2
5
6
6
6
2
2
4
4
4
1
2
4
3
3
6
1
3
3
2
2
1
6
6
6
0
6
4
3
1
1
1
7
2
0
0
5
3
4
1
3
3
3
1
1
0
0
7
9
0
0
6
6
3
1
1
2
2
1
0
0
0
0
0
0
0
11
12
10
2
2
5
1
1
3
2
5
3
3
2
1
3
2
1
1
4
4
5
5
6
0
1
1
0
2
2
6
6
1
0
0
5
3
4
4
1
1
3
1
2
2
0
0
3
1
3
0
5
2
2
2
2
4
0
0
5
5
5
5
0
2
2
2
2
3
18
16
4
4
4
4
4
4
2
0
1
2
3
1
1
1
1
0
1
1
1
1
1
1
1
20
24
7
3
0
0
0
0
5
2
2
2
0
2
2
0
1
5
0
0
0
0
3
2
4
2
2
3
3
4
0
2
1
3
3
1
1
4
4
3
4
4
0
0
2
2
2
2
2
0
10
18
0
4
4
4
4
4
4
0
6
2
2
2
1
1
4
4
6
6
1
1
1
1
5
6
6
6
2
1
2
1
6
7
2
0
0
0
0
3
3
3
3
3
3
4
4
0
0
2
1
1
3
3
3
2
1
5
1
2
4
4
0
0
0
2
2
2
3
3
2
2
3
3
3
3
3
3
3
3
3
3
3
3
1
1
1
1
2
1
2
1
1
5
5
5
5
0
0
0
1
1
3
3
3
3
3
3
1
0
0
2
2
3
1
6
1
0
0
6
2
5
5
5
5
5
2
2
0
3
1
2
2
2
5
5
5
5
2
2
0
0
2
2
3
3
2
2
2
0
1
0
5
0
3
0
0
0
0
1
1
2
5
5
5
5
5
1
1
1
2
2
2
2
2
2
2
0
1
1
1
1
1
1
1
1
1
1
1
3
2
2
2
2
1
1
0
0
0
3
1
1
1
4
4
4
4
4
0
0
1
1
1
1
0
3
1
2
2
2
2
2
2
2
2
1
1
0
6
6
2
2
0
0
0
0
0
0
7
10
7
5
5
1
0
1
2
2
2
2
1
3
1
1
2
2
2
2
2
0
2
4
0
1
1
2
2
0
0
0
0
1
2
2
1
1
3
3
0
0
0
0
5
1
0
0
0
0
0
0
1
2
2
0
5
5
0
2
5
5
5
5
0
2
0
3
3
3
1
1
0
0
0
0
2
2
4
0
3
1
3
3
0
0
0
0
0
4
4
4
0
0
0
0
0
2
5
3
1
1
1
1
1
1
3
3
3
0
0
3
3
2
2
3
3
0
0
2
2
2
1
3
3
2
1
1
1
4
0
2
0
0
0
0
0
2
2
2
2
2
1211
