../2_Decay/DataFilesGe/Decay/416012G2.TXTBackgroundRemoved 
0
0
0
0
0
0
0
0
0
0
0
0
3
0
21
93
67
61
36
24
61
64
76
42
53
16
11
37
68
86
111
83
83
57
37
6
1
19
20
3
1
15
15
6
5
20
8
0
1
0
27
3
0
8
9
0
17
8
0
0
0
10
2
0
29
4
20
26
0
0
0
0
20
12
4
0
0
11
0
0
0
11
11
0
0
4
20
0
1
0
23
15
16
10
26
8
8
0
0
0
0
25
2
13
3
20
43
0
0
8
3
2
0
15
1
10
21
0
7
0
16
0
31
13
0
0
0
0
27
7
31
5
0
13
17
0
0
29
0
7
0
13
17
5
6
7
23
0
21
16
0
0
12
0
11
12
3
2
2
8
2
30
0
0
5
19
0
7
23
3
3
13
0
1
1
29
7
10
18
18
0
0
21
4
0
21
0
0
0
18
37
0
2
24
13
0
0
11
0
9
13
23
5
0
8
0
0
0
0
11
0
3
11
18
23
17
8
7
20
16
0
6
7
4
0
0
0
3
9
9
0
7
12
12
9
9
12
1
0
29
11
0
19
36
10
17
0
14
10
5
2
27
5
0
7
2
0
0
5
0
0
15
0
2
0
2
0
5
1
6
0
6
1
8
2
10
11
5
10
0
7
7
21
7
9
18
7
1
8
5
11
0
0
30
0
0
0
0
4
0
7
6
19
4
0
0
10
0
9
1
8
7
0
0
13
0
0
0
15
0
7
0
0
0
0
9
2
0
0
2
8
2
3
0
11
8
1
4
2
1
0
5
0
0
0
0
0
25
11
0
0
2
0
4
2
0
0
10
0
2
0
3
4
0
0
3
5
4
3
5
0
5
0
3
0
1
3
8
12
0
0
0
11
3
3
0
1
4
0
0
9
2
0
8
0
0
0
1
5
10
1
0
0
0
0
0
5
2
1
0
3
0
8
0
7
0
0
5
1
0
0
4
0
0
0
1
2
6
0
0
2
1
0
0
5
4
3
2
0
1
0
3
1
8
0
0
2
0
2
1
0
0
0
6
6
4
2
0
3
0
3
0
1
1
3
0
4
1
5
0
0
3
2
1
0
0
4
0
0
2
4
0
0
0
0
0
0
0
0
1
0
3
0
0
0
1
0
0
1
15
5
6
0
0
1
3
1
1
0
8
4
6
1
3
0
2
0
0
0
0
0
0
7
5
3
0
1
0
0
0
0
0
0
2
0
0
0
0
3
1
2
0
0
4
0
0
0
0
2
0
0
8
4
0
0
0
0
4
0
1
0
3
6
1
0
0
0
1
13
9
0
3
0
0
3
2
0
1
0
0
1
0
0
4
0
0
0
0
0
0
0
0
10
35
7
1
0
1
2
4
3
0
0
5
0
4
3
2
1
3
4
0
2
1
0
2
4
1
0
0
1
0
0
5
0
0
0
0
0
1
0
0
1
6
0
0
0
4
2
0
0
0
7
15
6
0
2
1
0
1
5
4
2
0
0
1
0
1
0
0
0
2
0
4
4
0
0
0
3
0
0
0
0
3
0
0
0
3
0
0
0
2
2
0
0
0
0
0
1
4
2
0
4
6
0
0
0
0
3
5
2
2
0
0
0
3
5
2
7
0
1
3
1
0
2
0
2
1
5
2
6
2
0
1
2
0
0
0
0
5
0
8
0
0
0
2
0
0
0
1
0
2
0
0
2
2
3
0
0
0
1
4
3
3
3
0
0
2
0
2
0
0
0
0
2
4
0
3
0
0
3
13
0
1
1
3
3
0
0
0
2
0
2
0
0
0
2
0
0
0
0
0
0
2
2
0
0
0
0
0
0
4
3
0
3
3
0
0
0
0
0
0
0
2
0
0
0
0
0
3
2
2
0
2
0
2
0
0
0
0
0
0
3
1
2
1
0
2
3
1
2
0
0
0
1
1
0
0
0
4
3
1
0
0
1
0
0
2
0
0
5
0
3
1
1
3
1
1
0
3
2
0
0
0
0
0
0
0
0
0
0
11
9
0
4
0
0
0
2
0
0
0
0
0
1
0
0
0
1
2
1
0
0
0
4
0
0
0
5
0
1
0
0
0
0
1
0
0
0
0
2
6
0
1
0
7
0
0
0
0
0
0
0
0
1
2
0
6
0
0
1
1
2
1
2
0
0
3
0
0
2
1
0
1
5
0
1
0
0
1
1
0
0
3
0
0
0
1
3
0
0
0
0
0
0
5
0
0
0
0
0
0
0
1
0
0
3
1
2
0
3
0
1
1
0
0
1
0
0
1
0
0
0
2
0
0
1
3
0
0
3
3
0
0
0
0
0
0
3
1
0
0
5
1112
