../2_Decay/DataFilesGe/Decay/416028G2.TXTBackgroundRemoved 
0
0
0
0
0
0
0
0
0
0
0
0
0
0
54
37
0
1
30
20
0
0
0
0
0
20
1
15
8
6
16
0
0
0
1
2
0
0
0
0
7
1
0
1
3
0
0
0
0
0
21
13
0
16
0
0
0
0
0
0
9
4
0
0
12
3
6
0
0
0
0
0
11
0
12
0
0
9
0
0
0
0
0
0
0
0
0
15
23
0
0
0
3
15
4
0
3
5
10
0
0
22
0
13
5
0
0
0
0
0
0
0
23
0
0
0
0
0
17
0
6
0
8
21
0
0
0
0
16
0
0
3
0
0
18
18
18
0
21
15
1
3
13
7
9
0
37
0
0
22
13
0
24
5
9
10
10
0
12
10
15
10
3
0
2
0
0
11
26
10
12
9
0
31
7
2
0
9
0
0
0
0
1
0
0
0
1
6
0
8
0
2
2
22
8
0
0
0
0
5
0
3
4
0
0
13
0
0
17
0
6
0
15
4
5
9
3
0
16
11
0
0
0
0
14
9
0
5
3
0
0
1
9
17
9
18
14
8
0
16
31
0
11
8
0
9
0
5
0
0
3
6
7
11
0
5
0
13
9
0
15
14
0
0
0
5
5
0
11
4
0
5
0
12
0
0
11
4
10
6
0
1
14
4
6
13
5
11
3
4
7
5
0
14
14
3
0
0
2
0
4
0
0
9
0
0
0
0
6
9
4
7
0
11
1
1
1
0
8
9
4
0
7
0
15
9
0
5
0
0
5
4
0
0
3
1
0
4
4
0
4
8
8
4
0
0
0
11
22
9
0
0
7
8
1
0
2
6
7
2
0
1
0
0
0
6
7
3
7
4
0
3
4
0
5
0
0
3
2
0
0
0
0
5
5
2
13
4
0
0
7
3
6
0
2
0
0
0
0
7
0
0
0
4
6
0
0
6
0
0
3
1
7
0
0
1
4
4
1
0
2
4
0
1
9
0
0
0
0
0
0
4
3
3
2
0
2
1
3
1
0
0
0
0
0
0
0
6
1
0
0
0
0
2
2
4
0
0
5
1
2
8
0
0
5
1
0
3
0
5
0
0
4
0
0
0
0
1
0
0
4
0
2
1
0
0
4
0
0
0
2
2
0
0
0
1
0
0
0
3
16
0
5
0
4
0
2
2
0
2
1
3
6
5
0
0
0
0
0
0
5
0
0
2
2
0
0
0
0
0
0
0
0
1
0
0
0
10
3
1
2
0
2
0
0
1
3
0
2
9
0
1
0
0
0
0
1
0
0
1
4
0
0
0
2
0
0
1
15
11
0
7
0
0
0
0
0
2
0
0
3
0
0
0
0
3
0
0
0
0
0
0
8
24
28
5
1
0
2
7
0
0
0
5
0
0
2
4
0
0
1
0
1
0
0
3
1
0
0
0
0
0
5
2
0
0
0
0
0
0
0
2
3
0
3
0
0
4
0
0
0
0
0
11
13
0
2
2
0
2
2
3
4
0
1
2
0
0
0
2
2
0
10
0
4
0
7
0
0
4
0
1
0
1
0
11
0
0
0
0
0
4
0
0
0
2
0
1
0
2
0
0
0
0
1
0
0
0
3
2
4
0
0
0
0
0
2
0
1
1
1
0
0
0
0
3
0
0
2
3
1
0
0
0
0
2
0
4
0
2
0
0
0
1
0
3
4
1
0
3
1
0
0
2
1
1
0
2
0
1
0
0
0
0
0
0
3
1
0
0
0
0
0
0
0
2
0
0
0
0
0
3
0
3
0
0
1
0
0
1
0
1
0
0
1
3
1
0
2
3
1
0
1
0
0
1
4
0
3
0
0
0
0
0
0
0
0
4
0
0
0
2
0
0
0
0
0
0
0
0
2
0
0
0
0
1
3
1
0
0
0
0
0
5
4
0
0
0
0
0
1
0
0
0
1
1
0
1
0
0
0
1
0
4
0
0
0
0
4
0
0
1
0
0
0
0
5
0
0
0
0
2
0
0
0
2
0
0
0
3
0
4
3
7
5
0
0
0
2
2
0
0
0
2
0
0
2
0
0
0
2
0
0
0
3
1
0
2
5
1
2
2
0
0
0
0
0
0
1
0
0
2
0
0
0
0
0
0
2
3
0
0
0
2
0
1
3
0
4
0
0
1
0
0
1
0
0
0
1
1
0
0
2
0
0
0
0
3
0
0
1
2
2
3
4
0
0
0
1
0
0
3
0
0
0
0
2
0
0
2
0
2
1
1
0
2
0
0
0
0
0
0
1
0
0
0
0
0
0
2
0
1
0
1
3
0
0
0
1
3
0
1
0
0
4
0
0
0
2
0
0
0
1829
0
