../2_Decay/DataFilesGe/Decay/416022G2.TXTBackgroundRemoved 
0
0
0
0
0
0
0
0
0
0
0
0
18
11
80
275
162
155
150
182
115
26
27
23
22
50
48
35
29
33
66
26
34
25
21
17
18
3
14
17
25
1
1
11
2
0
3
2
6
10
24
17
23
19
17
7
3
5
7
0
28
39
25
2
12
20
29
28
27
12
0
25
21
0
2
7
7
0
3
0
0
46
5
2
12
0
38
19
25
19
0
0
22
28
4
35
0
5
61
30
14
1
16
31
26
53
51
12
25
19
14
10
30
42
32
53
34
26
34
27
31
0
42
23
15
41
13
33
22
25
12
42
30
24
14
0
35
6
7
13
0
6
39
15
22
7
49
19
41
20
8
33
35
16
26
37
40
18
9
6
0
24
39
27
1
7
6
20
31
18
19
28
33
19
29
29
23
4
17
28
15
20
13
23
0
10
24
4
0
33
25
7
0
17
27
17
0
16
18
29
39
39
26
15
37
10
13
10
18
0
23
8
20
3
28
20
11
7
17
20
6
28
0
6
6
4
2
12
17
5
21
16
10
22
14
8
23
15
0
33
8
10
9
14
21
18
2
12
7
3
0
3
19
9
14
12
8
4
11
9
9
5
8
13
4
9
2
0
19
9
0
8
0
4
2
18
10
9
1
10
0
19
7
9
7
14
7
0
2
8
8
0
0
26
16
3
4
16
5
0
0
2
1
0
5
0
1
0
1
21
2
8
1
0
14
0
1
4
8
9
3
0
3
1
8
6
5
1
0
14
0
13
0
1
20
11
1
2
5
8
4
2
14
2
0
0
0
15
22
0
11
0
3
5
1
0
12
12
0
0
0
6
10
4
8
3
10
6
0
9
0
6
1
5
0
0
1
9
4
1
0
0
3
4
5
2
4
5
14
0
2
11
11
4
0
0
10
0
0
10
2
8
4
1
5
0
2
6
0
2
2
2
8
2
3
0
8
7
5
0
0
3
0
5
0
5
0
4
0
0
4
1
0
7
1
6
3
7
0
2
2
5
7
0
1
1
0
0
3
0
0
0
0
0
0
1
0
0
9
4
2
4
1
0
2
1
0
2
5
10
0
3
0
0
1
0
2
0
0
2
0
0
0
4
3
4
8
3
2
5
0
1
0
0
0
0
0
8
3
6
6
4
5
0
3
2
3
0
4
0
0
7
13
6
3
4
9
4
0
0
2
3
4
8
1
2
1
0
2
1
0
6
6
3
0
1
1
2
0
0
3
0
0
0
1
2
4
0
1
3
0
0
5
0
0
0
5
2
4
0
0
0
0
1
4
0
0
16
16
12
0
7
7
1
3
0
5
0
4
3
0
0
0
2
0
3
0
0
0
0
0
0
28
26
12
0
4
3
1
2
1
1
2
0
0
0
3
0
0
2
0
0
0
3
0
1
0
1
3
0
1
2
0
1
9
0
0
3
2
0
2
1
0
0
5
1
0
2
0
0
0
0
15
4
4
1
1
3
1
1
2
4
4
2
0
0
2
0
0
2
3
0
0
0
0
2
0
0
4
0
0
4
0
4
0
4
4
0
0
0
0
2
1
0
7
0
4
0
0
0
0
2
0
0
0
2
4
0
6
2
2
1
0
3
1
6
2
0
1
0
0
0
8
0
0
0
1
1
3
1
0
0
0
0
3
3
0
4
0
1
0
3
5
4
3
0
2
1
0
1
2
0
0
0
2
0
1
2
0
0
0
1
0
0
0
0
5
1
0
1
0
0
3
2
0
1
0
0
0
0
6
5
0
3
6
0
0
0
0
2
0
0
2
0
2
4
3
2
1
2
1
0
0
1
0
3
5
2
0
0
3
0
1
2
0
2
0
0
1
0
2
3
0
0
0
2
0
3
0
6
1
1
0
0
0
1
0
0
0
0
0
6
0
5
0
0
0
2
5
4
8
0
1
3
1
0
2
0
0
1
2
1
1
0
5
0
0
0
0
0
0
0
0
2
1
0
3
2
0
0
2
0
0
3
0
3
0
0
0
0
2
7
2
2
2
0
1
3
0
0
2
0
0
0
1
2
0
0
0
0
0
1
3
0
3
0
0
1
7
0
1
1
0
0
0
0
1
1
0
0
0
2
2
4
0
2
0
4
2
1
1
0
0
0
4
3
3
3
4
2
2
0
0
0
0
0
5
2
1
0
5
0
5
2
0
0
0
2
6
2
0
0
3
1
3
0
0
0
4
0
0
0
0
0
0
0
2
0
4
2
0
3
0
3
3
2
0
3
0
0
3
0
1
1
0
0
0
1
0
2
2
1
0
0
7
0
5
1
0
0
0
1
1
4
0
0
0
0
0
0
2
0
1697
0
