../2_Decay/DataFilesGe/Decay/416032G2.TXTBackgroundRemoved 
0
0
0
0
0
0
0
0
0
0
0
0
2
3
60
139
50
98
245
238
112
17
9
6
25
14
15
21
24
20
15
1
10
0
0
3
16
17
1
0
8
21
14
5
2
0
1
4
5
2
20
0
0
7
3
0
0
0
8
0
0
7
0
0
7
4
3
0
0
5
1
0
22
0
15
0
9
0
0
5
7
10
0
0
0
0
0
0
0
0
0
3
18
14
3
12
0
8
8
5
6
41
7
56
19
20
36
19
4
0
33
0
7
11
0
18
12
0
11
0
0
11
25
0
0
0
3
0
40
28
14
0
0
16
0
0
7
10
0
0
0
0
0
0
12
0
7
0
9
2
0
6
24
0
7
0
5
1
0
0
0
11
0
0
0
0
0
3
1
0
19
9
0
20
10
0
11
2
1
9
0
5
4
0
0
0
14
0
0
2
7
0
8
7
4
7
6
9
8
7
2
0
0
0
11
9
0
0
8
0
24
1
0
0
0
4
7
3
6
0
0
13
7
0
19
4
10
7
0
1
0
15
7
0
0
9
8
2
0
30
34
0
9
4
11
0
0
1
4
0
0
6
7
6
0
0
7
0
0
0
0
12
0
0
0
0
0
7
0
0
1
8
0
7
3
2
3
5
3
0
0
0
8
6
1
14
1
0
3
2
3
0
0
15
15
5
0
0
3
0
0
0
0
13
0
8
9
0
0
12
1
7
6
0
3
0
0
3
9
12
1
6
0
1
0
9
1
0
2
0
5
0
0
0
4
3
13
1
0
0
0
4
4
0
3
0
0
9
15
0
7
0
4
5
2
0
0
5
0
6
0
6
0
1
0
0
5
0
1
6
0
0
2
0
0
0
0
2
3
0
0
0
3
0
0
0
0
0
0
0
0
0
7
1
0
5
0
4
0
5
0
2
0
0
7
0
1
0
0
0
0
0
2
0
0
0
1
8
0
0
6
4
0
3
0
0
5
2
0
0
0
0
0
0
0
0
1
0
0
0
0
8
0
0
5
0
0
0
6
0
0
0
0
0
4
6
2
0
0
6
2
0
0
6
5
4
3
0
6
0
4
0
0
0
1
0
1
3
0
0
3
8
4
0
0
0
0
0
0
0
0
0
0
3
0
4
0
0
0
7
12
2
6
0
0
0
0
2
0
1
5
0
1
4
2
8
2
4
0
0
9
3
0
2
0
0
4
0
2
0
0
2
4
5
0
0
4
1
5
0
3
2
0
1
0
3
0
0
4
4
0
2
5
1
0
4
5
0
0
2
0
0
3
0
0
0
0
3
10
14
0
1
0
4
1
0
3
0
0
0
0
2
0
0
0
0
3
1
0
2
0
0
10
23
10
0
5
0
1
0
5
2
0
0
0
0
1
0
1
7
0
0
0
7
0
0
0
0
2
0
2
0
0
2
1
1
0
0
0
1
0
4
0
1
3
0
2
2
0
0
0
0
1
9
9
6
0
2
0
0
0
6
1
0
2
3
0
0
0
0
2
1
0
0
1
0
0
5
2
0
0
0
0
6
1
2
2
1
0
4
0
0
1
0
0
0
0
0
4
0
2
3
2
0
0
0
0
0
1
2
2
4
3
1
0
1
1
2
1
0
0
0
1
0
0
0
0
0
0
6
3
0
0
0
0
4
2
0
0
1
0
2
3
3
0
1
2
0
0
2
2
0
0
0
2
2
2
0
0
0
1
2
1
0
2
0
0
1
0
0
0
0
0
3
1
2
0
0
1
1
1
0
1
0
1
0
2
0
0
0
0
2
0
3
0
0
0
1
8
0
3
0
3
0
4
2
1
2
0
0
0
4
5
0
0
1
0
4
0
0
0
0
0
0
0
0
0
0
0
3
0
2
0
3
0
0
0
0
1
1
0
2
4
3
3
3
0
0
1
1
0
0
2
0
0
0
0
1
1
2
4
6
3
3
3
3
1
0
0
0
0
2
0
0
0
0
2
0
0
0
8
0
0
0
0
0
2
0
0
0
2
6
4
4
0
0
1
0
0
1
0
3
0
3
1
0
0
1
0
0
0
1
0
0
6
0
0
0
0
2
0
2
3
0
0
4
0
0
1
2
0
1
1
0
0
1
0
0
0
4
0
0
0
0
0
2
0
7
0
3
0
0
1
0
0
0
0
0
2
1
0
0
1
0
0
0
0
2
0
0
0
2
0
2
0
0
2
0
0
1
2
3
0
0
1
1
1
2
0
1
1
0
0
0
0
0
2
0
0
2
0
0
4
0
0
0
1
0
0
0
0
1
0
0
0
2
0
0
0
0
0
0
3
5
0
0
0
0
0
0
0
0
1714
0
