../2_Decay/DataFilesGe/Decay/416015G2.TXTBackgroundRemoved 
0
0
0
0
0
0
0
0
0
0
0
0
0
0
25
83
33
70
55
65
63
30
27
25
33
32
100
107
137
118
113
61
48
2
17
4
17
10
20
26
19
15
22
12
22
37
6
22
18
0
22
6
15
23
38
12
11
12
12
6
22
28
35
40
29
19
30
10
35
37
22
5
19
27
39
49
49
35
25
22
45
30
27
21
21
21
44
13
44
23
35
8
57
34
3
16
9
32
46
72
8
32
18
26
25
37
49
20
29
32
33
34
38
35
55
46
23
45
35
27
51
62
50
40
16
54
23
11
51
28
27
42
19
31
56
42
53
33
28
44
51
30
56
57
36
28
41
14
47
30
36
34
69
28
41
53
30
43
17
51
36
38
23
38
15
30
15
45
30
35
8
13
30
26
43
23
8
27
32
21
24
20
21
31
15
10
5
19
2
38
38
16
14
37
50
50
15
15
16
27
6
31
35
6
24
32
24
19
31
16
31
32
24
24
11
25
30
12
18
21
1
21
12
23
34
3
14
15
17
18
17
12
19
18
21
20
16
0
0
19
22
2
1
23
27
31
8
18
18
15
19
10
19
18
18
13
3
11
10
5
13
15
12
10
18
7
26
4
4
4
4
24
3
13
18
9
5
21
9
18
15
13
12
15
11
11
6
3
11
17
4
1
1
43
31
3
1
9
22
9
7
11
13
14
4
18
0
8
8
11
16
7
7
16
5
14
14
4
7
9
7
7
9
4
11
0
11
11
3
12
12
6
8
2
10
1
2
2
1
4
7
7
5
0
4
4
4
47
24
12
13
13
8
10
14
0
0
11
6
8
9
10
5
16
8
8
12
12
5
10
8
5
2
2
6
6
10
11
3
3
9
4
10
10
7
6
3
3
2
3
3
6
0
0
1
1
11
6
4
11
1
3
3
3
5
5
13
1
0
6
6
7
9
11
11
3
15
5
5
5
1
7
7
3
6
7
4
3
7
2
5
10
5
3
9
4
5
0
0
5
12
4
6
3
3
3
2
2
6
1
1
1
1
8
2
13
13
2
13
9
9
6
3
4
2
12
1
7
11
12
6
8
7
7
4
9
1
2
2
2
1
11
12
1
2
2
2
3
3
4
2
4
7
1
1
4
4
5
5
8
11
11
9
9
3
2
6
0
8
3
5
6
7
3
3
5
4
1
0
0
2
6
0
5
5
5
2
4
4
4
4
3
1
4
0
0
0
5
3
4
1
1
3
2
2
2
4
4
4
4
3
3
3
1
1
1
4
2
6
2
0
3
3
5
5
5
5
14
23
8
4
2
2
7
1
1
4
4
0
1
0
0
0
0
0
3
3
0
0
0
0
0
22
31
16
4
5
5
1
1
1
3
5
3
3
3
2
2
1
4
10
10
3
3
3
7
3
5
3
2
0
3
0
3
3
2
2
2
2
2
1
2
5
3
5
3
3
6
6
6
6
6
15
27
8
0
3
0
0
0
2
1
2
2
1
3
1
5
1
3
1
2
2
6
3
3
0
2
7
0
0
6
6
1
4
2
0
3
3
3
3
3
6
6
1
1
1
1
1
2
6
1
6
2
2
1
1
1
7
6
0
1
0
6
3
1
3
1
0
0
8
1
5
2
3
2
3
3
3
3
3
7
0
0
0
3
3
1
4
1
3
4
3
0
0
0
0
3
3
2
1
0
1
2
11
2
4
0
4
4
4
5
4
4
4
3
2
0
1
3
3
0
2
2
2
3
3
4
4
1
2
2
0
0
3
3
3
5
5
5
5
0
8
8
0
4
4
4
6
3
3
2
0
0
3
3
2
1
3
1
1
1
3
0
0
2
2
3
0
0
0
4
0
2
2
1
3
2
2
2
1
2
2
0
1
2
4
4
3
1
1
2
3
2
2
2
2
2
3
0
0
0
1
1
1
0
0
2
2
0
0
2
1
6
1
0
0
0
1
0
0
0
0
0
3
2
3
2
2
4
0
1
1
3
3
6
6
6
6
3
0
12
7
5
4
4
4
1
0
4
0
0
0
0
1
3
3
0
5
5
1
1
2
2
1
0
0
3
2
2
1
1
1
0
0
0
2
2
2
2
0
0
0
5
1
3
7
7
7
7
6
0
4
7
4
7
3
2
2
2
2
5
5
2
5
2
5
5
4
4
4
0
2
2
2
1
1
2
2
1
3
2
0
3
0
0
0
0
0
3
3
3
3
1
0
0
0
4
1
0
1
2
3
3
3
4
1
0
0
3
0
1
1
1
4
0
0
2
0
2
1
0
1
0
0
0
1
1
1
1
2
2
2
2
2
2
3
0
2
2
2
2
254
1356
