../2_Decay/DataFilesGe/Decay/416006G2.TXTBackgroundRemoved 
0
0
0
0
1
1
0
0
0
0
0
1
3
0
19
13
31
12
17
7
12
6
14
0
18
19
29
13
11
15
25
24
49
30
46
53
29
52
21
26
8
0
3
4
11
0
0
0
0
5
4
18
0
0
0
0
0
0
17
0
8
18
23
14
13
0
0
0
0
0
8
0
4
0
5
0
0
1
0
0
0
0
0
15
6
0
18
0
0
0
8
0
25
0
16
0
3
0
3
0
3
14
0
14
0
8
2
21
0
11
0
0
0
9
13
0
0
0
23
0
8
23
26
34
4
10
0
13
4
0
3
8
11
23
0
26
6
0
23
22
13
0
25
5
14
22
20
0
3
4
22
0
6
26
34
10
10
5
7
0
16
2
17
0
0
17
0
5
12
3
17
15
9
0
23
0
19
24
1
13
0
0
0
10
5
2
0
19
0
0
3
19
0
14
20
12
0
0
7
11
13
4
8
4
3
28
0
5
21
0
24
0
12
15
9
2
0
3
9
32
4
11
0
1
1
0
0
16
11
0
0
13
0
20
9
5
5
4
0
36
34
6
3
18
11
6
0
20
5
1
13
6
6
7
14
3
0
1
17
0
5
3
11
6
8
4
3
4
0
6
0
4
1
9
0
4
0
4
3
9
6
2
6
7
0
12
1
2
0
6
5
0
0
27
12
0
0
0
15
0
0
2
3
10
0
0
13
0
6
5
5
2
0
11
15
11
4
7
6
5
1
0
0
1
7
8
0
0
6
0
0
10
0
0
8
8
0
9
0
4
0
8
8
9
5
0
0
35
19
0
17
0
0
5
8
5
0
2
0
3
1
8
0
4
7
0
8
10
0
2
2
4
1
6
6
0
0
2
4
0
4
4
6
2
4
0
1
0
2
3
5
4
7
5
0
0
0
0
11
0
5
0
10
0
2
1
3
0
0
0
2
8
5
0
0
0
0
2
3
0
0
1
0
7
0
0
0
0
1
1
2
1
2
0
4
0
6
0
7
0
0
0
2
0
7
1
0
0
10
11
6
1
6
0
9
0
0
0
1
4
0
0
9
4
4
0
5
0
0
3
0
0
1
0
1
0
2
0
0
0
0
4
0
0
0
0
6
2
0
0
0
5
1
3
0
1
0
0
1
8
3
3
2
3
0
3
0
3
0
2
5
0
8
7
0
0
0
0
5
0
6
0
0
1
1
0
3
0
0
1
0
2
3
0
0
2
0
3
1
2
0
3
2
1
1
2
0
3
0
0
1
2
0
0
0
0
1
0
6
2
0
0
0
0
0
0
0
3
10
5
2
1
0
1
0
1
0
2
0
1
3
0
0
0
0
0
1
0
0
0
0
0
0
36
3
2
1
1
0
6
1
1
0
0
0
0
3
0
0
1
0
3
0
5
0
1
3
0
4
0
0
0
0
4
2
0
0
0
0
2
0
4
0
0
5
0
0
1
0
0
0
0
2
15
1
3
0
1
0
0
0
1
1
5
0
4
0
0
2
3
0
0
2
7
2
0
0
0
3
2
0
0
0
2
0
0
1
0
0
0
0
8
3
0
0
0
0
1
3
0
5
0
2
0
1
1
1
2
2
0
0
0
0
1
0
0
3
0
0
0
1
0
2
0
2
0
0
1
4
5
1
7
1
0
3
0
0
0
1
1
0
2
3
0
0
0
4
0
0
0
0
0
0
0
0
3
3
2
0
0
1
1
0
0
1
0
1
4
0
0
0
3
5
3
0
0
0
0
0
4
0
6
3
2
0
0
1
3
0
2
0
4
0
0
0
2
4
1
0
1
0
0
0
0
0
3
3
2
1
3
0
3
1
0
0
0
1
0
0
0
2
0
0
3
0
0
0
0
0
0
0
0
0
2
1
5
0
0
0
0
0
0
3
6
3
4
2
3
0
0
0
0
3
0
0
1
1
0
0
0
1
0
0
4
0
1
1
0
2
0
0
0
1
2
0
0
0
0
0
0
0
3
0
1
0
0
0
0
0
2
2
7
8
9
1
0
4
0
2
2
0
1
0
2
1
0
0
0
0
0
0
3
3
0
0
1
1
0
0
1
2
4
1
0
0
2
1
1
6
3
0
0
0
0
2
3
1
0
0
1
0
0
0
1
0
5
7
2
0
1
0
1
0
0
2
1
5
1
2
0
0
0
0
0
0
3
0
0
0
0
1
0
0
2
0
0
0
0
1
0
0
0
0
0
2
0
1
0
1
0
0
0
1
0
0
0
1
4
0
3
0
3
1
0
0
1
0
0
0
2
0
6
0
0
0
4
1
0
0
0
0
0
2
0
0
1
0
2
2
0
0
0
0
1172
