../2_Decay/DataFilesGe/Decay/416009G2.TXTBackgroundRemoved 
0
0
0
0
0
0
0
0
0
0
0
0
0
0
33
77
14
45
26
42
32
3
27
3
0
7
4
30
37
56
71
38
48
31
21
26
13
15
6
15
0
14
0
3
0
0
11
12
0
10
5
1
0
0
0
0
0
0
18
0
0
0
0
0
7
0
3
15
0
0
0
3
8
0
3
11
0
4
0
0
5
8
0
0
0
0
2
0
20
0
6
11
0
4
0
0
8
0
0
2
0
26
0
34
0
13
20
9
0
10
11
6
0
1
2
18
6
0
33
6
15
0
0
19
0
11
6
13
30
0
11
16
2
0
4
0
0
10
18
24
10
12
28
19
51
0
1
0
19
13
18
0
16
11
7
18
0
15
25
35
5
0
0
20
0
21
0
0
7
9
20
13
6
14
33
0
1
6
8
13
8
0
0
18
0
7
14
12
0
0
34
0
16
31
13
18
0
18
14
17
0
3
0
0
0
0
0
17
22
0
11
0
11
25
0
7
5
3
9
5
0
0
10
11
22
19
1
12
0
5
5
3
8
11
11
20
3
0
0
33
23
0
11
14
9
1
0
10
0
0
0
22
11
19
7
0
0
2
6
7
0
1
3
4
0
7
0
0
3
13
0
18
12
15
1
0
9
4
6
2
0
6
14
32
7
4
13
2
7
3
0
0
0
27
19
0
0
2
0
0
2
11
0
3
0
0
0
0
2
0
7
16
6
3
8
0
0
0
6
1
1
0
0
5
4
6
0
4
2
0
3
6
0
0
2
9
4
8
4
0
3
12
1
4
4
0
0
18
22
2
7
8
0
10
6
0
0
14
5
11
0
6
0
3
8
1
5
4
7
1
0
9
9
11
4
1
0
3
1
6
3
1
1
0
0
5
0
1
0
0
0
3
0
0
5
6
0
0
2
0
0
1
0
0
1
1
11
4
2
1
0
1
5
4
0
0
3
4
2
0
0
0
2
0
0
0
0
1
0
2
0
5
5
0
0
1
0
0
0
0
3
3
2
0
6
0
0
4
10
0
0
0
0
0
7
6
0
0
5
5
5
0
0
0
12
0
3
4
0
3
0
6
0
0
3
0
0
0
0
3
0
7
3
0
0
0
0
7
0
5
3
3
0
0
4
0
0
0
9
6
11
0
9
0
2
0
0
0
0
1
5
5
9
0
0
0
0
0
2
0
1
0
3
1
0
0
0
2
0
0
0
4
1
1
0
0
0
3
0
0
9
5
0
0
2
0
4
0
3
0
0
6
3
0
0
0
0
0
0
4
0
0
1
0
0
0
0
6
17
13
3
3
0
3
0
0
0
0
1
0
1
0
6
0
0
3
3
0
0
0
0
0
11
25
12
4
0
0
7
1
0
0
0
0
0
5
0
5
0
0
3
1
4
1
7
0
0
1
0
0
1
0
3
4
4
1
1
0
0
0
0
0
0
0
4
0
0
0
0
0
0
0
5
15
10
3
0
8
0
0
4
4
2
0
0
0
1
0
0
0
3
0
0
0
1
0
0
1
1
0
0
1
0
1
0
0
6
1
2
0
0
0
0
0
0
0
0
0
0
0
2
0
2
0
1
0
4
0
6
8
0
5
0
1
4
1
1
0
0
0
3
0
3
1
0
1
0
0
2
1
0
0
0
4
1
1
0
0
1
6
0
6
0
0
0
1
2
2
0
2
2
0
0
4
8
6
4
2
0
4
0
2
0
2
0
4
2
3
0
0
0
0
3
0
1
0
0
0
0
0
1
3
0
0
0
2
0
0
1
1
2
0
0
0
0
2
1
0
0
0
0
0
2
0
0
3
5
0
6
1
0
1
0
0
4
3
1
3
0
0
0
2
0
0
0
0
0
0
0
0
2
0
0
0
0
4
0
0
0
0
0
1
0
4
2
0
0
4
1
0
0
3
3
0
0
1
1
0
0
6
1
0
0
1
0
0
0
0
2
0
0
1
0
0
0
1
5
0
0
0
0
1
0
2
0
0
0
0
0
0
7
14
9
8
6
0
0
0
3
0
0
0
4
3
0
0
5
0
1
1
4
2
6
0
4
1
2
1
0
0
3
0
1
0
0
0
0
0
1
1
1
0
0
2
0
2
0
0
0
0
0
0
0
6
1
0
0
1
2
4
0
0
3
0
1
0
1
4
1
3
3
0
0
1
0
0
0
0
0
0
0
1
2
0
0
0
0
0
0
0
0
0
0
0
0
0
0
1
0
0
0
3
0
1
1
2
0
2
0
4
3
0
0
1
0
0
4
0
1
0
0
0
0
0
4
0
1
0
3
0
0
0
0
1
0
4
2
0
1
0
0
0
0
1162
