../2_Decay/DataFilesGe/Decay/416034G2.TXTBackgroundRemoved 
0
0
0
0
0
0
0
0
0
0
0
0
0
0
32
16
2
44
85
96
47
0
0
0
14
12
0
8
7
19
10
0
0
0
3
1
0
0
0
0
16
4
6
0
0
12
0
0
0
6
4
4
0
1
0
0
2
8
0
11
0
0
0
0
10
0
15
0
0
0
0
0
4
4
0
12
0
0
0
0
0
0
0
0
0
0
7
0
19
0
6
0
0
6
0
0
0
0
0
0
0
16
0
0
0
1
4
0
0
8
0
0
11
9
0
30
14
0
20
6
3
10
12
7
7
0
0
0
28
0
0
8
6
6
0
20
6
6
12
11
0
0
19
1
0
12
23
0
0
3
15
7
6
31
0
22
0
9
5
8
4
0
0
7
7
0
16
6
5
0
0
11
1
5
6
4
7
0
11
11
0
6
8
10
1
0
11
6
0
1
0
7
16
14
6
3
0
4
5
10
13
6
1
11
2
0
9
15
11
0
6
0
2
29
0
0
0
0
5
0
0
1
0
0
12
0
6
0
1
0
0
4
9
16
4
12
0
0
0
7
32
0
8
7
12
0
0
0
10
0
11
7
11
9
0
0
1
0
2
11
0
0
0
0
3
5
0
0
3
8
0
0
0
8
0
0
3
0
1
10
0
0
6
3
1
9
9
0
0
2
0
0
0
29
10
0
2
0
17
1
0
4
2
0
0
1
4
0
9
5
13
2
0
4
0
1
7
0
5
3
0
7
0
0
0
4
0
0
0
0
6
9
0
3
9
7
0
0
0
0
0
0
11
0
0
0
0
30
20
3
12
0
2
1
0
6
0
4
0
0
0
7
1
4
3
4
4
2
2
0
0
8
0
9
5
0
0
1
0
0
4
0
0
1
1
3
0
0
0
1
0
0
13
4
3
1
1
4
0
4
1
1
4
0
0
0
10
3
0
0
4
0
4
4
2
9
0
1
0
0
1
0
0
1
1
6
2
0
0
0
0
0
1
0
0
2
0
5
0
1
5
3
2
1
7
0
2
5
0
1
0
0
0
0
4
1
0
0
4
0
1
0
1
0
3
0
6
0
0
1
2
3
0
0
0
0
4
0
0
0
3
0
9
0
0
1
0
0
0
0
0
3
0
0
0
0
0
0
14
12
13
0
4
0
0
6
1
0
0
2
4
1
7
0
0
3
0
0
3
0
2
3
0
0
1
4
4
3
0
0
0
0
0
0
0
0
4
3
1
1
1
1
4
0
0
5
0
0
0
0
0
8
4
2
0
0
0
0
0
1
1
0
0
0
1
0
0
7
13
5
0
0
0
2
1
0
3
0
0
0
1
1
0
0
0
0
0
3
0
0
0
0
7
19
20
7
6
1
0
0
0
0
0
6
0
0
0
0
3
0
0
4
2
0
0
1
0
0
2
0
0
0
0
0
0
1
5
0
0
0
0
0
0
2
5
1
0
2
4
0
0
0
9
13
8
9
2
8
1
0
0
1
3
0
0
2
1
0
1
0
4
2
0
1
2
0
0
0
6
0
0
2
0
1
0
1
0
0
4
0
0
0
3
0
0
0
2
4
0
0
1
0
4
0
0
1
0
0
0
6
1
1
0
2
0
1
0
1
0
0
0
2
0
2
0
2
0
1
1
2
2
0
2
1
0
1
0
4
0
0
0
7
0
0
1
0
1
0
0
1
1
1
0
5
1
0
1
4
0
0
0
0
0
0
0
0
4
0
3
1
0
0
5
0
1
1
0
0
0
0
5
1
0
0
0
0
0
0
0
2
0
2
4
0
2
1
0
0
2
0
0
0
3
0
0
2
1
3
1
0
2
0
0
0
0
0
0
1
0
0
0
1
0
0
0
0
0
4
0
0
1
1
0
2
2
2
0
0
0
0
0
5
0
3
0
3
0
0
1
0
0
0
2
2
0
2
0
0
0
0
0
0
0
3
0
0
0
0
2
2
3
0
0
1
0
0
2
0
0
0
1
0
0
0
0
1
0
0
0
7
0
1
5
6
3
0
0
0
2
1
0
0
0
4
0
0
0
3
0
0
0
0
1
0
0
3
0
0
0
0
0
1
2
0
0
1
2
0
0
3
0
0
1
0
0
1
0
0
0
0
0
0
0
3
0
1
0
5
7
0
1
1
0
0
0
5
0
1
0
0
0
1
1
0
0
0
0
0
0
0
2
3
0
3
0
0
0
1
0
0
0
0
0
0
0
0
0
1
3
0
0
1
0
0
1
0
0
0
0
4
2
0
0
0
0
5
2
1
0
0
2
3
0
1
0
0
2
2
0
1
0
0
1
0
0
0
2
0
0
0
0
0
1868
0
