../2_Decay/DataFilesGe/Decay/416023G2.TXTBackgroundRemoved 
0
0
0
0
0
0
0
0
0
0
0
0
3
1
90
282
199
142
103
56
56
58
48
49
52
43
51
38
27
67
54
69
58
51
41
19
27
5
22
16
20
25
24
24
8
8
2
2
2
8
34
16
10
17
26
6
9
16
6
15
23
19
7
15
26
25
40
38
14
24
23
4
15
1
20
15
16
32
17
9
27
35
10
0
9
6
33
7
28
20
27
12
43
39
13
17
43
28
20
21
14
46
22
41
37
33
34
33
36
36
35
33
21
8
16
39
29
27
29
22
36
23
48
18
29
43
13
1
44
30
34
23
20
45
31
67
37
41
26
46
3
45
51
20
48
8
40
10
25
33
13
21
29
29
25
25
29
12
35
38
29
17
14
30
8
13
22
29
47
24
15
33
4
24
23
23
12
23
10
29
15
24
18
28
29
25
14
25
25
35
27
8
11
27
9
6
26
0
1
28
18
24
11
14
25
36
36
21
44
3
18
1
25
23
13
17
17
11
21
30
30
19
13
23
25
20
11
21
15
14
16
20
27
7
1
29
17
6
6
16
59
59
20
24
19
13
5
19
12
12
10
21
11
19
5
16
8
2
1
21
24
26
3
19
6
21
9
12
6
26
14
16
1
14
2
2
0
15
7
17
1
14
19
9
9
9
9
1
7
6
11
1
1
21
22
5
4
4
13
6
4
13
1
7
7
3
10
10
6
12
8
10
0
1
11
14
8
8
2
17
2
4
8
2
7
7
2
10
4
2
7
7
7
6
3
6
5
8
2
1
1
7
7
0
0
0
0
17
37
15
4
3
14
6
17
4
0
11
7
7
7
11
2
3
5
5
6
5
2
6
2
14
6
2
2
2
0
0
0
2
2
3
1
3
6
6
6
10
5
1
2
6
2
2
8
6
5
4
2
2
2
6
6
2
7
4
13
13
6
6
3
3
10
2
2
2
5
8
1
2
1
9
9
4
4
7
0
9
5
9
4
1
1
8
0
0
0
0
1
3
3
3
3
8
5
4
7
5
6
0
0
2
2
3
2
3
5
5
4
10
4
1
4
4
6
4
2
2
2
4
5
1
1
0
0
0
10
1
1
1
4
2
0
0
0
7
1
4
3
2
0
4
4
0
4
4
4
4
5
9
21
6
5
6
6
3
3
5
2
3
3
0
7
3
3
2
5
4
4
4
9
4
4
7
7
7
0
4
4
0
0
4
4
0
2
2
2
1
1
4
4
4
5
3
5
5
5
4
3
10
0
0
0
0
0
0
0
4
5
5
5
0
0
0
9
9
9
6
12
12
6
2
9
2
2
2
0
0
0
0
0
0
0
2
2
2
5
6
6
6
6
6
6
20
25
10
6
1
1
0
4
4
4
3
3
5
0
5
5
5
7
0
0
8
8
2
3
3
3
3
2
0
4
3
3
3
3
4
0
4
4
1
4
2
4
4
4
1
1
1
1
1
4
5
16
8
1
1
1
1
1
1
2
0
0
3
3
2
2
2
2
0
0
3
3
1
1
3
5
1
1
0
3
1
0
0
0
0
0
3
1
1
0
0
0
3
2
2
5
2
4
0
2
2
2
2
0
0
1
1
10
2
5
6
3
3
0
9
1
1
1
1
2
2
2
2
3
3
0
2
0
3
3
0
0
7
3
6
6
6
4
2
1
5
5
5
2
0
0
0
3
3
0
1
1
4
5
1
1
1
2
2
2
2
2
1
0
2
2
0
1
3
3
7
2
3
0
0
0
2
3
3
2
1
4
4
3
3
3
3
3
0
4
4
4
2
2
1
1
3
6
3
2
2
3
7
7
4
1
1
1
3
3
3
2
4
2
2
2
2
2
0
0
2
2
3
3
0
0
0
3
8
1
0
4
0
0
0
5
5
3
2
1
3
1
0
1
4
4
5
0
2
1
0
0
3
3
3
3
2
2
1
1
3
2
4
4
4
5
5
5
2
2
2
4
3
3
1
0
1
3
1
1
1
1
4
4
4
4
4
6
5
6
8
5
4
4
4
0
1
0
0
3
2
0
0
0
2
2
2
0
4
1
2
2
3
0
0
5
5
3
0
0
0
0
2
2
0
2
2
2
3
3
0
0
8
8
8
8
8
8
8
1
1
2
4
1
2
4
3
2
0
3
2
1
0
1
3
3
0
0
1
1
1
1
1
1
0
0
4
5
0
1
1
1
0
0
0
1
1
1
2
2
2
1
2
0
0
2
0
0
0
0
0
1
1
3
2
2
1
1
1
3
3
0
1
2
2
2
1
1
0
0
0
0
1
1
3
3
1
2
2
0
0
4
1
0
0
4
3
3
2
2018
2018
