../2_Decay/DataFilesGe/Decay/416027G2.TXTBackgroundRemoved 
0
0
0
0
0
0
0
0
0
0
0
0
2
5
35
83
13
38
26
39
26
1
4
0
19
33
60
47
24
1
23
4
9
0
6
15
3
16
20
0
15
0
19
2
0
0
5
2
4
6
3
0
0
0
1
0
0
0
0
6
2
20
0
12
4
0
10
0
0
0
0
18
12
5
0
0
0
0
0
0
2
0
6
0
0
0
0
0
19
18
8
1
30
15
29
13
57
18
19
53
14
52
14
37
17
29
23
5
0
11
14
0
0
20
3
31
3
0
10
0
9
0
0
3
23
7
0
8
14
0
13
0
0
6
0
0
0
28
1
0
22
13
17
11
0
0
44
0
0
0
18
8
3
1
27
10
5
11
0
0
0
0
0
0
0
0
10
0
6
0
0
11
0
10
9
0
0
4
3
11
0
0
12
18
0
1
0
11
0
0
13
5
0
20
12
4
1
0
0
0
7
3
0
0
19
4
11
11
21
0
5
0
0
7
8
0
0
4
0
4
0
18
0
6
5
6
0
2
15
0
0
9
4
12
3
0
11
5
0
25
29
3
15
8
16
4
0
0
9
3
2
18
3
5
1
0
5
4
4
2
16
2
0
0
9
14
4
0
3
0
0
9
15
14
12
0
0
5
6
11
0
6
4
8
6
3
1
0
5
1
5
0
0
35
27
0
0
0
7
0
0
4
0
0
0
2
5
0
3
6
15
5
0
5
1
5
0
9
3
8
4
2
0
0
0
10
0
3
0
3
2
3
0
0
1
13
0
10
2
6
5
3
4
7
0
0
0
8
28
2
0
6
9
0
2
1
0
9
0
0
0
6
0
6
1
2
0
0
8
2
0
1
2
2
2
0
5
5
5
0
1
2
6
7
3
5
0
2
0
0
0
3
8
4
0
2
12
6
7
3
0
0
1
6
11
0
2
1
1
0
5
0
3
1
1
0
8
3
5
3
0
3
0
4
0
0
0
0
0
1
0
0
3
0
0
1
0
0
0
3
0
6
3
0
0
1
0
4
3
0
2
0
0
0
5
5
1
0
1
1
3
0
4
0
2
0
3
0
1
2
3
8
1
0
0
0
0
0
0
0
0
2
2
1
0
5
0
0
0
0
0
0
4
2
4
0
0
0
0
2
10
16
4
0
1
2
0
3
6
2
0
0
4
3
0
0
2
1
10
1
3
4
2
3
2
0
0
4
0
0
0
0
7
1
0
1
0
0
0
0
0
2
0
0
0
1
2
0
0
4
5
1
0
3
2
0
0
2
2
0
1
0
0
3
3
0
0
2
13
14
6
2
0
1
1
1
0
0
0
0
0
1
0
0
0
0
0
0
9
0
0
0
6
27
22
10
2
0
3
0
0
1
1
1
0
0
0
3
3
0
0
0
3
2
0
1
2
2
1
0
0
0
0
0
0
0
0
0
0
5
0
2
0
0
1
0
0
0
0
0
0
0
3
7
9
5
0
5
0
0
0
3
1
0
2
0
2
0
0
4
2
0
5
2
0
0
0
0
3
0
0
1
1
5
2
0
2
0
0
0
1
0
0
0
0
0
0
0
1
0
1
0
0
2
0
0
1
3
3
1
1
0
0
4
0
1
0
7
0
0
0
2
1
0
0
0
0
0
2
1
1
0
2
0
2
0
0
2
4
1
6
0
5
0
3
0
0
0
0
1
1
0
0
2
0
0
0
2
1
0
0
0
1
0
0
0
0
3
0
2
0
0
0
0
0
0
0
0
0
0
2
0
0
0
0
0
2
0
0
2
0
0
0
1
2
2
1
3
0
2
0
0
0
0
0
1
0
0
1
0
0
2
6
0
0
0
0
2
0
0
1
0
0
2
0
0
2
4
0
4
0
2
0
0
1
0
4
0
3
0
0
0
0
1
0
2
0
0
0
0
0
0
0
0
0
0
0
1
0
0
3
0
0
0
2
0
0
1
0
0
0
0
0
1
0
0
3
0
0
0
0
1
0
3
0
1
2
0
0
0
0
5
7
7
2
5
1
0
0
0
1
0
0
0
0
1
0
0
3
0
0
0
0
0
5
1
0
3
0
0
0
0
0
0
0
2
1
1
1
0
0
2
0
3
0
5
0
0
1
1
0
0
0
0
5
0
2
4
1
0
1
1
0
0
0
1
0
0
0
1
2
2
0
0
2
0
0
2
0
0
1
0
0
1
0
0
0
0
3
0
2
3
0
0
0
0
0
1
0
3
2
0
1
0
2
0
0
2
0
2
0
0
2
1
1
3
0
4
0
0
0
1
0
0
0
0
0
0
0
0
0
0
0
0
0
0
0
0
5
2
0
3
1853
0
