../2_Decay/DataFilesGe/Decay/416041G2.TXTBackgroundRemoved 
0
0
0
0
0
0
0
0
0
0
0
0
0
0
43
53
29
33
15
21
18
0
0
0
0
4
11
0
0
8
23
4
0
0
0
15
2
0
27
5
12
16
21
0
0
2
0
0
0
0
0
7
19
9
0
0
0
0
0
0
0
7
0
0
0
0
0
0
0
0
0
0
0
0
0
0
0
0
0
0
0
3
9
0
0
0
6
0
11
0
0
0
0
12
0
0
0
6
0
0
0
1
0
6
0
0
0
0
1
0
0
0
0
0
0
22
0
18
2
15
8
1
13
12
0
10
0
2
30
0
0
5
3
0
0
0
8
7
0
25
0
15
45
5
5
0
18
0
0
0
9
0
0
5
0
15
27
0
6
0
15
0
13
0
0
0
0
0
2
0
0
0
0
16
12
0
2
0
0
1
1
3
0
21
0
0
13
0
11
5
20
2
0
26
9
0
4
4
0
0
8
0
4
0
7
30
0
12
7
3
15
0
0
9
0
1
2
0
10
0
0
13
0
0
11
12
7
1
13
3
0
0
3
20
1
3
6
5
0
31
24
0
2
11
4
0
0
0
0
0
5
7
3
4
0
3
12
7
0
0
3
0
0
0
0
3
3
2
10
7
3
5
2
2
6
1
13
0
3
11
0
9
10
7
10
0
0
0
6
6
1
3
0
12
1
5
0
0
6
0
0
1
0
12
12
0
2
0
0
0
8
5
0
0
3
0
0
0
6
0
3
0
2
2
0
2
0
0
8
0
0
0
0
0
7
11
0
5
1
3
7
2
0
0
0
0
0
21
22
5
2
0
1
0
2
6
0
0
4
0
0
3
0
0
0
0
3
0
3
4
0
2
0
0
3
0
4
5
0
5
0
0
9
0
0
2
0
0
4
1
0
3
17
1
1
3
0
1
3
4
0
0
0
0
0
0
0
0
0
0
10
0
3
0
7
2
0
0
7
1
3
0
1
0
0
0
0
2
0
0
0
0
0
0
0
5
1
6
0
0
4
0
1
0
9
0
0
0
6
0
0
0
0
1
5
2
3
1
0
0
0
0
0
0
6
8
8
2
0
7
4
0
2
2
0
0
0
2
0
0
0
2
1
3
2
0
0
0
0
1
0
3
0
0
0
0
0
0
0
4
2
3
6
0
0
0
0
0
4
2
0
1
6
2
0
0
0
0
0
0
4
2
0
3
0
0
3
0
0
0
0
0
2
6
1
1
0
0
1
0
5
0
1
5
2
0
1
1
0
5
4
0
8
2
2
0
0
0
6
4
0
0
0
0
4
0
0
3
15
14
2
0
0
2
6
0
0
1
2
0
0
0
0
0
1
3
2
0
0
1
0
0
3
29
12
0
0
0
1
0
2
0
0
2
0
0
1
3
0
0
0
1
0
2
0
3
4
0
0
0
1
0
0
7
0
0
0
0
3
0
0
0
5
0
0
0
0
1
0
0
0
0
5
14
5
0
1
0
0
1
0
0
2
1
0
0
0
1
0
0
0
0
0
0
2
0
0
0
3
2
0
0
0
0
0
3
1
3
0
0
0
0
0
0
0
0
0
0
0
0
2
0
2
0
1
0
1
0
1
4
1
0
0
2
0
3
5
0
0
0
0
0
0
1
0
5
0
0
0
1
0
0
0
0
0
4
0
5
0
0
4
2
1
0
0
1
2
0
0
1
0
0
0
0
2
0
3
4
1
1
0
0
0
2
4
3
4
1
2
2
0
0
0
1
0
0
0
0
0
2
6
3
0
1
0
0
0
0
0
0
0
0
0
0
0
1
0
0
0
0
0
0
0
0
1
4
0
0
0
0
0
0
0
0
3
6
0
4
0
0
0
3
0
0
0
2
0
0
0
0
0
0
0
0
4
0
1
0
3
0
0
1
0
4
0
0
0
1
0
0
0
0
3
0
0
0
1
3
3
2
1
0
0
0
0
0
0
0
4
0
0
0
0
0
0
0
0
0
0
0
1
1
0
1
0
0
0
0
0
0
0
3
0
2
2
0
1
1
0
4
0
0
0
0
2
0
0
0
0
0
0
2
2
0
0
0
0
0
0
0
3
0
0
0
0
3
1
1
0
0
0
3
0
0
0
3
0
1
0
0
0
0
0
0
4
0
0
2
0
1
0
0
0
0
0
3
0
0
0
0
0
0
2
0
1
3
0
1
0
0
0
1
0
0
0
0
1
0
1
0
0
2
0
0
1
0
0
0
1
0
1
0
0
0
0
0
0
0
0
1
2
0
1
1
0
0
2
0
0
0
0
1
0
0
0
0
0
4
0
0
0
0
2
0
1
0
0
0
1
0
0
0
1808
0
