../2_Decay/DataFilesGe/Decay/416031G2.TXTBackgroundRemoved 
0
0
0
0
0
0
0
0
0
0
0
2
0
0
114
293
68
41
48
9
0
6
2
0
0
2
4
0
0
0
0
0
0
2
0
9
0
0
9
0
8
8
8
0
0
1
0
3
0
0
6
36
0
0
0
4
0
0
4
6
0
3
0
0
4
17
0
0
0
0
0
0
2
0
0
0
0
0
0
0
0
0
0
7
1
0
1
0
10
0
0
9
0
12
0
0
0
0
0
0
1
12
0
23
0
0
0
0
0
15
0
6
0
0
0
0
0
13
19
0
0
0
0
0
22
6
0
11
47
0
0
0
0
7
0
0
6
0
0
7
0
1
35
10
11
0
9
0
8
0
9
4
11
0
10
18
0
4
16
0
5
0
11
0
0
0
5
3
7
12
16
6
0
0
18
22
33
0
8
0
4
0
0
12
0
0
32
15
0
16
7
5
7
7
7
1
0
0
2
7
0
0
0
0
2
4
0
4
24
0
6
0
12
12
2
9
0
0
13
0
0
13
4
0
10
0
0
7
20
4
0
0
7
6
0
7
8
7
0
0
35
0
0
19
9
7
0
0
0
0
10
18
12
10
2
0
8
0
0
0
15
11
7
2
3
2
0
1
0
0
0
10
0
6
0
11
3
13
0
8
0
14
8
0
8
11
5
0
8
2
5
0
0
6
21
0
1
0
10
0
7
2
2
2
1
0
0
2
16
4
1
5
1
7
0
7
6
0
8
7
0
7
0
0
4
13
1
0
0
0
9
7
0
9
0
7
0
6
4
0
0
0
10
3
0
0
0
9
22
8
6
0
1
6
0
0
0
2
1
4
0
4
0
4
0
0
0
1
0
0
0
9
7
1
0
1
1
4
0
0
0
0
2
0
0
0
3
0
0
2
2
1
7
0
0
0
4
0
1
7
0
0
0
7
7
0
0
0
0
0
4
0
6
5
2
1
8
2
0
4
1
3
0
1
0
0
0
0
0
0
0
2
1
0
2
2
3
0
0
2
0
0
2
0
0
0
0
0
8
1
0
0
0
0
0
0
2
0
1
0
0
4
0
0
3
0
5
0
5
2
1
0
0
0
0
0
2
0
0
0
0
0
0
1
9
0
2
0
4
12
0
1
0
1
0
0
0
0
4
0
10
3
0
2
0
1
5
1
1
4
0
0
6
4
5
4
5
3
0
0
5
0
2
0
0
0
1
2
0
1
4
5
0
3
0
0
0
0
0
0
2
0
1
1
0
0
0
0
0
3
2
1
3
0
0
2
3
0
0
0
0
2
3
1
1
0
0
1
5
12
0
1
0
2
1
0
8
3
0
2
0
0
0
0
0
3
7
0
0
0
0
0
0
14
24
1
3
0
0
0
0
1
0
0
0
0
0
7
5
0
0
0
3
3
0
2
0
0
2
0
8
0
0
0
0
0
3
0
0
0
0
7
0
1
2
0
0
0
0
0
0
0
0
5
4
4
0
0
0
0
0
4
0
2
1
3
0
0
0
1
1
4
0
6
0
1
0
0
2
0
0
1
0
1
0
3
0
0
0
0
0
0
1
0
0
0
3
0
0
1
6
0
2
0
2
0
0
0
3
0
0
1
0
0
0
4
7
4
0
0
1
0
3
1
0
0
0
0
5
0
0
2
1
0
0
2
1
1
0
0
0
7
0
0
0
0
0
6
0
3
1
0
0
1
2
0
2
4
2
3
0
1
0
0
0
0
1
1
0
0
0
0
3
1
3
0
0
0
0
2
1
4
0
3
0
2
0
0
0
3
3
1
0
0
0
1
1
1
3
0
0
0
1
0
4
3
0
0
1
0
0
0
0
0
0
3
0
2
2
0
2
0
0
0
0
0
0
0
0
0
1
2
0
1
0
1
0
0
0
0
0
1
1
7
2
0
2
0
3
1
0
0
0
0
0
0
5
1
0
0
0
1
3
1
0
1
0
0
5
0
0
0
3
0
4
0
8
2
0
0
3
3
0
0
0
2
3
0
0
0
0
1
3
6
5
0
0
0
1
0
0
0
1
2
0
0
0
0
0
0
0
0
0
0
2
0
0
0
2
0
2
0
2
0
0
1
2
0
0
0
0
0
0
0
0
0
0
0
2
0
0
0
0
0
1
0
1
7
5
3
1
2
0
0
0
0
1
0
0
0
2
0
0
0
0
0
2
0
2
0
1
0
0
1
0
0
1
0
0
0
0
0
0
0
0
0
0
0
2
0
1
1
0
2
0
1
0
1
0
3
0
0
0
0
0
0
3
0
0
3
0
2
0
0
0
1
2
0
0
1
0
0
0
0
0
1
0
0
0
0
0
0
1731
0
