../2_Decay/DataFilesGe/Decay/416033G2.TXTBackgroundRemoved 
0
0
0
0
0
0
0
0
0
0
0
0
9
3
41
32
32
72
141
86
25
8
0
0
14
10
6
4
0
0
16
6
14
0
7
0
0
0
0
16
5
18
0
9
0
0
0
12
0
0
3
5
0
0
0
0
0
0
1
0
20
0
10
0
8
0
9
24
0
0
0
0
8
0
0
0
0
3
0
8
0
0
0
0
0
0
7
0
1
0
26
0
0
0
7
12
0
0
0
0
0
0
0
1
0
1
0
19
0
11
0
6
6
18
0
0
0
0
10
20
3
5
4
12
1
6
0
0
29
0
0
0
29
19
20
11
14
5
0
24
0
18
0
2
15
13
2
0
5
17
0
0
4
1
16
3
0
0
1
15
0
14
0
0
5
0
5
0
5
1
15
12
11
13
11
12
9
21
9
0
2
10
9
8
0
0
0
5
0
7
13
17
0
8
21
0
14
2
0
0
10
0
0
0
5
0
0
5
16
0
4
2
2
6
2
1
0
14
0
2
3
1
0
0
30
2
3
3
2
0
0
9
5
9
8
3
0
15
0
11
26
0
3
20
23
12
0
0
1
0
0
3
0
0
0
0
0
5
0
0
0
0
4
0
0
16
0
5
9
0
8
3
3
5
6
0
0
3
3
7
0
2
15
9
0
27
0
0
8
0
0
0
0
19
27
3
0
0
1
3
3
0
4
0
0
0
5
0
3
0
6
8
0
2
0
0
1
0
1
0
0
8
0
2
6
5
5
7
0
0
1
0
0
0
8
0
2
2
0
0
4
0
0
2
0
0
0
18
20
4
0
0
5
0
1
0
0
5
2
3
0
1
0
5
7
5
4
1
0
0
0
2
7
0
10
1
4
2
0
2
0
0
3
0
0
0
0
0
0
0
0
0
4
0
0
0
0
0
0
5
0
6
4
0
3
0
4
9
6
7
9
1
5
4
3
0
2
1
3
4
0
5
0
2
0
6
0
0
1
0
0
0
8
0
0
5
2
0
2
3
0
1
2
0
1
6
3
0
5
0
4
0
0
6
2
3
0
0
8
0
1
0
4
7
7
0
0
3
0
0
8
0
0
0
0
0
0
0
6
0
0
0
1
3
0
0
2
6
1
0
0
0
0
0
1
0
0
0
3
4
14
4
0
0
0
1
0
0
0
0
0
1
0
1
0
3
0
0
0
0
4
1
1
2
0
4
0
1
0
0
0
0
0
0
0
0
0
2
0
4
1
0
0
0
0
3
1
0
1
5
0
0
0
4
4
0
4
3
5
0
1
1
5
3
0
0
0
6
13
10
4
3
1
2
0
1
0
0
3
0
0
2
0
0
2
0
0
2
0
0
0
0
4
23
17
0
0
1
0
1
0
0
0
1
0
0
0
2
0
0
1
0
1
0
0
0
1
0
0
0
0
0
0
7
0
0
0
2
0
1
0
3
0
2
1
0
0
0
0
0
0
0
0
18
15
3
0
2
0
2
0
2
0
0
0
0
0
0
1
1
3
4
5
0
1
0
0
1
0
0
0
1
0
4
4
1
4
0
0
0
0
3
1
0
0
0
0
0
2
0
8
2
6
1
2
0
1
0
0
3
1
1
1
5
3
4
3
2
0
0
4
0
4
0
3
3
0
0
0
0
0
0
0
0
2
4
0
1
0
0
0
2
0
0
0
0
4
0
0
0
2
0
0
2
0
5
0
0
0
5
0
1
1
0
0
0
5
0
6
0
0
0
4
0
0
0
0
0
0
0
2
4
3
0
0
0
0
0
0
0
0
2
4
1
0
1
0
2
2
0
1
1
2
0
0
1
1
1
0
0
5
3
0
1
0
2
0
0
0
0
1
0
2
4
0
0
0
0
0
0
3
2
0
0
0
0
0
0
0
2
0
3
1
2
6
4
2
0
0
0
0
0
2
0
0
1
1
0
0
2
2
0
0
2
1
0
0
0
5
0
0
0
4
1
1
2
2
0
0
1
3
1
0
1
0
2
0
0
0
0
5
0
4
5
4
0
0
0
1
2
0
2
0
4
0
0
1
0
0
0
0
1
3
0
4
1
3
0
0
0
2
0
1
0
0
2
0
0
1
2
0
5
1
0
2
1
0
4
1
0
1
0
0
0
1
0
0
8
0
0
0
0
0
0
0
1
2
3
0
0
4
0
3
0
0
0
0
1
4
0
0
0
0
1
2
0
1
0
2
0
5
1
1
0
0
0
0
2
0
0
0
0
0
0
2
1
0
0
0
0
2
0
0
0
0
0
2
0
0
1
0
3
0
0
0
0
1
0
0
0
0
0
2
0
1
0
0
3
2
2
0
0
1740
0
