../2_Decay/DataFilesGe/Decay/416020G2.TXTBackgroundRemoved 
0
0
0
0
0
0
0
0
0
0
0
0
4
0
40
96
115
109
86
67
52
26
13
34
79
84
93
73
63
53
34
34
42
16
39
37
8
4
31
9
22
28
12
12
10
18
12
3
1
18
28
18
20
15
4
4
27
9
24
28
23
9
33
14
24
19
19
16
6
5
14
13
38
38
31
8
10
16
5
21
21
16
14
16
23
23
33
29
38
16
28
0
24
33
41
48
27
6
28
21
18
29
2
37
35
9
42
32
18
14
7
23
25
43
30
39
31
10
36
30
34
34
27
41
35
10
30
25
23
38
32
28
30
30
39
21
25
49
40
31
50
55
40
56
42
46
35
31
40
40
44
28
52
12
23
12
8
23
23
16
38
38
23
17
36
10
11
7
15
5
33
29
8
38
24
26
15
14
12
39
23
17
27
20
8
20
21
19
28
44
24
19
21
28
46
12
16
22
15
33
15
15
24
3
23
11
4
18
24
11
12
12
18
17
23
23
9
5
10
15
20
29
29
8
8
3
10
17
15
12
12
11
15
14
17
15
8
22
22
47
35
0
17
4
15
30
1
12
9
12
12
20
11
20
15
1
13
13
8
13
9
15
19
10
3
14
14
7
5
14
14
17
14
4
2
15
1
14
14
11
13
10
20
1
5
13
1
2
11
9
4
1
1
22
22
22
7
12
13
9
9
5
2
6
2
2
8
8
4
4
18
18
7
7
15
2
2
9
2
3
4
4
12
0
5
15
11
11
10
2
5
8
8
7
11
6
5
7
6
9
18
8
10
4
4
4
4
47
1
6
6
7
0
3
8
8
8
10
10
9
2
2
3
11
11
7
4
10
1
2
6
6
2
7
6
5
5
3
3
2
4
4
4
4
4
4
7
7
5
1
1
2
7
11
11
4
6
6
3
7
7
7
2
5
5
2
7
3
12
12
6
1
3
3
6
6
0
12
8
0
8
9
9
9
3
5
2
3
3
0
12
13
13
3
2
9
3
3
0
5
5
5
1
10
3
1
3
7
6
2
2
2
0
11
1
11
2
2
4
5
4
7
2
1
4
1
1
7
10
4
1
5
5
5
1
4
2
5
3
2
6
3
8
8
8
6
7
8
2
2
2
2
2
2
7
0
0
0
8
10
13
9
5
5
3
2
1
7
1
1
1
4
4
5
0
6
6
7
5
0
6
8
1
6
1
1
7
3
3
3
3
0
9
3
3
0
0
2
2
2
3
3
3
4
1
3
4
0
2
2
2
2
3
3
2
1
1
1
0
0
1
1
1
5
0
0
1
13
13
7
5
6
6
2
2
2
5
1
1
1
1
1
1
1
0
0
0
0
0
0
0
0
30
19
6
3
0
3
3
6
5
4
1
4
4
1
4
0
0
1
3
7
2
0
1
1
1
1
2
2
1
1
3
1
1
1
0
0
3
1
0
7
3
5
5
0
0
5
5
5
5
3
17
11
5
5
5
7
1
1
1
6
4
3
4
0
3
1
1
1
0
3
1
3
1
2
2
2
2
1
1
2
2
1
1
6
3
4
2
1
1
1
1
1
0
0
0
0
0
0
5
2
5
5
0
0
4
4
2
1
0
0
0
0
6
2
2
0
0
0
7
7
1
1
1
1
1
4
1
1
1
1
1
1
0
0
0
2
0
10
3
6
3
1
1
1
2
2
2
2
0
1
1
6
5
0
2
0
0
0
0
0
0
0
0
1
2
2
2
2
2
3
3
1
0
1
1
2
2
0
0
1
5
3
2
2
1
3
3
3
1
1
1
2
1
1
3
5
5
5
5
5
2
0
5
4
1
7
2
2
2
1
2
2
0
0
1
0
0
0
1
1
0
0
0
0
0
1
3
2
2
1
1
3
1
0
0
0
1
1
1
2
7
6
0
0
1
0
6
4
4
4
5
0
5
5
0
0
0
3
1
3
5
6
0
3
2
2
4
6
6
3
3
2
1
1
3
3
3
3
4
4
2
0
0
0
0
0
0
7
6
3
0
3
2
0
1
1
0
0
0
0
0
1
1
4
2
0
1
1
2
2
0
0
0
2
2
5
1
1
2
0
1
1
1
1
3
2
3
1
1
0
5
5
0
5
0
2
6
1
6
6
0
0
5
1
3
2
2
1
2
6
3
3
5
1
2
2
2
0
0
0
3
3
0
0
1
1
2
2
2
0
2
3
3
3
3
3
3
3
2
2
2
4
4
2
2
0
0
0
1
2
0
0
0
0
4
4
0
2
2
0
0
0
0
0
3
3
1
0
3
2
2
2
2
0
0
1
1
1
2
2
1
2
1
1
1
1
0
1
1
0
1330
141
