../2_Decay/DataFilesGe/Decay/416036G2.TXTBackgroundRemoved 
0
0
0
0
0
0
0
0
0
0
0
0
0
0
31
0
0
25
47
29
0
0
11
0
5
0
0
7
5
6
0
0
0
0
14
0
0
0
0
0
0
7
3
0
0
10
10
10
4
0
0
0
0
0
2
0
1
0
14
0
0
0
1
0
0
0
0
0
4
11
0
0
0
0
0
0
0
5
0
0
0
0
2
0
0
0
0
4
3
0
0
0
1
0
0
0
0
0
0
6
0
9
0
4
0
0
20
0
0
3
0
16
0
1
0
12
0
0
3
0
6
0
6
17
0
14
0
12
12
12
11
29
13
15
0
18
35
0
14
30
0
3
23
17
1
4
4
0
0
13
0
7
23
9
15
15
0
0
0
0
2
1
0
0
0
0
0
0
0
0
0
12
0
11
11
13
0
6
9
17
0
0
0
0
0
0
0
12
3
6
18
13
11
3
6
5
0
20
2
4
0
0
3
0
1
7
0
13
8
12
0
8
0
25
13
0
0
0
21
2
0
13
0
0
11
0
0
0
2
9
0
0
0
13
7
6
0
0
0
10
38
0
23
5
1
7
0
5
10
0
1
4
6
0
0
4
6
7
5
2
19
0
6
2
10
2
16
4
6
3
0
0
7
6
9
1
0
9
0
2
2
9
3
3
0
9
5
0
0
0
2
1
0
11
10
3
0
0
13
0
2
0
2
3
0
2
5
0
4
10
4
9
3
2
5
12
0
0
8
3
2
2
0
5
1
13
1
5
0
1
0
0
1
0
9
2
4
0
0
0
0
1
1
6
0
0
0
25
22
8
0
4
2
4
3
0
0
5
2
2
0
2
0
5
6
3
0
1
2
3
0
4
0
5
11
11
6
1
3
0
0
0
8
0
0
0
2
0
2
0
0
3
2
0
0
4
2
0
0
0
5
2
7
0
5
0
0
0
2
0
3
0
0
1
0
1
10
3
13
2
2
3
0
2
0
0
3
7
0
0
0
0
0
1
2
0
0
1
0
4
0
0
0
1
0
0
0
2
9
3
7
0
0
1
3
4
0
0
1
0
2
1
4
4
0
0
0
1
0
7
6
0
0
3
1
0
1
0
0
1
6
2
0
0
0
1
2
0
0
4
0
3
5
0
0
0
0
0
2
1
14
2
2
0
0
0
5
1
0
6
6
2
4
3
0
1
0
2
0
0
3
3
0
1
1
0
2
0
4
4
0
0
1
0
0
0
0
5
0
4
5
0
1
4
0
0
0
0
2
5
0
0
0
4
1
1
3
0
8
0
5
0
2
0
0
0
0
0
13
13
1
2
0
3
1
0
0
0
0
0
0
0
0
0
2
0
0
0
0
0
0
0
1
31
12
1
1
0
1
0
2
3
0
2
0
0
0
0
6
0
0
0
0
1
0
1
0
0
6
0
3
0
0
0
2
0
0
0
3
0
0
0
0
0
7
0
2
0
0
0
0
0
4
22
11
3
1
1
0
4
0
2
0
2
0
0
0
5
5
1
0
0
0
4
1
0
3
2
2
0
0
3
0
0
1
0
0
0
0
0
0
0
0
1
0
0
1
0
2
0
0
0
0
1
0
0
0
0
1
0
0
0
1
0
0
0
1
0
1
0
2
0
3
0
0
3
0
0
0
2
0
1
0
0
1
1
2
0
0
0
0
2
0
0
0
0
1
0
0
0
2
1
0
6
0
11
4
1
3
2
0
0
0
0
0
0
1
0
0
2
1
0
2
2
3
1
0
0
1
0
3
5
3
0
0
1
0
0
0
0
0
1
0
0
0
3
0
0
0
4
0
3
1
1
0
0
3
0
2
0
1
0
4
0
0
3
0
0
1
0
2
1
0
0
0
0
0
0
0
0
1
0
0
3
0
1
0
0
0
0
4
0
0
4
1
2
0
2
0
2
0
0
3
0
0
0
1
1
1
0
0
1
3
0
0
0
0
0
10
3
2
0
0
0
0
0
4
0
5
1
0
1
1
3
0
2
0
0
0
2
0
9
10
1
6
0
0
0
2
0
0
0
0
0
4
1
0
0
0
1
1
0
0
0
0
3
0
1
0
0
0
4
3
0
0
4
0
2
0
0
1
1
0
0
0
2
0
0
0
0
0
0
0
0
2
0
2
4
6
0
0
0
0
1
0
2
1
0
0
0
0
0
1
0
2
0
0
0
0
2
2
2
2
0
0
0
0
0
0
0
0
0
0
0
0
0
2
0
1
0
1
0
1
2
0
0
2
1
2
0
2
0
0
0
0
0
1
0
0
0
2
0
0
0
0
0
2
1
1
0
0
0
0
0
0
0
0
0
2
0
0
0
1840
0
