../2_Decay/DataFilesGe/Decay/416029G2.TXTBackgroundRemoved 
0
0
0
0
0
0
0
0
0
0
0
0
2
0
52
71
41
85
62
87
136
95
24
3
7
19
16
8
1
23
4
0
7
0
17
3
14
0
12
0
0
0
10
0
0
1
10
0
1
0
4
11
0
0
10
0
5
0
0
0
6
14
4
0
24
6
0
0
0
0
0
0
0
0
0
0
0
0
0
0
0
10
9
0
0
0
14
0
20
0
0
0
0
0
0
0
0
0
10
6
0
10
0
3
7
0
0
5
0
0
7
0
7
0
3
0
0
0
1
0
4
0
0
18
0
3
0
0
6
0
19
5
5
0
6
15
0
0
13
25
0
0
25
13
3
0
0
2
4
17
16
1
1
0
9
0
5
0
0
2
11
7
1
6
0
24
2
0
0
0
20
14
9
7
6
5
0
8
14
6
0
0
2
0
0
0
0
0
0
14
13
2
3
0
3
0
24
1
0
11
11
0
0
0
24
4
1
0
6
0
6
0
11
0
10
0
3
0
8
2
0
8
4
12
0
0
12
0
3
13
3
16
0
5
0
13
0
0
0
22
28
0
13
0
5
1
0
1
15
0
2
21
7
0
0
0
0
0
0
0
5
4
0
6
0
3
0
7
1
2
0
9
0
6
9
0
1
0
0
2
1
13
9
7
2
14
0
0
4
1
4
2
0
24
16
0
3
0
5
0
2
0
0
6
0
1
3
0
4
0
6
8
1
13
0
10
0
6
9
0
3
1
6
0
0
0
2
7
0
1
7
7
0
1
13
4
1
0
2
0
0
0
1
0
0
0
0
16
16
2
0
4
0
1
6
0
0
7
6
4
0
3
2
5
3
0
0
0
0
0
3
0
3
0
3
0
1
0
0
0
3
0
10
7
16
0
0
0
0
0
1
0
2
0
0
0
2
0
4
1
0
0
4
0
0
1
5
2
3
0
4
1
4
4
0
0
0
11
8
0
3
4
0
4
0
0
0
5
0
0
0
0
0
6
0
2
6
0
5
2
3
1
0
0
0
4
0
0
1
0
0
0
0
0
1
0
0
2
1
0
0
2
1
1
1
7
0
4
1
0
1
0
2
0
0
4
2
0
0
0
0
7
7
1
0
0
0
0
0
2
0
5
0
0
0
0
0
0
6
1
3
0
4
0
0
0
3
0
0
2
0
0
3
0
0
0
4
1
0
0
4
1
2
0
0
0
1
0
0
0
0
2
4
0
0
0
0
0
0
1
0
0
2
0
0
0
3
4
0
5
0
0
3
0
2
1
0
1
1
0
0
0
0
0
5
0
0
11
23
10
2
4
0
9
0
0
0
0
0
1
0
0
0
0
0
0
2
0
0
0
0
0
9
22
11
0
0
0
0
0
1
3
0
4
0
0
0
0
0
2
0
0
0
0
0
1
3
0
4
1
0
0
0
0
0
0
0
0
0
2
0
3
0
0
0
0
0
7
0
0
0
2
4
11
11
0
5
2
0
0
4
0
0
0
0
0
3
1
0
0
5
2
1
3
0
0
0
9
1
1
0
0
0
2
0
1
0
2
0
0
0
0
1
0
0
0
1
0
0
2
3
0
4
0
3
0
0
0
0
0
0
1
0
0
0
4
3
6
3
0
0
0
0
1
0
0
0
0
4
3
1
1
0
3
2
2
0
1
0
0
1
2
2
0
0
0
4
0
0
0
1
0
0
0
3
5
5
1
0
2
0
0
0
5
1
0
1
0
0
0
2
0
0
2
1
1
0
1
0
2
0
1
1
3
1
2
0
0
0
0
0
0
2
0
0
0
0
0
1
0
1
0
5
1
0
3
2
0
0
4
0
0
0
0
0
3
0
0
3
0
1
0
0
0
0
0
0
0
0
0
1
0
0
0
0
0
0
0
0
0
4
4
3
0
0
0
0
3
2
0
2
0
1
0
0
0
0
1
4
0
5
0
0
2
0
0
0
0
0
0
0
0
0
0
0
0
4
2
0
0
0
0
0
3
0
0
0
0
0
2
1
5
4
0
2
0
0
0
0
2
2
1
0
1
0
0
0
0
0
0
1
0
2
0
0
0
0
0
2
0
2
0
0
0
0
3
4
3
0
0
0
0
0
0
1
0
0
0
0
0
0
0
0
0
1
1
0
3
3
1
0
0
3
0
3
1
5
1
0
0
0
3
2
4
0
0
0
2
0
0
1
0
0
3
2
0
0
0
0
0
5
1
1
0
0
0
0
0
3
0
0
0
0
0
0
0
0
1
1
0
1
1
2
2
0
0
2
0
0
1
0
1
1
0
2
0
0
1
4
0
0
0
4
1
0
4
0
0
2
0
0
0
1787
0
