../2_Decay/DataFilesGe/Decay/416017G2.TXTBackgroundRemoved 
0
0
0
0
0
0
0
0
0
0
0
1
2
2
59
285
294
147
103
81
54
27
23
17
46
32
43
60
55
90
76
35
28
22
21
27
6
29
11
15
27
17
27
5
9
0
11
1
4
5
37
24
15
18
17
3
24
27
38
12
31
27
24
16
39
31
14
26
19
45
8
23
26
22
22
24
8
27
40
28
8
23
21
25
3
39
62
8
72
29
41
65
59
66
77
76
70
58
76
84
77
78
82
60
70
48
59
32
46
25
18
33
19
37
11
12
8
6
20
14
15
38
54
32
37
15
13
14
79
16
33
49
40
27
52
33
33
28
33
13
33
23
41
27
53
48
12
19
28
10
37
37
30
16
44
24
26
21
17
35
14
24
27
31
1
9
22
29
7
30
32
19
30
18
10
25
42
36
7
22
24
24
14
19
23
12
19
20
1
21
22
18
6
36
36
29
1
8
8
8
18
11
26
35
17
11
22
22
18
4
2
2
26
7
31
31
7
15
15
11
7
13
0
8
24
20
11
8
6
16
17
20
12
16
8
28
10
11
11
36
36
36
12
20
12
16
7
3
15
8
4
13
3
14
5
5
12
12
14
14
9
12
12
2
16
3
4
0
3
8
7
15
6
3
1
1
2
7
14
15
8
13
10
18
5
15
17
1
14
3
0
13
0
18
13
13
7
7
7
15
1
8
8
9
9
8
0
3
0
0
14
12
6
7
8
4
6
8
3
1
2
7
0
0
9
5
8
1
2
8
3
6
5
4
13
7
2
11
5
10
10
10
3
4
5
3
3
29
24
2
13
13
8
3
4
9
4
3
0
0
0
13
5
0
9
3
7
6
8
10
1
10
3
17
10
10
15
2
6
6
5
4
9
9
3
4
2
2
2
2
6
6
7
2
4
4
3
2
2
6
0
0
7
3
3
3
4
4
5
6
3
12
4
11
0
3
0
6
3
2
1
12
3
2
4
10
10
5
5
5
6
3
8
2
9
3
3
3
3
0
3
8
9
6
0
0
0
2
2
0
3
3
3
3
7
10
6
6
4
4
5
0
4
4
10
10
0
4
8
5
2
6
2
3
0
0
5
0
3
3
3
1
5
0
0
2
3
3
0
3
3
6
0
0
1
3
3
5
3
6
9
5
5
5
7
3
1
2
2
2
3
0
4
6
1
1
3
4
4
4
2
1
2
4
5
2
4
0
1
1
1
1
1
1
1
1
1
4
4
4
4
2
7
7
0
3
2
2
3
3
0
1
4
0
0
0
0
0
2
3
4
1
5
5
5
5
5
13
14
8
4
3
3
4
3
1
1
1
1
1
0
2
2
2
1
2
2
6
0
0
0
0
11
15
6
4
5
7
7
1
1
1
1
6
6
0
7
4
5
5
2
2
4
3
3
0
5
5
4
4
4
4
4
1
1
2
1
1
0
0
0
2
2
3
3
1
1
5
1
1
1
1
16
9
6
6
4
4
4
0
1
4
5
6
0
1
1
1
1
4
4
0
2
3
2
2
2
0
3
3
1
1
0
3
0
6
3
3
3
2
2
2
2
2
0
0
0
0
1
0
0
0
0
0
3
7
4
0
2
3
3
0
0
5
5
0
1
0
1
1
1
2
2
2
2
2
0
0
2
0
0
0
0
0
0
2
2
2
2
0
4
6
8
8
8
3
3
1
2
3
0
2
2
6
2
2
2
1
3
3
3
0
0
0
0
1
0
0
4
4
4
4
1
3
1
4
4
3
0
1
4
0
0
2
3
2
2
1
1
4
2
0
5
5
0
1
2
2
2
0
2
2
1
0
0
1
1
1
2
2
2
3
2
2
4
1
0
7
7
7
3
2
1
0
0
0
5
5
5
1
1
1
1
0
0
2
1
1
2
2
2
2
5
5
5
3
3
3
4
1
0
0
2
0
1
0
4
4
2
1
1
1
1
4
4
1
3
0
3
0
4
3
3
5
1
1
1
1
1
0
2
0
0
0
0
0
1
1
1
4
8
3
2
1
5
0
0
0
0
0
0
1
1
1
1
1
1
1
2
2
2
0
0
0
1
2
1
1
1
1
1
0
0
4
4
3
4
4
6
1
0
2
2
2
2
1
1
1
0
0
2
2
2
2
2
2
4
3
4
2
1
1
2
2
3
3
3
3
3
3
2
2
1
1
1
1
1
1
1
1
3
5
5
1
1
1
1
1
1
1
1
1
1
1
1
1
0
1
2
3
2
2
2
2
1
1
7
0
0
1
0
0
1
0
0
1
0
0
0
0
1
3
3
1
2
2
0
3
1
3
0
2
2
2
0
1
1
1
3
0
0
0
173
1191
