../2_Decay/DataFilesGe/Decay/416011G2.TXTBackgroundRemoved 
0
0
0
0
0
0
0
0
0
0
0
0
1
0
24
26
8
24
11
35
31
30
13
28
23
29
27
42
42
42
67
63
54
14
8
7
0
0
13
9
6
18
8
0
3
0
14
8
0
18
4
11
8
2
0
0
0
0
0
14
0
8
2
0
18
0
0
4
0
4
0
0
8
0
0
5
0
23
2
8
0
0
0
13
0
0
0
4
18
0
0
0
0
9
0
23
0
8
19
0
0
0
0
2
3
0
17
18
0
14
16
0
17
1
0
0
0
8
0
16
0
0
0
15
0
17
0
10
20
5
0
15
0
19
2
27
21
0
0
32
0
4
29
19
42
0
11
0
8
23
12
0
20
3
23
6
14
5
5
15
0
0
7
0
0
8
6
4
5
0
0
27
7
10
7
9
0
17
2
3
0
0
0
19
14
25
6
12
0
17
16
6
21
15
19
3
2
33
6
17
13
3
0
0
0
17
0
0
9
2
17
0
0
0
6
0
0
0
5
1
0
22
0
2
16
22
0
0
0
0
0
8
0
10
9
5
1
1
0
41
23
0
0
34
4
13
0
0
0
0
12
22
12
8
0
11
9
6
4
1
2
14
4
0
0
0
9
13
0
4
4
11
0
4
17
0
0
0
6
12
1
3
10
8
5
11
2
0
7
4
4
0
0
22
10
0
1
0
6
5
0
0
2
10
0
0
0
7
16
4
4
3
0
2
14
8
0
0
0
8
0
3
6
0
0
11
1
0
0
0
5
7
0
0
9
2
4
9
0
5
2
0
9
0
0
0
0
35
25
1
1
0
7
7
1
6
0
2
5
0
0
0
0
3
8
0
4
6
0
6
0
7
0
10
7
2
0
9
0
2
0
0
6
0
0
0
4
3
4
0
0
0
3
0
0
0
0
0
0
3
0
0
6
0
3
0
5
0
0
0
3
0
5
3
0
0
1
3
1
0
0
0
1
0
2
3
5
0
0
5
0
0
0
0
0
1
0
0
5
0
0
3
0
0
0
0
0
0
3
4
5
1
0
10
0
3
0
0
1
0
0
2
2
0
8
0
1
1
1
0
0
6
2
0
0
0
0
4
0
0
6
6
2
1
1
0
2
0
5
0
0
3
5
1
0
0
0
0
2
3
6
2
0
0
0
0
4
0
1
4
4
2
8
1
0
0
3
0
0
0
0
0
0
0
2
0
2
0
2
6
0
2
0
3
0
2
0
4
0
2
3
3
2
0
5
1
0
2
1
0
1
1
4
2
2
0
2
0
0
0
1
0
0
1
4
0
0
6
20
4
4
1
0
0
3
0
2
0
1
0
0
1
0
0
1
3
0
2
0
0
0
0
2
29
18
8
2
2
1
1
0
2
1
0
0
0
3
0
1
0
0
0
0
0
1
0
3
0
1
5
0
1
0
0
0
0
0
0
2
2
0
0
0
5
7
0
0
8
0
0
0
0
2
24
9
6
0
2
0
1
2
4
5
1
0
0
6
7
0
0
0
0
2
1
0
0
0
2
3
0
0
1
0
1
1
4
2
0
0
0
0
0
1
0
0
1
0
0
0
0
3
0
0
0
6
0
0
0
0
3
0
1
0
3
3
5
0
0
2
0
1
1
3
0
3
4
3
1
0
1
0
4
0
0
2
0
1
3
0
0
0
2
0
0
4
5
0
0
0
0
3
0
0
0
2
5
2
2
1
0
0
2
0
0
0
3
0
0
0
3
0
0
6
0
0
0
0
0
0
5
3
0
3
0
0
0
0
3
0
3
0
0
2
0
0
2
5
4
0
2
0
0
1
0
0
2
1
1
0
0
0
0
0
0
0
4
0
0
0
0
0
0
0
0
0
0
0
0
0
0
0
0
0
0
0
0
3
0
0
0
0
2
0
0
4
2
2
1
1
0
0
0
0
0
0
1
0
0
0
0
2
0
0
2
0
4
0
0
5
0
0
1
0
0
0
0
2
0
1
0
0
1
0
0
0
2
0
0
0
0
2
7
6
4
8
4
0
0
0
0
3
0
3
4
0
1
0
0
2
0
0
0
2
0
7
0
0
0
1
1
2
3
0
0
3
0
6
1
0
1
0
5
4
0
1
2
1
1
0
0
0
0
0
0
0
1
6
3
0
1
0
2
0
0
0
0
4
1
0
1
0
0
0
1
0
0
0
1
0
2
3
0
3
1
0
0
0
0
3
0
3
0
0
2
0
0
0
1
1
0
0
2
1
0
1
0
0
4
0
1
5
0
1
0
2
0
4
0
0
1
2
4
2
0
4
0
1
0
0
0
4
0
0
0
3
0
0
0
1
0
0
1
0
1194
