../2_Decay/DataFilesGe/Decay/416043G2.TXTBackgroundRemoved 
0
0
0
0
0
0
0
0
0
0
0
0
0
0
99
213
69
42
46
25
13
22
23
0
26
6
2
15
17
10
0
0
6
0
0
3
0
10
0
0
1
7
0
1
0
0
0
0
0
0
13
6
0
0
2
0
0
0
0
8
0
8
18
0
0
0
0
0
0
0
0
0
0
0
0
0
1
0
0
0
4
6
0
0
0
0
0
0
0
0
0
0
0
3
0
0
9
0
0
0
0
0
0
9
0
0
0
0
0
0
0
0
24
0
0
15
0
0
0
0
13
0
26
5
0
8
0
0
16
0
0
7
3
0
16
0
4
6
16
10
0
2
0
16
0
3
2
0
0
10
6
0
21
0
15
18
46
5
0
0
0
7
0
14
2
12
1
0
4
0
0
14
8
3
14
0
4
13
1
16
2
0
0
3
0
0
0
1
0
24
3
0
10
2
17
0
0
0
2
8
0
0
5
0
2
6
0
9
9
0
15
0
19
16
0
0
1
1
14
1
2
2
0
2
10
0
6
0
0
11
0
11
10
1
0
10
2
0
0
14
32
0
2
17
0
15
0
0
8
0
0
8
0
10
8
0
6
2
3
6
0
6
0
19
0
2
5
11
0
0
0
0
1
2
10
0
0
6
3
5
0
9
10
0
7
11
1
1
0
0
7
9
0
25
11
0
0
2
5
0
0
0
0
0
0
4
5
0
5
6
0
5
0
2
8
2
0
2
7
0
4
2
2
6
4
0
1
3
6
0
0
9
0
0
6
2
9
13
1
0
0
6
0
0
0
0
0
27
21
7
0
2
5
0
1
0
4
4
1
0
0
4
0
4
2
0
5
1
0
13
0
4
3
4
3
0
5
7
7
0
1
1
6
0
0
0
3
0
8
0
0
0
0
0
0
4
0
0
0
10
0
0
0
2
7
0
6
6
0
0
0
0
3
0
0
0
0
7
0
3
0
1
0
3
4
2
1
0
0
1
0
0
0
2
4
2
1
6
0
0
1
0
1
0
0
0
0
0
11
1
0
0
1
2
2
10
3
0
5
3
2
0
0
0
3
0
10
2
6
9
2
0
2
0
0
0
0
0
0
0
0
0
3
4
0
0
0
0
0
0
0
0
1
0
0
0
0
0
0
14
8
4
0
3
0
2
1
1
3
0
0
2
5
2
0
0
2
3
0
0
6
7
0
5
0
0
1
0
0
0
0
1
0
0
1
3
0
0
2
4
6
0
0
1
0
2
0
0
0
0
0
0
0
0
0
0
0
0
0
5
3
0
2
0
0
0
0
2
16
9
1
5
0
0
1
0
0
0
1
0
0
0
3
0
0
3
0
0
0
0
0
0
2
17
22
0
4
0
0
0
6
0
0
0
0
0
1
0
6
2
0
0
3
2
1
5
2
0
2
4
9
0
0
4
0
0
0
0
0
1
0
0
0
2
1
1
3
0
0
0
0
0
0
8
8
0
1
4
0
0
0
3
0
1
2
4
1
2
0
2
1
0
1
1
5
0
0
1
5
3
0
3
0
6
0
0
1
0
0
0
0
3
4
1
0
0
0
0
4
0
0
0
3
0
2
0
3
0
2
0
1
0
0
1
0
8
2
0
0
0
3
1
1
0
0
3
0
0
0
4
0
0
0
0
2
0
0
2
0
0
0
3
2
0
0
0
6
0
0
4
1
0
1
3
3
6
1
0
0
0
0
5
0
2
3
1
4
0
0
1
1
2
1
0
0
1
0
0
0
0
0
2
0
0
0
0
0
1
0
0
0
0
0
0
0
0
2
1
0
0
2
0
2
2
0
3
3
2
0
3
1
0
0
0
0
5
0
4
0
0
0
3
0
0
0
0
6
0
0
2
0
0
0
0
0
1
0
0
0
0
1
0
0
0
0
0
0
5
1
0
1
6
3
0
1
0
0
0
0
0
1
1
0
0
0
0
0
0
1
5
0
0
0
0
1
0
2
3
0
1
0
2
0
0
1
0
0
0
0
0
4
10
9
4
1
1
3
0
1
0
0
0
2
3
2
0
0
1
0
1
0
0
2
0
2
0
0
1
0
5
0
0
0
0
0
1
0
3
1
0
0
2
2
0
0
2
0
0
0
0
0
0
0
0
2
0
5
7
0
3
0
2
0
1
0
0
0
1
0
0
0
0
0
0
2
0
0
4
3
0
0
1
3
4
0
0
0
0
0
0
0
3
0
0
1
0
0
0
0
0
0
0
0
1
0
0
2
0
0
0
1
0
1
1
0
0
1
0
0
1
3
0
0
0
0
0
1
1
0
1
0
0
1
0
2
0
1
0
1
3
0
0
1752
0
