../2_Decay/DataFilesGe/Decay/416030G2.TXTBackgroundRemoved 
0
0
0
0
0
0
0
0
0
0
0
0
0
1
67
118
97
47
28
74
48
48
0
0
11
8
0
0
0
0
5
22
0
1
5
5
4
17
4
0
0
8
8
1
0
0
0
12
1
0
7
2
0
0
0
0
0
0
0
0
8
0
6
0
9
0
3
1
0
5
0
0
0
0
0
0
0
0
0
0
0
0
0
0
0
0
0
0
9
0
0
0
12
0
3
3
3
0
6
9
10
7
0
15
0
0
1
0
0
0
0
0
0
4
5
0
0
8
0
0
12
0
0
0
0
0
0
0
4
18
0
0
0
0
0
0
0
0
0
28
0
5
7
11
11
22
17
13
6
11
0
0
1
19
20
0
5
14
0
11
0
14
0
0
0
0
0
0
14
0
7
8
11
15
9
9
2
9
6
4
0
6
9
0
3
17
0
6
0
0
0
0
6
4
14
24
0
0
3
21
1
0
0
0
6
4
0
0
5
10
5
0
0
6
4
3
0
10
10
0
2
2
0
0
27
0
0
4
0
0
10
14
0
10
0
2
12
6
0
0
10
0
8
18
14
0
0
0
0
2
3
2
0
7
4
0
2
10
1
0
1
4
10
5
0
16
13
4
4
7
14
8
0
11
0
20
16
6
0
0
0
10
9
3
0
18
2
0
0
1
0
6
0
8
18
4
0
0
7
0
0
3
0
7
1
0
0
0
6
2
8
9
0
3
18
0
6
0
3
9
4
5
2
3
3
7
0
0
0
0
4
9
0
4
0
6
9
4
2
4
0
0
4
6
2
0
0
9
27
2
0
1
1
0
18
0
0
6
7
1
0
5
3
2
0
0
0
5
2
5
0
12
0
4
2
0
1
11
0
0
0
0
0
0
1
0
2
5
3
0
0
0
3
0
3
4
0
2
3
1
0
0
0
0
2
0
6
5
0
0
0
0
3
4
0
8
5
5
0
1
0
0
0
0
0
2
0
2
0
0
0
2
0
1
0
0
0
0
3
7
5
3
2
2
2
0
2
0
5
0
1
0
0
1
0
0
0
0
6
0
3
0
2
0
3
0
2
2
2
0
0
0
0
0
1
0
3
3
0
0
0
7
0
1
0
0
0
4
0
6
0
4
3
0
0
0
0
0
0
0
0
0
0
0
5
1
1
4
2
2
0
3
7
4
8
3
3
0
0
0
1
0
1
5
5
0
1
0
4
0
0
0
0
0
0
1
3
6
2
1
0
0
2
5
1
0
0
1
0
0
0
2
5
3
0
0
3
1
0
7
0
1
3
2
3
0
0
0
12
9
9
4
0
3
1
0
0
0
2
1
0
0
0
0
6
7
5
3
0
0
0
0
4
22
11
0
2
4
1
5
0
0
0
3
0
0
0
7
3
4
0
0
1
0
0
1
0
0
0
1
0
0
1
0
0
0
6
0
3
4
0
2
4
2
6
0
0
0
0
0
0
0
0
14
3
2
0
3
0
1
0
0
5
4
0
1
0
10
0
2
5
0
3
1
3
0
3
0
4
0
5
0
0
0
0
1
3
0
2
0
0
0
4
0
0
0
0
0
1
0
2
0
1
0
0
0
2
0
0
2
3
0
4
4
0
0
3
2
3
2
0
1
0
5
0
0
0
1
0
1
0
0
0
0
0
0
0
0
0
1
2
1
2
1
0
5
1
0
0
1
0
0
0
1
2
1
0
0
1
0
2
1
0
0
2
0
0
0
0
3
0
0
2
1
5
1
0
0
0
1
1
0
8
5
1
0
2
0
2
0
2
1
4
3
0
1
0
4
2
0
0
0
1
3
0
0
5
0
2
1
0
0
0
0
0
0
0
0
0
0
0
0
0
0
0
0
2
0
2
0
1
2
0
0
1
0
2
0
0
0
0
1
0
0
0
3
1
3
0
1
4
0
2
0
0
4
1
0
0
1
2
1
0
2
0
2
2
0
1
0
0
0
1
0
0
2
4
2
0
0
5
1
1
4
0
0
0
0
0
0
0
3
7
6
6
0
0
1
0
0
1
2
1
0
0
0
1
0
0
0
0
0
1
1
3
1
1
0
0
0
0
3
1
0
0
0
3
0
5
0
0
0
4
3
3
3
0
0
0
2
0
0
1
0
2
0
0
4
0
0
5
1
5
2
2
0
2
0
1
0
0
0
0
0
0
0
0
0
2
0
0
1
4
1
0
1
0
0
0
0
0
6
0
0
0
2
0
0
0
0
3
1
0
0
2
1
1
3
0
0
1
0
0
0
0
1
0
1
0
0
0
1
0
0
0
0
2
0
0
0
0
1
2
3
0
1
0
0
0
0
0
2
1790
0
