../2_Decay/DataFilesGe/Decay/416004G2.TXTBackgroundRemoved 
0
0
0
0
0
0
0
0
0
0
2
0
0
0
31
40
16
4
26
16
35
0
0
15
26
24
17
8
24
1
11
5
32
44
60
42
54
34
39
15
0
16
8
1
0
2
0
0
1
0
16
13
4
0
0
0
20
8
0
0
10
15
0
5
26
0
4
15
0
0
0
0
19
10
16
0
0
7
0
0
4
16
0
0
16
0
0
18
0
17
3
4
1
7
0
0
0
0
7
0
8
6
0
18
0
0
9
0
0
1
6
0
6
0
0
8
11
19
0
17
22
0
6
22
11
9
0
1
14
26
9
0
0
20
13
5
28
15
0
25
32
0
33
0
14
8
32
3
11
7
5
9
11
0
1
0
10
10
4
21
0
27
0
17
10
11
10
5
8
0
2
19
20
13
9
5
15
10
5
5
8
0
10
0
1
13
21
0
0
26
27
12
11
11
20
8
14
17
3
14
0
13
23
7
14
10
20
0
5
0
21
0
21
20
2
0
6
0
2
0
0
11
0
0
9
10
6
11
11
5
3
3
0
0
13
21
14
0
0
28
30
10
7
0
3
9
2
0
0
0
7
2
19
8
2
4
3
0
4
7
3
13
7
3
6
14
0
8
2
5
0
13
0
10
0
0
0
0
0
13
7
0
16
4
0
14
7
1
13
0
0
0
0
15
14
0
0
6
13
0
8
0
0
10
13
0
8
0
7
11
0
11
0
0
11
3
3
0
5
0
0
6
4
0
14
0
4
0
2
1
12
15
0
0
0
1
6
3
0
0
0
10
0
3
1
0
0
18
24
3
4
0
3
0
4
9
1
9
5
0
0
0
6
12
7
4
14
0
7
0
0
4
3
0
5
2
0
2
0
0
0
10
8
1
0
0
8
2
0
0
4
9
8
0
0
10
2
0
0
7
0
0
0
3
5
3
0
4
0
2
1
0
4
0
7
3
0
3
6
3
0
0
6
0
0
7
0
0
0
0
9
2
0
0
0
3
0
3
0
0
4
0
4
3
0
0
0
2
3
3
4
0
0
3
7
0
0
0
0
1
3
3
0
0
0
7
1
0
0
3
0
0
6
0
5
2
0
0
0
0
3
0
0
0
0
0
0
0
0
0
0
1
1
0
0
0
0
0
0
15
11
0
1
2
0
0
3
2
0
3
2
0
7
3
1
0
0
0
0
0
2
0
4
3
0
0
0
0
0
0
0
0
0
0
0
0
0
2
2
0
0
4
0
0
0
0
0
1
1
2
0
1
3
0
4
0
1
0
7
2
1
0
1
5
1
0
0
6
16
14
7
0
0
10
0
0
2
0
1
5
0
8
0
0
0
2
2
2
0
0
0
0
6
14
28
11
5
0
0
4
0
2
0
0
0
0
6
0
4
4
0
1
0
3
0
3
0
0
0
0
0
0
2
0
0
0
0
1
2
4
0
3
2
0
3
0
0
2
3
0
0
0
3
7
9
2
0
5
0
0
0
3
2
1
0
0
0
1
0
1
1
1
2
2
0
0
0
3
3
3
0
0
4
0
3
3
5
0
0
0
0
0
0
0
3
0
4
1
1
0
6
0
1
0
2
0
0
0
0
8
0
2
5
3
0
0
0
3
0
0
0
2
1
0
0
0
0
0
1
0
1
0
0
0
3
1
0
2
0
0
0
4
0
3
0
0
0
0
0
1
1
0
0
5
0
0
5
0
0
0
0
3
0
0
2
2
4
0
0
6
2
0
1
0
4
1
0
0
0
0
0
4
2
0
0
0
1
0
1
0
0
1
1
0
0
1
3
1
0
2
0
1
0
6
0
0
1
0
2
0
0
1
1
0
0
0
0
1
0
0
2
0
0
0
0
0
0
0
0
0
0
3
0
0
2
3
1
0
0
1
1
1
5
1
3
2
1
0
0
0
1
0
1
0
6
4
0
0
0
2
2
0
0
1
0
0
4
0
1
3
0
0
0
0
0
0
2
0
4
0
2
0
1
1
0
0
0
0
0
2
9
4
6
3
3
2
5
0
0
0
0
0
0
3
0
0
0
0
0
1
2
0
0
0
4
1
0
0
0
0
1
0
0
1
0
0
0
0
2
2
0
6
2
0
2
0
0
0
0
0
0
0
0
0
0
0
5
10
5
0
0
0
0
0
2
0
0
0
0
2
0
1
3
2
0
0
0
0
8
1
2
1
0
0
0
0
0
3
0
0
0
5
0
3
1
0
0
1
0
2
0
0
0
0
4
0
1
1
0
0
4
1
0
0
0
0
3
0
0
0
0
0
0
0
1
0
1
0
3
2
0
0
2
0
0
0
0
0
3
2
0
0
0
1237
