../2_Decay/DataFilesGe/Decay/416014G2.TXTBackgroundRemoved 
0
0
0
0
0
0
0
0
0
0
0
1
0
0
23
39
6
24
54
12
17
13
3
0
7
0
19
34
21
30
21
26
41
16
0
7
4
5
0
4
0
19
1
15
12
0
11
5
0
0
18
0
0
0
1
0
9
0
0
0
0
11
8
3
15
0
0
6
1
4
0
0
4
0
0
0
1
0
0
0
2
1
19
0
0
0
22
0
25
2
18
9
19
13
5
0
21
26
41
0
0
33
0
31
1
9
25
7
10
0
18
18
20
37
6
12
14
0
8
20
0
6
38
25
12
4
0
0
6
21
1
22
0
34
12
13
17
9
22
8
10
0
32
41
39
1
2
16
29
5
15
0
16
19
12
11
18
16
8
9
17
13
15
16
26
19
11
16
0
5
2
14
13
16
26
28
26
8
0
19
9
0
11
0
0
15
11
8
5
4
16
8
0
33
22
0
8
26
0
5
8
0
6
0
8
14
1
19
18
7
27
10
10
0
11
2
0
2
0
0
2
8
4
3
5
4
0
3
0
8
12
17
11
12
0
5
7
15
0
23
10
0
10
11
15
19
12
2
3
0
4
2
6
8
0
3
10
0
7
7
5
0
0
4
0
8
3
7
0
9
0
1
12
11
0
6
0
3
3
11
0
8
6
1
0
15
4
0
5
8
10
0
0
8
12
0
1
12
26
8
6
6
13
8
4
0
5
4
7
6
2
4
0
8
0
3
2
0
8
9
12
0
10
0
8
9
2
1
0
0
3
8
0
0
11
4
7
9
1
6
0
8
2
0
0
0
0
43
12
2
0
0
4
6
6
11
0
9
7
5
0
11
0
0
5
3
3
0
2
0
0
4
4
0
0
4
0
3
1
0
0
4
1
6
3
0
0
0
7
1
2
5
4
0
0
0
0
0
2
1
0
3
2
0
2
0
0
5
0
0
0
0
3
2
4
6
1
13
8
3
0
2
2
2
0
7
1
0
0
3
0
0
0
3
2
0
4
0
0
0
7
5
9
0
5
0
2
5
1
1
1
0
0
4
7
2
1
1
8
0
5
0
0
0
1
0
2
0
5
6
0
3
4
0
0
0
1
0
0
0
3
0
1
0
1
0
5
3
0
0
0
3
0
0
0
0
0
1
5
4
3
0
6
0
4
2
0
0
1
2
2
0
0
5
4
4
2
0
4
0
1
4
2
1
0
0
6
0
3
4
0
0
1
6
0
3
0
2
0
3
0
0
0
0
0
0
6
0
3
2
2
0
4
0
1
2
0
2
2
3
1
2
0
2
1
0
0
4
19
5
3
4
0
1
1
3
0
0
0
2
0
0
0
0
0
7
0
2
0
0
0
0
14
30
8
0
0
1
0
0
0
0
0
4
1
0
0
0
2
0
0
0
0
5
0
9
0
3
5
0
0
0
0
2
0
0
0
0
4
1
0
0
0
4
3
2
3
0
0
0
0
0
2
8
5
0
0
1
0
0
0
0
0
1
3
7
1
0
1
4
1
0
0
0
0
0
3
0
6
0
0
0
0
2
0
0
2
0
0
1
0
0
2
0
0
0
0
0
0
0
2
0
0
0
0
0
0
0
3
1
0
2
0
0
0
0
1
3
0
0
0
0
3
0
2
0
0
0
4
2
0
0
3
3
0
0
0
1
0
0
0
6
0
3
0
0
2
1
0
1
0
0
0
1
0
2
1
4
0
0
3
2
0
0
0
0
0
4
0
0
0
0
3
2
0
0
2
3
0
4
5
4
4
5
0
0
0
2
0
0
0
0
1
0
0
4
2
0
4
1
4
0
0
0
1
0
2
4
3
0
1
2
0
1
0
0
0
0
0
0
2
3
0
0
0
0
1
0
0
1
0
0
0
4
0
0
0
0
0
0
0
1
1
1
5
0
0
0
3
2
0
0
0
1
1
0
0
2
0
1
0
1
0
3
0
0
0
0
1
0
0
0
0
4
2
0
0
0
3
1
0
2
0
0
0
1
0
0
0
0
3
9
1
6
2
0
0
0
0
0
0
0
0
0
0
0
2
0
0
0
0
4
0
2
0
0
0
0
0
0
3
0
0
2
0
0
1
0
1
0
0
1
0
0
1
2
0
0
0
0
0
0
0
0
0
3
0
3
4
0
0
4
1
0
0
0
1
1
0
0
0
0
4
3
0
0
0
0
0
3
0
0
0
1
1
0
0
0
0
0
2
3
0
2
2
0
0
0
0
0
0
0
0
0
1
0
2
0
0
0
0
0
2
0
0
3
3
0
0
0
1
0
0
0
1
0
0
0
0
0
0
0
0
3
1
0
0
0
2
0
0
1
0
1157
