../2_Decay/DataFilesGe/Decay/416005G2.TXTBackgroundRemoved 
0
0
0
0
0
0
0
0
0
0
1
1
1
1
29
26
20
25
24
32
1
5
11
22
25
25
20
13
12
1
11
4
31
24
55
58
32
40
14
6
25
18
15
4
4
11
10
8
8
8
14
0
0
0
4
4
4
3
11
11
11
9
29
12
9
9
9
2
12
3
8
8
8
13
1
1
1
8
8
8
8
17
3
14
14
14
13
9
16
16
0
0
21
21
12
12
17
17
13
12
13
16
16
2
2
22
7
7
7
14
14
14
9
9
7
0
4
4
9
33
18
18
29
29
29
29
29
13
20
2
27
15
11
30
4
27
19
7
7
0
0
0
32
37
29
18
11
19
7
13
13
2
4
11
5
23
24
11
10
6
6
6
6
2
2
2
6
1
20
12
12
10
10
14
38
26
5
13
8
8
4
4
4
4
4
16
3
17
17
46
46
8
6
4
16
9
10
13
4
15
15
2
11
11
7
23
4
21
16
16
16
16
0
15
3
3
3
6
9
9
9
6
6
6
16
7
14
13
5
7
5
8
11
23
4
18
18
1
1
26
15
15
15
20
13
16
2
17
11
11
11
18
3
7
6
6
6
0
0
0
0
13
8
9
9
9
6
6
6
6
13
9
14
2
2
2
2
11
26
1
11
6
8
3
1
6
7
1
1
4
0
0
0
29
6
6
6
6
5
5
5
10
0
5
6
3
1
1
1
19
5
12
12
12
12
2
3
1
3
4
4
4
4
14
6
8
9
8
2
2
11
11
11
11
13
8
0
0
0
0
0
2
5
6
6
6
6
27
15
15
8
0
7
7
3
8
8
7
1
2
2
8
3
3
3
4
4
4
4
3
3
3
3
8
0
0
0
1
4
4
4
6
11
6
6
6
1
1
10
10
3
9
4
4
4
4
4
4
1
7
7
3
6
6
5
5
6
8
8
5
7
3
6
2
2
0
8
2
2
7
3
3
2
1
1
1
1
0
0
0
0
3
3
10
10
0
0
1
1
5
5
5
0
0
0
0
0
0
2
2
2
0
0
1
3
3
3
2
1
3
5
0
0
3
3
0
0
7
1
7
7
7
1
1
7
7
1
5
5
0
4
7
1
1
1
1
3
3
3
3
3
10
2
2
2
2
2
2
6
9
3
6
6
6
2
5
5
5
2
2
2
0
5
6
4
5
0
0
0
0
5
5
5
5
5
5
9
9
9
9
1
9
9
7
3
3
0
4
6
6
0
2
1
1
0
0
0
1
1
1
1
1
1
1
1
0
0
0
2
2
2
2
2
2
0
0
0
2
28
10
1
3
3
5
0
0
0
1
2
2
2
1
1
1
1
0
0
2
2
2
2
2
6
28
7
3
4
2
2
4
4
2
2
2
2
2
1
1
3
3
2
1
1
0
0
2
4
4
6
6
0
0
6
0
0
0
0
0
2
2
2
2
2
2
6
1
1
4
4
4
4
4
4
13
6
6
5
2
2
2
2
0
3
1
1
1
1
1
1
0
1
1
2
2
0
0
1
1
1
1
0
0
0
5
1
2
2
0
1
1
1
3
0
0
0
5
0
0
0
0
0
0
2
0
5
5
7
7
3
5
0
3
1
1
1
4
2
0
0
0
0
0
0
0
0
0
3
3
1
0
0
0
0
0
1
2
2
1
1
1
1
0
5
0
0
0
7
3
2
1
4
2
2
2
1
7
4
1
2
1
1
0
0
0
1
1
3
3
3
3
0
0
6
0
5
5
5
2
2
1
1
1
3
4
1
2
2
1
1
3
6
3
2
0
0
1
3
3
2
2
2
0
0
2
2
1
1
1
1
1
1
1
1
0
0
3
1
1
0
0
2
1
1
2
2
2
2
1
1
2
2
1
1
1
4
4
4
1
1
1
1
1
2
4
3
1
1
2
2
3
3
2
2
2
2
4
5
1
1
3
3
1
1
0
1
2
2
2
4
4
4
1
1
1
1
1
1
1
0
0
0
0
1
1
1
3
3
3
3
3
1
7
10
1
1
1
0
1
0
1
2
2
1
2
0
1
5
0
0
0
0
0
0
0
3
2
2
1
0
0
0
0
0
1
1
0
1
2
5
0
0
0
0
0
0
2
2
2
2
2
2
2
0
0
2
1
4
5
4
4
0
3
3
0
0
0
0
1
1
0
0
0
0
0
0
2
2
1
0
0
0
0
3
2
3
4
0
0
1
1
1
0
3
0
1
3
3
0
1
0
1
1
1
1
1
1
0
3
3
3
0
3
3
3
1
1
1
1
1
1
1
0
1
1
1
0
0
0
0
0
4
4
0
1
0
0
0
0
1
2
2
0
0
1134
