../2_Decay/DataFilesGe/Decay/416018G2.TXTBackgroundRemoved 
0
0
0
0
0
0
0
0
0
0
0
1
1
0
33
86
98
68
86
71
47
38
38
17
17
31
16
44
72
49
29
14
20
14
22
36
11
15
25
16
35
23
14
18
15
18
33
7
33
4
42
26
24
15
25
11
29
43
22
5
18
35
35
16
24
33
17
46
22
35
11
11
26
21
6
30
20
6
16
5
13
43
39
15
10
9
28
14
36
47
39
39
42
44
37
36
27
12
22
22
40
75
12
59
32
37
46
7
18
47
16
43
46
54
21
36
55
66
36
49
51
54
66
55
50
29
37
42
85
27
41
56
49
45
33
30
56
47
10
30
56
42
67
48
52
54
33
21
53
56
35
43
24
20
55
54
53
46
40
33
52
44
30
41
44
43
23
22
16
32
38
30
16
35
47
37
31
39
25
58
22
24
16
34
15
26
36
36
42
52
47
33
20
37
25
23
23
20
20
20
23
26
20
36
12
22
11
25
45
25
13
12
25
11
11
20
26
14
26
21
3
12
11
10
16
27
8
34
18
17
25
19
23
28
14
45
20
20
20
38
36
10
15
21
18
23
0
8
19
2
14
24
12
17
6
11
18
18
14
6
15
24
24
9
19
13
3
19
12
14
6
17
12
29
25
11
3
3
11
15
19
19
27
14
8
9
11
16
9
14
11
11
11
25
19
11
7
5
11
4
12
15
11
3
11
5
3
3
6
25
22
14
0
13
11
1
11
4
8
16
1
0
3
18
16
1
6
16
17
11
8
12
12
12
14
18
13
14
4
13
2
8
11
11
12
6
6
35
46
6
10
3
12
13
2
9
0
6
6
9
2
6
9
20
19
8
4
0
5
1
3
3
3
5
10
0
3
2
3
1
5
5
8
0
10
6
2
2
6
7
1
2
9
0
7
4
4
0
0
11
11
11
7
7
5
0
2
7
1
5
5
4
7
4
0
2
9
15
6
6
13
5
5
2
1
9
8
0
0
4
4
5
7
2
3
5
4
4
5
5
8
4
0
8
8
8
0
5
11
6
6
2
2
3
8
8
8
8
11
2
7
8
10
7
7
10
4
2
7
10
4
5
4
4
3
3
3
6
6
3
3
1
3
2
2
2
6
6
6
8
8
0
0
1
0
6
6
2
19
6
11
7
4
0
0
6
9
1
5
5
4
3
10
3
3
3
2
0
1
1
7
4
4
6
5
2
7
1
4
4
0
7
4
0
12
12
3
5
1
0
1
1
0
0
8
6
0
3
3
6
2
3
2
4
1
1
2
2
10
4
2
1
3
5
0
0
0
17
13
14
14
2
0
0
0
0
0
0
2
2
1
8
8
2
2
4
4
1
4
4
4
4
18
22
16
16
1
1
0
1
2
2
0
0
0
3
4
5
6
0
0
0
0
0
0
0
7
3
3
3
6
4
4
2
1
1
3
0
3
6
6
6
6
2
4
2
2
3
1
1
1
1
15
11
8
4
1
2
0
8
4
3
2
1
0
5
8
0
7
7
4
2
2
1
10
1
1
2
1
2
2
1
1
1
1
2
5
0
1
1
0
4
6
6
0
0
0
0
2
1
7
0
0
0
1
1
3
3
0
2
7
1
1
1
2
2
6
1
6
6
4
4
6
2
5
3
0
2
2
1
2
2
0
0
1
1
2
3
1
1
0
1
1
3
2
2
4
4
1
8
0
3
3
6
0
4
5
5
4
1
1
1
1
3
4
1
3
5
5
1
3
3
3
2
3
5
3
4
4
0
0
1
1
6
0
0
2
0
0
4
2
4
1
3
1
2
3
0
3
7
1
4
2
4
4
0
1
1
2
1
5
0
6
6
0
5
5
5
1
1
5
3
2
0
0
1
3
3
3
3
3
0
0
2
2
1
1
1
5
0
2
3
7
5
0
0
3
5
3
1
1
1
4
1
3
1
2
0
0
2
5
2
2
2
2
2
2
5
4
4
4
4
4
0
4
4
3
1
3
3
3
1
3
3
2
4
0
0
0
3
12
11
12
3
4
2
1
0
3
3
3
1
1
0
0
0
0
1
2
2
2
5
4
4
4
2
0
0
0
0
0
0
0
0
0
3
3
0
0
0
0
3
3
1
5
2
1
1
0
0
0
0
0
0
3
4
1
2
4
2
2
5
1
0
0
0
3
5
1
1
2
2
0
0
1
4
0
1
1
1
1
1
0
1
1
3
3
0
0
0
2
4
1
1
1
0
1
0
2
0
0
2
5
5
3
0
3
2
2
1
7
0
0
0
0
0
3
0
3
0
2
2
2
0
0
0
0
1
1
0
1
0
1
2
0
0
3
3
1
0
0
4
1078
529
