../2_Decay/DataFilesGe/Decay/416025G2.TXTBackgroundRemoved 
0
0
0
0
0
1
1
1
1
1
1
1
1
2
51
100
75
73
136
74
107
123
118
195
238
216
160
109
50
71
35
43
51
83
72
53
55
73
65
32
27
26
40
27
20
8
20
29
0
3
25
9
1
6
14
14
14
16
13
15
30
14
16
16
9
9
9
10
0
7
1
1
16
16
14
14
15
15
5
14
28
22
22
4
18
10
25
10
35
18
23
33
38
30
0
10
49
49
16
8
8
51
51
33
12
10
38
23
10
11
17
2
21
12
11
28
30
17
18
18
48
48
20
36
36
22
16
7
33
29
14
36
20
48
23
17
24
37
30
18
10
29
50
24
25
19
34
12
24
43
21
13
38
27
39
23
27
45
22
7
31
27
4
22
28
25
16
11
26
36
16
20
24
4
41
19
34
15
17
32
32
32
25
28
5
43
2
10
1
44
10
11
15
5
23
9
32
8
13
25
25
6
26
5
33
32
13
12
21
12
11
4
14
9
22
7
2
7
19
17
17
26
26
3
36
3
11
11
33
10
9
23
12
13
4
5
13
15
15
38
29
1
10
16
0
22
13
3
10
7
16
15
12
14
14
9
9
6
3
19
17
12
14
14
14
2
7
7
1
7
0
12
12
5
4
4
11
9
4
7
22
21
24
15
10
16
2
2
19
9
10
3
3
30
32
32
4
2
2
2
10
7
7
9
9
1
2
1
0
8
9
11
9
8
8
12
8
3
14
3
3
3
3
7
7
10
10
7
1
8
5
12
12
11
13
8
15
4
5
13
13
5
2
4
4
4
4
30
15
3
4
0
2
3
14
5
5
6
11
3
3
10
0
5
11
8
5
5
0
0
0
5
4
3
3
3
10
10
0
8
3
5
6
3
3
3
10
4
8
8
8
1
8
6
2
5
4
4
3
3
1
0
3
1
9
2
7
10
10
10
6
6
5
7
3
7
5
12
12
5
9
0
6
0
0
0
4
2
2
0
0
4
4
0
9
2
0
1
2
0
9
9
9
1
0
1
1
5
6
6
6
6
2
4
2
6
11
11
5
5
10
3
2
1
4
4
9
12
0
0
5
7
1
3
4
1
4
2
1
1
4
10
1
1
1
8
8
5
3
6
6
7
4
3
3
3
3
1
4
8
9
10
1
3
0
1
5
4
3
3
0
7
4
4
4
4
10
10
2
2
6
6
6
2
2
1
8
5
5
5
3
0
4
4
1
1
5
5
5
5
5
5
4
1
0
0
0
0
7
0
1
0
0
0
0
1
1
1
8
5
0
0
5
4
2
2
2
10
16
8
8
6
0
5
0
0
3
3
3
2
1
1
1
3
0
1
4
4
4
4
4
4
12
30
17
4
5
1
5
1
1
1
3
4
4
4
1
4
4
4
1
0
0
1
1
1
3
7
0
0
0
1
0
3
1
1
0
0
0
1
1
4
2
2
0
0
0
2
3
3
3
3
5
16
2
2
0
2
2
1
3
2
4
4
1
3
3
0
0
2
2
0
0
0
0
1
1
1
5
3
3
0
0
3
1
1
1
1
1
0
0
0
0
0
2
2
2
2
2
2
2
1
1
1
1
1
1
2
3
5
4
2
2
4
2
5
1
5
2
0
5
3
0
2
2
0
0
5
0
2
2
1
1
1
1
1
1
0
0
0
0
3
3
0
0
0
1
5
3
5
1
1
1
1
2
7
0
1
2
3
1
2
2
1
1
1
0
0
0
0
3
0
2
0
7
7
7
3
3
0
6
3
0
2
2
1
1
0
0
0
3
3
3
3
2
2
2
3
3
5
0
2
4
0
0
0
3
3
3
0
1
0
2
1
0
5
5
5
5
0
0
2
6
1
2
2
0
1
1
1
2
1
1
0
2
3
2
2
2
1
0
2
2
2
2
2
1
3
3
4
4
0
0
2
2
1
1
1
2
3
3
2
2
0
0
1
1
1
1
1
1
1
3
3
3
0
7
7
0
1
1
0
0
0
0
2
2
2
2
3
7
8
9
3
9
0
0
2
2
1
0
3
3
3
3
6
6
6
6
6
6
2
0
0
3
3
3
3
0
0
0
0
0
0
4
1
1
1
0
2
1
2
1
0
0
0
2
2
1
1
0
0
0
1
2
2
5
2
4
4
4
2
0
0
0
0
1
1
0
0
0
1
0
1
1
2
2
1
0
4
4
4
5
4
2
1
0
0
0
1
1
0
4
1
4
0
0
1
0
0
0
2
0
0
0
3
0
4
1
1
0
0
2
2
2
1
2
0
0
0
1
3
0
0
1
1
1
2
3
3
0
0
0
3
3
3
3
3
2
0
0
0
2074
2074
