../2_Decay/DataFilesGe/Decay/416037G2.TXTBackgroundRemoved 
0
0
0
0
0
0
0
0
0
0
0
0
0
0
33
8
12
69
48
2
11
15
0
0
0
4
19
0
11
25
22
3
0
0
0
10
0
0
0
0
1
0
21
13
0
2
0
0
0
9
0
4
0
0
0
0
11
0
0
18
0
0
6
0
14
0
14
0
0
0
0
0
5
0
0
0
0
0
3
0
0
0
0
0
0
0
11
0
3
0
0
0
0
4
0
0
0
0
7
3
0
0
0
0
0
11
0
17
5
0
0
0
3
0
0
0
0
17
0
0
13
0
0
0
0
0
2
25
19
9
3
8
0
0
0
4
21
7
27
50
6
1
19
0
23
0
12
0
2
7
0
5
0
17
15
7
11
0
18
6
10
37
2
0
10
0
0
8
4
7
23
0
5
20
9
7
0
9
0
9
0
0
1
25
0
0
0
0
0
8
19
10
0
16
14
2
18
0
9
1
6
9
0
0
11
0
0
0
11
0
5
3
19
12
4
0
0
0
14
0
0
0
2
0
2
0
2
8
2
0
10
9
0
14
2
0
0
0
0
7
25
0
8
13
15
6
0
0
3
3
1
0
6
9
10
0
4
5
0
6
11
5
4
0
0
0
10
11
11
4
0
7
0
13
0
2
1
0
0
0
2
10
14
8
0
12
0
0
2
0
0
0
0
26
14
0
0
0
0
5
0
11
0
6
6
5
0
0
3
4
4
0
0
17
1
2
9
0
0
2
5
0
0
7
1
13
0
0
13
7
6
5
0
2
0
11
0
6
1
10
0
1
0
0
7
0
0
29
23
0
5
4
6
8
0
4
0
12
4
0
0
9
5
6
4
1
4
12
9
8
0
8
0
0
9
6
4
0
0
0
0
0
6
2
0
0
1
0
0
0
6
8
9
3
0
7
0
0
2
3
0
2
7
0
2
0
5
0
0
0
10
0
2
0
4
0
1
3
5
0
0
9
5
0
0
2
0
1
0
0
2
4
0
8
0
0
1
0
0
4
1
2
0
0
0
0
0
0
3
2
0
0
1
0
5
6
1
7
5
0
1
0
1
1
4
3
0
0
3
1
5
0
4
0
1
2
0
8
0
0
0
0
4
1
1
0
2
3
5
5
0
1
0
3
0
0
0
0
7
10
5
0
5
0
6
2
0
2
0
1
8
0
1
1
0
3
2
0
8
0
1
0
1
1
0
0
0
3
2
0
0
2
0
0
1
2
1
0
3
0
3
1
0
3
3
3
0
0
1
0
0
0
4
0
0
0
0
1
2
1
0
0
0
0
0
0
0
10
11
13
5
2
0
0
0
0
3
0
0
0
3
0
0
0
0
6
5
3
0
0
0
0
4
24
15
1
0
0
6
6
0
4
0
0
0
0
1
0
4
0
0
0
0
1
1
1
3
1
0
0
1
0
0
0
1
0
0
0
4
0
0
3
0
1
4
0
0
1
0
0
0
0
4
15
7
0
0
2
0
3
0
1
0
2
0
9
0
2
0
0
2
5
0
1
0
1
3
0
0
4
0
1
0
1
0
0
1
4
1
0
0
0
0
0
0
0
0
0
3
0
0
0
0
1
0
0
3
0
0
4
0
3
0
0
0
3
4
0
0
0
2
0
0
2
0
3
1
0
2
2
0
3
0
4
0
0
0
1
0
1
2
0
1
1
0
0
1
0
0
1
3
2
0
0
0
8
2
1
1
1
0
1
1
1
0
2
4
0
0
0
3
0
0
0
0
1
0
0
0
0
3
3
0
0
2
0
0
2
0
0
0
8
1
0
0
0
0
1
3
3
2
2
1
0
0
4
2
1
3
0
0
3
0
0
1
3
3
0
0
0
0
0
0
0
0
0
1
1
0
0
5
0
0
0
0
1
0
0
0
0
0
0
0
3
1
2
0
1
0
0
0
3
1
6
0
0
0
3
0
0
4
0
0
3
0
0
0
0
0
0
0
0
1
0
3
0
4
0
1
2
0
2
2
2
0
3
0
0
0
0
0
9
12
2
2
1
1
0
1
0
2
0
0
0
0
0
0
0
0
0
0
0
1
0
2
0
0
0
0
0
0
0
0
0
0
0
1
0
0
0
0
1
4
0
1
0
0
0
4
1
0
0
0
4
1
0
4
5
2
5
1
1
2
1
0
1
1
0
0
0
0
0
3
0
0
0
0
5
0
0
2
1
2
2
1
0
0
0
3
0
0
0
0
0
0
0
1
1
0
0
2
4
0
0
0
3
2
1
0
1
3
0
0
0
0
2
0
2
0
0
2
0
0
0
2
0
0
0
0
0
0
1
0
0
0
1
0
0
1
0
0
0
1822
0
