../2_Decay/DataFilesGe/Decay/416039G2.TXTBackgroundRemoved 
0
0
0
0
0
0
0
0
0
0
0
0
0
0
46
49
1
32
17
0
0
9
0
0
3
6
2
0
27
14
1
11
19
0
15
5
0
17
10
11
2
8
5
0
0
0
0
16
6
14
6
2
4
0
5
0
0
0
0
0
2
4
0
0
0
0
0
24
0
1
0
0
1
0
0
0
0
3
3
0
0
15
0
0
0
0
1
0
15
0
0
0
0
0
1
0
13
0
0
0
2
0
0
0
0
0
4
1
0
0
0
0
0
0
0
0
0
0
13
0
0
0
20
11
0
16
0
0
14
0
5
15
0
23
18
16
4
5
0
2
15
22
36
20
0
0
12
0
17
21
0
0
0
2
3
20
14
0
0
0
15
0
0
1
27
0
0
0
0
3
0
13
0
12
9
7
0
6
0
2
5
0
0
12
6
3
14
0
0
24
11
8
12
0
10
0
9
4
12
7
0
3
4
0
9
17
0
0
15
0
5
0
1
3
0
0
0
0
10
6
0
11
0
0
0
0
0
0
0
2
11
3
0
1
0
4
6
2
0
36
13
0
9
3
2
0
1
2
13
0
11
10
0
8
0
7
3
0
10
0
6
6
9
0
0
1
0
7
5
5
0
7
5
7
0
0
0
0
4
1
7
6
13
2
3
8
9
0
0
0
2
2
0
14
0
0
0
0
7
0
9
0
0
3
1
0
9
0
0
12
1
9
2
10
8
4
0
1
4
3
0
6
0
3
2
10
0
2
1
0
6
6
0
0
1
1
0
0
0
10
5
8
10
3
2
0
0
3
10
7
10
0
6
5
9
0
0
11
2
1
0
8
0
3
14
3
0
3
0
0
3
5
0
5
0
0
1
5
0
0
0
1
6
0
0
1
0
3
2
1
0
2
11
0
0
0
0
0
6
2
0
10
4
0
10
0
4
0
0
0
5
4
0
10
0
4
0
3
6
0
0
7
2
1
0
1
1
0
0
0
1
8
1
0
2
0
0
0
6
0
1
0
2
0
6
0
3
1
7
1
0
0
0
2
2
4
0
1
2
1
0
0
0
0
3
1
0
0
4
0
2
0
3
0
5
0
0
1
4
0
3
1
6
6
0
0
4
0
3
1
4
1
0
2
0
4
0
0
15
4
0
0
3
0
0
2
11
2
0
0
0
2
5
2
0
3
0
4
0
0
3
0
5
2
0
1
6
3
3
1
2
3
3
0
2
0
0
4
0
0
0
0
0
0
0
1
0
0
0
2
2
0
4
0
1
0
1
0
2
4
0
0
0
1
0
0
0
10
12
6
0
4
5
0
2
0
1
0
0
0
1
0
0
0
1
0
0
0
0
0
0
0
12
18
2
2
4
1
2
0
2
0
3
0
0
3
2
12
3
0
1
0
1
0
0
0
2
0
2
0
0
0
0
1
0
0
1
0
0
1
1
0
0
0
0
1
0
6
0
0
0
0
7
5
0
3
2
7
0
0
0
4
3
0
1
2
0
1
0
8
5
0
0
0
1
4
0
0
9
0
0
3
0
1
0
0
1
0
0
1
0
0
0
0
0
0
0
0
3
0
2
0
3
0
0
2
0
1
3
1
0
2
3
0
0
1
5
0
0
0
3
1
4
3
1
3
0
0
0
0
0
0
1
4
1
1
0
4
0
0
0
0
4
0
2
0
1
0
0
0
0
0
0
4
1
1
0
0
2
0
0
1
0
6
3
0
1
3
2
3
0
5
1
1
2
0
2
0
1
0
5
5
2
0
1
3
2
0
0
5
3
2
3
0
3
0
0
1
0
0
1
0
0
2
0
0
1
0
0
0
0
1
4
0
0
1
1
1
0
0
2
0
0
3
0
0
2
0
1
0
2
2
0
1
1
5
0
0
0
0
1
2
0
1
3
0
0
0
3
0
0
0
3
0
0
0
1
1
0
0
2
0
0
2
2
5
0
0
3
0
0
4
0
0
0
1
2
3
2
0
0
0
0
4
0
2
0
0
0
1
4
12
5
1
3
0
3
0
0
5
0
0
0
1
0
2
0
0
4
0
0
2
0
0
0
0
0
0
0
4
1
0
2
1
0
0
1
0
0
0
0
1
0
0
2
2
0
0
0
0
0
0
0
0
2
6
5
7
0
2
0
1
0
1
0
0
1
0
0
0
0
1
1
0
0
0
0
2
0
1
1
0
0
1
2
0
0
1
3
0
3
0
0
0
0
0
0
0
0
0
0
0
0
0
0
0
0
0
0
7
0
3
1
0
0
0
1
2
0
0
0
1
0
2
2
0
0
1
1
0
0
0
0
3
2
7
0
0
0
0
0
0
1821
0
