../2_Decay/DataFilesGe/Decay/416008G2.TXTBackgroundRemoved 
0
0
0
0
0
0
0
0
0
0
0
0
0
0
20
47
15
47
46
55
55
49
11
12
23
7
9
26
35
27
30
17
16
0
0
0
4
5
6
9
0
19
15
22
9
1
0
0
23
0
16
5
0
3
7
0
20
6
0
0
5
8
18
0
6
0
0
14
2
3
0
0
3
0
0
0
0
16
0
0
0
0
12
0
4
0
24
0
1
0
0
0
0
22
0
17
8
0
1
3
0
0
0
6
24
0
0
8
0
4
2
0
1
8
11
0
0
3
16
0
0
0
35
9
32
9
0
0
35
28
3
0
0
32
2
19
8
24
8
0
15
0
16
11
15
0
17
15
0
14
13
8
31
0
14
23
7
0
15
16
2
14
0
6
8
0
0
13
4
0
2
24
4
18
45
21
14
0
21
29
20
6
0
4
0
23
4
14
1
5
5
13
10
4
9
0
12
0
11
16
4
8
10
0
2
10
0
5
21
0
1
0
12
8
0
0
0
2
0
3
0
19
0
0
0
0
0
12
15
0
3
0
9
16
3
18
7
15
0
0
37
0
19
13
5
8
9
7
5
1
11
16
0
6
0
0
0
11
0
5
8
10
14
0
0
17
0
10
15
4
5
11
0
0
9
0
3
3
0
25
6
0
12
2
4
17
6
0
0
4
7
0
0
18
25
0
0
4
11
1
4
6
0
0
0
7
0
0
0
9
2
3
1
0
4
4
0
0
7
8
0
4
1
0
4
9
3
0
2
0
0
9
0
0
5
8
7
2
12
2
5
0
2
0
2
0
0
26
29
3
9
0
4
2
0
8
0
12
0
0
0
18
2
2
4
0
2
0
2
0
0
0
15
2
11
3
0
3
0
0
2
0
0
6
9
2
9
0
3
0
6
4
0
7
0
0
0
0
0
2
0
0
0
4
6
0
0
0
0
4
0
0
10
5
3
5
0
3
0
3
2
1
6
2
0
3
0
0
0
2
0
5
1
2
0
8
0
0
0
0
8
2
1
1
0
0
1
0
3
0
0
0
2
0
0
9
3
0
0
1
1
1
0
2
2
0
0
1
0
4
4
2
8
0
2
0
0
3
0
6
8
1
3
8
1
4
0
3
3
1
0
7
0
2
2
0
0
0
2
6
20
9
4
0
0
12
3
4
2
2
0
3
2
2
0
7
4
2
1
0
12
6
9
2
11
5
0
0
0
1
0
1
1
0
3
3
2
6
0
0
2
4
0
0
0
0
0
0
1
0
0
2
0
0
0
0
2
0
1
2
0
4
0
3
4
0
0
8
12
16
9
8
0
0
2
0
0
0
0
0
1
0
1
0
0
1
2
3
1
0
0
0
12
23
12
8
1
1
0
0
0
0
4
1
0
1
5
2
4
0
0
0
0
2
2
0
5
3
0
0
0
0
5
1
0
0
0
0
3
0
0
0
0
2
4
0
0
2
0
0
0
0
5
9
6
4
0
0
0
0
2
10
0
0
0
0
2
1
0
0
4
0
0
0
7
0
0
3
4
1
0
0
0
2
0
3
2
0
1
0
0
0
1
1
1
0
0
0
0
0
0
1
2
0
5
1
2
0
0
3
0
0
1
7
0
0
5
3
1
0
5
1
0
0
0
2
0
3
3
2
0
2
0
1
0
3
0
1
8
0
0
0
0
0
0
0
1
0
2
3
0
3
0
0
2
3
3
3
1
0
0
0
0
0
0
0
0
3
1
3
0
0
5
0
0
1
0
0
0
0
2
2
0
2
1
0
0
0
0
2
1
2
0
0
0
0
0
0
6
2
0
0
0
0
1
1
0
0
3
0
0
0
0
0
0
0
0
2
0
0
1
8
0
0
0
0
0
6
0
0
0
1
0
5
1
0
0
0
0
0
1
1
2
3
0
0
3
0
0
4
0
0
0
0
0
0
2
6
0
1
0
0
2
5
0
0
0
0
4
0
2
0
0
0
1
1
8
0
3
2
2
6
0
0
0
1
0
0
0
0
0
10
0
6
5
0
3
0
3
0
0
0
1
3
0
2
1
0
0
2
0
0
0
0
4
0
0
0
4
0
2
0
2
0
0
5
0
0
0
2
0
5
0
0
0
4
0
1
0
2
0
0
0
2
0
0
0
3
1
3
0
6
0
0
0
0
4
0
0
0
0
0
1
0
0
0
1
3
2
0
0
0
0
3
0
0
0
0
1
0
2
0
0
0
1
2
0
4
3
0
5
0
0
0
4
0
0
0
0
3
3
0
6
0
0
0
5
1
0
1
0
0
0
1
0
0
0
1
0
1
1
0
1
0
0
0
0
0
0
1
0
0
2
1211
