../2_Decay/DataFilesGe/Decay/416013G2.TXTBackgroundRemoved 
0
0
0
0
0
0
0
0
0
0
0
0
0
0
24
63
4
35
28
16
28
24
13
10
24
15
20
34
41
75
135
78
81
22
18
1
14
22
11
8
2
5
6
0
0
15
0
2
2
2
14
17
0
4
0
0
0
8
6
0
13
0
6
2
18
3
6
21
0
3
0
0
15
0
0
12
0
0
4
0
0
0
0
0
0
0
0
0
4
2
0
0
9
8
7
0
0
0
0
8
17
9
0
20
0
16
0
0
0
0
0
0
0
2
8
11
0
6
0
0
0
0
20
0
3
4
0
0
34
20
24
23
0
5
7
0
0
0
13
32
7
18
16
5
0
14
17
0
12
8
19
8
0
0
3
12
7
0
0
22
0
10
0
15
0
0
0
17
0
26
1
3
6
18
23
5
5
6
6
10
0
0
3
4
1
9
3
5
0
21
23
0
21
24
23
0
2
15
5
1
9
4
0
0
12
4
0
13
13
4
11
12
10
18
0
0
0
0
3
9
0
2
0
5
18
0
13
2
0
2
12
14
1
0
6
5
14
0
0
27
19
0
5
12
9
14
0
3
14
0
0
16
6
0
0
1
6
3
6
14
7
4
8
0
0
7
5
0
0
9
0
0
1
11
6
3
13
0
6
4
11
0
0
6
12
23
8
0
9
9
10
2
0
32
11
1
2
0
0
0
6
17
4
2
0
0
4
6
2
3
0
3
0
9
3
6
3
2
0
0
5
0
0
11
0
11
5
13
1
4
17
12
0
0
6
0
3
6
0
1
0
0
7
10
0
0
0
30
17
7
2
5
7
6
7
1
0
1
5
0
0
4
0
7
6
0
5
0
0
0
7
0
7
3
2
2
5
8
0
0
0
0
5
0
0
1
0
0
4
1
0
3
7
1
2
4
0
0
5
6
2
4
0
0
1
0
1
3
0
0
7
0
0
8
7
4
6
4
1
2
0
1
0
4
0
5
0
0
0
0
5
0
3
2
0
0
2
0
0
0
4
0
0
3
3
0
0
3
11
3
4
0
0
3
0
11
3
0
7
8
0
0
1
0
6
0
4
3
2
3
0
0
5
2
1
0
4
0
5
7
7
0
0
2
4
0
0
7
0
8
0
0
3
0
0
0
0
0
2
6
12
2
4
1
0
7
2
2
1
7
1
1
5
0
0
1
0
1
0
0
7
6
3
6
0
0
1
0
0
0
3
0
4
2
4
5
0
13
0
0
1
2
0
3
0
0
0
0
0
0
2
1
0
2
0
2
0
3
0
2
0
1
0
0
0
0
0
5
15
2
3
1
0
0
0
1
0
4
0
3
0
0
0
0
0
0
3
3
0
0
0
0
8
23
6
0
0
0
1
1
2
1
0
0
0
2
0
0
0
2
1
0
2
0
0
1
4
1
0
1
0
0
0
1
0
0
1
0
1
0
2
0
0
2
1
0
0
0
0
0
0
0
3
17
4
0
5
1
0
3
2
0
2
1
1
0
1
0
0
3
0
1
0
1
0
0
0
0
0
0
0
0
2
0
0
6
6
0
0
2
0
0
3
0
2
0
0
0
3
2
1
0
4
0
0
0
1
0
0
0
4
0
5
0
0
0
4
0
0
2
0
0
0
2
2
1
0
0
5
4
1
0
0
0
4
0
0
0
0
3
0
0
4
3
0
1
1
0
2
0
0
3
0
0
0
4
4
5
0
0
1
1
0
1
0
4
2
2
2
1
0
0
0
0
5
1
0
0
0
1
0
0
4
3
1
4
0
0
0
0
2
0
3
0
0
0
4
2
0
4
0
0
0
0
3
2
1
0
0
0
3
0
2
0
0
2
0
1
1
2
3
0
1
1
0
1
0
0
1
0
1
0
0
0
2
1
2
0
2
1
1
2
1
3
0
2
1
2
2
1
0
4
3
6
2
1
1
0
0
0
2
3
0
1
1
0
0
0
2
2
0
2
0
0
0
0
1
0
1
0
0
5
0
0
0
2
0
0
0
2
2
9
11
3
2
0
3
0
1
2
2
0
0
1
0
0
5
0
0
0
3
1
1
1
0
0
0
1
2
0
0
0
0
0
0
2
6
1
2
0
0
0
2
0
1
3
0
1
1
1
0
0
0
0
7
0
0
4
0
2
0
0
0
0
0
0
0
1
2
0
0
0
0
2
0
0
0
0
0
0
1
0
0
5
0
0
5
2
1
0
0
1
0
3
2
0
0
0
1
0
3
1
2
3
0
0
0
0
0
2
4
4
1
1
2
0
0
0
0
1
0
0
0
0
0
1
0
4
0
0
0
1
0
0
1
0
0
0
0
0
0
0
5
1159
