../2_Decay/DataFilesGe/Decay/416021G2.TXTBackgroundRemoved 
0
0
0
0
0
0
0
0
0
0
0
0
0
0
55
155
112
74
80
113
110
94
76
69
44
24
34
50
51
63
51
41
27
23
12
23
11
21
11
13
2
20
18
0
0
22
7
13
10
15
25
17
32
23
11
0
19
4
22
6
5
0
7
0
24
24
9
27
0
16
11
0
41
9
0
33
0
19
15
7
2
11
41
27
12
2
51
22
31
0
35
13
25
37
0
24
9
28
41
1
33
34
0
36
43
16
41
35
21
0
25
27
30
13
38
21
22
14
42
23
36
4
9
34
40
42
12
41
41
10
41
10
8
13
9
49
32
41
17
21
22
27
50
23
21
16
42
45
30
16
26
36
47
34
38
18
10
39
20
7
27
28
27
15
16
16
33
1
28
23
24
28
26
39
23
33
11
16
16
18
0
19
8
19
13
39
12
23
16
33
19
13
14
13
29
14
9
26
25
15
20
10
9
1
15
35
11
6
16
18
30
8
9
17
10
8
21
10
16
21
16
26
0
17
24
14
17
3
19
10
13
19
9
14
12
18
23
3
0
27
18
0
18
9
13
2
2
10
2
1
12
16
11
21
12
5
3
12
0
9
14
7
0
0
11
8
9
8
0
8
21
3
0
25
13
11
7
2
10
5
0
5
4
14
0
9
17
1
10
12
7
2
9
12
5
0
2
6
14
6
8
6
1
15
9
7
11
0
15
10
0
19
12
7
4
6
0
8
5
7
0
2
16
10
1
10
5
0
11
10
0
4
0
11
11
2
0
4
0
4
5
5
10
1
9
0
0
27
10
5
10
1
12
10
7
5
0
7
0
0
4
2
2
7
12
8
7
1
3
11
7
2
1
22
2
9
4
1
13
0
0
1
8
0
3
0
4
1
2
0
3
11
6
5
7
4
0
0
3
0
0
6
5
0
8
0
5
10
0
0
7
8
2
0
6
2
2
9
0
0
0
1
2
7
2
4
10
0
0
0
0
2
2
0
0
5
0
2
0
2
1
8
7
2
3
0
0
3
2
5
0
1
0
0
2
3
0
1
7
6
3
6
0
3
2
3
4
4
6
7
4
0
4
1
0
7
3
0
0
2
3
5
3
4
0
1
7
0
6
0
0
2
3
0
0
3
0
0
12
7
7
1
7
0
6
4
1
0
0
0
5
3
7
2
0
4
2
0
9
1
8
2
0
0
2
0
6
0
3
3
9
4
7
2
0
0
2
2
3
0
0
6
0
0
0
0
0
0
0
0
1
0
1
1
0
5
0
2
2
4
0
4
0
1
4
0
0
20
16
9
0
2
0
0
0
0
1
0
0
0
2
0
0
0
0
5
0
4
0
0
0
0
21
18
8
0
2
1
2
0
0
1
5
4
2
0
1
1
1
4
0
0
2
0
0
2
5
0
0
0
0
1
1
2
0
0
1
3
0
4
0
4
0
0
4
2
1
1
0
1
0
9
8
12
3
0
1
1
0
0
1
3
2
0
5
7
1
2
0
2
2
0
0
0
0
2
0
1
3
0
0
2
3
6
0
6
0
2
1
0
0
0
9
5
0
2
1
0
1
0
3
0
0
0
0
0
5
0
3
0
1
4
1
1
1
4
1
3
0
0
3
1
2
1
0
3
0
0
2
7
0
0
0
2
1
0
0
0
0
1
0
0
0
0
0
0
0
0
0
1
1
0
1
8
2
3
0
4
6
0
2
0
0
2
0
0
3
0
2
7
0
0
1
3
0
1
0
1
1
0
2
5
3
0
1
0
6
1
0
2
0
1
2
0
0
0
3
6
4
0
0
0
4
0
3
1
1
1
0
0
0
3
0
0
4
3
0
1
0
0
1
0
3
1
0
0
1
0
0
6
2
4
0
1
2
0
3
4
0
0
0
3
1
2
4
0
1
2
1
0
4
0
2
3
0
0
1
0
0
2
6
0
0
0
0
0
1
1
4
2
0
0
0
0
0
0
5
0
3
0
0
0
0
2
0
5
1
0
0
5
9
5
5
1
3
0
4
1
1
3
3
0
1
0
0
0
4
0
1
0
0
0
7
0
2
3
0
2
4
2
1
0
1
0
0
0
1
5
0
0
0
0
0
0
1
1
0
0
1
0
1
2
0
1
4
2
1
0
0
1
0
1
1
0
0
2
2
0
0
1
0
1
0
1
0
4
0
0
2
0
0
1
2
3
3
0
0
0
1
0
0
1
0
1
1
0
0
1
0
0
0
0
0
0
0
0
0
5
0
5
0
0
1
0
2
0
0
0
1
5
0
0
1
1
0
0
0
0
0
0
3
0
0
0
1
1
0
0
2
1
0
0
1168
260
