
 0   651 
 1   667 
 2   728 
 3   737 
 4   721 
 5   674 
 6   727 
 7   696 
 8   723 
 9   764 
 10   707 
 11   724 
 12   744 
 13   727 
 14   722 
 15   792 
 16   735 
 17   752 
 18   773 
 19   757 
 20   756 
 21   795 
 22   811 
 23   726 
 24   789 
 25   804 
 26   832 
 27   795 
 28   809 
 29   844 
 30   826 
 31   791 
 32   782 
 33   873 
 34   808 
 35   856 
 36   833 
 37   869 
 38   843 
 39   827 
 40   809 
 41   852 
 42   888 
 43   813 
 44   864 
 45   856 
 46   876 
 47   873 
 48   863 
 49   837 
 50   881 
 51   856 
 52   874 
 53   869 
 54   907 
 55   850 
 56   853 
 57   842 
 58   847 
 59   885 
 60   856 
 61   867 
 62   806 
 63   825 
 64   819 
 65   885 
 66   850 
 67   885 
 68   901 
 69   910 
 70   836 
 71   878 
 72   930 
 73   947 
 74   934 
 75   884 
 76   897 
 77   919 
 78   938 
 79   937 
 80   911 
 81   916 
 82   949 
 83   920 
 84   907 
 85   953 
 86   928 
 87   1017 
 88   998 
 89   952 
 90   908 
 91   1036 
 92   991 
 93   1023 
 94   996 
 95   1047 
 96   976 
 97   1044 
 98   980 
 99   1004 
 100   1018 
 101   987 
 102   970 
 103   976 
 104   941 
 105   888 
 106   914 
 107   832 
 108   852 
 109   788 
 110   817 
 111   722 
 112   724 
 113   769 
 114   767 
 115   709 
 116   738 
 117   707 
 118   766 
 119   709 
 120   767 
 121   697 
 122   752 
 123   685 
 124   691 
 125   679 
 126   734 
 127   669 
 128   666 
 129   687 
 130   717 
 131   725 
 132   698 
 133   699 
 134   692 
 135   655 
 136   659 
 137   661 
 138   684 
 139   643 
 140   694 
 141   689 
 142   617 
 143   646 
 144   654 
 145   629 
 146   664 
 147   620 
 148   647 
 149   590 
 150   619 
 151   586 
 152   616 
 153   620 
 154   579 
 155   613 
 156   602 
 157   557 
 158   570 
 159   612 
 160   558 
 161   582 
 162   590 
 163   621 
 164   603 
 165   592 
 166   619 
 167   608 
 168   640 
 169   624 
 170   618 
 171   580 
 172   610 
 173   620 
 174   605 
 175   626 
 176   633 
 177   621 
 178   655 
 179   632 
 180   663 
 181   639 
 182   557 
 183   580 
 184   546 
 185   566 
 186   573 
 187   505 
 188   573 
 189   594 
 190   591 
 191   585 
 192   539 
 193   573 
 194   648 
 195   648 
 196   629 
 197   659 
 198   758 
 199   719 
 200   706 
 201   728 
 202   754 
 203   790 
 204   848 
 205   835 
 206   868 
 207   818 
 208   897 
 209   896 
 210   942 
 211   929 
 212   970 
 213   989 
 214   1051 
 215   1110 
 216   1078 
 217   1114 
 218   1163 
 219   1191 
 220   1237 
 221   1269 
 222   1287 
 223   1279 
 224   1327 
 225   1336 
 226   1402 
 227   1415 
 228   1507 
 229   1457 
 230   1449 
 231   1567 
 232   1596 
 233   1647 
 234   1776 
 235   1721 
 236   1829 
 237   1760 
 238   1866 
 239   1819 
 240   1890 
 241   1954 
 242   1913 
 243   1999 
 244   2018 
 245   2049 
 246   2099 
 247   2178 
 248   2234 
 249   2148 
 250   2118 
 251   2306 
 252   2319 
 253   2224 
 254   2322 
 255   2385 
 256   2377 
 257   2392 
 258   2398 
 259   2375 
 260   2471 
 261   2560 
 262   2543 
 263   2555 
 264   2575 
 265   2645 
 266   2696 
 267   2707 
 268   2769 
 269   2775 
 270   2770 
 271   2685 
 272   2825 
 273   2839 
 274   2920 
 275   2937 
 276   2988 
 277   2982 
 278   3036 
 279   3102 
 280   3173 
 281   3203 
 282   3324 
 283   3395 
 284   3487 
 285   3576 
 286   3704 
 287   3670 
 288   3849 
 289   4054 
 290   4042 
 291   4131 
 292   4221 
 293   4106 
 294   4146 
 295   4006 
 296   3993 
 297   3809 
 298   3633 
 299   3560 
 300   3399 
 301   3186 
 302   3120 
 303   2844 
 304   2801 
 305   2691 
 306   2586 
 307   2454 
 308   2365 
 309   2331 
 310   2253 
 311   2236 
 312   2199 
 313   2157 
 314   2128 
 315   2086 
 316   2049 
 317   2048 
 318   1935 
 319   1835 
 320   1896 
 321   1852 
 322   1802 
 323   1850 
 324   1780 
 325   1814 
 326   1652 
 327   1641 
 328   1663 
 329   1678 
 330   1667 
 331   1660 
 332   1655 
 333   1560 
 334   1542 
 335   1538 
 336   1506 
 337   1512 
 338   1461 
 339   1526 
 340   1549 
 341   1495 
 342   1501 
 343   1432 
 344   1497 
 345   1506 
 346   1451 
 347   1413 
 348   1443 
 349   1508 
 350   1497 
 351   1434 
 352   1438 
 353   1488 
 354   1476 
 355   1556 
 356   1620 
 357   1586 
 358   1591 
 359   1689 
 360   1700 
 361   1738 
 362   1886 
 363   1904 
 364   1949 
 365   1963 
 366   2051 
 367   1956 
 368   2007 
 369   1934 
 370   1752 
 371   1615 
 372   1454 
 373   1364 
 374   1193 
 375   1183 
 376   1143 
 377   1161 
 378   1223 
 379   1313 
 380   1417 
 381   1518 
 382   1484 
 383   1560 
 384   1664 
 385   1713 
 386   1714 
 387   1718 
 388   1778 
 389   1872 
 390   1883 
 391   1971 
 392   1908 
 393   1953 
 394   1980 
 395   2053 
 396   2026 
 397   2187 
 398   2178 
 399   2206 
 400   2056 
 401   2255 
 402   2237 
 403   2228 
 404   2316 
 405   2303 
 406   2260 
 407   2277 
 408   2354 
 409   2253 
 410   2324 
 411   2510 
 412   2385 
 413   2365 
 414   2473 
 415   2597 
 416   2610 
 417   2528 
 418   2665 
 419   2643 
 420   2713 
 421   2654 
 422   2612 
 423   2374 
 424   1901 
 425   1331 
 426   910 
 427   572 
 428   378 
 429   244 
 430   197 
 431   171 
 432   142 
 433   143 
 434   140 
 435   141 
 436   116 
 437   135 
 438   122 
 439   98 
 440   138 
 441   126 
 442   117 
 443   129 
 444   118 
 445   110 
 446   109 
 447   104 
 448   82 
 449   92 
 450   75 
 451   85 
 452   91 
 453   73 
 454   65 
 455   67 
 456   77 
 457   67 
 458   70 
 459   66 
 460   54 
 461   65 
 462   57 
 463   59 
 464   51 
 465   54 
 466   51 
 467   40 
 468   38 
 469   50 
 470   36 
 471   50 
 472   43 
 473   31 
 474   33 
 475   42 
 476   38 
 477   22 
 478   40 
 479   47 
 480   65 
 481   100 
 482   221 
 483   205 
 484   174 
 485   119 
 486   70 
 487   45 
 488   35 
 489   24 
 490   26 
 491   27 
 492   45 
 493   34 
 494   26 
 495   34 
 496   31 
 497   35 
 498   39 
 499   36 
 500   30 
 501   35 
 502   26 
 503   24 
 504   32 
 505   26 
 506   28 
 507   32 
 508   37 
 509   39 
 510   35 
 511   23 
