
 0   27 
 1   29 
 2   17 
 3   20 
 4   26 
 5   27 
 6   19 
 7   16 
 8   22 
 9   24 
 10   20 
 11   12 
 12   19 
 13   24 
 14   15 
 15   26 
 16   16 
 17   22 
 18   18 
 19   10 
 20   26 
 21   19 
 22   18 
 23   27 
 24   23 
 25   27 
 26   22 
 27   20 
 28   20 
 29   22 
 30   22 
 31   16 
 32   20 
 33   17 
 34   22 
 35   18 
 36   20 
 37   19 
 38   13 
 39   17 
 40   15 
 41   14 
 42   19 
 43   15 
 44   16 
 45   22 
 46   26 
 47   19 
 48   19 
 49   17 
 50   20 
 51   31 
 52   20 
 53   12 
 54   15 
 55   21 
 56   17 
 57   18 
 58   20 
 59   13 
 60   20 
 61   23 
 62   19 
 63   22 
 64   27 
 65   24 
 66   22 
 67   19 
 68   21 
 69   16 
 70   20 
 71   21 
 72   28 
 73   20 
 74   26 
 75   18 
 76   19 
 77   20 
 78   22 
 79   20 
 80   25 
 81   26 
 82   23 
 83   24 
 84   30 
 85   22 
 86   23 
 87   21 
 88   28 
 89   26 
 90   11 
 91   18 
 92   24 
 93   27 
 94   21 
 95   22 
 96   20 
 97   29 
 98   22 
 99   27 
 100   17 
 101   22 
 102   20 
 103   22 
 104   18 
 105   26 
 106   22 
 107   23 
 108   20 
 109   13 
 110   22 
 111   22 
 112   20 
 113   20 
 114   20 
 115   13 
 116   27 
 117   22 
 118   23 
 119   25 
 120   20 
 121   18 
 122   13 
 123   18 
 124   21 
 125   13 
 126   14 
 127   17 
 128   15 
 129   15 
 130   14 
 131   22 
 132   17 
 133   19 
 134   9 
 135   15 
 136   8 
 137   19 
 138   20 
 139   16 
 140   11 
 141   12 
 142   18 
 143   18 
 144   9 
 145   14 
 146   11 
 147   20 
 148   10 
 149   10 
 150   19 
 151   11 
 152   16 
 153   11 
 154   9 
 155   14 
 156   13 
 157   11 
 158   10 
 159   13 
 160   9 
 161   11 
 162   9 
 163   8 
 164   10 
 165   22 
 166   16 
 167   23 
 168   25 
 169   27 
 170   32 
 171   25 
 172   13 
 173   8 
 174   15 
 175   12 
 176   17 
 177   14 
 178   11 
 179   13 
 180   22 
 181   18 
 182   20 
 183   13 
 184   14 
 185   11 
 186   11 
 187   16 
 188   16 
 189   16 
 190   14 
 191   15 
 192   29 
 193   19 
 194   21 
 195   25 
 196   19 
 197   20 
 198   11 
 199   18 
 200   14 
 201   19 
 202   19 
 203   12 
 204   18 
 205   14 
 206   20 
 207   19 
 208   20 
 209   26 
 210   8 
 211   10 
 212   15 
 213   25 
 214   15 
 215   18 
 216   23 
 217   17 
 218   20 
 219   19 
 220   13 
 221   19 
 222   21 
 223   11 
 224   16 
 225   19 
 226   16 
 227   16 
 228   18 
 229   13 
 230   17 
 231   17 
 232   24 
 233   18 
 234   16 
 235   9 
 236   18 
 237   20 
 238   15 
 239   22 
 240   15 
 241   21 
 242   19 
 243   21 
 244   15 
 245   21 
 246   16 
 247   33 
 248   29 
 249   21 
 250   21 
 251   29 
 252   19 
 253   15 
 254   13 
 255   16 
 256   19 
 257   22 
 258   24 
 259   13 
 260   25 
 261   22 
 262   15 
 263   12 
 264   25 
 265   26 
 266   21 
 267   20 
 268   16 
 269   19 
 270   19 
 271   23 
 272   27 
 273   19 
 274   19 
 275   21 
 276   24 
 277   35 
 278   32 
 279   44 
 280   39 
 281   39 
 282   37 
 283   30 
 284   16 
 285   16 
 286   23 
 287   17 
 288   20 
 289   15 
 290   27 
 291   11 
 292   24 
 293   20 
 294   23 
 295   32 
 296   50 
 297   45 
 298   26 
 299   27 
 300   14 
 301   16 
 302   17 
 303   30 
 304   41 
 305   70 
 306   56 
 307   47 
 308   37 
 309   21 
 310   21 
 311   18 
 312   10 
 313   47 
 314   69 
 315   83 
 316   35 
 317   23 
 318   10 
 319   15 
 320   11 
 321   15 
 322   13 
 323   21 
 324   13 
 325   7 
 326   13 
 327   12 
 328   14 
 329   11 
 330   14 
 331   18 
 332   22 
 333   69 
 334   117 
 335   140 
 336   178 
 337   125 
 338   90 
 339   40 
 340   20 
 341   15 
 342   28 
 343   79 
 344   129 
 345   99 
 346   40 
 347   19 
 348   12 
 349   9 
 350   12 
 351   10 
 352   7 
 353   12 
 354   6 
 355   6 
 356   8 
 357   7 
 358   9 
 359   14 
 360   10 
 361   6 
 362   9 
 363   12 
 364   7 
 365   3 
 366   4 
 367   5 
 368   9 
 369   12 
 370   20 
 371   20 
 372   86 
 373   151 
 374   267 
 375   290 
 376   223 
 377   133 
 378   82 
 379   21 
 380   12 
 381   8 
 382   6 
 383   8 
 384   7 
 385   8 
 386   5 
 387   11 
 388   11 
 389   6 
 390   15 
 391   15 
 392   20 
 393   16 
 394   16 
 395   18 
 396   16 
 397   13 
 398   9 
 399   11 
 400   12 
 401   8 
 402   6 
 403   13 
 404   9 
 405   10 
 406   10 
 407   1 
 408   7 
 409   9 
 410   9 
 411   4 
 412   7 
 413   8 
 414   6 
 415   12 
 416   8 
 417   10 
 418   22 
 419   41 
 420   110 
 421   290 
 422   723 
 423   1615 
 424   2934 
 425   4237 
 426   5626 
 427   6231 
 428   6441 
 429   6449 
 430   6668 
 431   6304 
 432   5482 
 433   3331 
 434   1442 
 435   487 
 436   146 
 437   29 
 438   13 
 439   6 
 440   2 
 441   0 
 442   0 
 443   0 
 444   0 
 445   0 
 446   0 
 447   0 
 448   0 
 449   0 
 450   0 
 451   0 
 452   0 
 453   0 
 454   0 
 455   0 
 456   0 
 457   0 
 458   0 
 459   0 
 460   0 
 461   0 
 462   0 
 463   0 
 464   0 
 465   0 
 466   0 
 467   0 
 468   0 
 469   0 
 470   0 
 471   0 
 472   0 
 473   0 
 474   1 
 475   0 
 476   0 
 477   0 
 478   0 
 479   0 
 480   0 
 481   0 
 482   0 
 483   0 
 484   1 
 485   0 
 486   1 
 487   0 
 488   0 
 489   0 
 490   0 
 491   0 
 492   0 
 493   0 
 494   0 
 495   0 
 496   0 
 497   0 
 498   0 
 499   0 
 500   0 
 501   0 
 502   0 
 503   0 
 504   0 
 505   0 
 506   0 
 507   1 
 508   0 
 509   0 
 510   0 
 511   0 
