
 0   61 
 1   61 
 2   59 
 3   53 
 4   45 
 5   56 
 6   64 
 7   54 
 8   45 
 9   57 
 10   43 
 11   48 
 12   47 
 13   47 
 14   37 
 15   51 
 16   47 
 17   42 
 18   52 
 19   60 
 20   42 
 21   41 
 22   46 
 23   52 
 24   53 
 25   37 
 26   45 
 27   42 
 28   37 
 29   38 
 30   52 
 31   43 
 32   41 
 33   48 
 34   36 
 35   31 
 36   46 
 37   51 
 38   58 
 39   52 
 40   53 
 41   50 
 42   40 
 43   40 
 44   39 
 45   40 
 46   60 
 47   50 
 48   37 
 49   54 
 50   54 
 51   44 
 52   40 
 53   42 
 54   40 
 55   64 
 56   51 
 57   47 
 58   46 
 59   47 
 60   59 
 61   44 
 62   57 
 63   44 
 64   41 
 65   47 
 66   57 
 67   46 
 68   58 
 69   49 
 70   56 
 71   46 
 72   55 
 73   63 
 74   49 
 75   56 
 76   40 
 77   50 
 78   47 
 79   54 
 80   54 
 81   54 
 82   58 
 83   53 
 84   35 
 85   51 
 86   50 
 87   57 
 88   58 
 89   58 
 90   44 
 91   50 
 92   62 
 93   79 
 94   68 
 95   57 
 96   64 
 97   59 
 98   63 
 99   55 
 100   42 
 101   43 
 102   54 
 103   53 
 104   48 
 105   47 
 106   45 
 107   47 
 108   43 
 109   50 
 110   54 
 111   56 
 112   46 
 113   46 
 114   42 
 115   55 
 116   49 
 117   63 
 118   75 
 119   64 
 120   52 
 121   54 
 122   48 
 123   58 
 124   45 
 125   40 
 126   39 
 127   49 
 128   40 
 129   31 
 130   46 
 131   41 
 132   35 
 133   48 
 134   48 
 135   44 
 136   29 
 137   28 
 138   28 
 139   28 
 140   38 
 141   30 
 142   36 
 143   23 
 144   30 
 145   23 
 146   30 
 147   35 
 148   33 
 149   29 
 150   38 
 151   31 
 152   28 
 153   27 
 154   35 
 155   30 
 156   25 
 157   23 
 158   35 
 159   29 
 160   27 
 161   26 
 162   28 
 163   32 
 164   37 
 165   37 
 166   53 
 167   83 
 168   80 
 169   75 
 170   70 
 171   45 
 172   43 
 173   37 
 174   39 
 175   41 
 176   41 
 177   43 
 178   26 
 179   44 
 180   27 
 181   38 
 182   31 
 183   57 
 184   48 
 185   36 
 186   46 
 187   47 
 188   40 
 189   49 
 190   32 
 191   47 
 192   32 
 193   49 
 194   41 
 195   53 
 196   54 
 197   46 
 198   47 
 199   47 
 200   53 
 201   48 
 202   64 
 203   60 
 204   56 
 205   38 
 206   44 
 207   60 
 208   42 
 209   55 
 210   35 
 211   52 
 212   50 
 213   48 
 214   45 
 215   45 
 216   42 
 217   48 
 218   44 
 219   55 
 220   49 
 221   60 
 222   69 
 223   44 
 224   57 
 225   54 
 226   66 
 227   42 
 228   49 
 229   44 
 230   50 
 231   48 
 232   41 
 233   43 
 234   48 
 235   44 
 236   51 
 237   61 
 238   42 
 239   38 
 240   49 
 241   54 
 242   43 
 243   46 
 244   53 
 245   47 
 246   31 
 247   42 
 248   61 
 249   54 
 250   45 
 251   49 
 252   45 
 253   47 
 254   54 
 255   46 
 256   49 
 257   48 
 258   44 
 259   48 
 260   47 
 261   54 
 262   36 
 263   43 
 264   46 
 265   51 
 266   47 
 267   49 
 268   46 
 269   64 
 270   58 
 271   58 
 272   64 
 273   68 
 274   53 
 275   57 
 276   70 
 277   72 
 278   93 
 279   95 
 280   111 
 281   84 
 282   75 
 283   58 
 284   54 
 285   40 
 286   43 
 287   38 
 288   41 
 289   32 
 290   40 
 291   42 
 292   33 
 293   57 
 294   56 
 295   100 
 296   92 
 297   88 
 298   77 
 299   59 
 300   37 
 301   45 
 302   66 
 303   78 
 304   115 
 305   172 
 306   186 
 307   171 
 308   125 
 309   57 
 310   54 
 311   43 
 312   63 
 313   112 
 314   200 
 315   197 
 316   99 
 317   50 
 318   44 
 319   29 
 320   30 
 321   30 
 322   31 
 323   33 
 324   27 
 325   32 
 326   34 
 327   22 
 328   31 
 329   22 
 330   40 
 331   52 
 332   91 
 333   190 
 334   304 
 335   467 
 336   413 
 337   312 
 338   183 
 339   81 
 340   51 
 341   63 
 342   97 
 343   209 
 344   291 
 345   216 
 346   92 
 347   49 
 348   23 
 349   21 
 350   17 
 351   19 
 352   25 
 353   22 
 354   25 
 355   20 
 356   22 
 357   20 
 358   21 
 359   15 
 360   25 
 361   24 
 362   15 
 363   14 
 364   16 
 365   34 
 366   23 
 367   18 
 368   26 
 369   27 
 370   45 
 371   127 
 372   274 
 373   467 
 374   682 
 375   741 
 376   620 
 377   345 
 378   174 
 379   71 
 380   37 
 381   18 
 382   16 
 383   24 
 384   29 
 385   28 
 386   37 
 387   24 
 388   30 
 389   39 
 390   44 
 391   37 
 392   43 
 393   46 
 394   40 
 395   50 
 396   40 
 397   53 
 398   30 
 399   28 
 400   22 
 401   18 
 402   25 
 403   16 
 404   20 
 405   24 
 406   16 
 407   22 
 408   17 
 409   16 
 410   13 
 411   25 
 412   16 
 413   20 
 414   20 
 415   24 
 416   26 
 417   41 
 418   65 
 419   163 
 420   326 
 421   945 
 422   2251 
 423   4671 
 424   8255 
 425   11747 
 426   14544 
 427   16248 
 428   16752 
 429   17112 
 430   16722 
 431   16418 
 432   13397 
 433   7892 
 434   3218 
 435   909 
 436   198 
 437   48 
 438   19 
 439   11 
 440   6 
 441   3 
 442   0 
 443   0 
 444   0 
 445   0 
 446   0 
 447   0 
 448   0 
 449   0 
 450   0 
 451   0 
 452   0 
 453   0 
 454   0 
 455   0 
 456   0 
 457   0 
 458   0 
 459   0 
 460   0 
 461   1 
 462   0 
 463   0 
 464   0 
 465   0 
 466   0 
 467   0 
 468   0 
 469   0 
 470   0 
 471   0 
 472   0 
 473   0 
 474   0 
 475   0 
 476   0 
 477   0 
 478   0 
 479   0 
 480   0 
 481   0 
 482   0 
 483   0 
 484   0 
 485   0 
 486   0 
 487   1 
 488   0 
 489   0 
 490   2 
 491   1 
 492   0 
 493   0 
 494   0 
 495   0 
 496   0 
 497   1 
 498   0 
 499   0 
 500   0 
 501   0 
 502   0 
 503   0 
 504   0 
 505   0 
 506   0 
 507   0 
 508   0 
 509   0 
 510   0 
 511   0 
