
 0   21 
 1   26 
 2   28 
 3   21 
 4   28 
 5   34 
 6   23 
 7   20 
 8   29 
 9   25 
 10   15 
 11   15 
 12   25 
 13   19 
 14   23 
 15   31 
 16   21 
 17   23 
 18   14 
 19   17 
 20   17 
 21   19 
 22   28 
 23   22 
 24   17 
 25   18 
 26   16 
 27   21 
 28   16 
 29   18 
 30   19 
 31   21 
 32   17 
 33   22 
 34   18 
 35   12 
 36   18 
 37   17 
 38   18 
 39   22 
 40   14 
 41   18 
 42   18 
 43   21 
 44   20 
 45   25 
 46   21 
 47   16 
 48   16 
 49   19 
 50   25 
 51   7 
 52   33 
 53   20 
 54   22 
 55   22 
 56   12 
 57   21 
 58   26 
 59   20 
 60   17 
 61   24 
 62   21 
 63   24 
 64   20 
 65   19 
 66   16 
 67   25 
 68   23 
 69   23 
 70   19 
 71   17 
 72   20 
 73   16 
 74   17 
 75   9 
 76   19 
 77   23 
 78   26 
 79   22 
 80   27 
 81   20 
 82   19 
 83   27 
 84   20 
 85   22 
 86   23 
 87   25 
 88   25 
 89   21 
 90   13 
 91   17 
 92   15 
 93   15 
 94   25 
 95   27 
 96   24 
 97   23 
 98   17 
 99   25 
 100   17 
 101   28 
 102   10 
 103   21 
 104   27 
 105   22 
 106   27 
 107   21 
 108   19 
 109   28 
 110   23 
 111   19 
 112   27 
 113   17 
 114   27 
 115   16 
 116   13 
 117   18 
 118   17 
 119   20 
 120   16 
 121   18 
 122   18 
 123   18 
 124   25 
 125   23 
 126   21 
 127   17 
 128   13 
 129   20 
 130   15 
 131   19 
 132   14 
 133   16 
 134   19 
 135   15 
 136   18 
 137   20 
 138   18 
 139   12 
 140   15 
 141   22 
 142   17 
 143   19 
 144   17 
 145   8 
 146   14 
 147   20 
 148   6 
 149   14 
 150   14 
 151   17 
 152   11 
 153   18 
 154   10 
 155   7 
 156   19 
 157   12 
 158   12 
 159   28 
 160   21 
 161   36 
 162   38 
 163   31 
 164   29 
 165   26 
 166   17 
 167   22 
 168   8 
 169   10 
 170   4 
 171   7 
 172   10 
 173   11 
 174   8 
 175   11 
 176   13 
 177   9 
 178   10 
 179   5 
 180   7 
 181   10 
 182   6 
 183   9 
 184   6 
 185   6 
 186   10 
 187   5 
 188   6 
 189   7 
 190   11 
 191   8 
 192   10 
 193   9 
 194   10 
 195   8 
 196   7 
 197   13 
 198   6 
 199   5 
 200   10 
 201   11 
 202   9 
 203   15 
 204   14 
 205   9 
 206   13 
 207   17 
 208   10 
 209   3 
 210   19 
 211   17 
 212   13 
 213   16 
 214   18 
 215   22 
 216   14 
 217   16 
 218   16 
 219   14 
 220   17 
 221   20 
 222   14 
 223   18 
 224   15 
 225   20 
 226   15 
 227   17 
 228   11 
 229   11 
 230   22 
 231   13 
 232   14 
 233   17 
 234   11 
 235   18 
 236   17 
 237   14 
 238   20 
 239   25 
 240   15 
 241   12 
 242   12 
 243   31 
 244   11 
 245   14 
 246   23 
 247   20 
 248   18 
 249   23 
 250   22 
 251   14 
 252   22 
 253   16 
 254   19 
 255   22 
 256   19 
 257   15 
 258   16 
 259   21 
 260   20 
 261   14 
 262   18 
 263   18 
 264   17 
 265   15 
 266   25 
 267   19 
 268   17 
 269   16 
 270   11 
 271   20 
 272   23 
 273   22 
 274   15 
 275   17 
 276   11 
 277   16 
 278   16 
 279   16 
 280   16 
 281   21 
 282   13 
 283   13 
 284   25 
 285   31 
 286   40 
 287   36 
 288   46 
 289   55 
 290   49 
 291   39 
 292   29 
 293   21 
 294   23 
 295   20 
 296   12 
 297   11 
 298   14 
 299   13 
 300   12 
 301   20 
 302   29 
 303   23 
 304   26 
 305   29 
 306   43 
 307   47 
 308   60 
 309   54 
 310   36 
 311   34 
 312   23 
 313   30 
 314   27 
 315   22 
 316   22 
 317   25 
 318   16 
 319   26 
 320   31 
 321   23 
 322   43 
 323   50 
 324   51 
 325   61 
 326   58 
 327   60 
 328   71 
 329   52 
 330   57 
 331   46 
 332   28 
 333   14 
 334   19 
 335   17 
 336   15 
 337   8 
 338   8 
 339   6 
 340   11 
 341   12 
 342   18 
 343   9 
 344   13 
 345   14 
 346   10 
 347   9 
 348   12 
 349   17 
 350   12 
 351   17 
 352   22 
 353   37 
 354   74 
 355   83 
 356   97 
 357   107 
 358   133 
 359   135 
 360   176 
 361   127 
 362   103 
 363   44 
 364   34 
 365   11 
 366   11 
 367   11 
 368   9 
 369   13 
 370   4 
 371   6 
 372   8 
 373   7 
 374   5 
 375   5 
 376   7 
 377   10 
 378   9 
 379   7 
 380   2 
 381   8 
 382   5 
 383   9 
 384   12 
 385   5 
 386   7 
 387   8 
 388   10 
 389   8 
 390   13 
 391   28 
 392   51 
 393   100 
 394   175 
 395   294 
 396   358 
 397   418 
 398   379 
 399   278 
 400   196 
 401   78 
 402   47 
 403   26 
 404   15 
 405   10 
 406   11 
 407   4 
 408   12 
 409   8 
 410   8 
 411   14 
 412   3 
 413   3 
 414   9 
 415   8 
 416   11 
 417   9 
 418   9 
 419   8 
 420   9 
 421   6 
 422   7 
 423   4 
 424   8 
 425   10 
 426   6 
 427   3 
 428   10 
 429   8 
 430   6 
 431   8 
 432   10 
 433   11 
 434   12 
 435   7 
 436   14 
 437   7 
 438   14 
 439   15 
 440   30 
 441   30 
 442   45 
 443   101 
 444   227 
 445   493 
 446   1135 
 447   2125 
 448   3568 
 449   5335 
 450   7031 
 451   8367 
 452   8788 
 453   7366 
 454   4983 
 455   2674 
 456   1195 
 457   435 
 458   163 
 459   53 
 460   24 
 461   17 
 462   9 
 463   3 
 464   1 
 465   0 
 466   0 
 467   0 
 468   0 
 469   0 
 470   0 
 471   0 
 472   0 
 473   0 
 474   0 
 475   0 
 476   0 
 477   0 
 478   0 
 479   0 
 480   0 
 481   0 
 482   0 
 483   0 
 484   0 
 485   0 
 486   0 
 487   0 
 488   0 
 489   0 
 490   0 
 491   0 
 492   0 
 493   0 
 494   0 
 495   0 
 496   0 
 497   0 
 498   0 
 499   0 
 500   0 
 501   0 
 502   0 
 503   0 
 504   0 
 505   0 
 506   0 
 507   0 
 508   0 
 509   0 
 510   0 
 511   0 
