
 0   432 
 1   409 
 2   379 
 3   421 
 4   381 
 5   400 
 6   399 
 7   406 
 8   395 
 9   405 
 10   381 
 11   394 
 12   366 
 13   371 
 14   388 
 15   431 
 16   368 
 17   407 
 18   375 
 19   356 
 20   361 
 21   399 
 22   423 
 23   417 
 24   394 
 25   376 
 26   398 
 27   388 
 28   380 
 29   347 
 30   390 
 31   356 
 32   370 
 33   363 
 34   399 
 35   420 
 36   384 
 37   367 
 38   349 
 39   390 
 40   367 
 41   384 
 42   362 
 43   374 
 44   386 
 45   353 
 46   373 
 47   373 
 48   380 
 49   373 
 50   377 
 51   402 
 52   405 
 53   360 
 54   409 
 55   420 
 56   425 
 57   401 
 58   390 
 59   395 
 60   402 
 61   432 
 62   426 
 63   404 
 64   439 
 65   405 
 66   363 
 67   432 
 68   457 
 69   436 
 70   427 
 71   473 
 72   422 
 73   441 
 74   444 
 75   427 
 76   442 
 77   422 
 78   411 
 79   413 
 80   402 
 81   392 
 82   433 
 83   433 
 84   388 
 85   363 
 86   413 
 87   393 
 88   394 
 89   414 
 90   419 
 91   421 
 92   394 
 93   423 
 94   377 
 95   431 
 96   434 
 97   412 
 98   439 
 99   449 
 100   447 
 101   484 
 102   523 
 103   489 
 104   470 
 105   439 
 106   404 
 107   415 
 108   424 
 109   363 
 110   400 
 111   398 
 112   392 
 113   412 
 114   400 
 115   423 
 116   400 
 117   404 
 118   422 
 119   414 
 120   386 
 121   380 
 122   364 
 123   395 
 124   396 
 125   358 
 126   387 
 127   391 
 128   374 
 129   373 
 130   344 
 131   385 
 132   374 
 133   380 
 134   349 
 135   342 
 136   354 
 137   340 
 138   331 
 139   383 
 140   335 
 141   306 
 142   312 
 143   300 
 144   287 
 145   277 
 146   292 
 147   283 
 148   289 
 149   278 
 150   264 
 151   290 
 152   268 
 153   295 
 154   310 
 155   490 
 156   493 
 157   525 
 158   504 
 159   411 
 160   338 
 161   284 
 162   239 
 163   242 
 164   262 
 165   224 
 166   207 
 167   183 
 168   217 
 169   206 
 170   198 
 171   199 
 172   163 
 173   199 
 174   185 
 175   194 
 176   178 
 177   202 
 178   173 
 179   188 
 180   192 
 181   202 
 182   216 
 183   184 
 184   200 
 185   224 
 186   198 
 187   212 
 188   218 
 189   220 
 190   236 
 191   203 
 192   267 
 193   231 
 194   244 
 195   237 
 196   261 
 197   266 
 198   276 
 199   269 
 200   272 
 201   252 
 202   285 
 203   287 
 204   279 
 205   301 
 206   291 
 207   352 
 208   341 
 209   340 
 210   314 
 211   335 
 212   331 
 213   351 
 214   338 
 215   363 
 216   343 
 217   338 
 218   350 
 219   389 
 220   356 
 221   376 
 222   399 
 223   346 
 224   377 
 225   397 
 226   350 
 227   384 
 228   350 
 229   393 
 230   359 
 231   384 
 232   368 
 233   393 
 234   389 
 235   411 
 236   394 
 237   394 
 238   377 
 239   398 
 240   406 
 241   399 
 242   390 
 243   394 
 244   423 
 245   433 
 246   445 
 247   394 
 248   405 
 249   393 
 250   414 
 251   414 
 252   386 
 253   418 
 254   357 
 255   373 
 256   400 
 257   410 
 258   354 
 259   400 
 260   362 
 261   395 
 262   430 
 263   383 
 264   377 
 265   402 
 266   374 
 267   411 
 268   430 
 269   360 
 270   371 
 271   384 
 272   391 
 273   345 
 274   377 
 275   339 
 276   350 
 277   355 
 278   375 
 279   345 
 280   410 
 281   490 
 282   554 
 283   693 
 284   840 
 285   925 
 286   889 
 287   866 
 288   646 
 289   613 
 290   600 
 291   623 
 292   671 
 293   653 
 294   596 
 295   605 
 296   591 
 297   595 
 298   578 
 299   604 
 300   552 
 301   622 
 302   629 
 303   699 
 304   650 
 305   601 
 306   469 
 307   426 
 308   389 
 309   320 
 310   327 
 311   346 
 312   358 
 313   300 
 314   310 
 315   350 
 316   384 
 317   399 
 318   611 
 319   881 
 320   1225 
 321   1535 
 322   1427 
 323   1169 
 324   916 
 325   595 
 326   474 
 327   560 
 328   900 
 329   1507 
 330   1624 
 331   1247 
 332   733 
 333   417 
 334   300 
 335   266 
 336   253 
 337   243 
 338   264 
 339   266 
 340   280 
 341   241 
 342   248 
 343   244 
 344   209 
 345   243 
 346   227 
 347   274 
 348   269 
 349   410 
 350   623 
 351   900 
 352   1116 
 353   1129 
 354   982 
 355   654 
 356   488 
 357   382 
 358   394 
 359   813 
 360   1174 
 361   1267 
 362   875 
 363   509 
 364   305 
 365   231 
 366   206 
 367   183 
 368   209 
 369   186 
 370   215 
 371   177 
 372   210 
 373   219 
 374   188 
 375   202 
 376   197 
 377   180 
 378   226 
 379   203 
 380   177 
 381   198 
 382   182 
 383   179 
 384   177 
 385   193 
 386   210 
 387   244 
 388   364 
 389   742 
 390   1729 
 391   3456 
 392   5525 
 393   7285 
 394   7430 
 395   5830 
 396   3761 
 397   1947 
 398   907 
 399   405 
 400   241 
 401   201 
 402   167 
 403   187 
 404   195 
 405   207 
 406   177 
 407   157 
 408   169 
 409   167 
 410   178 
 411   195 
 412   193 
 413   177 
 414   197 
 415   185 
 416   195 
 417   174 
 418   190 
 419   183 
 420   223 
 421   253 
 422   263 
 423   291 
 424   324 
 425   382 
 426   392 
 427   410 
 428   416 
 429   441 
 430   453 
 431   410 
 432   391 
 433   389 
 434   374 
 435   413 
 436   396 
 437   487 
 438   659 
 439   1156 
 440   2726 
 441   6781 
 442   16172 
 443   34972 
 444   65277 
 445   103405 
 446   141407 
 447   171253 
 448   190687 
 449   199364 
 450   202013 
 451   196665 
 452   176926 
 453   132938 
 454   77228 
 455   34592 
 456   12042 
 457   3610 
 458   986 
 459   332 
 460   149 
 461   80 
 462   26 
 463   11 
 464   3 
 465   3 
 466   2 
 467   1 
 468   2 
 469   1 
 470   2 
 471   1 
 472   0 
 473   1 
 474   2 
 475   0 
 476   0 
 477   0 
 478   1 
 479   1 
 480   1 
 481   0 
 482   2 
 483   0 
 484   0 
 485   1 
 486   1 
 487   1 
 488   0 
 489   1 
 490   1 
 491   1 
 492   0 
 493   2 
 494   1 
 495   3 
 496   1 
 497   2 
 498   1 
 499   0 
 500   1 
 501   1 
 502   1 
 503   1 
 504   2 
 505   2 
 506   2 
 507   1 
 508   0 
 509   3 
 510   2 
 511   1 
