
 0   192 
 1   203 
 2   188 
 3   225 
 4   180 
 5   196 
 6   179 
 7   164 
 8   207 
 9   190 
 10   177 
 11   174 
 12   165 
 13   166 
 14   186 
 15   188 
 16   160 
 17   175 
 18   162 
 19   162 
 20   185 
 21   160 
 22   183 
 23   163 
 24   160 
 25   171 
 26   185 
 27   192 
 28   179 
 29   157 
 30   171 
 31   193 
 32   168 
 33   147 
 34   129 
 35   166 
 36   162 
 37   194 
 38   179 
 39   169 
 40   171 
 41   171 
 42   151 
 43   171 
 44   182 
 45   179 
 46   197 
 47   160 
 48   199 
 49   193 
 50   179 
 51   166 
 52   181 
 53   184 
 54   178 
 55   190 
 56   186 
 57   192 
 58   180 
 59   173 
 60   189 
 61   168 
 62   201 
 63   159 
 64   199 
 65   182 
 66   185 
 67   197 
 68   193 
 69   184 
 70   196 
 71   200 
 72   216 
 73   197 
 74   193 
 75   207 
 76   208 
 77   228 
 78   192 
 79   198 
 80   181 
 81   182 
 82   203 
 83   192 
 84   181 
 85   176 
 86   219 
 87   181 
 88   189 
 89   213 
 90   205 
 91   216 
 92   174 
 93   198 
 94   194 
 95   198 
 96   205 
 97   192 
 98   201 
 99   231 
 100   198 
 101   240 
 102   201 
 103   231 
 104   208 
 105   186 
 106   183 
 107   205 
 108   172 
 109   180 
 110   185 
 111   195 
 112   185 
 113   184 
 114   183 
 115   185 
 116   195 
 117   180 
 118   218 
 119   203 
 120   176 
 121   183 
 122   212 
 123   190 
 124   204 
 125   172 
 126   178 
 127   141 
 128   156 
 129   182 
 130   170 
 131   169 
 132   135 
 133   156 
 134   163 
 135   171 
 136   155 
 137   147 
 138   147 
 139   156 
 140   151 
 141   140 
 142   170 
 143   138 
 144   118 
 145   104 
 146   153 
 147   125 
 148   135 
 149   124 
 150   134 
 151   136 
 152   133 
 153   137 
 154   168 
 155   200 
 156   218 
 157   241 
 158   230 
 159   175 
 160   125 
 161   123 
 162   103 
 163   109 
 164   90 
 165   103 
 166   91 
 167   94 
 168   100 
 169   92 
 170   91 
 171   80 
 172   91 
 173   80 
 174   74 
 175   76 
 176   87 
 177   98 
 178   101 
 179   88 
 180   100 
 181   83 
 182   95 
 183   91 
 184   91 
 185   92 
 186   95 
 187   104 
 188   105 
 189   93 
 190   105 
 191   104 
 192   102 
 193   98 
 194   91 
 195   105 
 196   115 
 197   120 
 198   138 
 199   115 
 200   130 
 201   105 
 202   110 
 203   104 
 204   121 
 205   135 
 206   140 
 207   117 
 208   137 
 209   171 
 210   154 
 211   137 
 212   142 
 213   150 
 214   156 
 215   153 
 216   182 
 217   144 
 218   146 
 219   182 
 220   155 
 221   158 
 222   171 
 223   178 
 224   183 
 225   155 
 226   176 
 227   177 
 228   188 
 229   187 
 230   151 
 231   178 
 232   151 
 233   183 
 234   171 
 235   188 
 236   183 
 237   174 
 238   157 
 239   202 
 240   160 
 241   178 
 242   170 
 243   156 
 244   205 
 245   178 
 246   167 
 247   172 
 248   217 
 249   178 
 250   186 
 251   151 
 252   175 
 253   172 
 254   177 
 255   185 
 256   202 
 257   175 
 258   185 
 259   163 
 260   169 
 261   157 
 262   175 
 263   159 
 264   175 
 265   174 
 266   177 
 267   134 
 268   171 
 269   188 
 270   155 
 271   145 
 272   119 
 273   161 
 274   174 
 275   180 
 276   176 
 277   150 
 278   166 
 279   169 
 280   187 
 281   184 
 282   221 
 283   283 
 284   379 
 285   413 
 286   425 
 287   356 
 288   302 
 289   276 
 290   269 
 291   250 
 292   237 
 293   272 
 294   280 
 295   286 
 296   265 
 297   248 
 298   245 
 299   233 
 300   244 
 301   262 
 302   270 
 303   295 
 304   323 
 305   257 
 306   230 
 307   186 
 308   172 
 309   157 
 310   131 
 311   115 
 312   129 
 313   153 
 314   125 
 315   144 
 316   139 
 317   171 
 318   251 
 319   402 
 320   529 
 321   663 
 322   664 
 323   557 
 324   409 
 325   275 
 326   207 
 327   225 
 328   413 
 329   620 
 330   763 
 331   591 
 332   353 
 333   204 
 334   142 
 335   97 
 336   103 
 337   117 
 338   110 
 339   123 
 340   116 
 341   109 
 342   102 
 343   99 
 344   106 
 345   105 
 346   109 
 347   107 
 348   127 
 349   188 
 350   277 
 351   418 
 352   496 
 353   539 
 354   474 
 355   320 
 356   189 
 357   153 
 358   191 
 359   311 
 360   520 
 361   573 
 362   437 
 363   263 
 364   162 
 365   114 
 366   98 
 367   102 
 368   78 
 369   65 
 370   76 
 371   82 
 372   78 
 373   80 
 374   76 
 375   87 
 376   82 
 377   78 
 378   83 
 379   82 
 380   70 
 381   74 
 382   80 
 383   88 
 384   101 
 385   91 
 386   82 
 387   107 
 388   145 
 389   287 
 390   631 
 391   1385 
 392   2301 
 393   3095 
 394   3204 
 395   2742 
 396   1797 
 397   1048 
 398   435 
 399   208 
 400   102 
 401   91 
 402   82 
 403   89 
 404   74 
 405   84 
 406   78 
 407   55 
 408   80 
 409   88 
 410   78 
 411   73 
 412   81 
 413   85 
 414   57 
 415   74 
 416   85 
 417   77 
 418   80 
 419   94 
 420   81 
 421   106 
 422   111 
 423   133 
 424   151 
 425   179 
 426   166 
 427   158 
 428   164 
 429   189 
 430   197 
 431   164 
 432   179 
 433   142 
 434   162 
 435   153 
 436   183 
 437   201 
 438   276 
 439   491 
 440   978 
 441   2358 
 442   5913 
 443   13268 
 444   25275 
 445   41607 
 446   59458 
 447   73995 
 448   83083 
 449   87598 
 450   89658 
 451   88740 
 452   81826 
 453   64611 
 454   39633 
 455   18924 
 456   6908 
 457   2131 
 458   569 
 459   165 
 460   79 
 461   39 
 462   18 
 463   4 
 464   4 
 465   0 
 466   0 
 467   0 
 468   0 
 469   0 
 470   0 
 471   0 
 472   0 
 473   0 
 474   0 
 475   1 
 476   0 
 477   0 
 478   0 
 479   1 
 480   0 
 481   0 
 482   0 
 483   0 
 484   1 
 485   1 
 486   1 
 487   0 
 488   0 
 489   1 
 490   0 
 491   1 
 492   0 
 493   0 
 494   2 
 495   0 
 496   0 
 497   1 
 498   1 
 499   0 
 500   0 
 501   0 
 502   0 
 503   0 
 504   2 
 505   0 
 506   0 
 507   0 
 508   0 
 509   0 
 510   0 
 511   0 
