
 0   2147 
 1   2179 
 2   2267 
 3   2338 
 4   2401 
 5   2346 
 6   2379 
 7   2398 
 8   2462 
 9   2511 
 10   2586 
 11   2485 
 12   2610 
 13   2564 
 14   2673 
 15   2621 
 16   2832 
 17   2741 
 18   2800 
 19   2794 
 20   2803 
 21   2872 
 22   2864 
 23   2916 
 24   2957 
 25   3007 
 26   3070 
 27   2988 
 28   2989 
 29   2917 
 30   2964 
 31   3137 
 32   3049 
 33   2926 
 34   2990 
 35   2981 
 36   2929 
 37   2974 
 38   2868 
 39   2947 
 40   3070 
 41   2988 
 42   3010 
 43   2952 
 44   2910 
 45   2969 
 46   3016 
 47   3072 
 48   3024 
 49   3065 
 50   3094 
 51   3131 
 52   3035 
 53   3090 
 54   3175 
 55   3135 
 56   3057 
 57   3083 
 58   3159 
 59   3170 
 60   3122 
 61   3255 
 62   3206 
 63   3157 
 64   3232 
 65   3170 
 66   3230 
 67   3284 
 68   3261 
 69   3279 
 70   3300 
 71   3407 
 72   3421 
 73   3331 
 74   3393 
 75   3437 
 76   3391 
 77   3519 
 78   3444 
 79   3493 
 80   3512 
 81   3524 
 82   3666 
 83   3663 
 84   3749 
 85   3637 
 86   3673 
 87   3766 
 88   3738 
 89   3751 
 90   3932 
 91   3792 
 92   3761 
 93   3983 
 94   3992 
 95   3791 
 96   3811 
 97   3918 
 98   3964 
 99   3973 
 100   4004 
 101   4006 
 102   4082 
 103   4085 
 104   4168 
 105   4202 
 106   4210 
 107   4138 
 108   4178 
 109   4238 
 110   4188 
 111   4288 
 112   4300 
 113   4350 
 114   4383 
 115   4436 
 116   4326 
 117   4357 
 118   4510 
 119   4413 
 120   4385 
 121   4406 
 122   4505 
 123   4407 
 124   4465 
 125   4455 
 126   4433 
 127   4252 
 128   4308 
 129   4269 
 130   4240 
 131   4211 
 132   3940 
 133   3899 
 134   3782 
 135   3697 
 136   3741 
 137   3485 
 138   3437 
 139   3267 
 140   3294 
 141   3167 
 142   3085 
 143   2952 
 144   2943 
 145   2887 
 146   2729 
 147   2786 
 148   2644 
 149   2699 
 150   2554 
 151   2458 
 152   2492 
 153   2413 
 154   2404 
 155   2405 
 156   2392 
 157   2364 
 158   2305 
 159   2328 
 160   2220 
 161   2181 
 162   2244 
 163   2025 
 164   2026 
 165   2081 
 166   2018 
 167   1987 
 168   1995 
 169   1853 
 170   1876 
 171   1899 
 172   1856 
 173   1802 
 174   1801 
 175   1742 
 176   1802 
 177   1676 
 178   1703 
 179   1716 
 180   1723 
 181   1703 
 182   1812 
 183   1757 
 184   1792 
 185   1826 
 186   1905 
 187   2028 
 188   2186 
 189   2248 
 190   2301 
 191   2335 
 192   2334 
 193   2152 
 194   2041 
 195   1925 
 196   1969 
 197   1859 
 198   1824 
 199   1804 
 200   1914 
 201   1967 
 202   2005 
 203   2046 
 204   2223 
 205   2139 
 206   2240 
 207   2214 
 208   2350 
 209   2427 
 210   2499 
 211   2656 
 212   2771 
 213   2839 
 214   2978 
 215   2958 
 216   3044 
 217   3090 
 218   3207 
 219   3383 
 220   3459 
 221   3640 
 222   3797 
 223   3774 
 224   4056 
 225   3995 
 226   4207 
 227   4264 
 228   4434 
 229   4450 
 230   4597 
 231   4701 
 232   4716 
 233   4693 
 234   4750 
 235   4903 
 236   4872 
 237   4912 
 238   4958 
 239   4797 
 240   4998 
 241   4977 
 242   4799 
 243   4847 
 244   4696 
 245   4745 
 246   4576 
 247   4490 
 248   4409 
 249   4446 
 250   4331 
 251   4200 
 252   4105 
 253   4040 
 254   4068 
 255   3775 
 256   3910 
 257   3883 
 258   3813 
 259   3808 
 260   3884 
 261   4009 
 262   3939 
 263   4168 
 264   4185 
 265   4262 
 266   4270 
 267   4518 
 268   4463 
 269   4545 
 270   4622 
 271   4734 
 272   4915 
 273   4997 
 274   4895 
 275   5135 
 276   5099 
 277   5381 
 278   5423 
 279   5430 
 280   5580 
 281   5531 
 282   5918 
 283   5814 
 284   5893 
 285   5912 
 286   6240 
 287   6187 
 288   6284 
 289   6342 
 290   6542 
 291   6544 
 292   6464 
 293   6811 
 294   6872 
 295   7067 
 296   7075 
 297   7079 
 298   7445 
 299   7489 
 300   7721 
 301   7905 
 302   8209 
 303   8140 
 304   8433 
 305   8649 
 306   9091 
 307   9400 
 308   9320 
 309   9770 
 310   10080 
 311   10464 
 312   10546 
 313   11092 
 314   11446 
 315   11568 
 316   12110 
 317   12393 
 318   12927 
 319   13318 
 320   13712 
 321   14308 
 322   14856 
 323   15080 
 324   15669 
 325   16341 
 326   16600 
 327   16962 
 328   17492 
 329   17797 
 330   18377 
 331   18572 
 332   18648 
 333   19112 
 334   19349 
 335   19486 
 336   19438 
 337   19935 
 338   19646 
 339   19563 
 340   19793 
 341   19492 
 342   19359 
 343   19396 
 344   19366 
 345   19015 
 346   18909 
 347   18477 
 348   18760 
 349   18118 
 350   17740 
 351   17539 
 352   17107 
 353   16991 
 354   16652 
 355   16323 
 356   15948 
 357   15679 
 358   15183 
 359   15054 
 360   14592 
 361   14408 
 362   14387 
 363   14061 
 364   13636 
 365   13293 
 366   13111 
 367   12826 
 368   12487 
 369   12119 
 370   12185 
 371   11860 
 372   11456 
 373   11425 
 374   11277 
 375   11005 
 376   11131 
 377   11170 
 378   11079 
 379   11197 
 380   11161 
 381   11208 
 382   10963 
 383   10305 
 384   9179 
 385   7982 
 386   6558 
 387   5802 
 388   5324 
 389   5138 
 390   5187 
 391   5315 
 392   5331 
 393   5601 
 394   5499 
 395   5649 
 396   5658 
 397   5872 
 398   5990 
 399   6023 
 400   6444 
 401   6758 
 402   6957 
 403   6670 
 404   5379 
 405   3253 
 406   1669 
 407   992 
 408   636 
 409   508 
 410   340 
 411   317 
 412   272 
 413   276 
 414   267 
 415   279 
 416   277 
 417   289 
 418   257 
 419   283 
 420   264 
 421   232 
 422   293 
 423   292 
 424   294 
 425   279 
 426   260 
 427   278 
 428   273 
 429   276 
 430   289 
 431   251 
 432   284 
 433   267 
 434   296 
 435   286 
 436   265 
 437   301 
 438   286 
 439   320 
 440   287 
 441   306 
 442   261 
 443   279 
 444   299 
 445   265 
 446   270 
 447   262 
 448   305 
 449   293 
 450   289 
 451   294 
 452   287 
 453   302 
 454   300 
 455   283 
 456   303 
 457   288 
 458   338 
 459   398 
 460   466 
 461   462 
 462   337 
 463   287 
 464   304 
 465   269 
 466   299 
 467   287 
 468   313 
 469   282 
 470   278 
 471   286 
 472   297 
 473   306 
 474   287 
 475   280 
 476   295 
 477   338 
 478   297 
 479   328 
 480   288 
 481   312 
 482   340 
 483   336 
 484   315 
 485   335 
 486   334 
 487   320 
 488   316 
 489   316 
 490   295 
 491   297 
 492   306 
 493   309 
 494   295 
 495   353 
 496   313 
 497   324 
 498   307 
 499   267 
 500   336 
 501   346 
 502   333 
 503   335 
 504   319 
 505   296 
 506   333 
 507   319 
 508   314 
 509   333 
 510   300 
 511   288 
