
 0   1003 
 1   1074 
 2   1028 
 3   971 
 4   982 
 5   1036 
 6   1017 
 7   945 
 8   915 
 9   901 
 10   920 
 11   945 
 12   958 
 13   974 
 14   895 
 15   905 
 16   858 
 17   895 
 18   890 
 19   876 
 20   895 
 21   901 
 22   883 
 23   897 
 24   887 
 25   861 
 26   886 
 27   845 
 28   847 
 29   867 
 30   923 
 31   819 
 32   890 
 33   923 
 34   828 
 35   838 
 36   864 
 37   863 
 38   798 
 39   811 
 40   860 
 41   835 
 42   899 
 43   826 
 44   880 
 45   946 
 46   872 
 47   856 
 48   864 
 49   854 
 50   853 
 51   924 
 52   905 
 53   936 
 54   919 
 55   927 
 56   928 
 57   922 
 58   954 
 59   901 
 60   999 
 61   921 
 62   936 
 63   960 
 64   921 
 65   954 
 66   956 
 67   1009 
 68   977 
 69   1012 
 70   1032 
 71   1077 
 72   991 
 73   1037 
 74   977 
 75   990 
 76   972 
 77   981 
 78   971 
 79   951 
 80   1008 
 81   1000 
 82   1008 
 83   942 
 84   948 
 85   1006 
 86   964 
 87   985 
 88   942 
 89   944 
 90   949 
 91   950 
 92   1008 
 93   965 
 94   1009 
 95   1008 
 96   970 
 97   1015 
 98   1084 
 99   1157 
 100   1174 
 101   1128 
 102   1200 
 103   1094 
 104   1085 
 105   1020 
 106   1001 
 107   1050 
 108   949 
 109   929 
 110   976 
 111   942 
 112   994 
 113   925 
 114   970 
 115   980 
 116   982 
 117   963 
 118   988 
 119   962 
 120   928 
 121   908 
 122   882 
 123   917 
 124   935 
 125   916 
 126   956 
 127   922 
 128   883 
 129   855 
 130   897 
 131   893 
 132   875 
 133   921 
 134   862 
 135   924 
 136   895 
 137   847 
 138   819 
 139   890 
 140   820 
 141   867 
 142   870 
 143   849 
 144   769 
 145   780 
 146   790 
 147   758 
 148   821 
 149   777 
 150   747 
 151   728 
 152   767 
 153   868 
 154   982 
 155   1184 
 156   1302 
 157   1445 
 158   1379 
 159   1096 
 160   900 
 161   786 
 162   629 
 163   580 
 164   540 
 165   523 
 166   488 
 167   597 
 168   460 
 169   506 
 170   445 
 171   460 
 172   507 
 173   428 
 174   381 
 175   410 
 176   412 
 177   411 
 178   411 
 179   389 
 180   367 
 181   409 
 182   357 
 183   380 
 184   406 
 185   377 
 186   409 
 187   400 
 188   372 
 189   416 
 190   411 
 191   415 
 192   402 
 193   439 
 194   411 
 195   397 
 196   411 
 197   451 
 198   424 
 199   427 
 200   467 
 201   480 
 202   480 
 203   487 
 204   492 
 205   539 
 206   549 
 207   514 
 208   559 
 209   593 
 210   542 
 211   621 
 212   612 
 213   643 
 214   598 
 215   635 
 216   625 
 217   623 
 218   662 
 219   675 
 220   693 
 221   699 
 222   706 
 223   718 
 224   715 
 225   748 
 226   772 
 227   739 
 228   820 
 229   735 
 230   769 
 231   828 
 232   773 
 233   813 
 234   844 
 235   893 
 236   833 
 237   831 
 238   884 
 239   902 
 240   879 
 241   887 
 242   790 
 243   900 
 244   825 
 245   917 
 246   920 
 247   909 
 248   891 
 249   924 
 250   911 
 251   904 
 252   866 
 253   841 
 254   904 
 255   866 
 256   925 
 257   849 
 258   855 
 259   882 
 260   843 
 261   856 
 262   902 
 263   883 
 264   893 
 265   875 
 266   890 
 267   935 
 268   864 
 269   880 
 270   831 
 271   892 
 272   829 
 273   832 
 274   886 
 275   844 
 276   835 
 277   889 
 278   912 
 279   839 
 280   962 
 281   1074 
 282   1431 
 283   1648 
 284   2085 
 285   2158 
 286   2126 
 287   1854 
 288   1693 
 289   1576 
 290   1383 
 291   1436 
 292   1459 
 293   1454 
 294   1477 
 295   1412 
 296   1380 
 297   1329 
 298   1329 
 299   1268 
 300   1404 
 301   1427 
 302   1579 
 303   1595 
 304   1499 
 305   1402 
 306   1170 
 307   944 
 308   894 
 309   771 
 310   691 
 311   673 
 312   732 
 313   739 
 314   761 
 315   781 
 316   833 
 317   998 
 318   1229 
 319   1672 
 320   2151 
 321   2605 
 322   2605 
 323   2275 
 324   1739 
 325   1285 
 326   1051 
 327   1241 
 328   1876 
 329   2588 
 330   2785 
 331   2099 
 332   1408 
 333   879 
 334   714 
 335   636 
 336   592 
 337   601 
 338   625 
 339   651 
 340   605 
 341   567 
 342   532 
 343   519 
 344   496 
 345   532 
 346   553 
 347   636 
 348   759 
 349   1015 
 350   1482 
 351   2165 
 352   2725 
 353   2668 
 354   2328 
 355   1763 
 356   1165 
 357   970 
 358   1160 
 359   1871 
 360   2838 
 361   2943 
 362   2192 
 363   1369 
 364   807 
 365   552 
 366   515 
 367   479 
 368   451 
 369   466 
 370   450 
 371   448 
 372   452 
 373   437 
 374   436 
 375   440 
 376   452 
 377   458 
 378   445 
 379   456 
 380   437 
 381   450 
 382   470 
 383   437 
 384   449 
 385   480 
 386   494 
 387   585 
 388   960 
 389   1995 
 390   4283 
 391   8282 
 392   13257 
 393   17035 
 394   17436 
 395   14506 
 396   9445 
 397   5305 
 398   2507 
 399   1211 
 400   681 
 401   512 
 402   463 
 403   453 
 404   438 
 405   402 
 406   401 
 407   420 
 408   392 
 409   424 
 410   435 
 411   442 
 412   426 
 413   470 
 414   455 
 415   419 
 416   481 
 417   458 
 418   464 
 419   495 
 420   552 
 421   589 
 422   667 
 423   766 
 424   790 
 425   853 
 426   958 
 427   1067 
 428   1089 
 429   1012 
 430   1043 
 431   1032 
 432   950 
 433   909 
 434   955 
 435   930 
 436   1049 
 437   1199 
 438   1750 
 439   3139 
 440   7257 
 441   17902 
 442   42783 
 443   89195 
 444   163610 
 445   255902 
 446   350448 
 447   426942 
 448   476369 
 449   500682 
 450   507465 
 451   495815 
 452   445174 
 453   338897 
 454   207241 
 455   100063 
 456   39374 
 457   12788 
 458   3744 
 459   1173 
 460   465 
 461   211 
 462   84 
 463   39 
 464   19 
 465   4 
 466   5 
 467   4 
 468   5 
 469   3 
 470   5 
 471   4 
 472   0 
 473   3 
 474   2 
 475   1 
 476   3 
 477   2 
 478   5 
 479   3 
 480   2 
 481   0 
 482   4 
 483   4 
 484   4 
 485   1 
 486   3 
 487   2 
 488   5 
 489   4 
 490   6 
 491   5 
 492   2 
 493   1 
 494   1 
 495   3 
 496   1 
 497   3 
 498   3 
 499   4 
 500   4 
 501   4 
 502   4 
 503   2 
 504   1 
 505   3 
 506   2 
 507   3 
 508   5 
 509   1 
 510   5 
 511   2 
