radiacao de fundo
0
0
0
0
0
0
0
0
0
0
0
0
3
3
2
703
535
309
325
390
425
424
389
358
288
299
319
322
344
321
313
343
294
326
293
282
300
290
293
308
292
271
299
355
308
299
300
304
310
305
282
291
317
318
331
391
364
383
380
391
373
381
406
447
413
460
465
452
497
485
536
563
507
559
578
567
601
555
631
608
627
604
624
672
698
709
647
645
606
676
670
661
650
636
675
733
675
720
700
687
726
660
759
649
689
696
676
706
729
688
698
696
695
682
689
651
700
658
668
660
640
703
626
626
655
624
698
665
592
656
645
603
631
580
615
587
571
578
599
533
565
548
503
530
510
554
485
543
510
498
530
537
489
528
475
476
468
491
482
465
450
438
466
467
472
442
442
448
426
435
421
378
398
361
342
376
377
374
381
351
389
391
388
344
395
374
358
346
396
342
317
326
333
283
269
307
325
309
310
289
305
308
298
313
265
252
304
283
235
293
249
294
251
224
259
273
277
277
236
244
285
217
261
256
199
236
250
230
218
216
228
205
213
205
219
177
195
214
333
276
177
250
208
175
164
162
206
187
170
189
168
143
157
146
178
175
159
170
165
161
149
141
165
157
169
141
152
139
154
154
154
126
150
122
142
138
147
134
129
117
129
107
95
107
127
93
118
133
114
115
119
140
187
117
110
126
130
130
110
117
107
96
118
101
110
103
108
125
94
87
93
81
107
86
92
94
106
100
80
85
97
95
101
95
92
82
100
91
93
96
81
81
103
108
91
92
85
78
83
76
88
82
75
85
88
141
229
111
75
69
64
81
71
72
63
71
86
55
68
71
95
52
75
59
56
72
55
69
67
67
77
53
63
59
56
72
69
55
72
76
74
69
49
69
64
73
64
66
57
73
62
55
48
62
69
54
65
70
60
48
71
63
67
61
51
74
51
55
65
68
46
60
42
45
57
53
43
37
48
55
51
46
53
48
65
49
56
48
74
56
56
52
54
50
57
46
44
48
53
48
46
46
51
48
47
57
57
46
33
46
56
61
60
52
47
31
44
50
37
41
40
39
40
43
34
37
41
38
36
34
40
41
37
47
42
49
46
43
53
50
32
34
38
40
40
44
38
40
44
35
43
30
39
39
49
52
75
82
63
66
42
39
26
45
38
33
34
32
32
34
35
29
19
23
38
33
31
37
42
44
24
30
31
28
34
36
29
36
38
35
45
27
30
28
37
38
40
25
35
31
29
30
34
36
35
30
32
41
35
28
30
33
26
34
37
29
35
30
22
23
32
33
31
29
31
75
74
34
20
20
30
23
37
28
28
40
22
31
27
34
31
33
35
41
35
25
25
27
36
49
132
96
41
27
29
31
24
30
23
26
25
24
27
18
40
33
19
19
21
23
23
26
22
28
34
22
17
22
25
31
23
32
23
20
30
30
28
34
23
23
28
23
28
21
17
29
28
19
34
50
90
57
35
23
29
31
25
21
38
22
22
15
24
22
26
18
18
20
27
18
16
22
22
21
21
22
28
23
12
24
31
16
26
17
18
17
15
25
23
28
33
25
21
32
24
32
26
26
18
23
17
25
15
29
17
25
15
23
19
14
15
18
20
17
28
20
24
21
19
26
18
18
17
19
22
14
23
21
17
16
22
24
28
19
19
17
22
16
26
19
20
9
16
19
24
22
10
21
22
14
16
23
30
16
21
17
17
17
21
19
23
16
22
19
21
20
11
16
18
18
19
22
12
16
14
15
32
20
26
21
16
15
14
16
15
20
17
17
31
13
15
15
14
22
19
13
16
12
17
16
21
19
10
17
18
12
11
17
15
25
16
17
14
23
21
8
24
15
18
32
13
13
20
16
30
23
18
17
22
15
16
11
27
13
17
10
15
27
19
23
21
13
12
10
15
16
20
11
10
12
13
18
11
13
20
17
17
17
19
11
11
13
19
11
21
17
19
19
6
14
18
18
18
18
13
19
8
13
14
16
16
12
20
14
23
9
25
51
44
21
17
13
17
12
8
18
10
14
13
11
15
14
20
12
14
12
14
18
15
20
18
17
10
24
10
11
18
16
12
13
12
13
20
15
23
12
10
13
17
16
18
10
13
17
14
8
15
19
20
18
19
27
33
22
17
18
18
10
16
17
13
6
13
17
15
17
10
11
11
15
14
13
10
15
13
13
22
12
15
14
10
12
11
8
11
20
13
20
16
19
15
12
14
14
16
16
19
10
10
15
11
13
15
15
10
17
10
10
20
10
7
13
12
13
15
14
6
13
20
12
10
9
16
14
16
16
9
11
15
14
13
17
11
11
14
13
14
20
8
13
24
15
11
3089
