10:39:59	1	0	0
10:40:00	2	0	0
10:40:01	3	0	0
10:40:02	4	0	0
10:40:03	5	0	0
10:40:04	6	0	0
10:40:05	7	0	0
10:40:06	8	0	0
10:40:07	9	0	0
10:40:08	10	0	0
10:40:09	11	0	0
10:40:10	12	0	0
10:40:11	13	0	0
10:40:12	14	0	0
10:40:13	15	0	0
10:40:14	16	0	0
10:40:15	17	0	0
10:40:16	18	0	0
10:40:17	19	0	0
10:40:18	20	0	0
10:40:19	21	0	0
10:40:20	22	0	0
10:40:21	23	0	0
10:40:22	24	0	0
10:40:23	25	0	0
10:40:24	26	0	0
10:40:25	27	0	0
10:40:26	28	0	0
10:40:27	29	36	36
10:40:28	30	108	144
10:40:29	31	113	257
10:40:30	32	111	368
10:40:31	33	113	481
10:40:32	34	112	593
10:40:33	35	107	700
10:40:34	36	112	812
10:40:35	37	109	921
10:40:36	38	113	1034
10:40:37	39	113	1147
10:40:38	40	111	1258
10:40:39	41	109	1367
10:40:40	42	115	1482
10:40:41	43	110	1592
10:40:42	44	115	1707
10:40:43	45	109	1816
10:40:44	46	110	1926
10:40:45	47	112	2038
10:40:46	48	110	2148
10:40:47	49	116	2264
10:40:48	50	111	2375
10:40:49	51	110	2485
10:40:50	52	111	2596
10:40:51	53	110	2706
10:40:52	54	113	2819
10:40:53	55	108	2927
10:40:54	56	111	3038
10:40:55	57	109	3147
10:40:56	58	114	3261
10:40:57	59	110	3371
10:40:58	60	112	3483
10:40:59	61	113	3596
10:41:00	62	110	3706
10:41:01	63	113	3819
10:41:02	64	111	3930
10:41:03	65	111	4041
10:41:04	66	110	4151
10:41:05	67	115	4266
10:41:06	68	109	4375
10:41:07	69	111	4486
10:41:08	70	112	4598
10:41:09	71	112	4710
10:41:10	72	116	4826
10:41:11	73	110	4936
10:41:12	74	113	5049
10:41:13	75	110	5159
10:41:14	76	113	5272
10:41:15	77	110	5382
10:41:16	78	109	5491
10:41:17	79	111	5602
10:41:18	80	111	5713
10:41:19	81	113	5826
10:41:20	82	111	5937
10:41:21	83	111	6048
10:41:22	84	109	6157
10:41:23	85	113	6270
10:41:24	86	115	6385
10:41:25	87	112	6497
10:41:26	88	111	6608
10:41:27	89	112	6720
10:41:28	90	112	6832
10:41:29	91	107	6939
10:41:30	92	114	7053
10:41:31	93	111	7164
10:41:32	94	110	7274
10:41:33	95	115	7389
10:41:34	96	109	7498
10:41:35	97	113	7611
10:41:36	98	110	7721
10:41:37	99	114	7835
10:41:38	100	109	7944
10:41:39	101	110	8054
10:41:40	102	111	8165
10:41:41	103	111	8276
10:41:42	104	114	8390
10:41:43	105	108	8498
10:41:44	106	112	8610
10:41:45	107	109	8719
10:41:46	108	115	8834
10:41:47	109	108	8942
10:41:48	110	113	9055
10:41:49	111	112	9167
10:41:50	112	112	9279
10:41:51	113	108	9387
10:41:52	114	114	9501
10:41:53	115	110	9611
10:41:54	116	115	9726
10:41:55	117	107	9833
10:41:56	118	110	9943
10:41:57	119	113	10056
10:41:58	120	110	10166
10:41:59	121	112	10278
10:42:00	122	108	10386
10:42:01	123	115	10501
10:42:02	124	109	10610
10:42:03	125	112	10722
10:42:04	126	108	10830
10:42:05	127	111	10941
10:42:06	128	111	11052
10:42:07	129	112	11164
10:42:08	130	111	11275
10:42:09	131	109	11384
10:42:10	132	111	11495
10:42:11	133	113	11608
10:42:12	134	110	11718
10:42:13	135	108	11826
10:42:14	136	112	11938
10:42:15	137	108	12046
10:42:16	138	114	12160
10:42:17	139	108	12268
10:42:18	140	113	12381
10:42:19	141	108	12489
10:42:20	142	113	12602
10:42:21	143	111	12713
10:42:22	144	110	12823
10:42:23	145	110	12933
10:42:24	146	108	13041
10:42:25	147	114	13155
10:42:26	148	111	13266
10:42:27	149	111	13377
10:42:28	150	109	13486
10:42:29	151	113	13599
10:42:30	152	108	13707
10:42:31	153	113	13820
10:42:32	154	110	13930
10:42:33	155	114	14044
10:42:34	156	108	14152
10:42:35	157	111	14263
10:42:36	158	110	14373
10:42:37	159	115	14488
10:42:38	160	107	14595
10:42:39	161	110	14705
10:42:40	162	107	14812
10:42:41	163	108	14920
10:42:42	164	115	15035
10:42:43	165	107	15142
10:42:44	166	110	15252
10:42:45	167	110	15362
10:42:46	168	113	15475
10:42:47	169	109	15584
10:42:48	170	112	15696
10:42:49	171	110	15806
10:42:50	172	111	15917
10:42:51	173	108	16025
10:42:52	174	110	16135
10:42:53	175	109	16244
10:42:54	176	116	16360
10:42:55	177	106	16466
10:42:56	178	110	16576
10:42:57	179	110	16686
10:42:58	180	108	16794
10:42:59	181	113	16907
10:43:00	182	108	17015
10:43:01	183	108	17123
10:43:02	184	110	17233
10:43:03	185	110	17343
10:43:04	186	107	17450
10:43:05	187	111	17561
10:43:06	188	107	17668
10:43:07	189	113	17781
10:43:08	190	105	17886
10:43:09	191	112	17998
10:43:10	192	108	18106
10:43:11	193	112	18218
10:43:12	194	107	18325
10:43:13	195	110	18435
10:43:14	196	109	18544
10:43:15	197	111	18655
10:43:16	198	107	18762
10:43:17	199	110	18872
10:43:18	200	110	18982
10:43:19	201	110	19092
10:43:20	202	108	19200
10:43:21	203	109	19309
10:43:22	204	109	19418
10:43:23	205	109	19527
10:43:24	206	112	19639
10:43:25	207	107	19746
10:43:26	208	111	19857
10:43:27	209	108	19965
10:43:28	210	113	20078
10:43:29	211	107	20185
10:43:30	212	109	20294
10:43:31	213	110	20404
10:43:32	214	111	20515
10:43:33	215	109	20624
10:43:34	216	109	20733
10:43:35	217	110	20843
10:43:36	218	109	20952
10:43:37	219	115	21067
10:43:38	220	106	21173
10:43:39	221	108	21281
10:43:40	222	111	21392
10:43:41	223	113	21505
10:43:42	224	106	21611
10:43:43	225	109	21720
10:43:44	226	109	21829
10:43:45	227	110	21939
10:43:46	228	110	22049
10:43:47	229	109	22158
10:43:48	230	109	22267
10:43:49	231	106	22373
10:43:50	232	113	22486
10:43:51	233	110	22596
10:43:52	234	113	22709
10:43:53	235	109	22818
10:43:54	236	106	22924
10:43:55	237	112	23036
10:43:56	238	109	23145
10:43:57	239	111	23256
10:43:58	240	112	23368
10:43:59	241	111	23479
10:44:00	242	108	23587
10:44:01	243	111	23698
10:44:02	244	109	23807
10:44:03	245	107	23914
10:44:04	246	111	24025
10:44:05	247	110	24135
10:44:06	248	109	24244
10:44:07	249	110	24354
10:44:08	250	112	24466
10:44:09	251	106	24572
10:44:10	252	107	24679
10:44:11	253	110	24789
10:44:12	254	113	24902
10:44:13	255	111	25013
10:44:14	256	109	25122
10:44:15	257	108	25230
10:44:16	258	107	25337
10:44:17	259	108	25445
10:44:18	260	112	25557
10:44:19	261	108	25665
10:44:20	262	108	25773
10:44:21	263	110	25883
10:44:22	264	113	25996
10:44:23	265	108	26104
10:44:24	266	109	26213
10:44:25	267	109	26322
10:44:26	268	109	26431
10:44:27	269	111	26542
10:44:28	270	106	26648
10:44:29	271	113	26761
10:44:30	272	108	26869
10:44:31	273	111	26980
10:44:32	274	109	27089
10:44:33	275	109	27198
10:44:34	276	114	27312
10:44:35	277	107	27419
10:44:36	278	114	27533
10:44:37	279	105	27638
10:44:38	280	109	27747
10:44:39	281	114	27861
10:44:40	282	105	27966
10:44:41	283	114	28080
10:44:42	284	106	28186
10:44:43	285	111	28297
10:44:44	286	112	28409
10:44:45	287	111	28520
10:44:46	288	108	28628
10:44:47	289	109	28737
10:44:48	290	111	28848
10:44:49	291	110	28958
10:44:50	292	109	29067
10:44:51	293	111	29178
10:44:52	294	110	29288
10:44:53	295	111	29399
10:44:54	296	110	29509
10:44:55	297	107	29616
10:44:56	298	115	29731
10:44:57	299	109	29840
10:44:58	300	111	29951
10:44:59	301	110	30061
10:45:00	302	112	30173
10:45:01	303	109	30282
10:45:02	304	107	30389
10:45:03	305	110	30499
10:45:04	306	111	30610
10:45:05	307	111	30721
10:45:06	308	109	30830
10:45:07	309	108	30938
10:45:08	310	110	31048
10:45:09	311	112	31160
10:45:10	312	113	31273
10:45:11	313	105	31378
10:45:12	314	110	31488
10:45:13	315	110	31598
10:45:14	316	111	31709
10:45:15	317	112	31821
10:45:16	318	108	31929
10:45:17	319	108	32037
10:45:18	320	114	32151
10:45:19	321	108	32259
10:45:20	322	112	32371
10:45:21	323	109	32480
10:45:22	324	110	32590
10:45:23	325	112	32702
10:45:24	326	106	32808
10:45:25	327	115	32923
10:45:26	328	108	33031
10:45:27	329	109	33140
10:45:28	330	112	33252
10:45:29	331	109	33361
10:45:30	332	114	33475
10:45:31	333	107	33582
10:45:32	334	110	33692
10:45:33	335	111	33803
10:45:34	336	112	33915
10:45:35	337	112	34027
10:45:36	338	111	34138
10:45:37	339	106	34244
10:45:38	340	112	34356
10:45:39	341	113	34469
10:45:40	342	110	34579
10:45:41	343	109	34688
10:45:42	344	107	34795
10:45:43	345	115	34910
10:45:44	346	108	35018
10:45:45	347	112	35130
10:45:46	348	110	35240
10:45:47	349	107	35347
10:45:48	350	113	35460
10:45:49	351	111	35571
10:45:50	352	107	35678
10:45:51	353	114	35792
10:45:52	354	110	35902
10:45:53	355	110	36012
10:45:54	356	110	36122
10:45:55	357	109	36231
10:45:56	358	114	36345
10:45:57	359	108	36453
10:45:58	360	112	36565
10:45:59	361	109	36674
10:46:00	362	111	36785
10:46:01	363	111	36896
10:46:02	364	109	37005
10:46:03	365	106	37111
10:46:04	366	112	37223
10:46:05	367	111	37334
10:46:06	368	110	37444
10:46:07	369	110	37554
10:46:08	370	106	37660
10:46:09	371	112	37772
10:46:10	372	111	37883
10:46:11	373	103	37986
10:46:12	374	115	38101
10:46:13	375	107	38208
10:46:14	376	111	38319
10:46:15	377	108	38427
10:46:16	378	109	38536
10:46:17	379	111	38647
10:46:18	380	109	38756
10:46:19	381	106	38862
10:46:20	382	111	38973
10:46:21	383	108	39081
10:46:22	384	108	39189
10:46:23	385	112	39301
10:46:24	386	107	39408
10:46:25	387	112	39520
10:46:26	388	109	39629
10:46:27	389	108	39737
10:46:28	390	112	39849
10:46:29	391	106	39955
10:46:30	392	108	40063
10:46:31	393	107	40170
10:46:32	394	111	40281
10:46:33	395	105	40386
10:46:34	396	114	40500
10:46:35	397	108	40608
10:46:36	398	108	40716
10:46:37	399	111	40827
10:46:38	400	106	40933
10:46:39	401	115	41048
10:46:40	402	107	41155
10:46:41	403	107	41262
10:46:42	404	110	41372
10:46:43	405	108	41480
10:46:44	406	109	41589
10:46:45	407	112	41701
10:46:46	408	108	41809
10:46:47	409	105	41914
10:46:48	410	110	42024
10:46:49	411	109	42133
10:46:50	412	109	42242
10:46:51	413	113	42355
10:46:52	414	106	42461
10:46:53	415	108	42569
10:46:54	416	109	42678
10:46:55	417	112	42790
10:46:56	418	109	42899
10:46:57	419	110	43009
10:46:58	420	105	43114
10:46:59	421	110	43224
10:47:00	422	111	43335
10:47:01	423	108	43443
10:47:02	424	112	43555
10:47:03	425	107	43662
10:47:04	426	106	43768
10:47:05	427	111	43879
10:47:06	428	109	43988
10:47:07	429	108	44096
10:47:08	430	110	44206
10:47:09	431	108	44314
10:47:10	432	108	44422
10:47:11	433	108	44530
10:47:12	434	108	44638
10:47:13	435	111	44749
10:47:14	436	109	44858
10:47:15	437	107	44965
10:47:16	438	111	45076
10:47:17	439	109	45185
10:47:18	440	104	45289
10:47:19	441	111	45400
10:47:20	442	105	45505
10:47:21	443	109	45614
10:47:22	444	110	45724
10:47:23	445	108	45832
10:47:24	446	109	45941
10:47:25	447	112	46053
10:47:26	448	109	46162
10:47:27	449	104	46266
10:47:28	450	109	46375
10:47:29	451	106	46481
10:47:30	452	111	46592
10:47:31	453	111	46703
10:47:32	454	107	46810
10:47:33	455	110	46920
10:47:34	456	107	47027
10:47:35	457	108	47135
10:47:36	458	112	47247
10:47:37	459	107	47354
10:47:38	460	106	47460
10:47:39	461	113	47573
10:47:40	462	107	47680
10:47:41	463	107	47787
10:47:42	464	110	47897
10:47:43	465	109	48006
10:47:44	466	107	48113
10:47:45	467	110	48223
10:47:46	468	110	48333
10:47:47	469	108	48441
10:47:48	470	111	48552
10:47:49	471	107	48659
10:47:50	472	107	48766
10:47:51	473	110	48876
10:47:52	474	108	48984
10:47:53	475	109	49093
10:47:54	476	110	49203
10:47:55	477	108	49311
10:47:56	478	106	49417
10:47:57	479	112	49529
10:47:58	480	109	49638
10:47:59	481	108	49746
10:48:00	482	113	49859
10:48:01	483	110	49969
10:48:02	484	107	50076
10:48:03	485	110	50186
10:48:04	486	109	50295
10:48:05	487	109	50404
10:48:06	488	109	50513
10:48:07	489	110	50623
10:48:08	490	110	50733
10:48:09	491	108	50841
10:48:10	492	110	50951
10:48:11	493	108	51059
10:48:12	494	111	51170
10:48:13	495	108	51278
10:48:14	496	110	51388
10:48:15	497	110	51498
10:48:16	498	108	51606
10:48:17	499	111	51717
10:48:18	500	110	51827
10:48:19	501	107	51934
10:48:20	502	110	52044
10:48:21	503	109	52153
10:48:22	504	108	52261
10:48:23	505	111	52372
10:48:24	506	108	52480
10:48:25	507	114	52594
10:48:26	508	106	52700
10:48:27	509	108	52808
10:48:28	510	110	52918
10:48:29	511	108	53026
10:48:30	512	110	53136
10:48:31	513	113	53249
10:48:32	514	108	53357
10:48:33	515	105	53462
10:48:34	516	112	53574
10:48:35	517	111	53685
10:48:36	518	104	53789
10:48:37	519	112	53901
10:48:38	520	109	54010
10:48:39	521	110	54120
10:48:40	522	109	54229
10:48:41	523	110	54339
10:48:42	524	110	54449
10:48:43	525	110	54559
10:48:44	526	112	54671
10:48:45	527	107	54778
10:48:46	528	109	54887
10:48:47	529	111	54998
10:48:48	530	109	55107
10:48:49	531	110	55217
10:48:50	532	108	55325
10:48:51	533	113	55438
10:48:52	534	110	55548
10:48:53	535	107	55655
10:48:54	536	110	55765
10:48:55	537	112	55877
10:48:56	538	107	55984
10:48:57	539	116	56100
10:48:58	540	104	56204
10:48:59	541	108	56312
10:49:00	542	113	56425
10:49:01	543	109	56534
10:49:02	544	109	56643
10:49:03	545	108	56751
10:49:04	546	112	56863
10:49:05	547	111	56974
10:49:06	548	106	57080
10:49:07	549	110	57190
10:49:08	550	109	57299
10:49:09	551	109	57408
10:49:10	552	109	57517
10:49:11	553	112	57629
10:49:12	554	109	57738
10:49:13	555	110	57848
10:49:14	556	113	57961
10:49:15	557	108	58069
10:49:16	558	110	58179
10:49:17	559	115	58294
10:49:18	560	108	58402
10:49:19	561	108	58510
10:49:20	562	109	58619
10:49:21	563	112	58731
10:49:22	564	109	58840
10:49:23	565	109	58949
10:49:24	566	113	59062
10:49:25	567	108	59170
10:49:26	568	110	59280
10:49:27	569	108	59388
10:49:28	570	112	59500
10:49:29	571	111	59611
10:49:30	572	107	59718
10:49:31	573	113	59831
10:49:32	574	111	59942
10:49:33	575	110	60052
10:49:34	576	109	60161
10:49:35	577	110	60271
10:49:36	578	110	60381
10:49:37	579	111	60492
10:49:38	580	108	60600
10:49:39	581	114	60714
10:49:40	582	109	60823
10:49:41	583	109	60932
10:49:42	584	111	61043
10:49:43	585	110	61153
10:49:44	586	112	61265
10:49:45	587	110	61375
10:49:46	588	113	61488
10:49:47	589	113	61601
10:49:48	590	107	61708
10:49:49	591	109	61817
10:49:50	592	112	61929
10:49:51	593	110	62039
10:49:52	594	111	62150
10:49:53	595	109	62259
10:49:54	596	115	62374
10:49:55	597	110	62484
10:49:56	598	109	62593
10:49:57	599	114	62707
10:49:58	600	108	62815
10:49:59	601	110	62925
10:50:00	602	113	63038
10:50:01	603	115	63153
10:50:02	604	106	63259
10:50:03	605	107	63366
10:50:04	606	115	63481
10:50:05	607	112	63593
10:50:06	608	109	63702
10:50:07	609	111	63813
10:50:08	610	116	63929
10:50:09	611	105	64034
10:50:10	612	107	64141
10:50:11	613	116	64257
10:50:12	614	108	64365
10:50:13	615	111	64476
10:50:14	616	110	64586
10:50:15	617	116	64702
10:50:16	618	106	64808
10:50:17	619	113	64921
10:50:18	620	110	65031
10:50:19	621	112	65143
10:50:20	622	112	65255
10:50:21	623	109	65364
10:50:22	624	113	65477
10:50:23	625	109	65586
10:50:24	626	110	65696
10:50:25	627	108	65804
10:50:26	628	114	65918
10:50:27	629	110	66028
10:50:28	630	113	66141
10:50:29	631	112	66253
10:50:30	632	109	66362
10:50:31	633	110	66472
10:50:32	634	109	66581
10:50:33	635	112	66693
10:50:34	636	112	66805
10:50:35	637	110	66915
10:50:36	638	110	67025
10:50:37	639	115	67140
10:50:38	640	109	67249
10:50:39	641	110	67359
10:50:40	642	111	67470
10:50:41	643	109	67579
10:50:42	644	113	67692
10:50:43	645	110	67802
10:50:44	646	110	67912
10:50:45	647	112	68024
10:50:46	648	112	68136
10:50:47	649	108	68244
10:50:48	650	113	68357
10:50:49	651	109	68466
10:50:50	652	114	68580
10:50:51	653	111	68691
10:50:52	654	112	68803
10:50:53	655	111	68914
10:50:54	656	110	69024
10:50:55	657	111	69135
10:50:56	658	111	69246
10:50:57	659	114	69360
10:50:58	660	112	69472
10:50:59	661	107	69579
10:51:00	662	112	69691
10:51:01	663	112	69803
10:51:02	664	109	69912
10:51:03	665	112	70024
10:51:04	666	109	70133
10:51:05	667	110	70243
10:51:06	668	112	70355
10:51:07	669	108	70463
10:51:08	670	117	70580
10:51:09	671	111	70691
10:51:10	672	106	70797
10:51:11	673	110	70907
10:51:12	674	113	71020
10:51:13	675	110	71130
10:51:14	676	112	71242
10:51:15	677	113	71355
10:51:16	678	113	71468
10:51:17	679	111	71579
10:51:18	680	107	71686
10:51:19	681	110	71796
10:51:20	682	116	71912
10:51:21	683	109	72021
10:51:22	684	111	72132
10:51:23	685	111	72243
10:51:24	686	112	72355
10:51:25	687	111	72466
10:51:26	688	109	72575
10:51:27	689	109	72684
10:51:28	690	114	72798
10:51:29	691	106	72904
10:51:30	692	112	73016
10:51:31	693	112	73128
10:51:32	694	110	73238
10:51:33	695	111	73349
10:51:34	696	111	73460
10:51:35	697	106	73566
10:51:36	698	115	73681
10:51:37	699	111	73792
10:51:38	700	109	73901
10:51:39	701	110	74011
10:51:40	702	112	74123
10:51:41	703	108	74231
10:51:42	704	114	74345
10:51:43	705	110	74455
10:51:44	706	109	74564
10:51:45	707	110	74674
10:51:46	708	110	74784
10:51:47	709	112	74896
10:51:48	710	116	75012
10:51:49	711	104	75116
10:51:50	712	113	75229
10:51:51	713	112	75341
10:51:52	714	108	75449
10:51:53	715	114	75563
10:51:54	716	110	75673
10:51:55	717	111	75784
10:51:56	718	113	75897
10:51:57	719	108	76005
10:51:58	720	111	76116
10:51:59	721	109	76225
10:52:00	722	113	76338
10:52:01	723	113	76451
10:52:02	724	108	76559
10:52:03	725	109	76668
10:52:04	726	117	76785
10:52:05	727	106	76891
10:52:06	728	110	77001
10:52:07	729	114	77115
10:52:08	730	108	77223
10:52:09	731	112	77335
10:52:10	732	108	77443
10:52:11	733	112	77555
10:52:12	734	114	77669
10:52:13	735	110	77779
10:52:14	736	106	77885
10:52:15	737	113	77998
10:52:16	738	112	78110
10:52:17	739	111	78221
10:52:18	740	110	78331
10:52:19	741	109	78440
10:52:20	742	116	78556
10:52:21	743	110	78666
10:52:22	744	111	78777
10:52:23	745	110	78887
10:52:24	746	113	79000
10:52:25	747	107	79107
10:52:26	748	117	79224
10:52:27	749	109	79333
10:52:28	750	114	79447
10:52:29	751	110	79557
10:52:30	752	111	79668
10:52:31	753	111	79779
10:52:32	754	110	79889
10:52:33	755	115	80004
10:52:34	756	111	80115
10:52:35	757	107	80222
10:52:36	758	113	80335
10:52:37	759	114	80449
10:52:38	760	110	80559
10:52:39	761	107	80666
10:52:40	762	110	80776
10:52:41	763	116	80892
10:52:42	764	109	81001
10:52:43	765	112	81113
10:52:44	766	108	81221
10:52:45	767	109	81330
10:52:46	768	115	81445
10:52:47	769	110	81555
10:52:48	770	111	81666
10:52:49	771	107	81773
10:52:50	772	116	81889
10:52:51	773	108	81997
10:52:52	774	113	82110
10:52:53	775	111	82221
10:52:54	776	113	82334
10:52:55	777	113	82447
10:52:56	778	112	82559
10:52:57	779	112	82671
10:52:58	780	114	82785
10:52:59	781	112	82897
10:53:00	782	112	83009
10:53:01	783	110	83119
10:53:02	784	111	83230
10:53:03	785	112	83342
10:53:04	786	112	83454
10:53:05	787	112	83566
10:53:06	788	112	83678
10:53:07	789	114	83792
10:53:08	790	112	83904
10:53:09	791	114	84018
10:53:10	792	111	84129
10:53:11	793	112	84241
10:53:12	794	117	84358
10:53:13	795	112	84470
10:53:14	796	112	84582
10:53:15	797	111	84693
10:53:16	798	111	84804
10:53:17	799	111	84915
10:53:18	800	114	85029
10:53:19	801	112	85141
10:53:20	802	113	85254
10:53:21	803	118	85372
10:53:22	804	109	85481
10:53:23	805	114	85595
10:53:24	806	109	85704
10:53:25	807	110	85814
10:53:26	808	116	85930
10:53:27	809	110	86040
10:53:28	810	116	86156
10:53:29	811	110	86266
10:53:30	812	114	86380
10:53:31	813	111	86491
10:53:32	814	111	86602
10:53:33	815	113	86715
10:53:34	816	111	86826
10:53:35	817	114	86940
10:53:36	818	112	87052
10:53:37	819	114	87166
10:53:38	820	112	87278
10:53:39	821	117	87395
10:53:40	822	108	87503
10:53:41	823	114	87617
10:53:42	824	113	87730
10:53:43	825	113	87843
10:53:44	826	113	87956
10:53:45	827	112	88068
10:53:46	828	118	88186
10:53:47	829	111	88297
10:53:48	830	118	88415
10:53:49	831	112	88527
10:53:50	832	114	88641
10:53:51	833	108	88749
10:53:52	834	112	88861
10:53:53	835	114	88975
10:53:54	836	113	89088
10:53:55	837	114	89202
10:53:56	838	110	89312
10:53:57	839	111	89423
10:53:58	840	117	89540
10:53:59	841	114	89654
10:54:00	842	111	89765
10:54:01	843	114	89879
10:54:02	844	110	89989
10:54:03	845	118	90107
10:54:04	846	114	90221
10:54:05	847	113	90334
10:54:06	848	108	90442
10:54:07	849	116	90558
10:54:08	850	114	90672
10:54:09	851	115	90787
10:54:10	852	111	90898
10:54:11	853	112	91010
10:54:12	854	118	91128
10:54:13	855	111	91239
10:54:14	856	119	91358
10:54:15	857	111	91469
10:54:16	858	114	91583
10:54:17	859	115	91698
10:54:18	860	112	91810
10:54:19	861	110	91920
10:54:20	862	115	92035
10:54:21	863	117	92152
10:54:22	864	112	92264
10:54:23	865	115	92379
10:54:24	866	113	92492
10:54:25	867	115	92607
10:54:26	868	114	92721
10:54:27	869	114	92835
10:54:28	870	113	92948
10:54:29	871	112	93060
10:54:30	872	119	93179
10:54:31	873	111	93290
10:54:32	874	115	93405
10:54:33	875	112	93517
10:54:34	876	115	93632
10:54:35	877	114	93746
10:54:36	878	117	93863
10:54:37	879	110	93973
10:54:38	880	113	94086
10:54:39	881	111	94197
10:54:40	882	118	94315
10:54:41	883	109	94424
10:54:42	884	116	94540
10:54:43	885	111	94651
10:54:44	886	117	94768
10:54:45	887	115	94883
10:54:46	888	113	94996
10:54:47	889	115	95111
10:54:48	890	109	95220
10:54:49	891	120	95340
10:54:50	892	110	95450
10:54:51	893	115	95565
10:54:52	894	115	95680
10:54:53	895	113	95793
10:54:54	896	120	95913
10:54:55	897	110	96023
10:54:56	898	115	96138
10:54:57	899	109	96247
10:54:58	900	118	96365
10:54:59	901	113	96478
10:55:00	902	115	96593
10:55:01	903	116	96709
10:55:02	904	118	96827
10:55:03	905	115	96942
10:55:04	906	112	97054
10:55:05	907	114	97168
10:55:06	908	117	97285
10:55:07	909	112	97397
10:55:08	910	115	97512
10:55:09	911	113	97625
10:55:10	912	112	97737
10:55:11	913	123	97860
10:55:12	914	109	97969
10:55:13	915	118	98087
10:55:14	916	111	98198
10:55:15	917	117	98315
10:55:16	918	115	98430
10:55:17	919	114	98544
10:55:18	920	116	98660
10:55:19	921	110	98770
10:55:20	922	118	98888
10:55:21	923	114	99002
10:55:22	924	116	99118
10:55:23	925	112	99230
10:55:24	926	115	99345
10:55:25	927	114	99459
10:55:26	928	111	99570
10:55:27	929	116	99686
10:55:28	930	111	99797
10:55:29	931	119	99916
10:55:30	932	108	100024
10:55:31	933	117	100141
10:55:32	934	108	100249
10:55:33	935	117	100366
10:55:34	936	112	100478
10:55:35	937	117	100595
10:55:36	938	114	100709
10:55:37	939	112	100821
10:55:38	940	120	100941
10:55:39	941	111	101052
10:55:40	942	116	101168
10:55:41	943	111	101279
10:55:42	944	117	101396
10:55:43	945	111	101507
10:55:44	946	115	101622
10:55:45	947	113	101735
10:55:46	948	113	101848
10:55:47	949	116	101964
10:55:48	950	117	102081
10:55:49	951	111	102192
10:55:50	952	114	102306
10:55:51	953	112	102418
10:55:52	954	117	102535
10:55:53	955	113	102648
10:55:54	956	115	102763
10:55:55	957	114	102877
10:55:56	958	112	102989
10:55:57	959	115	103104
10:55:58	960	115	103219
10:55:59	961	111	103330
10:56:00	962	114	103444
10:56:01	963	109	103553
10:56:02	964	121	103674
10:56:03	965	108	103782
10:56:04	966	118	103900
10:56:05	967	113	104013
10:56:06	968	116	104129
10:56:07	969	116	104245
10:56:08	970	114	104359
10:56:09	971	111	104470
10:56:10	972	118	104588
10:56:11	973	110	104698
10:56:12	974	118	104816
10:56:13	975	109	104925
10:56:14	976	115	105040
10:56:15	977	113	105153
10:56:16	978	114	105267
10:56:17	979	117	105384
10:56:18	980	112	105496
10:56:19	981	118	105614
10:56:20	982	112	105726
10:56:21	983	113	105839
10:56:22	984	115	105954
10:56:23	985	110	106064
10:56:24	986	119	106183
10:56:25	987	113	106296
10:56:26	988	117	106413
10:56:27	989	111	106524
10:56:28	990	113	106637
10:56:29	991	116	106753
10:56:30	992	116	106869
10:56:31	993	116	106985
10:56:32	994	110	107095
10:56:33	995	119	107214
10:56:34	996	109	107323
10:56:35	997	113	107436
10:56:36	998	115	107551
10:56:37	999	113	107664
10:56:38	1000	118	107782
10:56:39	1001	111	107893
10:56:40	1002	113	108006
10:56:41	1003	115	108121
10:56:42	1004	113	108234
10:56:43	1005	116	108350
10:56:44	1006	110	108460
10:56:45	1007	112	108572
10:56:46	1008	120	108692
10:56:47	1009	110	108802
10:56:48	1010	117	108919
10:56:49	1011	112	109031
10:56:50	1012	114	109145
10:56:51	1013	113	109258
10:56:52	1014	114	109372
10:56:53	1015	116	109488
10:56:54	1016	113	109601
10:56:55	1017	113	109714
10:56:56	1018	117	109831
10:56:57	1019	113	109944
10:56:58	1020	116	110060
10:56:59	1021	109	110169
10:57:00	1022	116	110285
10:57:01	1023	116	110401
10:57:02	1024	116	110517
10:57:03	1025	117	110634
10:57:04	1026	110	110744
10:57:05	1027	113	110857
10:57:06	1028	117	110974
10:57:07	1029	113	111087
10:57:08	1030	120	111207
10:57:09	1031	110	111317
10:57:10	1032	113	111430
10:57:11	1033	115	111545
10:57:12	1034	111	111656
10:57:13	1035	119	111775
10:57:14	1036	111	111886
10:57:15	1037	114	112000
10:57:16	1038	114	112114
10:57:17	1039	113	112227
10:57:18	1040	119	112346
10:57:19	1041	112	112458
10:57:20	1042	119	112577
10:57:21	1043	112	112689
10:57:22	1044	114	112803
10:57:23	1045	117	112920
10:57:24	1046	111	113031
10:57:25	1047	118	113149
10:57:26	1048	113	113262
10:57:27	1049	116	113378
10:57:28	1050	112	113490
10:57:29	1051	116	113606
10:57:30	1052	116	113722
10:57:31	1053	112	113834
10:57:32	1054	120	113954
10:57:33	1055	113	114067
10:57:34	1056	118	114185
10:57:35	1057	110	114295
10:57:36	1058	118	114413
10:57:37	1059	110	114523
10:57:38	1060	120	114643
10:57:39	1061	111	114754
10:57:40	1062	116	114870
10:57:41	1063	113	114983
10:57:42	1064	114	115097
10:57:43	1065	122	115219
10:57:44	1066	111	115330
10:57:45	1067	119	115449
10:57:46	1068	110	115559
10:57:47	1069	120	115679
10:57:48	1070	110	115789
10:57:49	1071	118	115907
10:57:50	1072	117	116024
10:57:51	1073	114	116138
10:57:52	1074	119	116257
10:57:53	1075	111	116368
10:57:54	1076	116	116484
10:57:55	1077	114	116598
10:57:56	1078	119	116717
10:57:57	1079	120	116837
10:57:58	1080	113	116950
10:57:59	1081	117	117067
10:58:00	1082	112	117179
10:58:01	1083	120	117299
10:58:02	1084	116	117415
10:58:03	1085	113	117528
10:58:04	1086	121	117649
10:58:05	1087	112	117761
10:58:06	1088	118	117879
10:58:07	1089	113	117992
10:58:08	1090	116	118108
10:58:09	1091	117	118225
10:58:10	1092	113	118338
10:58:11	1093	120	118458
10:58:12	1094	112	118570
10:58:13	1095	121	118691
10:58:14	1096	112	118803
10:58:15	1097	116	118919
10:58:16	1098	120	119039
10:58:17	1099	115	119154
10:58:18	1100	119	119273
10:58:19	1101	114	119387
10:58:20	1102	124	119511
10:58:21	1103	111	119622
10:58:22	1104	119	119741
10:58:23	1105	113	119854
10:58:24	1106	117	119971
10:58:25	1107	116	120087
10:58:26	1108	117	120204
10:58:27	1109	119	120323
10:58:28	1110	115	120438
10:58:29	1111	121	120559
10:58:30	1112	114	120673
10:58:31	1113	116	120789
10:58:32	1114	122	120911
10:58:33	1115	117	121028
10:58:34	1116	116	121144
10:58:35	1117	115	121259
10:58:36	1118	116	121375
10:58:37	1119	117	121492
10:58:38	1120	116	121608
10:58:39	1121	125	121733
10:58:40	1122	114	121847
10:58:41	1123	118	121965
10:58:42	1124	118	122083
10:58:43	1125	117	122200
10:58:44	1126	118	122318
10:58:45	1127	118	122436
10:58:46	1128	120	122556
10:58:47	1129	118	122674
10:58:48	1130	116	122790
10:58:49	1131	116	122906
10:58:50	1132	116	123022
10:58:51	1133	124	123146
10:58:52	1134	115	123261
10:58:53	1135	122	123383
10:58:54	1136	116	123499
10:58:55	1137	118	123617
10:58:56	1138	116	123733
10:58:57	1139	125	123858
10:58:58	1140	114	123972
10:58:59	1141	118	124090
10:59:00	1142	116	124206
10:59:01	1143	119	124325
10:59:02	1144	119	124444
10:59:03	1145	118	124562
10:59:04	1146	122	124684
10:59:05	1147	117	124801
10:59:06	1148	118	124919
10:59:07	1149	119	125038
10:59:08	1150	118	125156
10:59:09	1151	123	125279
10:59:10	1152	119	125398
10:59:11	1153	124	125522
10:59:12	1154	113	125635
10:59:13	1155	116	125751
10:59:14	1156	122	125873
10:59:15	1157	116	125989
10:59:16	1158	124	126113
10:59:17	1159	115	126228
10:59:18	1160	120	126348
10:59:19	1161	118	126466
10:59:20	1162	122	126588
10:59:21	1163	122	126710
10:59:22	1164	116	126826
10:59:23	1165	124	126950
10:59:24	1166	115	127065
10:59:25	1167	123	127188
10:59:26	1168	118	127306
10:59:27	1169	119	127425
10:59:28	1170	121	127546
10:59:29	1171	120	127666
10:59:30	1172	122	127788
10:59:31	1173	119	127907
10:59:32	1174	116	128023
10:59:33	1175	121	128144
10:59:34	1176	119	128263
10:59:35	1177	126	128389
10:59:36	1178	119	128508
10:59:37	1179	123	128631
10:59:38	1180	119	128750
10:59:39	1181	118	128868
10:59:40	1182	126	128994
10:59:41	1183	120	129114
10:59:42	1184	120	129234
10:59:43	1185	123	129357
10:59:44	1186	122	129479
10:59:45	1187	121	129600
10:59:46	1188	123	129723
10:59:47	1189	119	129842
10:59:48	1190	120	129962
10:59:49	1191	123	130085
10:59:50	1192	123	130208
10:59:51	1193	127	130335
10:59:52	1194	115	130450
10:59:53	1195	121	130571
10:59:54	1196	126	130697
10:59:55	1197	117	130814
10:59:56	1198	128	130942
10:59:57	1199	120	131062
10:59:58	1200	119	131181
10:59:59	1201	126	131307
11:00:00	1202	120	131427
11:00:01	1203	123	131550
11:00:02	1204	119	131669
11:00:03	1205	126	131795
11:00:04	1206	125	131920
11:00:05	1207	120	132040
11:00:06	1208	125	132165
11:00:07	1209	116	132281
11:00:08	1210	128	132409
11:00:09	1211	120	132529
11:00:10	1212	127	132656
11:00:11	1213	119	132775
11:00:12	1214	122	132897
11:00:13	1215	126	133023
11:00:14	1216	124	133147
11:00:15	1217	123	133270
11:00:16	1218	121	133391
11:00:17	1219	125	133516
11:00:18	1220	122	133638
11:00:19	1221	122	133760
11:00:20	1222	126	133886
11:00:21	1223	122	134008
11:00:22	1224	127	134135
11:00:23	1225	123	134258
11:00:24	1226	127	134385
11:00:25	1227	120	134505
11:00:26	1228	121	134626
11:00:27	1229	127	134753
11:00:28	1230	126	134879
11:00:29	1231	131	135010
11:00:30	1232	118	135128
11:00:31	1233	124	135252
11:00:32	1234	127	135379
11:00:33	1235	122	135501
11:00:34	1236	129	135630
11:00:35	1237	123	135753
11:00:36	1238	126	135879
11:00:37	1239	125	136004
11:00:38	1240	128	136132
11:00:39	1241	126	136258
11:00:40	1242	133	136391
11:00:41	1243	121	136512
11:00:42	1244	129	136641
11:00:43	1245	120	136761
11:00:44	1246	133	136894
11:00:45	1247	124	137018
11:00:46	1248	127	137145
11:00:47	1249	123	137268
11:00:48	1250	131	137399
11:00:49	1251	122	137521
11:00:50	1252	130	137651
11:00:51	1253	121	137772
11:00:52	1254	133	137905
11:00:53	1255	123	138028
11:00:54	1256	126	138154
11:00:55	1257	126	138280
11:00:56	1258	130	138410
11:00:57	1259	124	138534
11:00:58	1260	126	138660
11:00:59	1261	129	138789
11:01:00	1262	129	138918
11:01:01	1263	125	139043
11:01:02	1264	133	139176
11:01:03	1265	124	139300
11:01:04	1266	128	139428
11:01:05	1267	130	139558
11:01:06	1268	122	139680
11:01:07	1269	135	139815
11:01:08	1270	126	139941
11:01:09	1271	130	140071
11:01:10	1272	128	140199
11:01:11	1273	125	140324
11:01:12	1274	138	140462
11:01:13	1275	125	140587
11:01:14	1276	133	140720
11:01:15	1277	122	140842
11:01:16	1278	135	140977
11:01:17	1279	127	141104
11:01:18	1280	134	141238
11:01:19	1281	124	141362
11:01:20	1282	134	141496
11:01:21	1283	127	141623
11:01:22	1284	136	141759
11:01:23	1285	126	141885
11:01:24	1286	133	142018
11:01:25	1287	128	142146
11:01:26	1288	130	142276
11:01:27	1289	136	142412
11:01:28	1290	127	142539
11:01:29	1291	138	142677
11:01:30	1292	124	142801
11:01:31	1293	137	142938
11:01:32	1294	129	143067
11:01:33	1295	133	143200
11:01:34	1296	127	143327
11:01:35	1297	137	143464
11:01:36	1298	130	143594
11:01:37	1299	132	143726
11:01:38	1300	137	143863
11:01:39	1301	126	143989
11:01:40	1302	137	144126
11:01:41	1303	131	144257
11:01:42	1304	138	144395
11:01:43	1305	129	144524
11:01:44	1306	133	144657
11:01:45	1307	132	144789
11:01:46	1308	135	144924
11:01:47	1309	133	145057
11:01:48	1310	133	145190
11:01:49	1311	136	145326
11:01:50	1312	133	145459
11:01:51	1313	139	145598
11:01:52	1314	129	145727
11:01:53	1315	136	145863
11:01:54	1316	131	145994
11:01:55	1317	139	146133
11:01:56	1318	134	146267
11:01:57	1319	134	146401
11:01:58	1320	133	146534
11:01:59	1321	135	146669
11:02:00	1322	145	146814
11:02:01	1323	128	146942
11:02:02	1324	139	147081
11:02:03	1325	129	147210
11:02:04	1326	139	147349
11:02:05	1327	135	147484
11:02:06	1328	136	147620
11:02:07	1329	139	147759
11:02:08	1330	133	147892
11:02:09	1331	142	148034
11:02:10	1332	135	148169
11:02:11	1333	139	148308
11:02:12	1334	132	148440
11:02:13	1335	141	148581
11:02:14	1336	136	148717
11:02:15	1337	137	148854
11:02:16	1338	140	148994
11:02:17	1339	137	149131
11:02:18	1340	140	149271
11:02:19	1341	140	149411
11:02:20	1342	132	149543
11:02:21	1343	138	149681
11:02:22	1344	143	149824
11:02:23	1345	136	149960
11:02:24	1346	142	150102
11:02:25	1347	133	150235
11:02:26	1348	139	150374
11:02:27	1349	145	150519
11:02:28	1350	136	150655
11:02:29	1351	145	150800
11:02:30	1352	131	150931
11:02:31	1353	141	151072
11:02:32	1354	141	151213
11:02:33	1355	137	151350
11:02:34	1356	141	151491
11:02:35	1357	137	151628
11:02:36	1358	146	151774
11:02:37	1359	136	151910
11:02:38	1360	140	152050
11:02:39	1361	145	152195
11:02:40	1362	140	152335
11:02:41	1363	141	152476
11:02:42	1364	139	152615
11:02:43	1365	142	152757
11:02:44	1366	135	152892
11:02:45	1367	149	153041
11:02:46	1368	142	153183
11:02:47	1369	142	153325
11:02:48	1370	145	153470
11:02:49	1371	136	153606
11:02:50	1372	150	153756
11:02:51	1373	141	153897
11:02:52	1374	145	154042
11:02:53	1375	141	154183
11:02:54	1376	148	154331
11:02:55	1377	148	154479
11:02:56	1378	141	154620
11:02:57	1379	146	154766
11:02:58	1380	143	154909
11:02:59	1381	145	155054
11:03:00	1382	150	155204
11:03:01	1383	140	155344
11:03:02	1384	148	155492
11:03:03	1385	148	155640
11:03:04	1386	149	155789
11:03:05	1387	140	155929
11:03:06	1388	150	156079
11:03:07	1389	144	156223
11:03:08	1390	148	156371
11:03:09	1391	152	156523
11:03:10	1392	143	156666
11:03:11	1393	151	156817
11:03:12	1394	144	156961
11:03:13	1395	151	157112
11:03:14	1396	145	157257
11:03:15	1397	151	157408
11:03:16	1398	149	157557
11:03:17	1399	147	157704
11:03:18	1400	149	157853
11:03:19	1401	148	158001
11:03:20	1402	146	158147
11:03:21	1403	152	158299
11:03:22	1404	148	158447
11:03:23	1405	150	158597
11:03:24	1406	145	158742
11:03:25	1407	154	158896
11:03:26	1408	151	159047
11:03:27	1409	150	159197
11:03:28	1410	150	159347
11:03:29	1411	145	159492
11:03:30	1412	156	159648
11:03:31	1413	154	159802
11:03:32	1414	147	159949
11:03:33	1415	152	160101
11:03:34	1416	149	160250
11:03:35	1417	152	160402
11:03:36	1418	155	160557
11:03:37	1419	150	160707
11:03:38	1420	152	160859
11:03:39	1421	153	161012
11:03:40	1422	152	161164
11:03:41	1423	154	161318
11:03:42	1424	146	161464
11:03:43	1425	157	161621
11:03:44	1426	149	161770
11:03:45	1427	154	161924
11:03:46	1428	155	162079
11:03:47	1429	155	162234
11:03:48	1430	156	162390
11:03:49	1431	149	162539
11:03:50	1432	153	162692
11:03:51	1433	159	162851
11:03:52	1434	150	163001
11:03:53	1435	156	163157
11:03:54	1436	154	163311
11:03:55	1437	153	163464
11:03:56	1438	160	163624
11:03:57	1439	152	163776
11:03:58	1440	149	163925
11:03:59	1441	159	164084
11:04:00	1442	156	164240
11:04:01	1443	157	164397
11:04:02	1444	152	164549
11:04:03	1445	164	164713
11:04:04	1446	154	164867
11:04:05	1447	158	165025
11:04:06	1448	158	165183
11:04:07	1449	156	165339
11:04:08	1450	158	165497
11:04:09	1451	160	165657
11:04:10	1452	156	165813
11:04:11	1453	163	165976
11:04:12	1454	158	166134
11:04:13	1455	153	166287
11:04:14	1456	159	166446
11:04:15	1457	161	166607
11:04:16	1458	158	166765
11:04:17	1459	158	166923
11:04:18	1460	159	167082
11:04:19	1461	164	167246
11:04:20	1462	160	167406
11:04:21	1463	157	167563
11:04:22	1464	154	167717
11:04:23	1465	165	167882
11:04:24	1466	159	168041
11:04:25	1467	160	168201
11:04:26	1468	161	168362
11:04:27	1469	160	168522
11:04:28	1470	163	168685
11:04:29	1471	156	168841
11:04:30	1472	166	169007
11:04:31	1473	161	169168
11:04:32	1474	161	169329
11:04:33	1475	156	169485
11:04:34	1476	168	169653
11:04:35	1477	159	169812
11:04:36	1478	163	169975
11:04:37	1479	162	170137
11:04:38	1480	161	170298
11:04:39	1481	163	170461
11:04:40	1482	166	170627
11:04:41	1483	160	170787
11:04:42	1484	167	170954
11:04:43	1485	161	171115
11:04:44	1486	161	171276
11:04:45	1487	163	171439
11:04:46	1488	161	171600
11:04:47	1489	165	171765
11:04:48	1490	162	171927
11:04:49	1491	160	172087
11:04:50	1492	162	172249
11:04:51	1493	166	172415
11:04:52	1494	169	172584
11:04:53	1495	158	172742
11:04:54	1496	166	172908
11:04:55	1497	166	173074
11:04:56	1498	157	173231
11:04:57	1499	161	173392
11:04:58	1500	170	173562
11:04:59	1501	163	173725
11:05:00	1502	164	173889
11:05:01	1503	164	174053
11:05:02	1504	172	174225
11:05:03	1505	159	174384
11:05:04	1506	164	174548
11:05:05	1507	168	174716
11:05:06	1508	169	174885
11:05:07	1509	161	175046
11:05:08	1510	163	175209
11:05:09	1511	170	175379
11:05:10	1512	167	175546
11:05:11	1513	164	175710
11:05:12	1514	167	175877
11:05:13	1515	166	176043
11:05:14	1516	167	176210
11:05:15	1517	172	176382
11:05:16	1518	163	176545
11:05:17	1519	166	176711
11:05:18	1520	167	176878
11:05:19	1521	175	177053
11:05:20	1522	163	177216
11:05:21	1523	165	177381
11:05:22	1524	176	177557
11:05:23	1525	169	177726
11:05:24	1526	160	177886
11:05:25	1527	169	178055
11:05:26	1528	167	178222
11:05:27	1529	172	178394
11:05:28	1530	165	178559
11:05:29	1531	173	178732
11:05:30	1532	170	178902
11:05:31	1533	165	179067
11:05:32	1534	170	179237
11:05:33	1535	170	179407
11:05:34	1536	172	179579
11:05:35	1537	171	179750
11:05:36	1538	172	179922
11:05:37	1539	171	180093
11:05:38	1540	172	180265
11:05:39	1541	168	180433
11:05:40	1542	172	180605
11:05:41	1543	173	180778
11:05:42	1544	169	180947
11:05:43	1545	172	181119
11:05:44	1546	172	181291
11:05:45	1547	171	181462
11:05:46	1548	174	181636
11:05:47	1549	166	181802
11:05:48	1550	176	181978
11:05:49	1551	168	182146
11:05:50	1552	181	182327
11:05:51	1553	166	182493
11:05:52	1554	171	182664
11:05:53	1555	174	182838
11:05:54	1556	178	183016
11:05:55	1557	166	183182
11:05:56	1558	176	183358
11:05:57	1559	172	183530
11:05:58	1560	173	183703
11:05:59	1561	163	183866
11:06:00	1562	179	184045
11:06:01	1563	168	184213
11:06:02	1564	172	184385
11:06:03	1565	176	184561
11:06:04	1566	166	184727
11:06:05	1567	168	184895
11:06:06	1568	171	185066
11:06:07	1569	170	185236
11:06:08	1570	170	185406
11:06:09	1571	168	185574
11:06:10	1572	175	185749
11:06:11	1573	170	185919
11:06:12	1574	168	186087
11:06:13	1575	170	186257
11:06:14	1576	170	186427
11:06:15	1577	166	186593
11:06:16	1578	175	186768
11:06:17	1579	161	186929
11:06:18	1580	166	187095
11:06:19	1581	167	187262
11:06:20	1582	170	187432
11:06:21	1583	163	187595
11:06:22	1584	167	187762
11:06:23	1585	173	187935
11:06:24	1586	163	188098
11:06:25	1587	167	188265
11:06:26	1588	166	188431
11:06:27	1589	166	188597
11:06:28	1590	163	188760
11:06:29	1591	171	188931
11:06:30	1592	164	189095
11:06:31	1593	160	189255
11:06:32	1594	164	189419
11:06:33	1595	169	189588
11:06:34	1596	162	189750
11:06:35	1597	164	189914
11:06:36	1598	166	190080
11:06:37	1599	165	190245
11:06:38	1600	162	190407
11:06:39	1601	161	190568
11:06:40	1602	163	190731
11:06:41	1603	170	190901
11:06:42	1604	159	191060
11:06:43	1605	167	191227
11:06:44	1606	165	191392
11:06:45	1607	163	191555
11:06:46	1608	169	191724
11:06:47	1609	155	191879
11:06:48	1610	164	192043
11:06:49	1611	163	192206
11:06:50	1612	170	192376
11:06:51	1613	160	192536
11:06:52	1614	156	192692
11:06:53	1615	168	192860
11:06:54	1616	167	193027
11:06:55	1617	161	193188
11:06:56	1618	169	193357
11:06:57	1619	163	193520
11:06:58	1620	159	193679
11:06:59	1621	166	193845
11:07:00	1622	167	194012
11:07:01	1623	161	194173
11:07:02	1624	171	194344
11:07:03	1625	157	194501
11:07:04	1626	163	194664
11:07:05	1627	169	194833
11:07:06	1628	167	195000
11:07:07	1629	164	195164
11:07:08	1630	164	195328
11:07:09	1631	171	195499
11:07:10	1632	165	195664
11:07:11	1633	165	195829
11:07:12	1634	169	195998
11:07:13	1635	160	196158
11:07:14	1636	167	196325
11:07:15	1637	169	196494
11:07:16	1638	169	196663
11:07:17	1639	165	196828
11:07:18	1640	166	196994
11:07:19	1641	171	197165
11:07:20	1642	166	197331
11:07:21	1643	163	197494
11:07:22	1644	172	197666
11:07:23	1645	166	197832
11:07:24	1646	167	197999
11:07:25	1647	171	198170
11:07:26	1648	163	198333
11:07:27	1649	166	198499
11:07:28	1650	166	198665
11:07:29	1651	173	198838
11:07:30	1652	164	199002
11:07:31	1653	160	199162
11:07:32	1654	171	199333
11:07:33	1655	162	199495
11:07:34	1656	163	199658
11:07:35	1657	172	199830
11:07:36	1658	159	199989
11:07:37	1659	155	200144
11:07:38	1660	166	200310
11:07:39	1661	163	200473
11:07:40	1662	161	200634
11:07:41	1663	166	200800
11:07:42	1664	157	200957
11:07:43	1665	154	201111
11:07:44	1666	158	201269
11:07:45	1667	161	201430
11:07:46	1668	155	201585
11:07:47	1669	160	201745
11:07:48	1670	157	201902
11:07:49	1671	152	202054
11:07:50	1672	156	202210
11:07:51	1673	156	202366
11:07:52	1674	156	202522
11:07:53	1675	153	202675
11:07:54	1676	156	202831
11:07:55	1677	147	202978
11:07:56	1678	154	203132
11:07:57	1679	154	203286
11:07:58	1680	150	203436
11:07:59	1681	151	203587
11:08:00	1682	151	203738
11:08:01	1683	148	203886
11:08:02	1684	147	204033
11:08:03	1685	150	204183
11:08:04	1686	150	204333
11:08:05	1687	149	204482
11:08:06	1688	149	204631
11:08:07	1689	148	204779
11:08:08	1690	144	204923
11:08:09	1691	148	205071
11:08:10	1692	150	205221
11:08:11	1693	143	205364
11:08:12	1694	154	205518
11:08:13	1695	142	205660
11:08:14	1696	142	205802
11:08:15	1697	146	205948
11:08:16	1698	146	206094
11:08:17	1699	144	206238
11:08:18	1700	149	206387
11:08:19	1701	144	206531
11:08:20	1702	143	206674
11:08:21	1703	142	206816
11:08:22	1704	141	206957
11:08:23	1705	143	207100
11:08:24	1706	146	207246
11:08:25	1707	140	207386
11:08:26	1708	141	207527
11:08:27	1709	141	207668
11:08:28	1710	142	207810
11:08:29	1711	137	207947
11:08:30	1712	145	208092
11:08:31	1713	141	208233
11:08:32	1714	140	208373
11:08:33	1715	141	208514
11:08:34	1716	134	208648
11:08:35	1717	140	208788
11:08:36	1718	144	208932
11:08:37	1719	140	209072
11:08:38	1720	136	209208
11:08:39	1721	139	209347
11:08:40	1722	133	209480
11:08:41	1723	141	209621
11:08:42	1724	137	209758
11:08:43	1725	136	209894
11:08:44	1726	136	210030
11:08:45	1727	138	210168
11:08:46	1728	134	210302
11:08:47	1729	135	210437
11:08:48	1730	138	210575
11:08:49	1731	137	210712
11:08:50	1732	136	210848
11:08:51	1733	131	210979
11:08:52	1734	141	211120
11:08:53	1735	132	211252
11:08:54	1736	134	211386
11:08:55	1737	138	211524
11:08:56	1738	134	211658
11:08:57	1739	131	211789
11:08:58	1740	140	211929
11:08:59	1741	134	212063
11:09:00	1742	131	212194
11:09:01	1743	137	212331
11:09:02	1744	135	212466
11:09:03	1745	131	212597
11:09:04	1746	137	212734
11:09:05	1747	133	212867
11:09:06	1748	134	213001
11:09:07	1749	138	213139
11:09:08	1750	134	213273
11:09:09	1751	131	213404
11:09:10	1752	135	213539
11:09:11	1753	133	213672
11:09:12	1754	132	213804
11:09:13	1755	137	213941
11:09:14	1756	133	214074
11:09:15	1757	130	214204
11:09:16	1758	136	214340
11:09:17	1759	132	214472
11:09:18	1760	137	214609
11:09:19	1761	136	214745
11:09:20	1762	126	214871
11:09:21	1763	135	215006
11:09:22	1764	131	215137
11:09:23	1765	134	215271
11:09:24	1766	135	215406
11:09:25	1767	133	215539
11:09:26	1768	128	215667
11:09:27	1769	132	215799
11:09:28	1770	136	215935
11:09:29	1771	129	216064
11:09:30	1772	138	216202
11:09:31	1773	131	216333
11:09:32	1774	132	216465
11:09:33	1775	129	216594
11:09:34	1776	132	216726
11:09:35	1777	127	216853
11:09:36	1778	136	216989
11:09:37	1779	127	217116
11:09:38	1780	129	217245
11:09:39	1781	133	217378
11:09:40	1782	131	217509
11:09:41	1783	128	217637
11:09:42	1784	134	217771
11:09:43	1785	127	217898
11:09:44	1786	130	218028
11:09:45	1787	133	218161
11:09:46	1788	127	218288
11:09:47	1789	136	218424
11:09:48	1790	132	218556
11:09:49	1791	125	218681
11:09:50	1792	131	218812
11:09:51	1793	128	218940
11:09:52	1794	128	219068
11:09:53	1795	132	219200
11:09:54	1796	130	219330
11:09:55	1797	129	219459
11:09:56	1798	129	219588
11:09:57	1799	129	219717
11:09:58	1800	133	219850
11:09:59	1801	130	219980
11:10:00	1802	129	220109
11:10:01	1803	131	220240
11:10:02	1804	125	220365
11:10:03	1805	132	220497
11:10:04	1806	130	220627
11:10:05	1807	130	220757
11:10:06	1808	126	220883
11:10:07	1809	133	221016
11:10:08	1810	129	221145
11:10:09	1811	127	221272
11:10:10	1812	135	221407
11:10:11	1813	126	221533
11:10:12	1814	128	221661
11:10:13	1815	133	221794
11:10:14	1816	133	221927
11:10:15	1817	129	222056
11:10:16	1818	129	222185
11:10:17	1819	131	222316
11:10:18	1820	132	222448
11:10:19	1821	128	222576
11:10:20	1822	131	222707
11:10:21	1823	133	222840
11:10:22	1824	128	222968
11:10:23	1825	130	223098
11:10:24	1826	133	223231
11:10:25	1827	129	223360
11:10:26	1828	131	223491
11:10:27	1829	132	223623
11:10:28	1830	126	223749
11:10:29	1831	131	223880
11:10:30	1832	131	224011
11:10:31	1833	130	224141
11:10:32	1834	132	224273
11:10:33	1835	128	224401
11:10:34	1836	130	224531
11:10:35	1837	129	224660
11:10:36	1838	133	224793
11:10:37	1839	130	224923
11:10:38	1840	134	225057
11:10:39	1841	129	225186
11:10:40	1842	126	225312
11:10:41	1843	131	225443
11:10:42	1844	132	225575
11:10:43	1845	131	225706
11:10:44	1846	127	225833
11:10:45	1847	129	225962
11:10:46	1848	131	226093
11:10:47	1849	128	226221
11:10:48	1850	130	226351
11:10:49	1851	135	226486
11:10:50	1852	128	226614
11:10:51	1853	130	226744
11:10:52	1854	129	226873
11:10:53	1855	127	227000
11:10:54	1856	135	227135
11:10:55	1857	128	227263
11:10:56	1858	129	227392
11:10:57	1859	131	227523
11:10:58	1860	129	227652
11:10:59	1861	135	227787
11:11:00	1862	128	227915
11:11:01	1863	127	228042
11:11:02	1864	133	228175
11:11:03	1865	132	228307
11:11:04	1866	123	228430
11:11:05	1867	134	228564
11:11:06	1868	128	228692
11:11:07	1869	132	228824
11:11:08	1870	129	228953
11:11:09	1871	129	229082
11:11:10	1872	134	229216
11:11:11	1873	129	229345
11:11:12	1874	130	229475
11:11:13	1875	131	229606
11:11:14	1876	130	229736
11:11:15	1877	133	229869
