radiacao de fundo
0
0
0
0
0
0
0
0
0
0
0
0
0
0
5
162
125
89
88
99
104
92
100
79
66
72
90
95
87
96
96
90
68
79
52
86
190
74
83
105
88
77
91
101
80
63
66
76
82
62
73
78
79
109
77
74
88
95
91
105
99
111
98
108
114
124
114
99
144
115
141
112
123
122
138
132
134
138
141
152
130
141
137
181
192
143
171
148
166
155
180
174
146
168
170
161
160
165
148
182
168
149
172
179
152
161
157
185
160
171
177
164
147
163
164
186
172
161
152
149
139
157
155
155
175
171
176
172
160
152
145
165
151
150
166
138
156
138
159
149
133
139
143
152
140
161
134
117
149
130
130
150
127
123
130
129
118
130
129
118
130
208
146
108
107
104
120
122
108
110
108
105
104
104
87
104
102
110
98
100
75
96
75
88
83
96
91
94
86
68
94
66
87
78
86
90
86
74
89
64
75
80
58
79
77
73
81
73
80
69
75
73
79
60
66
73
70
65
73
49
55
60
69
51
45
56
68
56
50
57
58
54
44
62
60
58
84
69
42
55
61
35
57
35
54
41
48
40
43
40
39
46
49
47
44
40
49
43
42
42
35
37
44
40
28
39
39
42
33
28
41
42
41
42
38
34
32
30
26
40
22
39
29
32
30
29
29
27
26
53
47
31
28
19
27
28
27
28
34
28
32
33
27
39
28
23
28
22
31
23
31
22
19
23
20
22
27
24
19
31
24
24
20
26
24
15
33
22
21
22
30
31
29
17
24
16
26
26
22
30
20
28
31
65
29
17
15
21
15
15
21
20
22
21
22
13
19
20
13
18
10
16
19
19
17
18
14
19
26
21
20
12
23
17
17
15
26
20
19
11
18
13
20
22
20
20
7
14
13
20
14
7
19
18
17
18
22
18
16
11
23
15
15
16
15
19
19
15
13
11
15
11
21
13
17
13
14
11
11
12
15
14
15
15
11
17
10
16
15
9
10
13
7
16
11
11
12
13
13
16
11
17
9
7
11
9
10
8
16
2
13
9
21
12
14
12
9
7
14
9
13
17
9
15
14
10
15
9
8
11
8
14
6
9
21
16
13
11
16
7
14
7
11
10
10
9
9
8
8
14
11
18
21
34
21
6
5
6
11
7
6
5
14
6
12
10
11
8
10
11
11
7
8
10
10
9
8
13
7
10
10
6
8
4
8
4
14
8
15
11
6
7
9
5
9
6
8
11
4
7
6
5
8
6
8
8
6
4
7
8
8
8
6
6
10
5
7
11
13
4
16
20
6
6
5
10
5
9
4
10
3
6
2
9
9
10
8
7
10
4
8
9
10
6
13
26
30
12
4
10
7
5
10
4
8
10
5
9
5
2
7
6
10
10
5
4
6
7
5
11
13
8
12
4
10
11
7
7
8
7
2
2
6
11
8
9
2
4
2
6
6
3
8
11
16
27
12
7
7
6
7
9
2
9
2
7
5
7
4
4
10
3
9
6
7
5
10
7
7
3
5
7
10
4
3
6
3
6
7
6
6
7
11
5
5
10
3
2
3
4
3
3
3
7
5
7
7
6
8
5
6
3
7
5
7
6
5
10
8
7
5
5
4
7
5
5
3
4
5
4
10
11
8
5
3
7
8
7
8
4
6
3
8
3
8
5
6
11
5
2
6
4
2
12
4
8
6
9
5
5
2
6
8
3
6
3
4
3
5
2
1
4
4
4
2
6
5
6
7
6
1
4
7
3
4
5
4
4
2
4
6
6
7
6
7
2
4
0
4
2
7
0
3
7
3
7
4
8
4
4
7
4
7
4
3
7
8
4
8
2
11
6
2
2
4
3
1
6
3
6
5
4
4
5
3
7
5
4
2
4
5
8
4
5
7
3
9
4
6
5
4
5
3
7
5
7
2
1
7
1
3
6
3
10
2
1
4
2
3
4
3
3
4
3
5
6
6
6
5
2
2
3
3
4
3
6
6
2
6
7
22
1
6
3
3
6
2
3
6
2
7
8
3
1
4
3
10
2
6
5
6
6
5
5
8
4
2
2
6
4
6
3
4
3
1
5
6
7
5
3
2
1
3
3
6
3
4
4
11
1
3
6
6
11
7
8
3
6
5
3
0
4
3
3
5
4
8
2
6
4
6
3
2
4
7
5
3
3
1
4
3
1
3
4
5
2
0
4
1
3
5
4
8
3
2
8
3
5
5
6
3
2
2
5
3
1
2
7
2
4
5
5
6
3
3
2
4
3
4
5
3
6
2
8
4
5
3
6
6
4
2
3
0
4
5
6
3
5
1
3
4
5
2
2
4
3
4
4
6
7
2
5
104
1810
