radiacao de fundo
0
0
0
0
0
0
0
0
0
0
0
0
0
0
0
179
135
88
68
108
125
90
103
84
71
58
94
86
98
78
79
84
71
77
80
61
285
98
76
126
98
79
90
82
79
72
68
77
76
83
64
72
79
80
88
91
88
105
87
104
96
116
120
116
122
118
110
130
128
125
124
113
118
137
137
144
144
154
127
145
144
183
156
136
156
147
156
161
179
133
158
152
148
154
173
158
154
184
160
169
171
166
159
183
182
160
169
147
189
169
181
133
164
147
160
176
189
163
162
155
171
170
151
164
163
163
154
152
165
173
150
148
139
131
147
159
144
142
128
129
128
130
125
116
139
128
151
120
142
132
129
122
130
131
131
124
119
127
109
115
117
306
148
116
119
109
112
124
124
109
117
95
107
92
110
98
94
91
101
83
80
85
81
110
98
129
91
84
76
84
71
94
81
85
71
80
73
66
68
69
74
63
74
76
81
93
69
81
80
68
61
54
59
59
55
58
65
55
81
62
76
59
66
63
66
61
52
57
51
59
53
61
49
54
60
53
74
81
57
62
53
41
51
41
43
38
44
39
46
29
49
44
32
34
38
36
39
46
35
38
34
44
40
40
44
42
42
43
47
38
41
33
36
34
34
33
37
38
31
41
36
36
38
26
29
32
29
33
32
60
54
24
26
35
24
32
27
23
29
26
37
18
30
33
22
32
24
23
29
23
21
34
22
26
23
26
17
20
22
22
37
25
35
21
25
26
18
26
22
26
28
26
20
23
24
23
24
15
27
23
17
25
17
64
35
25
24
30
19
20
16
15
15
20
30
15
29
21
16
26
20
28
14
26
16
19
17
14
15
19
17
11
26
13
8
18
16
20
8
15
17
15
15
18
15
21
13
14
18
13
13
16
22
21
17
15
23
19
11
18
17
11
19
7
15
15
19
14
16
14
12
12
19
14
21
15
17
12
18
11
9
15
13
12
20
18
11
21
12
12
12
9
14
15
9
13
10
21
18
8
9
14
11
13
19
13
8
12
11
9
16
4
14
11
10
16
19
10
13
14
9
9
20
12
8
15
11
9
12
15
11
14
16
4
11
7
15
8
14
9
7
11
4
9
11
11
7
11
9
13
7
13
20
20
28
13
9
10
6
9
9
9
13
12
7
8
7
8
11
7
7
12
14
8
6
3
8
7
10
13
6
11
10
8
5
7
4
5
5
16
8
6
8
9
8
7
11
5
14
8
6
10
6
12
10
10
8
3
10
8
9
3
5
11
9
7
8
4
4
15
14
22
10
8
10
13
4
8
7
9
7
9
4
8
11
7
9
13
10
4
10
4
12
9
13
44
37
9
10
7
7
6
12
6
9
2
5
7
9
4
4
7
6
10
3
5
10
10
9
9
7
9
5
8
8
4
5
4
11
7
2
5
6
7
10
6
12
5
2
5
4
6
4
10
20
18
15
8
8
6
3
11
9
7
5
8
4
4
5
7
9
7
6
8
3
9
8
0
3
6
5
7
5
10
5
5
8
3
5
10
4
5
4
8
6
5
5
7
7
6
11
2
4
7
6
9
8
5
3
6
4
9
7
6
4
6
9
9
6
6
4
4
3
6
6
6
6
4
7
6
7
6
6
4
8
3
5
5
4
3
5
6
4
5
10
4
5
1
4
2
6
8
5
7
2
4
8
10
6
6
5
8
8
7
4
5
8
6
5
7
4
2
8
3
6
4
7
4
2
5
8
3
2
6
6
5
4
2
7
6
4
3
8
8
3
4
4
8
6
6
4
0
5
3
4
1
6
9
7
4
3
2
9
5
3
5
1
9
5
7
5
4
5
3
4
1
4
3
1
5
8
7
1
6
4
3
3
3
7
3
8
6
7
5
9
6
7
5
7
2
2
2
6
5
3
1
3
5
1
4
3
5
6
1
3
3
1
2
4
5
3
5
4
1
6
1
5
4
2
2
6
4
12
5
4
1
3
6
9
8
18
14
4
5
4
5
3
5
3
9
5
9
3
5
4
2
2
7
5
6
4
5
4
6
2
4
4
4
2
4
4
6
1
3
4
1
2
3
1
2
5
6
4
2
4
4
0
4
5
3
4
6
3
7
6
5
4
2
8
5
0
4
2
5
4
3
3
1
1
1
4
1
5
2
3
1
7
7
7
4
5
5
6
4
3
5
3
4
3
3
3
4
5
2
1
2
4
6
5
3
4
1
1
6
7
4
2
3
2
2
5
2
9
3
1
3
8
3
2
4
4
2
1
3
3
1
6
2
9
0
5
8
4
2
2
1
3
2
0
7
3
3
3
1
4
3
2
0
0
5
2
3
41
1793
