radiacao de fundo
0
0
0
0
0
0
0
0
0
0
0
0
0
0
2
182
122
98
109
106
114
94
95
78
97
80
94
81
91
94
75
78
87
80
71
78
100
80
73
85
71
85
85
82
64
76
69
78
63
73
64
68
98
88
71
102
94
90
97
109
91
89
110
115
104
106
129
106
118
122
126
118
143
153
142
126
130
149
137
148
145
141
142
166
147
164
163
153
141
173
165
160
161
166
178
177
167
161
169
162
214
172
200
146
181
204
187
172
160
185
162
169
154
141
170
175
188
189
172
151
167
182
160
155
186
161
176
193
193
169
166
152
174
149
147
159
132
151
150
160
141
163
148
148
159
161
136
137
126
146
134
116
145
106
119
128
119
121
134
125
133
121
126
128
121
116
96
100
122
117
85
105
112
91
116
101
102
114
108
110
105
93
81
94
89
101
97
87
88
111
88
86
80
64
84
83
91
88
81
76
89
66
78
77
92
69
73
63
84
70
71
80
76
64
53
65
57
77
69
60
53
57
69
64
51
66
55
49
64
51
66
48
56
47
60
45
62
53
97
73
58
66
52
48
38
52
40
55
49
50
52
54
42
37
44
47
32
51
49
44
39
46
33
44
41
39
34
34
38
40
35
47
38
40
46
44
33
43
35
37
35
44
35
32
32
35
39
30
36
41
30
32
52
32
38
19
38
33
35
26
28
35
34
27
28
31
30
26
31
23
42
21
24
21
34
29
27
25
32
29
23
21
32
34
31
19
37
27
31
37
37
26
19
26
18
29
28
29
25
23
23
9
17
24
30
48
58
27
22
18
27
19
22
21
21
18
15
14
19
28
18
18
16
20
19
16
21
23
19
17
24
16
17
22
20
25
20
18
15
18
20
21
15
15
20
19
15
14
24
16
12
17
25
12
23
17
10
16
20
22
16
13
19
12
16
9
13
17
20
17
12
13
11
9
17
13
13
17
13
14
13
12
20
13
16
17
12
17
22
12
22
11
15
11
13
16
13
15
7
16
9
16
16
17
20
11
11
12
13
15
17
9
15
17
10
10
11
14
11
14
13
13
14
10
8
16
9
15
10
22
9
14
21
14
13
9
10
7
9
9
6
12
11
18
11
15
10
13
3
11
7
13
9
14
14
16
34
28
20
13
9
10
7
12
15
7
10
6
6
3
10
10
11
18
13
10
5
13
16
11
7
5
14
9
10
11
10
7
5
12
6
6
6
7
11
10
7
6
3
10
10
9
3
11
7
12
9
12
12
4
13
0
5
4
9
11
7
8
6
9
8
4
10
8
17
16
15
13
6
10
12
7
7
3
7
9
8
13
8
6
8
5
11
9
5
2
6
10
10
24
39
21
10
5
7
5
5
4
8
8
7
8
13
13
6
8
14
5
15
3
4
5
8
10
6
6
6
6
11
11
8
7
5
9
9
3
2
6
3
7
3
4
9
3
11
5
9
9
11
16
37
16
9
7
7
4
8
3
14
6
4
6
7
8
7
2
2
7
3
7
2
6
9
6
2
5
6
8
6
8
1
5
7
8
3
4
6
6
8
7
5
9
5
9
7
8
5
9
4
10
2
3
7
4
6
7
8
9
5
5
8
7
7
2
3
6
8
7
1
7
4
6
8
8
6
3
7
5
2
6
5
6
5
7
5
2
3
6
7
8
3
4
5
5
3
7
3
7
3
6
8
7
9
7
9
6
3
6
6
3
2
4
3
5
5
9
5
4
4
7
7
5
9
4
5
5
9
5
6
10
8
4
4
3
3
4
3
7
3
4
0
4
1
8
5
5
6
3
4
9
8
5
2
7
5
7
5
3
5
3
7
6
5
0
7
3
5
5
2
6
5
0
4
2
4
5
6
2
4
6
3
3
4
2
3
5
2
2
2
2
7
4
9
3
3
3
7
5
6
5
8
12
5
5
5
4
5
5
2
4
8
6
4
5
4
0
2
6
5
6
5
2
4
9
3
5
5
4
5
3
2
2
6
5
1
7
9
10
10
6
5
2
7
4
4
2
2
5
4
3
4
3
7
2
3
3
8
3
7
7
4
6
5
5
5
6
2
3
3
2
2
4
5
7
3
5
5
2
3
4
4
5
4
2
4
7
8
6
6
2
7
9
7
0
5
5
2
6
5
3
5
5
9
0
5
5
7
1
3
5
4
6
0
6
6
3
2
2
2
0
2
1
4
6
3
2
2
3
5
3
2
3
5
7
7
4
6
5
6
2
3
3
5
2
3
5
3
4
2
2
1
6
6
6
5
3
5
5
4
7
2
6
6
3
4
3
2
1
3
1
5
3
5
4
1
0
5
4
3
3
3
5
0
1931
