radiacao de fundo
0
0
0
0
0
0
0
0
0
0
0
0
2
2
2
188
155
114
113
111
110
114
98
83
68
89
105
88
86
96
108
100
79
79
69
77
112
78
84
87
95
76
83
69
88
81
71
75
68
99
81
77
79
90
95
105
106
91
115
98
110
111
114
120
106
112
116
124
120
130
112
133
158
138
140
133
155
152
153
145
137
153
165
168
151
169
163
155
164
176
185
168
177
169
171
205
172
165
173
182
180
170
191
167
202
173
191
212
218
169
200
217
208
187
223
191
232
193
213
200
197
159
170
175
188
178
171
173
161
154
149
131
141
153
169
142
184
154
163
136
142
154
134
162
138
143
133
150
133
137
136
128
143
135
123
111
117
146
113
117
130
169
144
140
95
109
115
103
108
102
115
123
103
101
104
93
111
96
94
84
84
106
107
97
73
89
101
105
89
79
95
82
101
80
90
80
73
59
90
69
75
79
84
78
73
73
69
83
75
72
66
74
75
56
63
67
62
58
67
66
69
60
66
66
57
59
57
54
66
56
60
74
48
58
62
57
74
88
60
68
62
47
52
60
35
43
54
47
58
51
44
53
37
42
29
54
45
50
41
38
44
36
32
39
36
41
42
36
48
38
39
48
40
36
38
38
30
30
28
30
49
37
34
31
33
37
28
31
30
46
65
30
43
27
42
31
32
28
31
33
26
32
47
32
22
34
26
32
29
26
30
32
31
30
22
26
27
25
30
22
30
35
25
23
23
27
17
17
29
27
26
36
21
27
25
28
28
18
26
21
19
26
34
62
25
28
26
27
20
26
17
14
21
22
21
13
18
23
20
17
20
21
22
26
17
16
28
19
27
22
18
20
16
16
17
20
20
16
16
20
20
15
25
24
16
13
24
15
19
12
17
13
12
12
13
22
17
18
17
14
11
10
23
13
17
13
15
17
14
14
18
8
14
16
15
10
13
11
20
18
10
17
11
20
12
18
16
8
9
15
15
14
15
11
15
13
12
12
6
9
14
12
8
12
12
7
12
14
14
18
15
14
10
10
11
5
11
7
10
13
12
12
6
9
6
5
10
14
10
10
14
20
11
6
10
8
11
13
14
7
10
15
14
10
10
11
12
9
11
13
18
16
23
28
17
15
14
12
12
17
8
9
10
8
12
6
11
15
7
13
9
7
8
9
6
10
3
8
14
8
10
7
12
10
8
13
10
6
12
14
12
5
6
11
9
11
7
7
7
11
4
11
4
12
15
5
10
10
12
6
8
9
12
7
7
4
5
10
9
14
6
14
10
11
10
10
14
9
8
8
11
14
8
5
10
11
12
9
5
16
10
5
7
8
12
27
37
14
11
9
8
14
10
7
8
4
5
9
5
6
3
8
7
6
4
3
5
4
2
7
11
4
5
8
8
8
6
5
7
6
4
7
7
7
8
7
6
7
7
3
10
9
1
14
9
27
15
8
6
4
10
12
5
8
4
8
11
8
9
6
6
9
7
5
6
7
6
5
10
8
7
6
7
3
7
9
8
3
3
12
7
7
4
4
5
5
6
2
2
7
8
5
11
5
4
6
3
4
11
7
5
4
7
6
6
6
7
2
4
13
5
5
10
7
4
2
8
4
5
3
5
8
9
8
6
9
6
4
5
10
9
4
5
1
5
7
4
8
3
8
6
7
5
8
2
4
5
8
4
8
5
6
4
8
8
5
5
5
1
6
3
5
2
3
1
6
4
4
5
5
6
5
11
3
4
9
4
4
6
4
5
5
4
6
5
2
5
3
3
6
4
4
3
9
1
4
5
6
4
3
2
7
5
9
6
6
4
1
3
7
9
6
4
5
3
4
10
3
3
3
5
4
4
2
6
1
2
6
7
7
4
9
4
6
3
2
2
3
6
5
5
3
2
4
4
1
2
2
3
0
4
3
1
4
3
2
6
4
3
2
1
9
4
4
1
5
5
5
3
5
8
6
5
7
6
4
5
3
8
4
15
7
8
4
3
6
4
5
5
3
7
4
4
3
2
4
4
4
4
1
10
6
2
4
6
5
1
6
5
2
7
6
1
2
4
4
8
1
3
3
3
4
3
4
6
5
2
5
3
7
7
5
6
6
9
11
12
1
4
2
1
2
3
5
4
4
2
6
6
6
2
4
3
6
2
5
3
2
5
5
4
4
7
5
1
4
4
4
7
3
7
5
2
4
3
3
3
2
1
7
1
6
2
2
5
6
4
1
2
6
1
2
3
0
5
5
4
4
5
7
2
1
4
3
1
4
1
4
0
3
5
5
8
4
4
2
4
2
5
2
4
1
2
1
4
1
3
4
5
6
4
1
3
1936
