radiacao de fundo
0
0
0
0
0
0
0
0
0
0
0
1
0
0
2
194
119
79
99
93
102
109
96
90
77
84
98
159
101
101
107
91
108
83
93
97
1022
317
96
239
186
86
79
74
89
79
74
62
84
66
74
75
79
62
94
70
97
90
104
90
104
120
114
111
129
106
107
136
135
122
124
123
114
139
159
136
149
139
149
139
151
158
141
162
160
147
160
149
152
147
180
152
155
158
142
169
171
153
155
147
162
197
183
183
171
178
168
168
168
155
182
173
178
179
172
171
159
176
186
154
170
155
153
153
175
164
179
180
155
164
143
137
148
149
136
139
136
131
150
138
147
157
140
150
148
127
158
106
134
129
138
121
102
113
115
121
113
143
140
133
119
102
665
756
114
133
112
89
126
128
116
107
91
108
93
96
110
104
107
104
96
83
89
72
97
95
147
121
80
107
93
79
83
93
85
73
77
72
80
74
86
84
76
80
68
80
84
73
93
72
53
71
61
72
70
68
59
68
59
69
76
57
67
56
55
63
59
54
61
68
59
59
46
43
38
48
50
55
98
71
58
55
60
50
50
41
56
46
49
53
42
57
45
45
49
56
41
42
52
29
49
27
60
39
46
37
43
49
29
41
29
36
36
33
33
36
38
38
28
25
36
38
31
31
35
28
29
33
33
27
36
40
52
31
31
34
35
30
34
32
34
41
18
37
22
31
18
21
27
29
25
29
28
22
33
28
29
28
21
24
33
27
21
23
25
26
19
25
36
28
25
30
28
36
25
31
17
25
15
18
22
34
15
18
21
36
55
22
25
27
27
17
17
23
24
22
14
8
16
19
20
20
27
15
14
16
17
23
20
22
13
11
14
17
14
23
15
18
23
17
22
22
25
18
21
17
24
20
22
17
11
15
14
13
12
14
11
17
21
11
15
13
20
22
16
14
15
11
12
16
16
7
16
16
18
21
10
13
16
23
16
16
10
14
17
16
10
18
15
16
17
16
14
11
7
14
11
12
13
13
13
11
11
12
11
12
20
10
10
16
10
11
15
11
13
12
12
13
12
11
16
13
10
14
9
10
16
9
9
12
9
14
3
15
14
12
14
11
11
13
10
12
6
9
6
8
11
9
4
13
9
10
9
7
13
14
22
34
21
13
10
8
8
10
6
9
13
6
8
7
6
6
9
9
10
12
7
13
8
10
6
9
12
8
11
7
7
11
9
11
10
10
10
8
5
9
4
12
5
7
10
7
6
7
5
1
7
6
6
11
5
9
14
7
5
10
6
7
6
11
13
9
8
7
10
24
17
12
9
9
10
11
10
12
10
7
6
4
6
9
11
5
6
11
8
4
10
8
8
14
36
30
8
14
8
5
9
8
6
3
5
4
5
9
11
8
5
8
4
6
8
9
3
8
8
7
9
7
7
4
6
9
7
5
8
8
6
5
6
5
9
6
3
9
8
7
10
6
8
12
19
7
4
5
6
11
4
6
7
6
4
6
9
5
5
8
2
5
6
5
4
4
13
7
7
4
3
6
7
2
2
8
3
5
6
4
5
4
8
13
4
4
4
6
3
2
6
3
6
3
8
8
2
5
5
6
6
8
3
5
8
6
8
6
8
4
5
4
4
8
7
6
7
7
6
3
0
5
6
5
9
4
4
0
4
6
4
4
6
8
8
3
3
4
5
4
6
7
3
5
9
8
7
2
10
8
6
10
6
4
3
7
1
3
6
2
7
2
6
4
4
9
8
2
3
9
6
0
4
4
3
4
8
4
1
6
3
3
3
3
0
6
0
4
2
4
5
5
6
6
2
2
4
8
4
6
6
4
5
4
5
3
3
4
4
4
9
3
6
5
5
5
3
2
4
3
4
7
7
4
3
3
2
3
4
3
2
8
12
4
6
5
7
4
3
2
11
4
6
2
6
1
2
3
7
1
4
3
5
0
9
4
3
7
6
2
3
1
1
6
5
3
6
6
5
4
1
2
4
12
9
5
5
1
3
8
7
14
11
8
7
5
9
6
2
4
2
3
5
5
5
6
4
2
4
2
5
6
7
2
10
4
3
7
5
2
8
3
3
2
3
1
8
3
6
9
6
4
7
3
4
5
5
3
4
3
5
6
5
7
7
6
4
6
3
6
2
4
5
3
2
3
3
7
3
6
3
2
3
2
5
5
1
0
1
3
5
4
6
5
3
5
3
3
4
4
8
6
4
6
1
3
1
3
5
6
2
1
4
1
6
3
3
3
4
2
4
6
3
4
7
4
3
4
1
3
2
3
2
4
3
5
4
1
4
3
4
3
2
4
2
5
2
4
4
5
3
2
1
3
5
1
1
1842
