radiacao de fundo
0
0
0
0
0
0
0
0
0
0
0
0
2
2
0
229
122
90
104
114
138
115
108
110
76
88
127
247
113
95
136
91
76
78
111
135
2263
581
102
399
369
81
88
78
98
84
85
78
81
86
78
73
84
108
95
100
97
107
80
106
122
89
104
127
116
125
129
105
130
132
107
148
108
141
137
133
151
145
155
139
143
124
152
146
151
145
141
161
167
178
173
157
174
140
138
167
172
185
131
158
184
177
179
170
177
165
212
155
183
176
202
195
154
158
175
178
191
173
167
170
156
176
168
159
175
150
161
147
168
150
131
162
181
145
145
153
145
165
146
147
159
131
154
149
165
150
130
135
129
123
126
135
137
122
137
119
144
111
110
112
116
114
1424
1370
115
101
107
111
109
104
123
101
101
105
100
88
107
106
96
90
95
107
99
100
92
111
246
140
109
130
97
82
87
79
65
80
75
77
70
70
72
78
65
76
76
68
69
49
63
61
80
74
77
61
68
50
58
63
57
83
63
56
49
47
61
64
48
65
65
52
59
50
56
58
65
45
45
51
101
68
46
61
55
48
56
37
48
49
57
48
30
39
39
44
42
45
45
45
40
47
34
37
36
40
43
39
46
37
51
41
49
34
36
41
37
34
33
37
30
40
33
35
30
25
30
41
40
26
33
34
31
41
56
37
23
22
29
36
22
21
18
32
19
28
30
29
25
30
24
24
36
21
28
24
27
22
28
25
26
24
25
22
34
36
31
28
20
20
26
19
28
25
28
32
25
27
24
26
17
22
21
21
20
22
19
35
41
19
20
18
14
18
10
22
20
20
14
21
15
19
17
22
20
19
28
22
15
18
21
27
20
15
11
23
16
14
27
23
17
16
11
22
10
22
16
25
19
22
15
19
28
15
20
12
16
13
13
10
18
15
22
27
15
19
9
13
18
11
19
14
15
8
9
19
13
19
15
10
20
17
11
13
9
12
12
19
14
16
18
12
12
13
11
19
14
12
12
10
13
11
15
11
9
6
14
10
12
15
13
12
16
18
16
17
13
7
8
14
12
14
15
14
11
16
11
13
12
15
4
13
7
9
9
11
11
8
12
13
9
11
10
16
8
11
11
12
8
10
4
11
9
7
7
9
13
12
32
62
30
16
10
13
11
12
7
11
10
12
9
9
13
11
14
13
10
10
12
9
16
13
7
10
14
9
3
6
5
7
7
3
13
8
8
8
10
12
9
12
13
12
9
11
9
4
14
6
10
9
13
8
13
9
6
10
12
2
8
5
6
8
5
8
2
5
12
26
26
13
10
9
15
12
8
6
5
4
15
7
9
8
7
5
4
8
12
8
4
8
7
10
30
33
11
2
4
8
12
16
6
1
6
8
9
4
3
8
7
9
4
5
7
8
8
6
9
4
8
5
2
4
4
9
8
4
4
7
5
7
4
4
6
7
6
12
7
7
10
6
3
12
25
11
8
6
9
8
9
8
5
7
9
11
3
5
7
7
11
4
10
7
7
5
4
4
8
8
5
5
10
7
6
6
0
2
14
4
6
6
6
8
9
2
7
6
10
7
7
2
5
7
7
7
5
6
6
6
3
4
5
4
5
1
2
14
6
7
7
6
4
8
6
6
1
6
4
6
5
4
10
10
6
4
7
6
5
5
3
3
5
8
7
1
1
9
2
5
1
5
5
7
7
10
6
4
3
1
9
5
2
4
2
10
3
6
2
4
4
5
3
3
4
4
2
4
4
2
4
6
3
3
8
8
1
2
11
4
7
4
2
5
9
2
4
5
5
4
4
1
5
5
8
1
8
5
5
8
4
5
2
6
5
2
8
8
4
1
5
5
3
5
6
3
5
6
3
4
5
5
8
3
2
1
0
5
5
6
5
3
4
5
6
6
1
4
4
4
3
2
1
1
2
4
2
4
3
4
2
4
4
3
7
4
2
2
4
2
3
4
2
4
6
3
3
5
4
6
5
6
2
5
5
8
4
5
2
6
7
13
9
8
4
4
9
2
3
5
2
4
7
3
6
1
3
7
10
2
3
8
2
4
3
2
5
4
5
6
3
1
0
1
9
1
3
2
3
4
3
3
2
3
4
3
1
2
3
3
6
6
5
0
4
7
7
6
4
2
7
4
3
2
4
3
9
8
6
2
4
3
3
9
4
4
2
3
2
2
2
7
3
1
3
3
4
3
6
3
3
2
3
1
4
2
3
2
7
1
0
6
5
3
4
6
4
2
2
5
3
5
4
3
2
2
2
4
5
3
1
2
5
5
3
3
2
3
5
4
2
2
2
5
3
6
3
2
3
0
1
2
2
7
5
2
1
3
