radiacao de fundo
0
0
0
0
0
0
0
0
0
0
0
0
1
0
4
208
132
72
118
90
130
119
112
91
83
83
120
179
110
94
120
102
77
86
78
103
1340
347
79
280
245
80
97
92
86
63
77
67
70
62
59
88
84
90
100
82
93
84
81
106
96
102
94
138
112
120
115
138
113
132
135
126
129
135
131
127
131
151
128
121
134
147
124
175
148
148
163
157
139
173
150
153
162
171
144
160
156
174
161
142
178
181
170
183
160
159
178
159
169
136
184
180
171
175
166
173
160
168
188
176
177
183
153
175
160
153
168
160
157
167
145
140
165
118
129
159
157
149
139
190
150
133
150
132
136
128
138
139
142
120
155
153
129
121
132
135
147
112
144
136
116
128
881
941
101
102
118
110
116
115
117
102
138
125
108
92
96
105
98
100
94
109
94
93
104
95
202
114
99
107
108
84
79
91
81
76
89
65
67
72
75
73
71
78
77
68
59
74
69
70
61
62
70
71
69
53
66
80
87
57
69
47
57
52
53
65
47
62
57
56
51
54
48
69
57
57
70
60
112
77
59
48
49
65
49
41
42
45
52
47
45
42
47
31
45
38
43
49
34
47
40
39
45
42
57
37
37
33
39
39
39
33
41
43
32
24
42
26
34
40
48
34
30
42
26
38
28
36
28
20
37
31
56
39
34
36
37
27
30
23
31
45
34
32
35
38
23
30
22
36
24
33
20
33
22
33
27
24
21
28
35
24
19
20
22
31
24
17
24
23
18
28
22
37
24
26
31
22
14
25
22
25
15
22
30
42
64
11
17
18
19
28
14
15
19
11
18
21
22
17
17
25
15
20
17
21
19
19
17
9
20
24
11
19
21
11
17
21
21
13
30
19
18
22
21
17
18
15
20
19
16
8
11
16
14
13
9
11
16
20
15
14
10
17
16
17
13
10
12
13
11
19
17
9
13
15
15
16
12
11
10
17
8
12
13
15
10
15
15
14
17
11
11
11
12
14
13
6
12
13
15
10
9
12
12
10
12
18
17
9
13
8
12
10
9
13
10
18
11
9
16
17
17
8
9
14
12
12
14
8
10
12
13
7
7
8
4
8
14
11
11
12
13
7
17
6
14
7
4
12
8
8
11
11
9
22
29
48
32
17
16
18
4
12
12
10
8
14
10
9
7
10
3
14
14
9
13
13
8
11
10
9
8
6
13
4
5
17
9
9
10
6
6
6
3
6
9
6
5
10
8
4
10
9
10
8
7
11
8
9
7
14
7
13
8
7
10
6
6
10
11
12
18
14
11
9
20
14
6
8
8
8
4
5
7
6
6
5
8
4
8
5
7
3
10
6
11
7
10
13
31
35
11
11
10
3
7
2
8
7
4
6
9
5
5
6
8
7
4
3
5
13
3
4
4
7
6
4
9
5
6
2
6
5
4
9
5
6
4
4
5
11
7
9
11
7
8
7
11
13
24
22
6
8
5
4
4
7
5
6
4
9
3
4
6
5
6
4
7
3
8
8
10
8
6
3
3
6
5
7
6
5
12
4
2
7
7
4
4
6
10
6
4
6
10
7
5
9
7
6
4
2
6
5
7
5
8
10
5
2
6
3
6
8
5
8
8
3
11
4
9
5
5
7
3
9
3
6
4
4
5
5
1
5
6
4
8
3
6
4
1
5
6
9
4
6
5
8
10
8
2
5
9
5
8
6
9
5
1
4
2
7
2
6
11
4
7
6
6
11
5
5
3
5
6
6
3
4
1
5
7
2
3
4
6
3
5
12
5
5
1
6
6
5
3
2
7
4
4
7
4
7
3
4
2
3
5
7
5
5
0
7
5
5
8
3
7
5
7
3
7
6
3
6
7
5
6
5
2
2
1
6
8
6
3
9
4
7
5
10
6
5
4
5
2
3
9
5
3
4
6
5
6
2
3
12
2
4
8
3
1
5
8
2
4
3
2
3
5
3
4
6
3
2
7
3
2
6
6
6
4
5
2
7
4
4
4
12
9
2
4
2
2
3
5
6
1
1
10
2
3
1
2
7
9
6
6
5
4
6
8
3
6
2
1
2
4
3
9
5
6
3
7
3
4
5
4
4
3
3
2
3
4
2
4
5
1
4
3
8
6
0
11
11
6
5
5
2
4
7
3
8
4
2
6
4
4
0
6
4
2
3
5
2
3
3
5
4
2
2
5
2
10
0
5
2
3
3
2
4
4
4
5
7
7
4
2
4
3
2
4
3
4
3
8
2
3
3
2
5
3
3
5
5
2
4
4
5
5
3
2
1
7
1
1
2
1
2
8
6
5
6
3
2
3
5
4
2
2
2
6
3
3
592
