radiacao de fundo
0
0
0
0
0
0
0
0
0
0
0
0
0
0
1
200
142
84
80
117
127
117
105
81
83
74
104
126
92
76
88
93
71
82
76
80
595
235
71
152
157
65
84
99
76
72
66
76
69
82
80
65
74
74
90
95
87
102
94
96
120
102
98
100
115
106
119
93
144
127
131
127
123
132
137
121
140
141
153
137
144
127
149
142
155
187
172
155
162
159
158
155
159
150
159
178
161
177
181
153
175
150
165
156
173
165
171
171
179
194
148
194
144
165
200
152
156
173
151
162
161
151
170
151
156
152
162
161
164
178
160
140
148
143
158
130
138
129
156
125
143
161
140
139
143
123
155
110
135
142
121
132
112
147
115
128
130
115
145
116
125
136
353
519
113
116
103
108
127
104
106
96
101
99
105
93
91
102
102
88
93
103
94
91
87
89
128
110
91
105
92
78
88
78
73
83
80
91
92
90
67
75
83
76
70
57
88
69
83
65
56
79
66
60
87
66
57
73
68
63
59
75
69
69
74
68
51
57
53
62
48
72
46
51
49
45
59
50
88
78
49
55
57
40
60
50
51
56
46
42
53
45
44
46
54
42
40
38
45
43
38
43
41
34
39
45
31
43
46
41
44
34
36
34
34
37
39
40
38
45
32
32
27
34
37
30
30
37
31
42
32
34
48
37
31
34
32
37
33
29
35
28
34
28
23
33
28
24
24
22
33
23
28
24
26
22
25
29
36
17
23
26
23
20
27
22
22
23
25
18
19
26
40
33
33
23
26
25
22
15
17
20
19
26
24
33
61
32
23
25
22
26
23
22
24
10
17
17
19
22
19
18
21
23
11
15
21
16
18
13
16
14
18
12
22
20
21
20
10
18
15
19
11
19
13
15
17
18
11
14
14
17
16
17
21
11
18
16
15
25
16
14
17
23
11
14
13
17
14
19
8
13
9
11
9
22
16
13
15
12
10
17
17
14
10
11
23
19
12
16
17
7
12
14
19
11
21
14
13
12
18
17
17
12
10
11
7
11
10
17
9
9
7
13
9
14
17
14
12
11
8
9
18
12
8
9
10
15
14
10
12
11
9
11
15
7
8
12
9
13
5
14
9
10
8
14
13
8
5
8
8
10
9
12
20
17
16
28
21
21
5
10
13
8
7
8
10
9
7
5
11
6
13
9
11
7
8
10
6
8
10
7
9
6
10
13
7
4
8
7
5
11
3
14
10
9
11
9
8
9
11
10
9
10
12
2
8
9
7
12
9
7
13
12
8
6
8
9
13
11
13
12
5
14
13
17
29
12
9
8
6
7
3
4
8
6
6
8
4
18
11
10
10
5
5
9
6
8
6
12
31
50
15
8
12
5
4
6
14
8
7
7
4
10
4
7
5
10
11
7
3
6
4
6
11
4
8
3
2
3
3
4
11
8
7
6
1
8
8
9
5
8
6
6
3
5
4
11
9
13
21
24
5
4
1
7
5
9
8
9
4
7
11
8
4
10
6
8
0
9
8
7
6
6
7
11
6
5
3
4
6
3
8
4
7
8
6
1
10
9
3
10
5
4
9
6
4
4
5
9
4
4
5
7
5
9
4
5
9
7
4
4
10
5
6
7
4
6
5
6
6
3
7
3
4
4
4
5
7
2
6
4
3
5
6
5
11
6
5
5
7
3
7
6
3
5
7
5
4
3
7
9
7
6
3
3
5
3
5
5
4
6
4
2
8
9
4
6
7
4
6
4
3
4
8
3
5
5
4
3
2
1
4
3
5
9
7
4
6
4
4
5
4
5
6
2
4
5
7
6
6
4
4
4
5
7
8
8
6
7
10
5
4
4
5
6
4
5
6
2
6
4
4
2
3
2
5
2
11
6
5
4
7
4
2
7
4
2
3
4
9
7
3
3
7
7
5
5
3
3
1
6
6
1
1
3
5
2
2
4
4
2
2
3
1
2
2
7
5
4
8
5
6
9
9
4
9
4
2
3
4
6
5
5
4
3
7
11
14
8
8
7
3
3
9
2
5
2
3
3
7
1
5
3
10
2
3
4
6
6
6
3
3
2
7
2
3
3
6
2
7
2
4
5
2
5
4
2
2
4
2
3
5
5
3
10
2
3
4
8
6
1
7
6
4
7
5
2
1
4
5
4
7
3
6
2
5
7
1
3
3
1
6
5
5
3
3
5
3
7
2
1
5
8
5
5
6
6
3
2
3
4
5
4
3
2
7
3
4
3
5
3
2
4
3
5
3
1
3
4
4
1
4
3
2
4
9
3
1
5
3
2
1
4
1
5
3
5
5
2
4
5
1
1
2
1
0
2
4
3
1
2
4
1953
