radiacao de fundo
0
0
0
0
0
0
0
0
0
0
0
0
1
0
4
201
134
68
89
102
110
106
103
83
70
70
85
90
87
81
98
65
82
69
53
67
204
108
65
106
74
82
71
62
71
76
77
86
80
74
64
85
90
72
83
84
94
104
95
95
106
105
104
96
118
115
113
132
121
101
94
139
119
129
137
141
146
162
132
167
137
153
161
156
165
156
146
163
143
167
156
173
150
201
157
150
193
172
176
170
159
148
180
150
148
181
172
185
187
162
177
159
176
172
161
167
147
159
186
152
152
156
181
152
159
169
178
172
152
185
160
157
169
171
151
152
159
138
146
149
142
143
163
160
145
112
158
143
133
121
130
137
124
173
126
147
137
141
126
113
114
215
154
120
114
90
96
122
107
104
100
101
90
99
108
98
92
69
90
93
77
88
93
88
91
115
96
102
107
92
97
88
77
83
76
68
90
76
85
78
93
84
83
57
71
71
84
73
70
80
83
76
69
60
61
64
62
53
62
75
67
61
73
52
54
54
61
57
54
51
47
46
55
49
64
38
86
87
60
61
50
45
49
41
53
46
38
41
40
52
38
50
44
43
45
44
39
46
39
28
36
43
49
43
41
40
46
38
38
25
41
43
48
26
35
39
50
37
41
33
44
32
41
35
36
26
23
35
28
40
55
37
36
29
36
34
27
23
30
25
20
19
35
36
26
27
22
26
20
21
31
35
17
31
22
26
28
27
31
23
27
27
24
22
31
17
28
16
24
24
31
16
17
16
20
32
15
17
20
31
20
22
27
55
30
24
11
16
21
14
25
26
14
29
22
14
16
16
19
27
19
22
19
22
14
21
20
12
18
15
22
22
14
12
17
18
22
12
16
18
8
12
17
13
17
13
10
13
22
22
17
21
19
18
17
13
15
16
16
21
12
14
15
9
12
19
13
8
10
18
10
15
13
11
11
16
13
17
14
11
9
13
12
17
12
13
13
16
11
14
11
17
15
13
13
17
10
11
12
9
10
12
12
3
17
10
14
13
14
18
9
16
14
8
8
16
7
19
17
8
13
8
14
18
7
8
11
12
6
11
8
9
13
7
10
13
6
19
7
11
14
14
7
9
10
11
13
11
6
10
9
19
26
26
19
20
11
7
16
10
1
5
10
10
13
10
6
5
6
13
9
15
8
13
11
10
7
12
8
5
12
7
6
8
11
10
7
12
7
16
3
10
8
7
11
6
5
6
14
8
8
8
6
4
7
11
13
10
9
9
8
12
6
12
10
8
8
7
10
7
17
25
10
7
14
5
9
4
7
3
8
4
3
15
9
5
4
13
5
9
7
2
4
18
14
26
37
12
3
6
10
8
7
2
8
9
8
3
9
6
3
3
7
6
5
8
6
11
4
5
5
6
7
6
6
5
6
2
5
4
3
4
6
7
7
6
6
5
11
10
6
7
8
8
16
26
12
5
6
9
3
5
8
4
7
5
5
9
3
8
8
7
1
8
9
8
4
2
1
6
2
3
8
9
10
10
6
7
9
7
6
5
10
7
4
2
8
2
5
3
6
4
6
4
7
4
9
5
6
5
5
6
3
6
5
5
5
6
8
10
5
2
4
5
5
8
5
5
5
5
6
5
6
4
3
4
4
9
2
3
4
5
4
2
4
6
6
1
4
5
4
9
6
4
5
9
12
9
5
2
6
5
7
3
2
4
10
2
1
7
5
7
6
10
3
9
4
6
6
5
3
7
4
6
1
4
6
4
2
3
2
9
3
0
3
5
6
5
4
6
6
9
3
7
4
3
6
3
5
6
5
5
1
3
4
6
7
5
8
5
3
4
4
5
6
5
6
3
2
5
3
4
3
6
3
5
7
3
6
7
9
6
11
6
6
5
4
2
5
7
2
2
6
6
2
2
5
9
5
1
4
5
4
6
4
5
4
5
2
3
2
4
5
2
5
8
5
4
7
4
1
4
2
3
4
5
4
4
4
9
13
9
7
4
3
3
1
7
2
2
3
2
3
4
3
4
4
5
2
3
5
8
3
6
3
4
4
0
5
4
7
5
1
2
6
4
8
3
3
6
1
3
5
3
6
1
7
4
2
4
5
7
4
7
10
8
7
6
4
4
8
4
4
1
4
4
7
3
1
2
5
4
5
4
5
5
2
6
5
1
2
3
4
3
3
9
3
5
1
5
4
5
5
1
4
3
1
1
2
3
4
2
2
3
4
8
3
6
4
7
2
4
1
3
8
4
6
1
3
2
2
4
4
7
3
6
3
1
5
4
5
4
3
2
4
5
3
4
1
2
3
3
7
4
2
3
4
5
3
5
2
4
404
1420
