radiacao de fundo
0
0
0
0
0
0
0
0
0
0
0
1
0
0
0
182
124
79
94
111
116
122
94
79
83
91
87
110
99
95
102
90
73
58
64
86
546
87
68
164
106
69
87
77
89
69
77
69
84
71
78
76
75
70
79
90
79
92
100
92
98
109
100
104
108
114
118
122
139
114
125
115
114
135
127
144
148
131
154
153
147
160
144
139
164
163
138
160
160
150
164
166
169
181
164
165
200
144
156
165
172
178
154
169
167
169
185
158
167
180
167
165
145
169
182
159
167
180
183
165
148
177
169
156
164
169
162
174
182
140
156
165
156
158
118
152
172
136
162
154
133
142
147
149
118
158
149
135
131
133
149
131
133
139
152
137
135
112
114
119
99
457
252
101
124
129
108
106
98
121
97
100
109
101
86
109
89
120
95
101
85
106
98
118
91
139
108
107
107
90
90
77
87
88
85
94
68
81
76
87
72
76
72
77
67
77
81
79
64
78
72
75
73
53
63
69
83
66
76
61
80
67
66
51
53
57
68
50
53
45
62
51
63
50
55
65
86
88
44
60
71
57
60
50
45
41
33
54
62
53
43
47
46
38
48
31
44
44
36
47
27
47
44
41
41
37
37
32
39
32
41
33
45
31
31
42
42
37
42
35
31
35
39
40
36
43
33
29
24
40
54
29
29
30
25
43
21
28
36
33
34
26
29
30
24
20
30
20
25
22
29
28
28
17
25
16
18
29
34
26
30
27
28
37
26
30
25
25
28
15
36
32
20
28
19
21
25
23
16
21
25
18
22
57
33
22
25
16
27
24
17
18
15
10
15
22
21
12
24
20
20
18
19
11
21
11
15
22
16
20
25
23
18
16
13
19
16
16
15
14
17
17
14
19
20
6
14
21
19
16
14
20
17
23
13
14
22
17
13
11
18
17
12
9
14
16
13
13
9
20
11
13
14
17
16
14
9
14
13
13
15
20
13
14
7
14
11
13
19
15
12
13
16
12
15
12
11
10
21
16
10
20
13
6
18
10
10
13
11
17
13
11
7
14
14
8
12
21
7
10
9
8
5
11
12
10
9
7
13
11
11
5
15
8
9
11
10
13
11
12
12
15
21
5
7
9
11
7
12
8
16
14
21
32
26
13
14
12
12
10
7
5
10
8
4
6
13
11
7
13
9
11
8
12
6
10
10
8
15
8
9
8
9
1
7
6
9
9
7
3
13
7
5
8
6
8
7
10
7
9
9
10
4
11
4
9
6
11
8
7
5
10
11
7
5
13
10
12
7
7
12
15
19
9
7
6
11
11
7
11
8
9
8
11
10
8
12
10
12
3
6
13
18
7
13
31
54
14
14
4
6
10
9
3
5
9
7
11
3
8
7
13
12
10
7
9
9
3
7
9
6
8
8
9
11
6
6
6
3
3
4
6
8
5
11
9
8
3
4
5
4
5
10
11
15
15
13
12
6
8
5
6
2
7
10
4
5
5
5
2
9
4
6
1
4
4
3
9
7
8
2
13
4
4
7
3
4
4
5
7
5
2
6
5
5
5
9
2
6
3
9
6
4
6
8
4
6
10
5
5
9
5
8
4
6
13
7
10
8
10
6
4
4
6
5
6
5
3
7
6
5
3
6
5
4
7
1
7
8
9
5
5
4
4
3
6
5
3
5
3
5
1
3
3
4
11
10
7
5
3
1
5
3
5
4
5
6
6
1
3
8
4
8
4
5
5
2
2
2
7
0
9
11
3
5
4
4
3
5
3
7
5
10
2
1
4
4
5
0
6
6
8
7
5
3
5
7
7
5
6
4
6
5
6
6
7
3
3
6
0
5
4
5
7
5
4
4
7
7
4
3
10
6
8
2
5
6
3
7
5
4
5
6
17
3
7
2
9
6
4
4
5
9
7
6
1
3
7
5
4
6
5
3
8
4
1
2
3
7
5
1
4
6
4
5
4
3
7
3
3
4
1
2
4
2
5
2
3
4
7
15
8
1
6
7
2
5
1
4
2
3
4
3
4
2
2
4
2
5
2
4
4
4
8
4
1
6
3
4
3
6
1
5
7
6
4
6
7
5
3
6
6
2
0
3
2
7
2
2
5
6
3
5
9
7
9
10
2
7
2
7
5
3
1
5
4
2
5
4
6
1
2
8
2
4
2
7
3
1
4
3
5
0
4
2
1
5
2
5
9
3
3
2
5
3
4
2
1
4
6
2
2
1
6
5
8
2
4
3
7
1
3
2
2
1
2
4
2
1
2
3
1
5
3
3
7
5
4
1
3
1
7
5
3
1
3
4
3
2
1
6
1
4
3
3
1
1
3
2
6
3
3
6
1895
