radiacao de fundo
0
0
0
0
0
0
0
0
0
0
0
0
0
1
0
176
125
70
92
94
120
92
94
63
82
81
74
91
87
98
96
75
65
78
73
78
365
87
83
107
93
100
71
88
77
70
77
66
69
73
87
71
73
77
83
86
83
92
86
90
106
93
111
117
104
106
105
122
138
126
108
97
126
126
140
120
137
147
139
128
146
148
142
169
166
140
153
169
135
164
161
146
170
151
173
148
174
192
157
176
165
164
176
154
175
190
178
174
151
180
192
152
186
165
163
169
186
158
149
151
168
165
164
143
139
159
157
169
180
164
160
165
173
157
150
166
141
132
131
137
163
150
129
137
141
149
129
124
131
144
131
126
129
127
117
115
111
137
111
99
122
358
175
116
104
113
112
102
91
97
124
97
84
104
96
91
107
89
96
81
81
113
97
75
92
118
78
90
87
81
86
82
77
101
70
82
80
68
72
75
82
66
75
79
70
63
76
62
64
79
81
69
58
62
61
75
54
67
71
65
67
66
67
60
56
55
49
65
50
62
53
50
57
55
62
54
68
74
60
55
57
40
54
47
49
49
42
42
42
37
50
40
49
45
46
52
49
31
40
35
40
38
41
38
38
30
39
49
28
32
45
45
26
47
26
40
29
33
30
31
41
30
29
27
28
27
24
37
32
32
46
28
34
32
38
32
28
32
32
33
23
23
27
35
21
43
26
33
27
20
36
30
22
41
21
19
19
27
22
29
18
23
26
24
25
30
22
21
43
26
28
34
28
26
26
28
22
22
10
18
24
18
25
62
39
22
24
17
16
24
11
14
19
14
14
15
15
20
18
19
19
17
22
18
22
18
19
20
18
14
18
14
16
17
17
17
21
16
13
16
13
16
19
14
18
30
15
11
13
14
16
21
10
13
16
19
15
17
13
11
16
15
15
19
11
12
19
28
19
20
10
14
15
15
15
10
15
11
12
9
21
18
14
19
13
18
18
19
11
23
21
13
10
9
10
14
11
8
18
13
17
13
11
12
7
12
11
13
17
8
10
12
11
9
8
8
13
11
6
9
11
13
8
8
12
11
11
12
12
9
10
13
11
5
12
11
4
8
10
14
9
8
12
11
11
15
9
5
9
12
13
18
27
25
18
9
16
12
8
10
7
8
11
7
10
13
10
9
14
7
7
8
12
11
7
8
14
9
6
5
8
11
5
8
10
7
10
7
9
7
5
8
9
6
14
11
8
9
3
7
8
10
7
12
12
6
10
2
8
10
7
14
6
6
8
12
7
11
12
5
13
28
19
8
4
9
12
9
6
5
15
8
2
7
9
8
7
7
6
5
8
6
8
6
9
27
28
14
5
15
7
4
3
11
10
6
5
7
11
8
8
5
6
6
6
8
9
5
4
2
9
9
8
7
10
6
6
3
6
4
7
12
5
3
3
9
4
3
6
4
7
3
5
8
13
20
14
8
8
8
6
9
2
3
3
7
9
5
8
10
7
5
6
10
3
4
4
4
2
7
8
6
5
5
8
3
8
4
8
5
6
5
1
9
6
7
5
6
5
8
5
1
4
9
9
5
5
7
3
4
8
3
8
1
3
6
7
11
5
6
6
3
3
5
7
3
1
4
12
4
7
7
5
3
9
2
1
7
7
6
5
6
2
2
4
5
8
3
3
5
3
8
5
3
6
6
8
7
9
3
5
4
2
6
3
4
9
1
7
2
3
2
8
1
1
4
7
4
4
8
8
8
6
6
4
2
1
5
4
6
3
5
4
5
8
0
5
6
4
4
5
3
5
7
2
5
6
4
3
1
6
3
2
3
4
3
5
3
5
2
3
2
3
5
5
1
7
3
3
4
4
5
4
3
6
4
4
6
6
5
4
7
8
6
7
5
6
8
2
4
2
3
6
5
2
6
4
2
1
8
1
3
4
3
3
4
3
1
3
4
3
4
4
1
4
2
10
5
3
1
4
8
5
2
4
4
6
4
3
11
12
9
8
5
6
5
2
1
4
4
3
2
5
2
3
2
2
3
5
4
3
4
5
6
7
6
5
1
5
3
5
8
5
5
4
5
6
6
3
2
3
5
2
4
4
5
3
3
4
3
10
2
8
6
7
7
4
5
4
3
2
5
4
3
2
4
3
2
2
4
3
2
5
2
4
3
3
4
7
3
4
1
1
2
6
7
4
5
8
5
5
5
1
5
3
0
6
4
4
3
4
5
6
4
3
2
2
2
4
2
5
3
5
3
7
5
6
4
2
2
6
2
4
5
6
4
1
5
1
5
5
2
3
1
3
6
4
1
4
3
1
4
2
1
5
4
2
0
9
4
2
3
2
1855
