radiacao de fundo
0
0
0
0
0
0
0
0
0
0
0
0
0
0
4
205
128
87
105
94
102
114
107
78
73
87
110
93
103
104
87
89
69
87
68
82
149
76
72
88
82
82
99
82
77
67
68
78
73
93
80
73
76
84
77
79
99
85
106
87
98
93
116
100
100
80
111
117
120
101
138
125
137
124
145
125
130
136
128
171
163
155
159
152
149
176
162
155
166
129
176
171
167
182
168
170
187
185
169
164
158
165
183
167
152
173
173
186
178
181
185
177
191
158
180
172
155
169
180
156
160
175
158
176
153
161
184
166
174
153
185
153
156
153
177
146
163
138
148
144
159
143
145
144
106
124
138
134
135
129
156
155
128
135
146
109
115
129
133
105
96
196
108
104
99
116
115
102
103
124
109
109
104
98
110
86
106
109
98
103
91
87
99
86
88
97
94
112
91
90
90
87
93
83
76
68
78
90
62
68
93
81
74
74
79
67
73
83
75
85
65
53
61
68
68
78
50
56
65
67
53
49
65
58
59
57
65
60
56
48
47
57
57
53
69
65
94
82
57
65
55
66
51
52
49
50
43
50
62
42
41
31
42
32
35
51
42
50
38
34
49
42
23
34
27
37
49
48
42
36
31
41
42
33
39
21
32
28
42
32
31
30
38
32
42
25
31
30
39
49
47
31
30
41
31
31
28
29
38
34
26
36
21
22
33
24
15
21
27
18
26
24
27
28
33
22
30
19
20
29
36
26
29
20
24
27
30
20
22
23
31
18
28
22
26
16
35
22
25
35
20
23
35
61
28
18
15
13
15
18
21
23
23
21
21
19
25
18
11
22
17
13
24
14
22
25
22
16
9
15
16
19
19
17
17
22
17
15
12
19
11
15
22
9
16
18
19
19
12
19
21
16
7
6
13
17
16
19
19
19
12
18
18
29
19
19
16
10
13
9
16
13
16
15
19
15
11
10
18
6
12
11
10
17
13
14
3
11
20
10
15
15
15
17
15
11
6
8
15
16
15
15
14
18
13
18
11
23
11
14
13
16
11
7
14
11
16
9
12
16
9
12
11
12
12
14
16
10
12
18
17
13
12
10
9
8
10
11
7
12
13
10
14
8
10
13
11
10
5
8
15
21
27
19
14
16
13
7
10
7
10
9
11
10
10
3
8
10
6
12
17
12
9
7
7
9
10
12
12
15
8
10
11
9
12
10
6
7
8
6
8
8
8
9
10
4
11
14
17
14
2
4
10
8
10
7
11
9
6
10
3
5
9
11
8
13
9
14
7
10
17
17
15
9
12
7
11
7
9
7
9
12
13
5
10
10
4
16
7
12
7
6
13
13
14
32
27
8
3
5
8
9
6
11
6
4
8
8
6
5
6
10
2
5
6
6
7
8
12
7
8
6
5
8
9
6
5
9
4
4
8
4
5
7
8
9
12
8
9
7
8
6
7
10
20
19
6
9
5
8
6
4
6
8
7
11
4
3
9
4
4
5
4
4
8
10
2
6
4
6
4
8
8
10
10
10
7
2
10
3
4
6
5
5
3
6
6
5
7
5
5
4
6
4
7
4
4
8
5
7
5
10
8
6
12
7
7
13
8
4
3
4
4
4
9
5
7
4
9
7
2
3
6
5
4
3
4
10
3
3
4
6
2
9
4
4
5
1
5
5
5
9
5
4
8
5
12
2
6
3
5
4
3
4
5
5
4
6
3
6
9
5
9
5
5
4
3
4
9
6
5
4
11
3
1
6
6
3
4
4
6
5
4
2
4
5
4
4
5
6
5
3
4
5
8
4
5
8
3
3
5
3
9
5
7
9
3
3
8
3
4
3
5
8
4
7
5
6
8
5
6
7
1
4
4
5
2
7
7
2
5
1
5
4
2
3
6
0
2
4
4
8
4
7
9
6
3
3
5
1
2
3
4
3
3
2
4
5
5
5
3
5
2
1
3
4
2
2
7
5
2
4
4
4
3
6
4
7
12
11
14
6
6
3
5
3
7
2
4
4
4
7
5
3
2
3
2
4
6
3
4
4
8
5
5
5
4
3
2
2
6
6
0
4
1
4
5
1
4
1
3
7
6
5
6
5
4
5
4
2
6
6
6
5
5
7
6
4
3
4
7
2
1
6
2
2
3
3
5
5
5
5
6
3
3
2
3
4
2
0
5
3
7
2
3
5
2
8
8
3
3
4
3
5
3
4
2
3
2
6
3
6
3
0
2
0
0
5
4
7
2
6
5
2
6
1
4
3
4
4
3
1
3
2
4
5
5
3
4
0
3
2
5
5
4
3
3
0
1
0
2
4
7
4
3
1
6
5
3
4
5
1
1
1936
