radiacao de fundo
0
0
0
0
0
0
0
0
0
0
0
0
1
1
1
168
141
95
105
108
119
138
102
99
93
93
142
269
99
98
137
95
90
82
128
141
3045
693
88
542
440
86
91
86
78
88
79
62
91
76
80
94
83
76
96
93
105
86
106
130
125
100
113
136
107
115
135
126
144
128
135
144
148
123
143
151
134
131
133
127
142
173
139
129
138
165
148
148
163
148
138
142
152
160
169
147
156
180
149
157
156
151
168
172
147
171
155
194
177
156
156
191
167
167
190
145
173
163
169
166
164
200
175
166
159
147
163
170
181
168
131
133
166
145
162
155
144
142
154
132
142
120
150
122
157
135
146
141
139
132
130
129
125
107
130
103
107
102
111
124
109
120
2085
1650
116
109
90
116
102
103
93
90
97
104
107
94
105
115
89
94
92
109
79
91
82
98
329
127
84
133
116
62
71
71
75
71
72
101
85
81
71
81
69
75
82
75
68
70
80
85
72
58
63
64
63
77
64
56
52
65
68
53
59
51
60
58
72
53
66
53
46
55
54
64
55
51
46
59
92
56
46
67
49
48
43
42
48
44
45
48
45
39
35
55
39
40
44
38
55
46
36
41
46
31
27
28
34
35
32
38
32
33
36
26
40
28
28
32
33
32
44
33
25
37
31
43
33
37
30
42
33
38
62
41
28
22
32
40
26
27
20
26
29
25
34
26
29
33
26
29
22
27
21
26
28
32
37
14
22
28
23
20
27
25
24
28
21
25
18
25
22
18
23
36
27
27
25
28
25
22
26
21
24
22
29
53
64
25
24
16
14
16
25
15
18
15
13
20
22
22
13
18
21
14
18
16
13
13
20
12
12
13
14
9
16
11
13
21
20
23
13
14
14
17
11
19
12
12
14
14
19
12
17
12
19
13
11
11
18
18
17
14
19
11
14
15
13
20
15
14
17
19
16
14
13
14
10
11
15
13
10
10
11
14
11
12
9
7
18
13
9
13
13
12
8
14
10
13
25
16
13
13
7
12
10
7
15
13
15
6
16
21
12
13
10
11
11
8
12
10
6
11
9
12
8
18
5
7
8
5
10
9
12
7
11
10
12
6
10
8
7
14
8
3
13
9
6
10
10
8
9
12
10
11
13
33
34
54
36
14
11
6
7
9
11
6
12
6
7
7
15
13
6
6
8
8
9
10
15
10
7
6
10
10
7
10
4
11
7
12
9
8
11
7
5
6
10
5
9
16
5
8
6
15
7
8
7
7
6
7
4
10
17
9
7
10
10
7
10
6
7
6
9
12
12
11
18
13
7
6
10
12
13
6
6
13
4
8
9
9
10
3
9
10
4
8
8
7
14
24
39
22
13
12
7
5
5
2
7
6
5
6
4
7
9
8
6
8
8
9
4
8
4
5
6
7
6
11
6
4
8
6
7
2
14
3
10
5
3
2
9
9
6
5
15
10
4
8
11
10
19
11
7
5
6
11
5
3
4
6
7
3
6
6
8
7
6
4
7
8
3
2
6
9
8
7
6
6
3
2
4
5
3
8
9
2
10
8
2
4
6
5
6
5
5
3
1
4
1
5
3
8
6
6
4
7
4
8
6
1
6
7
7
7
7
4
7
7
7
3
4
1
6
10
3
6
10
10
2
3
3
5
5
6
6
6
7
6
6
9
5
5
7
5
4
3
5
5
3
4
4
5
4
15
3
6
6
2
2
3
1
4
3
6
7
3
4
8
4
7
7
11
5
7
4
3
5
3
3
7
7
2
5
7
5
8
7
2
7
4
8
3
5
3
5
4
3
4
3
4
5
2
2
4
3
1
2
5
6
8
1
5
5
5
4
2
5
3
4
5
4
1
3
3
2
3
6
2
5
5
4
6
2
7
4
4
7
4
11
10
6
6
5
5
2
5
6
4
3
0
3
3
3
4
4
2
6
5
3
3
6
5
2
6
5
5
5
3
2
3
3
7
2
1
5
2
4
7
3
1
3
5
4
4
7
5
3
10
7
8
4
4
3
9
2
6
2
10
0
3
6
5
3
4
2
3
3
2
5
5
6
5
3
3
5
4
8
2
6
4
1
3
3
1
1
1
1
1
5
3
6
3
4
3
4
3
4
5
4
5
3
6
8
7
1
8
2
6
5
1
4
1
3
6
4
4
5
3
6
5
0
7
3
4
2
4
3
3
5
3
3
3
2
6
2
4
1
2
5
6
2
0
3
2
5
3
3
2
7
1
3
0
3
5
3
3
5
2
1
2
3
4
3
4
3
2
0
9
3
2
3
6
5
6
1
8
2
3
6
1
3
3
5
2
4
3
2
4
2
0
2
1
3
2
