radiacao de fundo
0
0
0
0
0
0
0
0
0
0
0
0
3
1
2
191
118
86
81
113
114
109
100
95
65
69
97
123
98
88
98
83
82
97
73
77
572
191
84
157
139
63
78
88
72
64
72
90
75
77
88
93
85
78
82
116
84
108
94
102
124
82
81
109
108
97
106
128
99
130
124
130
131
141
151
144
159
148
138
143
138
155
147
152
147
173
166
162
186
160
156
152
167
140
165
189
174
179
188
164
195
150
175
176
177
172
172
151
177
179
197
172
182
176
202
181
173
169
180
172
165
163
189
188
175
153
174
202
162
156
159
142
152
128
149
144
150
142
140
141
125
141
146
146
157
148
154
129
119
145
124
133
116
140
124
129
121
105
139
111
107
299
306
351
125
99
114
96
100
117
91
101
106
107
94
117
99
112
89
92
97
96
83
83
105
118
127
119
92
108
93
93
74
84
82
80
73
93
85
83
73
78
90
69
63
77
69
72
79
75
81
68
71
72
59
75
71
74
81
47
63
50
57
66
55
52
53
62
56
54
45
55
60
56
54
46
61
55
75
63
57
65
51
45
44
44
40
55
53
30
45
49
59
45
38
39
40
40
40
41
48
47
34
38
41
40
40
35
54
31
34
34
48
27
40
42
45
33
37
34
43
36
32
24
40
38
34
25
33
42
47
30
49
43
32
55
32
25
28
27
29
33
33
23
23
31
30
29
26
15
26
21
24
23
23
18
31
23
37
22
19
23
24
19
21
20
25
24
24
26
33
33
19
26
18
26
19
18
24
22
30
26
24
31
32
26
54
21
16
19
22
23
22
22
17
15
19
17
20
15
20
13
19
20
24
23
28
14
14
18
18
16
12
14
21
8
16
20
19
17
13
17
19
11
25
10
18
16
22
12
18
11
19
22
19
17
5
13
13
15
19
16
17
16
21
12
9
16
16
13
25
15
11
21
16
10
12
14
16
11
15
10
14
15
11
11
12
7
16
11
22
11
20
17
10
12
15
15
16
20
14
12
12
14
17
11
17
14
13
16
7
12
10
10
16
13
15
14
7
8
9
12
12
13
6
7
7
9
9
12
12
12
6
14
12
17
8
7
15
8
11
16
12
16
9
10
7
7
19
15
11
19
23
20
14
13
14
21
14
11
11
9
13
8
12
10
10
10
9
9
12
14
14
12
9
12
9
13
10
10
8
9
5
8
13
11
8
7
5
12
2
8
8
10
13
5
10
10
4
6
7
7
8
12
13
12
14
12
11
6
5
15
15
17
2
9
11
6
6
11
10
11
9
8
9
17
18
11
9
7
11
10
11
13
10
10
7
4
10
12
8
10
7
8
5
25
16
22
11
10
26
23
10
8
12
10
3
5
8
7
11
10
6
7
8
7
5
6
3
6
4
7
4
4
5
8
9
3
6
8
7
7
6
6
8
12
3
7
5
4
8
12
5
6
7
13
12
7
10
10
10
24
9
7
10
6
4
5
4
7
2
9
7
5
5
5
7
6
8
5
6
5
12
4
7
8
10
8
3
3
11
10
13
6
7
9
2
9
10
4
10
5
6
7
3
8
5
6
5
7
5
3
7
7
5
8
2
2
7
2
8
11
8
10
9
4
7
4
1
3
6
8
7
11
2
4
11
5
7
8
3
10
4
1
4
9
3
4
10
4
9
4
7
5
9
4
5
5
2
4
3
3
9
4
9
4
3
7
0
7
1
5
5
6
5
4
9
4
8
6
5
8
9
0
8
9
5
1
3
11
4
9
2
6
4
5
6
4
3
8
7
8
5
2
8
5
2
5
6
3
4
5
7
4
4
1
7
3
4
3
5
4
8
4
5
9
1
2
2
5
5
9
3
3
5
1
7
1
5
4
2
8
2
7
3
5
5
2
4
6
1
5
6
5
7
7
0
9
7
5
1
1
7
1
6
3
6
2
7
5
3
6
5
1
5
7
3
7
8
3
5
7
3
2
2
5
5
5
3
8
7
1
7
4
9
4
8
8
12
7
2
5
2
5
2
3
8
8
6
4
1
1
6
3
8
4
3
4
3
5
3
2
9
0
3
2
5
6
2
9
3
2
3
5
2
7
5
2
1
5
8
6
5
4
5
5
4
10
4
4
3
3
3
8
3
3
6
7
3
8
1
5
6
4
2
4
0
5
6
5
3
4
3
2
5
4
4
4
1
3
1
1
4
2
3
2
5
6
7
5
5
0
3
3
4
2
3
3
4
8
4
6
4
4
3
3
3
3
2
2
5
6
3
3
3
3
4
5
2
1
5
5
5
2
6
4
4
8
4
4
3
6
7
1
1
5
0
6
3
4
3
4
6
1852
