radiacao de fundo
0
0
0
0
0
0
0
0
0
0
0
0
0
1
5
244
148
124
107
119
118
127
120
81
96
86
113
228
100
93
111
94
84
84
108
105
1756
492
98
311
317
89
96
70
66
68
66
78
69
86
76
66
88
87
70
92
106
101
109
98
122
100
122
129
135
101
112
112
134
105
118
124
118
113
121
124
139
141
147
128
136
137
154
158
145
163
161
147
145
145
161
152
158
152
164
159
150
160
184
162
169
174
162
168
143
185
185
166
161
171
184
169
150
176
150
183
178
170
155
172
165
159
150
146
164
150
167
163
166
150
141
169
138
166
155
165
142
154
163
145
145
160
150
159
147
136
134
128
135
116
140
129
124
117
140
121
131
106
120
121
118
121
985
1267
97
102
91
104
100
119
81
105
109
106
113
89
104
105
106
87
71
108
103
113
87
100
231
135
105
117
122
94
73
91
74
89
86
79
84
71
79
76
78
73
69
62
66
69
75
53
49
62
72
71
72
60
55
58
56
71
69
62
63
48
57
56
58
52
72
64
49
64
44
54
53
50
49
47
79
73
49
52
46
45
51
49
45
53
40
41
47
37
44
36
42
36
38
42
42
32
44
35
33
31
34
44
41
39
42
37
38
32
44
38
55
40
36
33
32
35
35
40
29
37
42
41
41
41
28
28
31
27
59
56
33
28
31
26
26
28
30
25
21
24
38
28
18
23
15
36
18
23
25
29
18
38
16
29
27
30
19
19
25
32
37
20
25
24
37
20
28
31
28
28
25
17
17
23
22
18
11
22
16
14
26
26
61
32
11
11
14
23
25
23
23
19
15
15
19
22
17
21
24
17
17
13
21
15
15
25
17
15
12
18
23
12
17
20
23
27
6
17
17
15
11
19
13
23
14
15
13
7
18
11
14
11
17
16
18
15
11
15
9
13
24
15
7
17
12
13
9
20
3
11
10
19
15
8
15
14
17
7
9
17
16
13
12
9
10
8
18
10
19
10
11
18
7
15
11
15
18
7
10
8
10
12
20
10
10
18
9
14
18
9
11
20
6
9
17
7
11
9
10
10
9
8
13
17
10
12
6
12
10
10
7
12
5
11
5
8
11
8
14
10
13
12
11
7
11
9
13
8
14
14
17
21
22
43
29
18
14
6
15
7
9
10
11
14
8
12
6
17
5
11
9
8
10
8
10
11
11
6
7
10
5
6
6
17
13
7
8
13
11
6
9
6
9
11
2
7
8
7
5
7
7
8
7
10
7
3
7
6
11
10
5
13
6
6
3
6
11
9
11
8
7
19
14
16
9
8
8
7
10
3
8
11
7
7
8
5
7
15
6
9
12
10
10
10
15
15
38
31
14
14
6
11
3
9
2
7
5
7
6
8
11
4
6
2
6
9
9
9
6
6
3
2
7
9
8
15
9
5
4
2
6
5
6
12
4
3
7
9
11
6
11
5
5
10
7
14
22
17
16
5
7
11
13
2
8
5
8
6
6
4
4
13
5
7
7
8
5
5
5
4
3
4
6
8
4
2
8
7
6
6
8
10
4
7
2
8
5
14
9
8
6
7
2
4
2
5
5
5
4
6
6
7
5
4
4
7
10
2
4
7
8
9
7
5
3
2
7
4
4
4
10
1
2
8
3
3
4
5
5
3
6
3
5
6
4
3
6
5
3
2
11
3
5
4
6
4
6
9
6
4
6
2
3
4
7
3
5
7
4
3
4
5
4
2
2
11
3
3
3
5
10
4
4
6
4
5
2
6
8
1
8
5
2
4
7
10
3
5
8
5
6
4
4
5
2
3
2
2
3
7
9
4
3
4
4
3
4
5
4
8
5
6
3
5
6
3
6
6
4
5
4
3
4
6
2
5
6
5
7
3
7
1
5
3
1
4
4
6
2
4
4
5
3
3
3
5
2
4
12
2
2
2
4
3
4
2
5
5
4
3
5
4
4
5
4
4
2
4
4
2
4
2
3
2
2
4
6
4
5
5
7
4
3
6
6
7
4
4
4
2
7
6
6
2
4
4
5
4
4
2
7
3
4
0
6
5
2
2
3
1
5
4
5
4
2
3
1
3
4
8
2
2
2
7
4
4
3
6
5
5
6
4
4
3
2
2
6
5
4
7
8
3
1
8
4
6
1
3
2
5
4
2
3
1
3
2
2
3
4
8
3
4
4
4
3
5
4
2
5
6
3
2
4
1
1
5
2
5
3
8
2
2
3
4
2
4
4
6
2
3
3
3
3
5
4
2
3
2
1
5
1
5
5
1
3
2
6
2
2
4
4
6
5
2
5
4
5
3
2
6
1
3
4
2
3
2
5
1
0
3
