radiacao de fundo
0
0
0
0
0
0
0
0
0
0
0
0
2
2
5
331
321
175
74
134
114
114
97
79
86
84
81
109
86
124
102
89
78
94
69
80
207
82
67
109
78
82
90
83
74
73
68
75
66
68
84
84
82
82
79
88
106
95
87
96
112
83
94
102
95
108
125
122
129
122
107
124
108
124
123
138
136
137
127
143
160
155
146
182
173
180
154
160
165
156
144
134
155
163
168
174
169
188
144
159
161
144
171
194
172
166
159
164
144
182
167
192
156
160
135
171
175
138
170
177
183
159
178
188
155
152
165
172
163
156
151
145
151
159
149
164
134
172
170
134
144
159
153
149
155
114
129
134
115
132
146
131
117
125
120
133
121
119
129
109
124
235
157
113
120
105
109
116
108
108
102
101
95
87
92
116
80
86
101
86
87
79
97
98
87
99
109
110
89
89
79
89
88
80
76
74
73
68
72
88
76
75
89
79
65
91
63
74
73
74
72
43
60
63
73
59
58
78
65
68
56
66
53
56
69
55
70
60
66
66
53
44
54
59
61
55
83
76
66
53
49
52
35
48
55
51
40
37
42
37
37
44
49
34
38
40
40
45
45
36
37
41
42
34
42
36
61
43
40
29
43
30
41
34
29
38
37
46
43
32
39
23
32
28
30
33
38
28
32
47
66
39
28
27
31
29
25
37
38
26
18
29
24
22
26
24
26
36
29
24
29
18
35
23
28
31
28
24
19
26
30
32
24
28
29
17
27
22
27
25
32
25
15
21
16
14
20
17
22
24
15
27
34
54
25
17
24
16
19
18
24
19
13
24
15
19
12
17
14
16
15
19
17
27
16
21
18
21
15
15
23
22
13
25
18
13
20
16
14
11
23
18
21
12
23
16
13
11
16
11
19
12
11
16
16
20
15
13
21
14
23
22
14
6
15
12
13
14
11
9
14
10
17
13
16
14
19
15
18
10
12
14
18
12
12
14
19
12
17
12
13
13
18
7
11
14
10
8
15
12
14
10
9
7
13
18
10
18
12
11
9
15
14
11
16
11
12
16
12
6
12
7
9
11
18
13
13
10
9
14
12
4
5
9
10
10
7
11
15
7
11
9
11
8
9
12
20
12
10
8
13
22
19
27
17
10
8
12
13
10
13
11
7
11
6
9
9
3
11
9
9
10
8
5
10
9
11
11
9
13
5
5
10
7
9
10
5
13
4
13
9
10
5
10
13
13
3
2
5
8
12
6
10
11
5
4
7
5
5
9
13
7
9
10
9
9
5
16
12
7
18
24
12
7
7
11
10
3
10
13
8
8
9
8
7
2
7
14
4
10
3
8
9
12
19
41
29
11
9
5
5
8
8
5
7
4
8
6
14
7
3
14
5
2
8
8
7
11
7
8
2
8
5
8
6
5
4
5
4
6
8
11
8
4
8
3
6
4
7
9
6
7
7
12
16
22
12
6
8
4
2
8
7
8
2
3
8
3
5
3
4
4
7
4
5
11
3
4
7
5
8
7
4
5
7
12
6
7
5
2
12
2
7
2
6
5
7
7
7
7
8
5
4
5
0
7
9
6
9
5
7
7
5
7
6
7
4
10
6
5
3
4
5
2
7
3
8
2
8
2
5
6
2
6
3
8
7
7
11
3
6
10
4
2
3
7
6
2
3
8
2
3
1
5
3
9
10
4
3
6
8
4
4
3
5
1
3
7
6
5
6
8
5
3
8
3
8
4
6
4
7
8
6
3
4
6
2
8
5
3
3
5
8
8
8
5
7
8
1
2
3
3
7
1
5
4
3
6
8
4
5
3
5
2
3
8
6
2
5
5
3
2
6
7
3
4
8
4
4
3
6
7
3
5
3
3
5
5
7
6
12
2
7
5
2
7
4
4
3
4
5
3
4
5
2
2
4
3
8
9
7
7
3
5
3
6
5
4
5
5
3
4
6
2
5
5
8
2
4
1
8
3
2
2
4
4
14
2
12
10
11
4
3
7
3
6
5
5
4
2
5
4
5
3
1
5
2
8
2
7
8
4
1
7
1
6
2
6
2
4
3
5
7
3
4
2
6
7
3
7
5
3
3
1
3
5
4
5
1
6
8
3
5
7
10
7
6
4
7
1
3
4
4
7
7
3
1
9
2
2
5
4
10
1
8
2
4
3
3
6
1
3
5
2
4
4
4
4
0
3
3
4
2
3
4
2
6
4
6
5
3
3
3
4
1
1
4
2
2
4
2
0
5
2
2
1
3
4
3
5
6
2
1
3
2
3
2
3
2
7
6
3
1
4
10
4
5
4
3
1
5
2
4
4
5
8
1
3
9
4
1
2
652
1176
