radiacao de fundo
0
0
0
0
0
0
0
0
0
0
0
0
1
3
0
194
138
79
98
100
124
101
97
103
94
94
94
154
101
91
95
86
96
81
71
81
1003
326
73
199
191
62
75
88
81
81
68
78
67
67
79
85
77
78
79
94
85
95
94
113
105
85
106
102
125
119
125
133
121
129
112
121
111
150
117
137
142
128
138
135
155
148
148
161
155
181
157
162
151
141
174
156
164
165
154
166
148
173
182
175
195
162
193
174
155
157
164
194
137
185
160
160
153
175
157
169
174
126
159
170
161
170
164
167
180
141
146
166
172
161
152
156
160
146
140
149
145
126
153
157
149
142
158
147
139
151
141
115
131
122
123
117
135
124
132
105
131
110
113
120
130
111
622
692
122
96
119
97
117
114
115
116
106
98
92
113
93
103
114
78
100
71
99
111
91
87
153
116
107
96
99
68
90
80
80
84
78
69
94
89
76
67
80
79
66
75
80
79
59
72
74
74
75
62
70
69
50
58
66
60
65
56
65
68
57
55
44
64
54
56
53
54
76
59
42
48
66
59
101
90
44
63
54
49
35
55
38
40
50
35
48
48
34
42
39
45
36
44
45
40
50
36
32
36
39
33
39
45
52
34
30
30
41
29
35
40
39
30
34
32
39
38
32
33
25
35
28
30
37
36
23
31
63
38
29
22
31
33
28
40
20
30
31
27
20
28
28
22
26
26
29
19
21
28
25
21
35
21
28
26
31
25
21
26
27
28
22
17
14
27
28
21
27
32
21
21
19
26
17
16
24
21
20
36
20
39
61
29
24
23
18
18
18
23
21
22
12
13
25
22
14
12
15
24
16
11
20
11
22
17
16
27
13
16
10
18
18
14
22
20
15
20
17
23
16
8
16
12
21
25
14
15
12
20
15
20
13
19
13
10
17
16
23
13
12
12
11
7
11
10
18
13
21
16
21
13
13
14
16
13
13
17
15
17
18
15
7
14
12
17
9
14
11
6
14
10
15
19
16
17
6
16
17
13
7
6
14
11
11
17
13
13
13
16
5
12
11
20
9
9
14
11
17
8
14
10
13
11
13
11
12
9
8
15
12
9
8
15
7
7
14
9
11
12
11
13
6
13
7
15
10
9
10
6
11
16
25
38
28
15
8
11
9
9
8
8
10
11
8
16
4
8
14
10
11
9
8
12
6
6
11
10
11
11
16
13
9
7
8
11
13
16
4
8
8
8
13
6
5
6
16
6
10
8
13
9
5
7
10
5
11
4
11
12
10
9
8
8
11
6
9
7
10
13
7
15
26
13
7
5
7
6
7
3
12
4
9
6
4
11
8
10
6
6
6
5
10
8
7
18
41
35
12
12
6
4
10
9
7
4
13
7
10
5
5
9
3
7
7
4
3
5
3
7
11
4
6
9
4
1
6
13
10
8
2
11
7
9
9
9
5
8
7
7
11
5
8
10
4
9
31
13
7
10
7
5
7
6
4
6
7
4
9
4
5
9
7
7
4
5
3
9
9
6
1
7
9
14
5
1
7
5
5
4
3
7
4
5
8
3
5
4
3
4
7
6
3
7
4
2
8
5
4
11
2
5
5
2
3
11
9
8
4
6
5
3
4
5
6
4
1
2
4
5
1
2
6
8
4
4
7
6
7
6
1
4
3
7
3
9
4
6
6
3
5
3
5
5
6
4
7
2
13
5
3
6
7
3
4
5
4
4
4
6
4
4
2
3
11
10
5
7
5
1
4
2
3
7
10
7
0
4
7
1
4
1
3
2
11
9
7
2
5
6
5
6
3
3
4
7
6
3
4
9
5
5
2
3
4
3
3
9
5
3
3
4
6
5
4
5
7
6
2
5
6
8
4
2
3
4
4
6
7
10
0
6
4
5
3
10
3
9
3
4
0
4
4
7
4
3
3
6
9
2
2
4
3
2
3
3
9
7
4
1
7
2
2
2
5
3
1
5
1
4
4
5
7
6
0
5
4
5
7
4
9
7
5
17
8
7
7
6
6
6
5
3
4
4
1
4
8
6
3
4
8
3
4
5
6
6
5
2
5
5
4
1
4
7
4
4
10
5
3
3
6
5
2
7
4
6
0
5
6
4
6
2
4
1
2
4
3
9
4
6
4
6
3
6
5
5
3
2
2
4
4
8
4
3
6
1
4
3
3
4
4
3
4
0
1
7
1
2
3
5
4
6
3
7
6
6
3
2
4
3
3
0
3
1
2
2
6
3
3
2
1
2
3
6
3
6
5
7
2
4
7
6
4
1
2
2
2
3
4
5
6
5
0
2
1
6
4
3
9
4
1
2
5
2
4
1
3
2
2
1930
