radiacao de fundo
0
0
0
0
0
0
0
0
0
0
0
0
0
0
1
166
123
86
82
129
97
107
94
72
60
82
93
104
83
89
78
82
83
72
83
86
396
77
80
139
96
69
89
79
61
70
67
68
81
61
83
69
88
72
79
77
94
82
87
109
113
99
102
132
119
116
131
126
127
114
130
113
131
131
132
124
147
130
151
157
121
149
183
166
137
168
138
171
172
166
168
166
186
133
158
172
168
186
181
147
162
190
156
156
174
208
170
170
160
173
178
160
174
163
170
159
178
157
157
149
176
175
157
159
141
157
144
164
142
147
151
130
156
175
161
153
136
145
138
146
150
136
149
126
151
146
155
119
127
125
138
138
136
127
115
114
124
122
131
110
119
374
183
121
94
98
94
111
121
121
105
82
88
89
106
97
109
92
99
95
86
106
96
88
90
119
107
103
108
88
69
84
79
79
65
77
72
71
74
78
75
63
70
65
86
83
52
72
76
74
66
60
72
71
83
54
50
80
65
58
67
68
54
49
65
60
63
48
54
65
54
53
48
63
61
55
90
82
59
55
56
38
35
57
44
52
52
45
46
46
38
42
37
35
39
47
37
49
50
36
37
24
51
27
47
41
37
38
27
37
34
39
41
37
43
37
30
27
38
32
40
36
34
47
25
24
31
27
25
40
57
18
27
23
46
30
28
32
27
36
33
25
25
27
29
33
30
25
25
23
24
27
23
25
30
20
31
24
20
21
25
25
33
19
22
31
25
23
20
24
29
34
24
22
23
26
18
18
24
24
23
25
31
57
33
18
20
21
20
15
14
18
23
18
23
18
17
11
18
18
21
12
18
16
13
12
26
19
20
17
19
15
17
20
20
16
15
21
21
22
20
12
12
21
17
14
15
10
16
11
11
9
19
14
16
20
13
12
13
20
13
12
11
11
16
12
13
15
15
13
13
15
19
11
10
13
11
10
15
12
13
11
11
22
17
11
22
17
4
8
14
6
19
17
15
16
8
8
20
10
10
14
13
18
13
7
10
12
26
9
10
11
15
14
5
13
13
11
12
9
14
13
15
9
11
14
11
8
12
13
6
7
10
8
14
10
13
7
16
5
9
13
14
20
7
13
16
11
14
8
12
19
31
27
15
11
10
12
10
12
11
14
14
7
16
5
9
3
13
15
8
7
14
13
8
11
9
13
4
5
8
7
12
5
4
16
10
4
8
10
10
11
11
4
6
13
10
8
7
9
7
6
7
9
10
10
9
11
3
13
12
8
3
3
10
6
9
10
7
11
16
20
10
9
13
7
10
8
5
8
6
11
7
10
8
6
5
8
9
5
10
7
10
7
12
40
26
11
8
4
5
7
8
6
1
6
7
3
15
6
6
8
6
7
7
5
10
5
8
9
3
10
13
11
7
4
5
8
8
7
5
3
11
3
6
9
12
7
3
3
4
9
8
11
15
23
13
11
14
11
6
5
9
6
5
6
10
6
4
7
9
4
2
4
5
7
4
10
3
4
6
6
5
8
8
6
7
3
3
5
5
9
3
7
7
7
5
4
11
4
3
7
5
3
7
4
4
3
6
10
1
3
6
7
10
5
10
6
3
6
1
1
2
4
9
6
5
6
5
2
3
5
3
9
3
5
0
8
3
5
8
5
10
4
7
6
4
2
8
3
5
5
10
3
10
5
8
6
2
5
3
5
4
10
3
2
5
3
5
3
1
5
5
3
5
4
5
4
4
3
9
5
4
5
2
4
3
5
1
8
7
5
11
3
4
4
8
9
4
3
7
3
4
2
2
4
5
5
4
3
4
6
5
4
6
5
8
4
6
9
4
5
4
5
6
4
3
5
5
8
5
5
2
2
5
7
4
2
3
3
4
3
5
7
2
3
3
2
7
1
2
2
4
2
5
6
4
6
3
7
3
3
3
5
1
3
3
2
7
5
3
3
1
5
0
8
6
8
1
3
6
0
9
7
3
5
3
5
6
8
17
9
6
5
4
5
5
4
3
6
5
3
6
3
3
0
3
5
7
3
2
8
2
3
4
4
3
5
2
2
5
1
3
1
8
2
4
2
1
2
5
3
3
3
4
7
4
3
4
4
9
5
7
4
4
9
6
2
11
2
5
3
3
1
6
3
2
3
0
4
1
1
3
3
6
1
5
4
2
4
5
1
3
5
7
5
5
1
3
4
4
4
3
3
5
2
3
5
5
1
4
5
3
3
1
3
4
5
4
5
4
2
5
3
6
2
3
3
3
4
4
3
1
4
4
5
3
3
4
3
7
7
7
3
2
1
4
3
5
0
4
3
3
4
1
10
3
1
6
7
4
4
1
1879
