radiacao de fundo
0
0
0
0
0
0
0
0
0
0
0
0
1
1
5
212
143
92
109
143
119
103
110
92
82
78
85
102
93
83
91
77
77
73
89
67
141
87
82
80
82
92
88
82
61
78
72
78
72
83
69
76
92
79
98
86
101
102
88
106
89
94
120
127
105
121
109
104
121
137
133
147
123
147
147
140
145
126
166
146
137
167
157
151
162
166
144
168
184
151
155
176
151
158
156
167
170
184
164
156
187
161
145
169
208
155
193
184
187
174
186
174
186
206
175
167
196
200
177
174
190
190
178
177
155
170
162
183
158
149
171
156
144
159
154
163
138
150
146
161
150
138
147
146
129
126
146
165
135
126
147
122
127
128
141
120
122
124
143
100
110
161
126
106
108
106
115
129
123
131
113
109
128
121
101
97
89
99
90
96
95
97
85
86
80
87
112
103
84
92
87
78
99
80
79
91
77
72
76
81
90
69
82
62
77
78
88
81
70
79
73
75
69
73
72
63
77
62
67
69
62
65
65
56
71
63
69
58
58
58
65
59
60
53
46
57
72
88
57
63
63
54
57
51
49
49
48
49
49
50
38
58
42
37
35
56
37
39
39
44
36
39
35
35
41
40
39
32
47
27
33
31
27
34
40
47
37
30
33
25
36
32
36
32
25
32
26
38
33
42
63
30
37
19
38
32
33
28
22
21
24
26
19
37
26
28
31
24
29
35
26
26
31
26
32
23
16
26
28
31
23
28
30
25
28
36
30
17
24
18
37
33
27
23
21
20
27
24
18
27
25
22
32
54
44
21
16
14
20
21
25
15
15
17
22
23
16
18
19
19
12
16
17
21
27
17
9
19
20
22
26
19
22
15
15
9
18
21
28
23
17
15
13
24
17
20
15
15
15
19
11
14
25
23
11
11
13
25
18
18
13
18
14
10
13
12
19
17
6
13
17
10
15
8
26
20
18
13
21
7
7
13
9
16
14
18
12
16
12
15
15
17
12
13
9
14
16
11
13
13
11
17
11
10
12
7
13
13
12
12
13
10
14
13
11
11
12
13
8
7
14
10
12
7
14
7
6
12
10
9
8
8
5
20
15
8
14
6
10
14
10
7
6
8
8
7
13
14
11
13
14
10
35
29
20
17
11
8
12
14
3
8
9
10
8
7
13
6
9
8
6
4
13
8
6
8
10
6
5
11
8
10
12
5
9
9
7
11
7
12
14
6
10
3
9
9
14
7
12
8
12
3
7
13
1
9
6
12
7
13
5
6
10
5
9
8
15
5
8
10
15
26
17
8
10
8
7
9
15
7
5
12
5
9
6
3
4
9
8
9
6
5
12
11
15
19
30
10
10
11
6
10
8
7
9
6
7
5
7
9
5
7
7
8
10
4
8
14
10
6
8
4
10
8
4
7
6
5
2
10
5
9
11
6
7
8
4
10
8
8
6
6
8
7
21
18
9
8
5
3
6
6
7
5
7
5
3
9
4
7
10
7
8
7
11
9
6
9
9
6
4
3
5
6
8
7
10
5
2
8
3
4
9
8
12
8
4
6
7
4
8
4
5
4
3
7
5
13
8
6
10
4
7
5
8
7
8
13
8
7
2
5
7
6
5
4
7
5
6
6
10
6
4
5
9
8
3
5
10
3
4
9
4
3
7
4
6
7
6
7
7
7
3
5
9
10
5
5
0
2
5
2
5
7
9
3
7
6
10
3
5
3
5
7
7
4
4
9
7
4
7
4
10
1
2
5
2
4
2
4
7
5
6
4
6
3
3
2
9
3
6
2
5
5
2
9
3
4
11
5
7
3
9
3
2
5
5
3
5
2
5
7
10
2
5
4
2
6
4
1
4
4
4
2
6
9
7
7
6
3
1
5
5
4
4
6
0
5
4
5
4
3
9
9
1
4
5
8
4
1
7
1
5
2
2
2
4
3
2
3
5
1
4
3
5
3
6
1
4
6
3
4
2
1
6
3
6
2
7
5
12
11
4
4
8
5
4
6
4
5
4
9
3
2
3
3
7
2
4
8
1
5
1
3
4
3
3
3
2
2
5
2
6
1
1
5
5
2
3
4
3
3
6
3
6
3
5
2
3
4
3
5
3
8
7
13
5
5
4
3
2
6
0
1
1
2
3
3
2
2
4
5
8
6
0
4
5
3
6
5
4
2
4
2
6
6
3
6
3
3
6
3
2
6
2
2
4
6
4
2
4
0
5
4
4
6
4
6
5
5
6
3
3
4
2
3
3
1
2
3
3
6
2
5
5
2
2
3
3
2
5
5
5
3
4
3
5
5
8
3
1
5
3
1
0
4
4
6
4
3
5
3
1
1962
