radiacao de fundo
0
0
0
0
0
0
0
0
0
0
0
1
2
0
2
184
126
59
91
111
115
120
109
90
78
84
92
96
86
81
80
76
84
94
83
90
395
91
94
119
90
69
75
79
66
64
87
67
73
60
72
82
92
65
74
86
73
107
87
118
97
106
99
107
100
114
117
96
119
120
129
117
126
111
128
121
159
151
124
153
152
149
151
138
148
154
135
126
145
171
166
173
160
175
162
174
175
171
167
169
181
158
164
168
163
170
182
143
181
161
172
174
173
207
159
163
190
171
190
156
151
173
168
175
133
145
160
181
176
157
139
168
135
154
172
156
124
148
147
141
123
143
121
157
149
129
128
137
117
118
127
129
136
129
144
122
104
125
110
108
108
426
168
110
134
111
99
116
125
108
98
104
102
81
91
106
132
86
109
82
96
82
95
82
97
97
99
86
94
75
74
89
85
72
82
76
92
63
73
77
88
77
66
67
71
49
85
70
64
70
69
81
55
52
67
60
67
61
75
65
57
58
58
64
62
64
64
80
58
61
72
58
60
65
54
65
79
86
52
79
54
63
48
53
43
62
46
49
33
39
43
51
36
44
55
45
40
41
54
38
42
35
31
35
46
30
33
50
48
34
28
25
31
30
34
38
40
44
30
36
26
40
41
29
42
28
30
35
32
38
55
34
24
28
31
29
37
27
28
26
22
20
34
29
21
28
30
18
30
22
26
27
23
26
24
27
23
23
18
31
27
25
19
29
21
32
23
19
25
26
27
24
21
27
29
25
24
41
21
23
26
17
28
62
40
24
21
14
18
17
17
17
21
25
22
22
16
24
22
20
17
18
23
16
8
13
15
15
21
13
17
16
24
22
17
15
16
20
15
13
20
16
16
20
13
14
13
16
15
11
17
10
17
20
19
21
22
9
20
14
22
18
17
13
17
16
18
15
18
21
15
17
13
17
13
9
17
14
13
16
18
15
17
6
17
19
13
8
17
16
12
13
13
16
19
6
13
12
17
10
7
11
13
15
9
12
16
22
17
16
9
12
14
5
10
8
10
8
17
8
9
11
9
14
16
15
11
9
10
13
9
9
5
9
17
4
11
14
14
8
11
7
5
16
10
13
6
9
14
7
10
19
17
26
13
15
12
7
12
11
12
13
6
11
12
15
9
6
6
10
13
10
10
10
12
9
13
10
10
9
6
5
9
11
13
8
10
5
14
6
6
8
14
3
6
13
6
5
8
15
7
9
8
14
9
6
8
13
7
8
8
12
11
11
6
10
9
9
12
11
22
22
9
4
7
9
7
7
4
7
8
7
11
10
7
6
9
5
11
7
9
8
15
10
18
24
29
11
4
6
13
7
7
7
3
7
6
6
5
6
7
7
5
7
8
4
6
4
6
8
8
7
3
8
6
7
4
4
6
6
6
6
7
5
7
5
2
7
5
4
4
6
3
10
14
27
9
7
7
9
9
9
5
4
4
6
8
8
5
5
4
6
4
0
5
3
6
7
4
8
5
11
4
2
5
2
3
7
6
3
9
5
7
3
9
9
5
7
6
2
2
4
6
2
2
2
7
4
8
1
8
9
5
2
7
3
5
10
6
9
8
4
1
3
5
4
2
4
2
5
5
9
6
2
4
5
3
5
7
8
11
2
7
4
9
3
5
6
10
9
6
5
7
4
4
4
7
3
4
5
6
6
4
3
3
9
4
10
6
4
5
4
9
5
8
1
6
9
6
7
6
3
2
5
5
5
7
1
2
2
3
4
4
4
3
5
3
3
4
5
2
3
4
9
7
8
8
4
2
8
5
1
2
2
6
3
6
5
8
2
4
6
2
5
3
3
1
1
8
6
2
2
4
5
4
3
12
4
2
1
5
2
6
3
7
5
1
7
1
3
4
3
3
7
7
6
2
4
4
5
5
6
4
5
6
2
2
5
5
3
2
4
5
5
2
5
6
5
10
6
6
3
6
4
5
4
2
4
6
10
15
6
2
5
5
7
9
5
5
3
3
2
4
6
7
1
5
7
3
5
8
4
5
5
5
4
6
4
2
3
5
4
4
5
2
3
1
2
2
4
4
6
0
3
6
4
3
6
7
1
9
7
2
4
5
4
5
8
3
5
2
4
5
5
6
2
3
2
6
6
4
2
1
2
4
4
4
2
3
5
3
2
4
3
2
5
6
3
7
2
3
3
3
3
5
4
2
3
7
3
3
3
3
5
4
4
1
5
2
4
1
3
3
4
4
5
4
6
2
2
2
0
2
1
6
3
5
3
4
2
1
5
7
3
1
5
2
9
3
3
4
4
5
6
5
5
1
4
1
1
3
7
5
1850
