radiacao de fundo
0
0
0
0
0
0
0
0
0
0
0
0
1
0
2
203
133
85
89
107
120
124
120
92
86
75
110
173
98
85
125
94
77
81
105
109
1437
386
97
291
287
88
81
96
74
76
64
88
76
93
84
94
91
85
108
88
94
111
95
97
116
102
110
132
74
97
115
124
139
105
134
140
129
125
138
119
160
151
132
148
155
168
154
147
149
135
154
144
173
172
167
146
155
139
160
151
189
163
190
149
173
169
170
175
172
174
192
184
133
178
156
181
171
184
159
177
168
174
147
168
144
173
182
152
163
161
190
144
180
160
158
167
157
157
154
156
150
156
149
105
137
150
161
157
138
145
142
144
137
130
129
107
133
121
121
121
112
104
106
112
126
112
966
872
113
104
100
106
91
103
108
112
107
92
91
110
116
98
101
82
80
109
88
102
82
104
194
138
101
110
101
91
91
80
92
69
76
78
72
73
79
79
69
69
88
105
83
80
72
69
67
69
81
59
75
62
67
58
65
63
73
64
60
46
60
50
57
72
50
59
54
60
55
46
46
65
52
68
86
82
46
52
66
58
47
62
44
37
39
46
56
35
38
41
38
37
35
42
42
41
38
47
35
28
44
49
30
38
45
43
35
26
42
41
31
36
38
36
36
40
44
36
27
43
27
40
22
33
33
41
25
27
75
43
28
29
43
36
36
26
34
29
29
28
32
35
29
27
29
19
27
21
29
20
18
19
26
30
27
25
20
26
27
31
21
21
23
31
24
23
19
14
24
27
25
32
20
26
29
18
25
30
17
28
24
28
62
28
20
13
16
10
14
22
19
13
15
28
13
22
24
20
18
24
12
26
21
17
22
9
19
28
11
14
18
16
14
16
20
18
16
25
18
10
19
28
9
15
16
14
17
16
10
18
17
16
19
20
22
14
14
10
14
16
12
18
17
17
16
20
18
13
16
14
14
12
12
17
19
10
12
13
14
12
18
16
13
9
12
14
15
11
12
10
14
13
7
15
7
14
10
11
13
8
17
14
13
12
12
11
15
13
10
3
12
10
12
13
10
18
10
16
11
8
14
12
9
9
15
11
9
11
13
10
12
11
9
10
13
15
10
14
10
12
9
9
6
15
7
13
8
11
10
13
10
16
25
37
21
11
8
14
5
10
12
16
12
10
9
13
12
12
7
15
8
7
10
10
8
6
10
10
12
8
7
12
7
6
7
8
11
6
16
12
7
8
5
11
10
7
8
12
10
4
8
5
10
4
10
9
9
11
3
8
7
4
10
6
14
5
10
10
13
7
6
13
17
6
9
5
4
8
8
9
4
9
7
6
11
5
14
3
8
7
9
4
7
5
6
13
24
20
8
8
7
4
4
7
5
5
8
3
5
7
1
11
5
7
10
14
6
6
12
10
5
3
7
5
6
5
5
5
7
7
1
3
5
7
7
10
10
8
6
5
3
3
14
8
15
18
23
12
9
6
7
4
8
4
5
5
5
4
4
4
5
4
7
3
4
8
4
3
9
7
4
5
7
6
10
3
4
5
3
8
4
7
3
4
5
4
7
6
4
3
3
3
5
5
2
6
3
6
7
7
2
6
9
9
7
7
9
7
14
9
9
3
4
7
4
5
1
5
5
7
5
3
6
5
5
6
2
7
1
3
2
6
1
6
6
9
2
8
5
6
3
4
6
7
2
6
6
7
6
4
3
2
4
5
7
4
10
6
6
5
12
5
4
5
6
6
3
1
5
5
3
4
4
4
3
5
10
6
7
4
1
5
3
5
4
7
1
3
6
2
5
4
1
3
5
4
4
2
7
5
2
5
6
2
3
2
4
3
5
5
5
6
4
7
5
3
6
3
2
6
4
6
3
4
8
4
3
2
3
5
8
4
6
3
9
7
4
7
6
2
5
2
5
6
6
4
5
4
2
3
2
2
9
3
4
4
3
4
5
3
5
10
2
6
1
4
7
1
1
4
2
2
0
3
2
3
5
2
1
5
5
12
13
17
11
4
2
2
4
4
1
6
4
3
4
6
1
5
6
0
4
6
4
1
9
7
1
5
5
3
10
4
6
5
4
4
4
7
2
5
4
5
2
2
0
9
3
5
1
2
5
3
4
2
5
3
8
7
10
4
6
3
6
2
3
2
2
4
0
4
1
2
5
4
3
3
3
2
3
3
2
5
1
4
3
7
2
6
2
3
1
1
8
4
1
5
8
6
3
6
2
8
4
1
6
3
6
5
6
6
5
8
2
2
3
3
3
2
4
6
4
3
8
5
3
6
2
3
3
4
3
7
3
0
1
3
4
5
3
1
2
5
4
6
7
8
2
1
8
275
