radiacao de fundo
0
0
0
0
0
0
0
0
0
0
0
0
0
3
2
246
117
88
97
119
136
103
119
81
84
80
106
237
97
88
117
92
84
86
101
116
1944
485
84
390
342
89
91
99
76
74
70
67
74
81
65
98
65
92
92
89
94
109
93
120
135
132
118
123
125
120
115
103
118
119
110
122
125
114
131
145
127
133
137
163
137
162
131
156
156
161
166
157
152
170
165
158
150
171
167
166
166
183
160
156
161
157
158
147
178
174
186
160
186
161
181
189
159
164
183
172
179
180
153
151
156
159
175
143
161
142
159
160
181
153
158
160
167
140
154
168
170
143
153
142
148
161
117
132
121
159
131
129
127
137
132
118
137
141
125
129
117
107
111
112
124
114
1269
1363
118
99
93
105
83
112
126
91
113
100
85
106
106
101
111
98
99
90
88
105
104
108
245
132
87
116
103
83
78
95
76
76
83
81
94
72
76
58
70
74
78
74
71
71
67
61
61
55
69
75
57
67
61
65
68
55
65
73
47
51
57
52
57
55
47
54
59
42
55
53
47
51
55
60
98
80
40
56
67
40
43
48
56
37
45
44
39
38
43
44
41
47
42
43
34
36
49
39
37
39
41
35
34
37
47
39
49
46
31
30
35
38
30
44
31
32
34
43
40
33
20
26
30
43
37
23
31
30
37
30
38
33
34
25
28
28
29
22
31
23
36
31
22
31
30
28
29
29
21
34
18
22
26
18
26
17
26
28
26
18
25
23
30
16
23
20
28
23
32
29
23
16
23
23
24
20
20
14
20
21
25
31
51
25
23
21
8
23
18
18
23
28
15
24
21
21
11
25
17
16
12
17
11
22
25
15
13
9
14
13
19
14
17
12
13
12
23
19
12
20
24
16
21
10
20
12
18
13
9
14
19
16
19
17
9
17
19
18
11
13
17
22
17
13
12
14
11
9
10
8
13
11
12
17
15
15
14
12
12
16
12
14
19
11
13
13
13
16
12
14
7
8
11
12
15
17
15
12
11
15
9
11
15
8
7
11
17
18
15
16
15
13
13
15
8
10
19
21
13
12
8
10
12
9
11
9
6
10
13
8
18
8
11
16
7
11
12
12
11
11
8
10
9
7
10
6
15
8
8
10
15
18
34
38
37
20
12
10
7
5
7
11
9
16
9
11
8
5
8
11
13
11
7
10
13
9
15
11
9
9
12
12
8
6
7
6
9
5
10
8
14
9
11
6
8
10
15
8
12
12
6
8
9
7
9
3
7
14
12
6
14
7
2
14
12
10
9
7
8
6
12
20
23
8
8
4
6
8
9
4
3
9
5
8
7
8
8
6
14
6
10
7
8
7
6
17
37
28
11
6
9
5
6
9
3
7
8
5
3
2
5
2
5
11
5
6
5
8
9
5
12
4
4
9
7
6
4
9
8
6
7
1
9
6
7
6
4
5
3
5
5
6
9
3
7
11
20
15
9
6
11
10
5
10
3
5
3
4
4
2
1
5
8
5
6
5
5
7
6
2
7
7
7
1
6
9
6
5
5
9
2
6
4
14
6
7
4
6
2
10
3
3
2
7
5
2
2
3
4
5
9
5
1
11
9
10
7
7
9
5
7
6
10
5
5
6
5
4
6
6
7
5
7
9
6
2
5
5
8
5
2
7
5
6
4
2
3
4
9
5
6
6
4
6
6
2
2
5
8
3
8
0
11
3
6
6
2
4
7
5
3
8
6
8
7
7
7
10
7
8
6
4
6
7
8
3
7
4
2
6
3
3
4
7
7
3
3
10
5
3
3
5
9
6
4
4
2
3
3
6
3
3
2
7
2
6
3
7
6
6
3
3
2
3
0
4
9
9
4
2
3
11
4
4
4
5
1
8
8
3
4
4
6
1
3
11
4
4
7
3
3
3
3
5
7
3
7
7
8
5
4
4
3
4
7
7
4
5
3
4
4
4
2
4
1
1
5
2
4
4
1
7
4
5
1
3
3
4
3
5
6
7
11
14
11
11
10
1
4
1
2
3
2
1
3
5
3
3
3
5
3
3
4
5
4
3
7
7
3
2
4
1
6
1
2
8
3
2
2
4
1
1
1
3
6
3
3
4
6
2
3
7
5
5
6
6
8
7
11
1
6
5
0
5
6
5
3
8
3
5
1
6
2
6
4
5
5
4
4
6
3
4
1
2
5
5
7
3
4
7
5
1
4
7
2
3
5
0
2
2
2
7
0
2
3
10
5
7
3
4
4
3
5
3
4
2
5
2
2
0
2
6
2
2
6
6
3
10
4
5
4
3
3
4
4
4
4
3
5
5
4
2
2
5
4
2
2
6
4
3
