radiacao de fundo
0
0
0
0
0
0
0
0
0
0
0
0
2
2
4
217
182
97
102
116
137
126
104
91
82
94
132
305
110
109
137
81
99
82
119
130
3205
718
112
545
498
84
83
84
91
73
89
79
81
69
85
81
105
98
85
91
91
101
120
105
129
104
110
133
114
133
112
135
131
129
128
138
126
125
120
120
159
124
120
128
156
139
141
163
162
131
153
184
152
150
143
151
148
149
162
160
168
162
149
157
175
160
200
163
167
159
170
169
152
149
173
195
176
185
169
169
174
168
171
163
175
154
169
161
157
170
158
139
195
143
163
155
151
139
169
153
148
161
136
147
169
150
131
119
143
130
142
119
118
134
115
132
125
96
104
106
119
95
119
118
110
126
2142
1861
102
99
120
116
91
105
111
90
90
102
97
85
102
124
94
104
92
79
88
83
77
112
338
139
93
124
126
67
76
62
79
71
76
95
84
79
81
87
68
70
65
65
58
59
67
68
71
60
62
53
58
66
57
59
65
66
58
51
64
54
60
47
58
60
69
60
52
69
41
44
49
55
58
45
83
61
51
76
37
45
41
31
42
43
33
38
44
35
35
46
47
40
38
36
37
34
35
29
31
38
32
35
54
34
37
33
32
24
44
40
26
40
30
27
35
41
33
48
33
18
31
32
30
32
26
29
25
34
55
45
25
31
24
28
26
30
17
29
33
19
22
23
27
31
24
28
31
21
28
18
32
21
16
25
14
22
19
22
22
32
23
20
18
17
19
28
16
31
29
22
22
21
27
15
30
23
17
16
17
28
26
40
50
27
17
16
20
21
21
12
17
17
16
26
21
14
21
23
20
22
18
25
14
12
19
20
13
15
20
17
18
22
20
17
17
15
14
18
11
17
18
7
12
13
20
11
17
17
22
12
16
14
17
20
15
25
12
17
17
14
10
15
18
14
12
16
16
10
13
12
14
11
13
15
8
13
13
13
11
17
7
11
13
12
18
13
8
15
26
16
12
13
16
12
14
22
9
5
8
11
11
15
14
9
12
3
18
14
4
22
10
14
6
14
9
22
11
15
10
10
12
18
11
12
11
8
10
14
12
14
10
16
14
11
8
12
15
10
12
13
6
9
9
12
12
9
8
15
9
11
13
25
42
37
41
17
14
10
11
8
7
12
6
7
8
8
7
5
5
11
12
5
5
10
11
15
9
5
7
13
5
6
7
8
7
7
13
11
7
13
9
7
12
10
6
6
9
9
8
12
9
8
7
6
4
10
11
4
6
6
7
9
12
11
5
9
7
9
6
9
9
18
9
16
7
5
6
9
4
7
7
6
10
7
10
6
6
11
7
7
5
9
7
8
7
14
25
23
8
6
12
4
7
12
5
5
5
6
10
9
9
5
11
5
7
8
7
6
11
11
3
10
10
4
8
4
5
9
8
8
4
4
6
7
8
8
4
4
6
6
10
11
6
4
7
25
22
7
7
8
5
4
9
6
7
6
6
2
7
6
8
2
6
7
6
9
1
4
9
4
3
3
9
2
9
6
5
6
4
7
4
6
0
2
6
6
6
4
5
7
5
8
5
4
4
6
7
6
5
4
2
2
10
6
8
3
5
4
5
5
8
5
8
6
6
8
6
2
6
6
4
5
4
4
3
5
10
7
6
8
4
4
7
5
9
6
5
4
5
11
2
4
3
5
6
6
3
1
7
5
4
5
7
7
3
5
7
8
7
4
11
6
2
7
4
3
3
8
2
2
1
0
5
6
4
2
4
4
6
2
4
2
4
1
8
7
6
3
4
8
2
6
4
3
2
1
3
1
4
3
5
3
3
2
5
4
3
2
7
2
5
3
6
6
1
6
2
3
7
5
3
4
6
2
3
2
2
5
4
3
5
3
8
4
4
4
6
6
2
2
6
7
6
6
4
2
2
2
2
5
4
5
4
2
6
9
4
3
5
4
2
5
1
6
4
2
1
4
1
5
2
3
4
3
6
4
4
4
7
5
4
7
7
10
4
2
1
5
5
10
3
7
2
5
3
7
4
6
4
2
5
8
5
6
10
5
2
3
2
8
2
5
4
1
0
4
1
3
5
4
2
1
2
2
5
4
4
5
5
3
1
4
3
1
7
5
6
4
15
6
2
8
6
5
2
6
6
3
3
5
3
7
1
5
5
5
2
2
6
5
4
2
3
4
4
3
6
4
1
4
3
5
4
2
1
5
4
5
9
2
2
4
5
4
3
2
3
4
4
5
2
1
0
1
2
2
3
2
4
4
4
0
6
4
4
2
2
4
4
2
1
3
4
1
2
6
0
4
2
4
1
3
1
1
5
0
6
4
5
7
