radiacao de fundo
0
0
0
0
0
0
0
0
0
0
1
0
1
0
4
184
121
79
94
109
121
99
92
85
78
84
83
58
93
74
91
81
83
76
67
87
237
84
73
92
70
102
84
79
81
66
75
77
82
84
70
72
69
81
91
90
96
96
90
91
98
104
118
111
97
113
119
97
122
134
121
95
116
134
133
144
117
128
167
138
167
156
172
157
150
173
196
181
162
159
186
172
162
168
157
185
193
166
180
156
164
164
188
197
160
197
163
181
177
202
157
174
156
166
145
163
164
168
164
157
164
176
164
141
150
158
143
168
161
131
175
145
149
148
152
160
155
139
133
151
129
134
134
129
149
134
131
117
150
106
116
133
110
124
119
111
102
121
132
117
113
224
131
111
107
119
118
96
106
97
102
121
99
106
106
113
111
115
103
90
105
105
90
96
91
97
94
106
100
100
76
74
101
85
86
77
75
81
59
69
87
82
72
70
72
71
62
68
69
72
62
78
64
69
64
55
64
62
70
65
71
65
68
63
62
63
57
52
64
64
41
64
42
55
58
59
82
69
55
68
57
57
50
45
52
47
40
44
48
49
39
54
41
49
44
44
35
41
44
42
37
58
38
35
43
44
55
28
40
42
36
31
37
30
26
38
27
34
39
29
28
28
24
29
29
35
31
27
16
34
50
24
24
31
39
24
27
17
29
21
21
22
31
42
27
22
34
31
26
30
18
17
26
20
18
27
29
26
24
20
21
23
27
23
21
23
25
19
17
32
38
18
18
24
15
21
18
15
24
29
21
20
26
51
25
31
26
17
16
18
25
17
21
21
21
23
14
18
15
19
20
13
20
19
17
20
14
17
20
11
21
21
18
11
18
14
12
17
18
21
19
14
19
18
10
7
21
18
18
23
11
17
15
17
13
22
19
11
19
18
14
11
19
10
17
11
13
15
22
14
14
26
12
7
15
13
21
13
15
11
12
13
14
13
20
20
12
8
8
10
9
18
10
19
9
16
6
18
13
13
7
13
14
10
15
11
16
13
14
8
3
14
18
17
12
19
9
11
8
9
11
14
14
17
9
12
8
10
11
9
8
19
15
11
8
7
14
12
17
10
11
14
8
11
9
9
12
8
15
13
14
13
16
22
17
19
6
8
11
10
13
8
14
11
4
9
12
9
10
12
10
8
16
8
7
12
11
14
6
10
9
13
9
9
7
11
4
10
9
6
5
10
14
4
8
5
10
10
10
17
8
7
7
8
7
8
9
4
6
7
3
8
9
8
11
8
7
9
2
10
16
24
11
4
8
9
12
5
8
0
7
2
7
9
4
9
9
4
5
13
5
10
6
6
10
38
32
9
7
5
6
5
9
11
9
9
7
6
7
3
6
5
4
7
8
3
7
4
6
8
8
4
6
4
6
2
2
2
3
5
3
8
3
6
5
8
6
9
8
6
7
8
6
6
15
21
11
7
4
8
2
9
3
6
2
9
7
5
4
8
5
5
6
7
2
4
6
8
7
3
7
7
4
10
3
10
7
8
5
3
10
8
6
2
3
5
2
4
4
3
7
1
11
8
4
7
6
3
7
6
13
6
9
7
7
5
11
7
10
5
5
5
5
5
6
10
4
2
4
4
3
6
1
4
6
2
5
6
10
13
4
9
4
5
3
3
5
2
3
7
3
4
7
5
3
5
5
2
4
8
5
1
6
4
4
7
2
2
4
3
4
3
7
6
4
5
1
5
6
6
5
8
6
3
3
6
4
11
2
5
3
4
5
8
7
6
6
4
3
3
6
3
2
5
7
3
8
4
4
5
3
5
5
8
5
3
4
9
2
6
3
5
6
8
4
7
4
4
6
2
4
4
4
0
2
4
6
6
6
1
6
5
6
3
1
4
4
2
5
1
4
9
3
4
3
4
4
1
5
6
4
0
3
4
8
5
2
5
3
4
5
6
4
5
3
5
2
4
4
3
8
3
2
5
4
4
1
7
4
10
15
13
7
1
6
1
2
3
5
3
4
5
3
3
1
4
4
5
4
4
7
6
4
9
4
0
4
7
3
7
5
6
6
5
4
2
3
2
7
3
6
1
2
8
3
5
2
2
2
8
7
6
7
5
6
5
5
4
3
2
4
4
5
5
3
4
6
4
3
3
3
6
1
3
5
1
5
5
4
5
5
6
3
9
4
5
1
5
3
2
4
0
3
3
4
1
4
5
1
2
5
5
4
0
6
2
5
5
4
5
3
2
2
1
3
3
4
1
3
7
3
4
4
4
2
3
4
1
4
6
6
5
4
2
4
3
2
2
6
1
5
3
3
3
1
5
1
4
4
3
3
1
129
1667
