radiacao de fundo
0
0
0
0
0
0
0
0
0
0
0
0
0
1
2
173
131
89
87
118
97
109
97
87
70
60
86
90
79
67
87
77
82
81
82
66
143
80
71
86
86
78
95
72
73
75
89
82
88
90
81
63
87
86
86
80
87
78
102
92
91
115
111
96
120
115
123
129
101
117
139
129
151
137
130
138
148
135
160
152
153
146
153
157
150
175
175
157
153
161
175
158
154
151
158
169
173
178
174
165
156
152
169
183
148
161
180
174
187
196
172
171
216
164
194
173
181
165
164
151
170
177
166
167
158
159
158
173
158
147
143
164
152
131
155
158
146
166
164
141
135
147
134
127
146
153
114
128
134
132
133
124
108
120
123
125
120
131
131
114
120
178
131
112
127
104
122
105
101
116
124
98
110
93
109
109
104
90
117
98
74
63
106
86
91
89
101
97
90
75
88
81
81
80
66
71
88
79
73
75
72
72
76
77
70
68
72
78
63
85
70
67
67
64
65
70
70
72
40
64
63
68
78
63
64
69
56
45
47
33
59
38
56
67
58
54
100
70
53
51
65
42
44
41
53
41
41
48
35
38
35
55
44
34
44
38
35
40
36
29
35
34
36
44
43
33
52
47
38
44
35
51
37
38
27
46
44
39
33
37
33
37
30
38
29
36
43
27
35
58
43
39
30
28
24
31
28
33
28
24
28
37
39
28
19
24
25
22
37
22
22
21
22
25
33
18
24
20
21
36
29
25
27
24
16
27
23
22
30
19
29
27
23
31
22
22
23
20
21
18
19
25
30
58
23
20
18
26
19
19
17
21
18
13
13
25
21
22
18
14
14
21
17
17
21
19
17
10
17
16
15
15
23
29
13
18
22
16
15
21
14
17
15
17
18
13
15
20
18
18
21
16
19
21
15
16
14
18
21
17
13
14
12
13
18
8
19
17
10
18
9
13
15
11
16
14
18
17
13
10
17
11
10
16
13
12
18
14
15
7
19
11
17
13
11
13
17
10
10
12
24
16
15
10
14
9
9
11
19
18
10
16
14
12
15
17
14
14
9
18
6
8
13
7
6
10
11
12
7
10
12
16
8
8
12
14
8
14
9
7
9
11
15
7
9
13
9
7
11
10
16
13
25
31
18
13
6
12
11
11
9
7
14
7
9
13
7
9
10
11
11
4
10
9
13
4
14
6
3
4
7
7
11
5
8
5
9
11
7
10
17
8
10
6
6
8
12
8
6
11
9
10
5
11
4
6
7
12
8
6
6
14
11
10
12
7
14
7
7
10
17
15
16
7
6
9
7
6
12
9
7
5
10
6
6
9
6
8
5
7
8
2
11
4
13
44
29
8
6
6
4
7
10
7
8
8
4
9
8
8
9
7
9
14
8
8
8
5
6
5
8
7
7
6
7
7
12
7
5
5
7
10
6
12
8
3
2
8
3
11
7
6
7
9
23
27
6
8
9
7
8
3
2
9
8
10
8
2
2
4
6
6
7
4
9
7
4
10
10
11
5
7
7
2
7
5
6
6
3
10
5
5
1
2
9
2
5
1
4
6
4
5
6
6
6
6
3
3
5
5
13
7
6
6
4
5
10
7
3
8
3
7
2
11
6
8
6
4
6
7
2
4
4
4
5
5
3
4
4
4
6
2
7
9
4
4
6
4
7
2
8
4
3
4
7
8
7
6
5
6
10
8
4
6
1
4
3
3
5
3
9
8
4
5
4
4
9
3
6
8
4
11
4
6
2
2
4
5
4
2
6
7
4
7
5
9
8
3
0
2
4
3
7
4
6
1
5
8
2
1
7
3
5
2
3
4
1
6
2
4
6
1
7
8
7
3
5
5
4
2
6
5
8
7
3
5
7
6
5
8
5
5
4
5
6
5
3
3
3
0
2
6
7
5
0
5
1
8
1
4
5
7
8
6
5
2
3
9
3
3
3
4
6
4
1
4
8
0
7
5
3
5
6
1
4
4
5
3
10
13
12
8
5
3
0
9
4
4
5
3
3
4
4
5
8
4
2
4
6
2
4
4
6
1
3
3
3
2
3
1
3
2
4
4
5
5
2
3
5
2
5
6
7
2
4
6
4
5
6
6
3
6
5
9
7
5
8
6
4
3
7
4
4
5
3
5
4
3
4
3
8
6
5
2
9
3
2
0
4
3
5
3
3
2
5
3
0
3
4
1
3
4
3
5
2
6
1
5
3
3
2
6
3
4
1
4
3
1
3
4
3
1
3
6
3
4
7
4
6
5
4
4
3
5
6
6
3
5
2
4
4
2
1
2
3
2
5
5
6
3
3
7
4
4
2
4
3
9
2
2
1
1
0
1808
