radiacao de fundo
0
0
0
0
0
0
0
0
0
0
0
1
4
5
4
230
132
143
132
98
122
111
102
76
83
75
81
77
92
81
90
76
88
86
79
89
124
73
78
82
79
80
93
87
64
79
88
77
80
98
90
77
78
74
82
77
99
85
83
97
104
90
87
96
113
105
114
126
112
122
130
139
141
140
159
118
149
120
146
147
139
160
149
171
168
164
180
154
166
172
150
167
157
181
183
167
164
173
174
176
168
150
163
155
160
187
195
146
160
175
183
167
178
180
173
161
177
151
200
169
149
177
153
160
174
149
181
167
160
151
193
153
166
140
163
145
154
146
172
137
149
146
147
179
147
131
151
132
157
134
119
127
121
129
116
114
111
126
132
133
113
181
155
93
114
108
118
132
110
108
115
129
116
98
119
104
103
94
100
95
100
96
76
112
87
93
99
114
77
105
71
64
80
90
73
87
85
73
76
68
84
75
59
72
75
74
79
68
72
92
63
66
63
64
63
76
52
76
63
59
69
70
61
54
50
56
46
57
48
72
61
70
69
57
63
66
58
79
48
46
67
57
49
38
50
48
42
48
40
33
41
47
53
46
51
40
42
42
34
46
31
31
44
41
46
48
47
32
30
35
32
31
33
39
35
34
29
31
23
36
29
36
30
32
30
36
30
41
34
38
58
40
25
34
26
33
26
29
37
25
36
28
30
24
42
20
29
29
31
26
26
21
25
24
31
29
28
19
31
24
21
24
29
21
21
26
22
20
30
18
36
25
21
26
24
25
19
21
28
27
21
17
23
48
46
31
24
18
15
20
21
15
23
17
18
25
19
17
14
22
21
18
16
21
16
18
17
19
14
21
21
11
24
13
15
23
15
23
20
25
13
17
15
11
14
23
13
15
11
11
15
11
21
15
11
15
16
22
22
15
11
12
16
14
10
18
12
13
23
16
16
17
10
16
14
15
19
15
12
12
18
13
9
10
13
16
18
15
14
13
11
17
16
19
10
15
14
12
18
14
12
11
10
13
21
9
12
18
7
12
11
9
7
7
13
10
13
9
12
14
11
10
13
15
11
9
17
7
8
14
12
13
14
5
14
6
14
15
5
12
13
5
10
5
7
15
11
17
16
6
8
17
21
22
14
17
19
12
6
7
11
6
4
11
5
9
11
12
7
16
7
7
14
10
12
9
7
8
5
9
6
11
10
10
7
8
5
12
5
5
8
10
8
5
4
14
10
13
13
7
5
6
14
15
14
8
6
8
4
6
7
10
10
8
10
5
10
10
13
12
16
27
17
10
7
14
7
13
18
7
8
10
8
8
7
7
10
9
4
8
8
10
3
7
7
33
27
14
10
8
6
4
12
7
7
11
7
7
10
1
10
8
4
8
5
7
6
11
8
10
10
3
4
6
7
2
4
4
5
6
6
8
8
6
3
10
5
6
7
5
10
8
9
11
14
19
11
11
8
6
5
6
6
3
7
10
9
2
6
8
3
3
11
5
4
8
7
12
6
6
3
7
9
2
5
11
6
9
8
3
7
6
5
6
5
10
13
6
9
11
9
5
7
7
3
6
7
4
7
3
4
3
11
3
7
8
9
8
3
4
5
4
5
9
6
4
3
3
4
6
4
5
3
9
9
6
6
3
3
3
3
5
9
10
7
9
8
5
7
5
4
6
6
4
3
12
10
14
9
5
4
5
5
5
7
4
0
6
10
8
6
4
6
7
9
2
4
5
6
10
7
2
8
8
2
5
3
6
8
5
3
6
6
2
4
7
8
5
0
3
8
4
3
4
5
7
4
4
5
3
4
4
4
1
7
2
2
3
2
7
6
4
6
7
8
5
3
2
1
4
2
9
7
2
3
10
6
6
5
3
5
6
8
5
1
3
4
3
3
4
4
5
4
1
2
3
2
7
4
3
6
6
8
5
4
3
4
3
7
2
6
3
8
2
4
4
3
7
4
3
0
4
2
3
3
4
4
8
11
5
9
13
8
7
1
0
3
5
8
7
7
6
3
1
4
2
5
5
3
7
2
8
5
3
1
3
4
1
8
3
4
5
7
5
4
6
3
6
3
4
3
5
4
2
6
1
4
6
1
5
7
7
6
2
6
11
6
3
7
5
4
0
1
1
2
6
3
3
7
6
3
2
3
3
4
4
4
3
7
6
1
2
3
2
6
2
5
5
7
4
6
3
3
5
2
4
3
2
0
3
5
3
5
5
7
6
4
6
7
5
5
3
9
3
0
2
4
1
3
3
4
8
6
3
1
1
3
2
4
5
5
1
6
2
7
2
3
3
4
2
1
4
3
1
7
3
3
4
8
5
3
5
2
1948
