radiacao de fundo
0
0
0
0
0
0
0
0
0
0
0
0
0
1
0
213
122
96
108
110
122
126
86
92
60
76
80
117
81
124
90
71
82
83
84
91
558
201
73
150
149
78
88
89
62
79
68
69
82
62
76
85
90
77
74
72
76
88
98
97
94
114
108
113
102
110
125
96
107
119
115
141
142
121
134
149
99
132
143
137
142
171
144
157
143
151
171
144
144
162
157
156
151
167
177
177
199
150
186
161
179
158
159
165
170
161
173
188
157
158
162
156
178
184
162
168
165
154
169
173
209
165
203
172
178
149
161
170
166
149
158
173
161
166
139
147
157
165
152
156
124
150
152
143
127
132
126
133
140
111
163
142
150
123
136
126
109
134
126
119
134
93
411
480
100
113
112
101
91
91
111
108
111
102
91
127
101
95
96
88
86
93
98
100
99
83
130
99
85
101
92
100
82
75
79
78
77
86
78
77
76
90
70
70
71
76
71
68
77
74
70
71
65
68
73
59
67
75
67
61
62
60
79
73
54
67
46
63
45
52
54
47
63
47
42
51
56
52
92
80
55
48
53
53
61
45
40
48
45
52
44
38
44
49
46
57
45
48
52
46
38
39
36
32
38
30
33
37
43
45
31
42
36
42
43
37
39
37
40
22
38
33
24
37
33
37
31
28
38
38
29
32
49
38
39
28
33
32
31
34
26
31
26
22
31
19
24
29
27
22
37
22
32
36
20
29
20
25
25
37
20
23
18
33
30
27
20
35
26
19
32
21
25
33
26
23
17
28
16
19
20
17
24
17
20
19
74
36
16
15
22
18
14
18
21
15
20
10
19
16
19
19
20
20
12
21
23
23
18
13
20
18
11
20
22
15
20
18
25
11
18
23
22
17
18
13
20
18
21
22
11
15
17
22
23
14
17
19
16
16
16
27
19
12
11
14
15
8
5
13
16
13
11
14
10
15
14
18
12
14
13
11
19
17
14
11
15
9
14
17
23
10
14
9
19
11
8
14
15
8
11
20
14
7
10
10
10
19
15
14
12
16
19
11
15
10
10
7
11
9
7
16
21
13
13
7
11
11
11
6
9
9
11
7
11
2
9
10
11
5
12
10
12
8
12
9
12
12
14
13
14
8
11
16
8
17
30
34
26
18
16
10
4
7
15
11
10
13
10
13
9
7
9
18
13
6
8
9
8
8
8
7
10
9
9
8
8
7
8
5
8
7
12
10
8
10
13
11
10
12
3
12
7
5
10
17
10
11
10
7
11
9
11
11
9
9
8
6
8
6
9
12
5
8
13
17
24
13
7
3
5
4
13
10
8
9
5
8
4
8
11
8
1
8
6
4
7
2
12
16
32
32
9
5
4
2
8
6
3
7
11
7
6
3
7
8
4
5
9
2
4
5
5
3
3
4
4
8
8
2
16
13
7
11
3
6
9
6
4
7
4
6
4
5
3
5
6
3
5
17
17
18
12
6
4
7
8
7
3
9
6
4
7
5
4
6
4
5
6
3
9
4
9
2
4
7
7
3
7
5
5
4
7
7
5
3
7
4
7
7
5
4
4
3
5
5
4
6
2
1
5
9
8
8
7
4
5
10
8
7
7
8
6
11
3
8
10
9
5
8
8
11
3
7
6
9
1
5
7
5
7
6
6
3
4
5
10
4
9
6
4
6
8
4
5
7
9
8
4
6
5
9
3
4
5
4
6
2
1
6
4
4
5
8
2
5
6
7
11
5
4
6
4
5
5
3
2
7
10
8
6
3
2
3
2
6
1
9
4
6
8
6
3
2
3
4
2
7
5
4
4
5
4
3
2
2
6
4
5
6
7
3
5
6
4
6
5
5
2
6
6
3
4
7
4
0
5
1
2
6
3
2
3
3
5
7
4
5
11
5
7
2
1
5
5
3
7
6
5
7
4
3
7
4
4
5
3
2
7
2
3
3
5
2
7
3
2
6
4
4
2
2
9
2
3
3
3
2
4
2
6
1
5
6
3
5
4
13
12
5
6
3
2
5
4
4
5
6
2
2
2
1
5
2
0
2
5
4
5
4
2
1
6
7
1
4
2
5
3
6
7
5
4
1
1
2
3
3
2
1
2
3
6
1
1
2
4
4
2
6
7
6
12
6
6
3
3
2
5
4
4
0
3
4
3
6
4
3
2
2
2
4
2
2
3
3
3
2
1
6
4
2
4
2
3
3
1
5
6
4
2
3
2
2
0
5
4
3
4
2
2
2
4
3
1
6
2
7
3
3
2
0
7
2
2
4
3
4
2
3
3
4
4
4
5
4
4
4
5
4
4
2
7
2
4
3
5
2
3
4
4
2
1
2042
