radiacao de fundo
0
0
0
0
0
0
0
0
0
0
0
0
0
1
6
338
222
187
148
143
123
108
100
79
73
58
82
103
100
94
104
90
69
66
68
64
148
77
84
87
75
73
86
84
74
91
63
74
60
76
67
81
69
76
85
79
94
88
92
94
107
80
102
102
113
105
124
108
134
142
133
146
132
156
116
132
137
137
174
165
146
160
158
169
131
160
138
143
164
161
166
167
134
166
171
186
173
173
186
173
187
170
181
185
163
168
172
157
173
155
160
176
165
176
190
172
173
151
139
163
167
166
177
159
162
128
170
167
157
197
152
151
179
170
160
189
146
168
138
137
155
135
163
150
142
150
126
129
132
151
116
153
133
134
140
134
139
118
122
112
111
196
127
113
120
149
98
136
101
108
111
104
100
97
87
103
90
110
98
83
94
103
102
92
104
97
92
108
82
85
99
94
78
92
91
90
90
88
91
77
80
84
78
78
64
69
69
78
74
74
64
62
74
63
75
63
70
67
69
61
68
69
54
70
65
56
58
63
66
59
65
45
66
53
61
57
77
68
53
50
60
41
51
49
37
44
42
43
46
43
40
35
46
44
48
34
43
43
52
43
39
45
46
32
33
50
38
37
29
33
24
46
42
34
39
34
36
34
40
48
35
30
24
36
31
35
27
37
33
47
62
27
17
32
30
34
28
21
29
35
21
42
24
27
31
22
38
24
29
23
29
27
27
31
24
31
17
31
19
29
27
28
21
26
30
31
32
25
14
25
33
28
18
19
17
23
23
21
23
18
24
19
32
73
34
14
18
23
17
20
23
22
20
19
26
8
17
25
27
11
11
22
11
20
22
18
15
17
20
14
23
20
24
18
22
12
20
20
12
22
10
18
30
18
12
17
16
18
15
17
19
16
19
23
22
17
17
17
11
14
11
14
10
21
19
20
15
15
11
12
15
15
8
10
17
16
17
9
17
15
18
20
14
13
20
11
14
6
12
11
9
12
7
11
13
13
8
10
11
7
7
9
10
17
11
7
17
15
18
13
9
8
10
14
12
12
15
12
14
11
14
14
11
9
11
12
4
11
10
13
8
7
3
5
15
9
12
9
13
10
10
12
18
9
6
9
13
10
16
6
14
15
36
24
20
9
17
6
8
4
11
11
11
12
10
9
12
9
9
9
10
15
9
6
11
5
11
6
10
10
8
8
4
12
8
8
11
11
11
12
5
8
7
6
6
12
15
6
9
11
12
9
8
7
11
6
11
6
5
9
5
8
9
12
8
8
10
10
7
9
17
23
9
6
8
6
5
11
5
15
3
7
5
8
11
6
5
9
9
7
10
9
9
7
10
35
22
7
10
5
6
7
11
8
6
10
12
4
7
9
5
4
8
2
8
6
6
8
10
4
0
3
9
12
12
7
5
8
11
8
8
4
7
5
8
9
5
4
6
3
10
9
7
11
18
21
13
9
7
8
6
5
5
10
4
8
3
4
13
8
7
3
7
4
2
9
4
3
5
5
8
12
3
5
12
2
7
5
5
7
2
9
4
6
5
4
3
10
9
6
3
7
5
5
9
8
5
4
7
7
6
6
7
3
6
9
8
8
7
9
9
5
5
6
3
4
5
4
5
5
9
7
9
7
9
3
6
6
5
3
4
6
2
2
8
2
5
4
7
7
4
7
3
5
5
7
7
5
6
5
4
3
1
3
5
10
6
2
5
5
7
8
3
7
3
4
9
6
4
3
5
6
8
3
5
9
4
5
5
4
6
4
6
5
5
6
4
4
4
8
7
1
3
6
2
9
2
4
2
4
6
6
2
10
4
6
6
8
6
6
4
2
13
2
7
1
4
7
2
2
3
8
3
3
6
7
4
2
1
6
3
6
10
5
2
3
3
1
1
5
6
5
4
4
4
1
4
4
6
2
1
5
3
4
3
4
3
3
2
3
4
2
5
2
2
2
3
2
3
3
3
3
2
8
4
4
9
3
6
8
10
9
8
5
4
5
6
3
7
3
3
2
5
5
3
4
8
5
3
1
2
8
3
5
5
5
1
8
4
7
6
4
1
3
3
2
3
4
5
5
9
4
1
3
4
4
2
4
2
3
9
8
5
6
7
4
4
6
4
4
4
3
1
6
4
2
3
3
1
6
2
8
1
5
2
5
5
5
4
3
1
2
4
3
2
6
3
1
5
2
3
3
3
3
5
3
6
3
3
7
5
1
5
9
1
3
2
0
5
2
8
3
4
8
3
1
2
4
7
1
1
6
5
3
2
3
3
3
3
4
4
3
0
1
4
5
4
5
7
1
3
4
2
4
7
3
8
2
6
6
2
1
2
1863
