radiacao de fundo
0
0
0
0
0
0
0
0
0
0
0
1
0
0
1
185
116
85
93
109
97
100
95
78
73
68
90
125
101
95
100
96
96
74
68
75
529
98
80
175
86
73
75
81
61
58
80
71
69
85
69
75
82
82
74
102
87
82
115
117
90
97
108
113
113
102
117
93
128
130
104
117
132
129
124
130
155
139
166
136
151
150
145
129
165
142
147
166
154
140
151
171
172
157
164
152
144
197
155
187
160
146
184
179
179
180
171
162
166
182
174
174
186
168
163
198
128
166
163
166
149
159
156
154
153
136
157
162
172
138
144
160
142
152
144
163
144
134
144
127
122
123
143
149
151
148
127
128
140
144
149
137
125
132
138
112
141
119
129
113
113
474
239
118
88
114
106
107
89
105
104
122
75
107
106
117
93
100
98
92
86
99
100
78
99
124
95
98
106
69
107
87
102
72
85
83
74
66
92
75
60
94
76
73
73
67
79
73
63
79
68
66
69
58
71
61
83
57
68
75
65
57
50
72
71
54
63
57
57
48
71
58
61
63
55
51
71
83
43
57
45
43
52
46
54
43
41
47
56
38
37
47
40
32
41
25
39
44
35
43
52
39
37
35
22
36
57
38
39
33
35
47
33
37
39
20
30
36
38
39
31
31
31
27
36
32
21
33
40
49
54
35
26
29
28
30
40
31
29
31
23
26
26
33
24
27
28
34
27
28
24
24
22
27
25
28
29
25
31
16
19
31
22
20
19
19
22
26
27
27
33
22
19
28
19
22
19
12
23
27
20
29
29
68
35
19
20
20
17
18
17
12
22
20
25
18
17
14
23
24
16
15
23
28
22
26
20
16
20
18
22
18
15
13
11
17
17
16
14
27
16
18
17
20
13
18
14
13
11
13
16
11
17
6
21
16
26
15
18
10
9
12
11
14
17
19
14
14
10
19
16
13
27
12
12
10
13
20
14
17
15
12
15
13
13
19
11
9
15
12
9
8
18
13
16
10
18
13
13
12
12
9
12
11
12
12
16
19
10
14
12
8
11
10
4
7
14
6
14
11
12
13
15
10
10
9
13
10
13
10
14
6
13
13
13
12
6
8
11
8
14
13
9
13
9
3
11
11
11
9
10
18
16
32
28
9
6
6
7
8
6
5
6
17
11
11
10
14
9
6
2
9
7
11
4
8
8
7
12
7
14
8
8
6
13
8
6
11
13
5
9
11
4
9
2
7
4
8
3
9
6
8
7
8
11
7
6
8
6
9
11
6
11
8
4
3
8
8
5
10
8
31
15
7
8
5
5
7
8
5
4
4
5
8
7
8
7
4
5
14
7
9
7
11
11
18
34
14
8
12
5
4
5
8
9
7
5
6
5
5
12
5
7
6
8
7
7
4
4
9
8
8
6
9
10
6
6
8
2
6
8
5
10
2
8
3
10
11
9
8
7
2
4
12
9
28
10
4
5
8
8
6
8
8
0
2
6
8
7
9
8
7
4
8
12
18
6
3
10
3
1
12
7
4
7
5
4
4
3
5
5
12
8
5
2
6
1
6
2
4
6
10
6
6
7
3
3
5
4
3
6
3
9
7
10
5
9
7
7
2
3
4
5
7
6
8
8
3
6
6
6
3
3
5
2
6
5
1
2
4
2
4
3
3
4
5
7
7
6
4
2
6
11
3
6
11
3
8
3
1
11
5
5
5
2
2
2
4
6
2
6
3
4
6
3
5
7
6
2
3
10
2
8
2
3
4
4
8
3
4
7
4
4
5
3
7
9
8
7
3
9
5
3
2
5
5
4
4
5
5
7
5
3
6
6
3
2
4
3
6
2
10
6
3
6
5
7
3
6
8
6
4
1
5
1
3
6
2
7
2
2
2
8
3
6
2
5
8
6
9
3
1
3
3
6
3
0
5
5
3
4
0
0
4
8
4
8
3
2
3
6
1
3
1
2
9
3
5
2
2
1
2
6
0
7
2
3
3
9
7
7
16
3
11
6
7
4
3
2
5
5
5
5
4
2
6
2
7
4
5
6
3
9
6
4
3
5
7
3
4
2
6
3
2
5
5
1
3
5
2
4
8
1
1
4
2
5
3
4
2
3
4
2
5
9
11
4
2
3
3
2
2
5
4
4
5
5
5
3
7
3
0
2
2
1
3
1
4
1
6
4
5
4
3
5
5
6
4
2
0
3
6
2
3
2
5
4
1
5
4
1
5
3
3
4
4
5
7
5
2
1
6
4
6
5
3
3
6
5
2
5
8
2
5
4
1
2
7
1
3
4
3
5
5
5
2
3
2
5
3
4
0
4
4
4
3
6
4
4
3
7
3
1
1836
