radiacao de fundo
0
0
0
0
0
0
0
0
0
0
0
0
6
2
1
196
133
83
88
105
119
144
111
74
81
73
108
147
91
97
90
92
72
85
93
81
803
268
75
201
174
82
71
79
72
58
77
72
76
77
77
80
87
72
77
87
97
95
102
92
98
89
105
104
98
129
102
116
110
110
132
111
117
148
126
122
137
137
144
156
160
152
133
181
162
160
145
158
152
171
141
157
180
154
186
168
167
156
141
152
172
167
163
181
149
153
176
175
161
173
175
196
175
146
173
163
167
168
169
173
184
176
173
158
190
164
161
151
189
154
142
140
149
138
172
140
166
145
147
150
130
129
139
130
129
141
127
142
131
120
132
123
119
133
149
101
115
125
125
129
124
110
586
553
123
114
111
138
105
106
88
104
119
130
98
93
104
97
101
85
87
98
99
115
87
100
148
88
92
107
94
87
95
105
80
69
80
64
78
74
80
65
66
71
74
74
80
65
76
62
72
78
77
50
61
51
68
68
75
63
61
56
62
65
50
57
64
57
46
63
57
61
51
58
50
59
60
52
95
73
58
57
59
50
45
47
59
42
44
62
52
43
49
49
35
52
39
47
53
28
44
30
37
44
35
49
44
31
33
42
32
52
33
45
25
28
33
30
40
34
50
36
31
29
32
33
38
29
34
29
41
35
59
30
35
22
31
32
23
33
27
36
28
35
34
30
27
31
26
28
27
28
32
19
29
22
33
27
29
20
19
17
24
31
19
39
21
19
34
21
19
26
20
43
23
26
22
27
22
25
22
19
22
19
15
35
75
21
22
18
24
16
15
21
17
31
26
17
25
21
20
22
14
18
20
15
22
18
13
16
22
19
15
24
12
16
18
15
26
15
19
23
19
20
12
17
19
17
14
26
11
12
19
17
13
15
14
10
15
22
12
17
10
12
15
13
13
12
17
15
7
17
14
18
16
9
9
11
21
15
6
17
14
15
11
12
12
17
13
16
16
19
15
10
17
15
10
13
9
12
7
18
7
19
13
13
10
9
6
13
19
18
22
15
16
7
12
12
10
9
14
17
5
8
15
16
13
10
12
13
11
13
14
9
17
8
8
11
8
7
9
10
12
8
10
13
10
8
16
11
12
7
10
13
14
16
37
36
22
11
10
11
15
11
9
8
12
11
9
11
7
12
14
4
13
6
5
12
6
5
8
8
11
9
12
10
8
10
15
8
9
9
12
10
10
8
10
6
5
10
10
8
14
11
6
7
12
9
8
5
9
9
8
12
8
8
8
6
8
8
9
6
7
7
9
17
6
11
9
11
7
8
10
6
8
9
13
10
5
11
12
12
9
7
10
4
9
8
11
13
36
20
12
5
8
13
11
8
7
6
11
9
3
6
5
7
6
5
7
4
5
10
2
8
4
5
12
10
4
6
4
2
7
3
6
5
6
11
7
6
13
6
7
7
10
4
5
7
6
19
14
11
5
7
5
5
4
11
6
7
7
9
5
9
4
5
5
4
4
7
3
4
7
8
6
7
9
9
7
5
8
4
5
8
4
2
0
4
6
5
4
7
6
11
8
2
2
5
7
3
7
7
7
8
7
2
5
2
8
5
3
9
3
4
5
3
3
5
4
4
3
4
5
8
7
7
9
6
7
7
7
3
4
8
8
6
6
7
6
10
5
6
10
4
5
4
6
3
6
9
4
11
6
2
4
3
6
5
4
3
9
8
2
4
9
8
4
5
7
6
7
4
2
5
0
8
4
4
6
5
5
4
3
4
3
7
10
2
9
4
3
4
3
6
4
7
2
2
10
3
7
5
6
4
7
6
5
6
5
5
5
5
6
8
1
7
4
1
3
6
5
6
5
5
8
5
6
4
6
5
6
4
5
7
4
3
8
2
5
3
2
4
3
6
5
8
2
6
1
7
3
1
4
3
4
4
3
3
4
6
10
6
0
7
3
4
5
5
4
6
4
2
0
3
7
3
2
3
2
9
6
5
2
3
6
6
5
12
16
5
8
3
4
2
3
3
4
4
2
3
5
2
6
4
2
5
3
5
3
4
9
6
3
5
7
6
1
2
4
4
3
8
3
4
1
4
3
6
4
5
7
6
2
4
2
3
3
3
4
7
6
6
10
7
3
4
4
6
5
5
4
6
2
2
4
2
7
4
2
3
3
2
1
4
2
4
1
5
4
3
0
1
4
1
3
4
7
2
5
4
6
6
4
2
3
2
6
1
5
3
2
2
1
5
2
6
6
7
4
2
1
2
3
6
5
4
4
4
2
1
5
2
4
1
6
4
2
2
3
0
2
0
2
3
6
0
6
4
6
1
4
6
1
1947
