radiacao de fundo
0
0
0
0
0
0
0
0
0
0
0
0
1
0
3
202
132
102
103
109
108
98
103
79
79
85
93
84
97
87
68
98
71
89
76
68
95
92
84
77
77
76
85
88
77
64
72
75
80
82
70
81
90
74
73
92
93
93
96
90
112
127
113
117
91
126
129
116
107
149
124
126
127
124
151
151
160
162
163
147
155
177
132
171
168
148
151
164
138
151
153
168
168
162
172
184
172
176
149
161
174
164
156
159
175
167
185
200
160
175
179
196
156
175
172
177
156
190
172
184
160
161
183
165
144
168
171
178
164
171
162
148
150
190
160
153
156
141
149
142
150
151
154
151
151
139
163
135
135
135
142
151
140
138
102
122
127
106
124
125
107
96
122
137
117
104
105
143
113
114
132
114
115
108
106
111
95
114
72
95
85
105
101
80
96
91
89
86
82
84
78
96
82
77
66
82
93
87
91
69
76
80
65
72
71
75
73
78
74
78
58
67
70
60
80
85
59
75
67
64
52
60
64
72
61
63
64
57
63
64
61
61
45
66
66
51
60
55
73
90
51
68
56
39
41
60
48
45
43
37
46
48
40
47
46
59
35
52
42
44
52
45
45
42
44
35
41
38
40
36
36
40
50
28
29
29
28
43
43
38
34
30
31
28
33
36
40
33
28
33
29
41
38
44
29
36
37
29
37
31
25
34
37
32
49
17
26
31
34
23
24
28
33
32
22
26
28
31
20
27
28
24
20
36
30
27
21
25
36
23
32
21
36
30
26
19
34
14
25
17
25
26
16
20
22
40
71
21
22
15
24
21
20
17
19
18
19
18
23
17
22
24
19
27
16
22
22
23
18
16
24
25
16
27
25
13
17
16
22
19
11
21
12
17
17
12
17
15
21
13
17
18
19
12
15
15
9
13
16
20
19
14
10
15
23
20
15
12
14
22
14
14
12
22
14
12
14
15
10
19
15
12
16
9
16
17
17
18
13
11
12
13
15
12
12
15
13
8
12
21
18
10
14
11
17
16
9
7
11
11
15
18
19
12
14
13
20
11
15
11
8
17
10
12
16
11
15
8
9
13
15
11
7
10
14
12
10
7
11
7
10
8
11
10
5
9
10
12
10
12
14
10
5
10
10
11
22
20
20
10
7
10
13
8
12
4
12
7
15
12
12
9
12
9
12
9
10
10
10
10
11
8
12
5
11
9
16
10
9
11
7
9
12
5
8
11
9
13
5
7
6
5
6
7
7
12
8
6
9
5
9
7
6
13
6
10
7
9
4
13
11
11
10
12
5
21
25
14
6
8
12
11
12
9
7
6
8
2
7
8
9
7
2
10
5
5
8
10
12
11
26
29
16
4
5
6
6
6
7
8
4
8
7
6
3
10
10
5
5
8
7
9
8
8
4
5
6
4
6
5
7
7
6
4
4
6
9
8
7
7
16
6
13
3
9
5
9
2
8
11
25
12
10
2
6
7
5
7
9
5
4
3
9
4
5
4
9
6
6
4
8
3
8
2
6
6
7
6
5
5
5
6
8
7
6
3
6
14
2
7
6
5
5
8
10
9
10
10
4
3
3
5
7
9
4
9
8
8
7
7
7
9
3
7
5
9
8
9
3
8
6
5
10
3
5
9
4
10
7
8
2
4
8
6
4
5
7
6
9
12
3
7
3
5
6
3
4
7
2
4
4
10
5
8
9
8
2
6
9
3
4
2
4
5
4
7
5
7
10
6
2
7
4
9
8
9
7
5
10
6
6
4
6
3
6
5
2
3
9
4
1
3
6
12
2
2
3
1
7
4
5
6
6
8
2
3
6
6
4
2
6
4
2
5
6
7
5
5
3
9
5
4
2
3
6
4
5
6
8
2
2
8
2
5
3
4
5
5
7
6
12
6
4
7
5
4
3
4
4
5
5
3
6
3
5
6
3
4
4
7
3
4
3
5
10
2
7
6
2
8
6
4
5
4
3
2
1
4
4
2
1
3
3
3
5
3
6
13
7
7
3
5
3
5
1
6
3
4
2
4
7
4
3
5
4
5
4
2
6
5
3
4
3
3
4
0
6
3
6
2
5
5
2
7
1
8
8
5
4
6
5
4
2
2
6
9
4
2
6
4
6
6
4
11
8
4
3
2
3
7
5
3
6
4
5
4
3
4
3
6
6
4
3
1
2
3
2
8
3
2
6
3
5
3
7
6
3
2
4
6
1
3
1
4
3
4
6
6
6
4
3
3
2
0
3
4
6
4
3
3
2
3
3
3
4
8
5
1
5
4
5
4
7
1
7
3
6
6
3
2
1
7
3
6
3
6
4
6
4
3
3
2
4
2002
