radiacao de fundo
0
0
0
0
0
0
0
0
0
0
0
0
1
0
1
203
131
91
93
126
134
129
110
79
76
88
139
264
95
92
148
82
90
76
102
123
2596
551
99
492
386
91
88
89
92
61
81
71
73
97
85
99
85
97
86
102
94
91
87
118
148
106
108
119
112
116
130
137
138
154
122
129
120
121
132
131
163
118
143
152
155
147
151
157
173
159
143
136
153
140
167
165
176
150
145
177
157
170
174
180
187
181
162
178
149
179
208
169
171
167
165
156
165
178
186
173
193
157
165
148
175
159
165
143
198
154
170
150
159
154
168
150
154
154
174
164
174
140
162
133
151
140
132
162
130
155
125
142
97
131
157
122
133
139
116
133
112
128
118
111
101
134
1970
1362
116
105
110
101
135
106
92
114
113
105
123
104
97
97
113
91
92
88
98
92
103
97
298
116
103
120
107
95
72
77
79
103
77
89
84
86
68
73
82
76
76
66
59
76
73
66
92
52
58
63
56
57
59
58
59
53
54
57
67
60
49
59
63
58
52
39
53
45
45
62
47
53
46
51
104
53
49
53
47
61
39
46
49
43
42
35
46
34
51
51
52
47
36
46
37
21
43
39
38
41
41
40
42
35
32
32
27
36
40
32
36
40
34
29
24
40
45
34
36
33
36
40
36
29
26
46
36
32
58
33
24
26
31
33
27
21
28
27
27
24
25
27
26
25
28
26
17
30
22
18
19
19
20
28
20
31
17
28
31
33
31
22
32
17
27
28
28
29
23
37
22
25
25
15
19
18
25
17
21
29
23
38
46
33
22
29
22
15
27
16
14
21
21
14
22
19
23
15
21
12
30
20
16
25
14
16
19
17
17
28
14
20
14
18
18
20
20
13
10
14
16
15
13
13
17
15
16
16
11
13
18
11
22
18
14
14
16
18
20
9
10
16
20
17
10
19
15
14
14
11
16
23
18
11
14
11
12
14
9
20
11
9
12
11
15
7
14
19
19
14
12
16
15
16
13
12
16
12
16
12
10
8
11
16
11
7
11
8
19
16
7
11
15
7
12
9
11
10
14
15
12
20
12
11
10
8
10
14
11
12
15
18
12
7
8
12
14
8
8
8
13
9
10
13
12
6
10
4
9
7
10
21
38
40
27
24
13
9
8
8
11
7
9
5
12
10
11
8
7
14
8
7
8
9
9
10
14
8
15
8
2
13
11
13
12
4
13
13
11
12
7
9
3
12
11
9
7
8
9
7
11
6
6
10
8
7
7
10
10
3
13
15
5
7
8
10
8
9
9
15
15
23
19
11
7
4
3
4
11
6
10
5
4
8
6
9
9
11
3
11
4
4
12
5
11
14
26
21
7
5
3
5
4
6
7
6
8
9
10
9
5
8
10
13
3
5
4
8
4
6
10
5
8
3
8
11
4
6
12
4
7
4
5
4
2
5
11
6
9
6
8
11
6
12
9
23
29
14
11
6
7
7
10
8
5
6
5
8
4
9
9
3
3
4
10
5
4
5
7
7
5
8
5
6
5
5
1
6
9
4
2
9
4
5
6
8
5
8
1
4
9
7
10
4
4
7
5
5
8
7
6
9
6
3
7
3
3
3
4
7
4
4
6
5
6
4
3
7
4
8
7
7
11
6
5
1
5
2
8
3
1
6
2
4
6
1
5
2
2
4
6
5
8
3
6
5
6
4
10
7
4
3
4
7
3
4
5
7
2
6
9
5
3
9
4
4
9
4
10
4
4
3
6
7
4
4
6
2
5
2
2
7
5
5
4
3
4
5
1
8
1
4
2
6
3
8
8
3
3
3
6
2
1
4
1
5
3
5
12
8
3
5
9
8
7
4
2
4
3
7
7
4
2
6
7
5
4
4
5
2
3
5
3
4
8
5
7
1
6
5
4
2
6
3
6
8
6
1
6
3
1
6
1
2
4
6
5
4
5
2
5
3
7
1
2
4
2
2
8
3
1
1
4
3
2
6
5
4
2
1
2
6
10
12
4
5
4
1
7
6
2
3
2
7
6
2
5
3
7
3
4
3
3
6
10
5
4
2
3
3
7
3
1
3
2
2
5
4
1
4
4
4
4
4
1
4
5
1
4
4
2
5
4
5
7
6
4
4
6
7
7
2
3
1
4
4
6
1
5
3
3
0
4
7
2
7
2
2
5
6
3
5
5
6
3
6
5
5
2
2
2
2
4
3
1
2
4
7
1
4
1
4
9
3
8
3
6
4
4
2
1
2
1
3
1
8
7
2
4
2
2
5
2
11
3
3
3
4
3
12
2
5
2
3
5
2
5
3
6
7
1
3
4
5
6
3
1
2
5
3
