radiacao de fundo
0
0
0
0
0
0
0
0
0
0
0
1
1
0
3
197
130
84
117
115
110
100
92
83
77
83
89
92
105
106
102
87
85
80
81
74
216
91
81
99
95
72
75
72
86
79
77
72
85
79
77
67
68
71
80
94
81
97
88
78
97
90
111
116
114
123
121
107
92
136
117
140
134
121
129
126
124
132
158
157
163
167
150
158
147
150
161
150
151
158
164
160
149
182
154
180
164
158
156
157
188
173
166
177
155
185
171
184
168
179
159
170
162
197
178
164
193
188
186
189
195
189
178
192
154
181
210
249
197
180
179
177
181
180
181
154
140
133
170
134
128
137
160
132
148
118
130
121
128
122
138
133
112
122
121
117
116
130
102
116
112
226
137
108
95
119
111
113
103
113
117
108
102
89
108
104
101
101
114
84
95
104
86
108
78
108
84
111
83
73
91
90
76
68
87
93
66
95
84
76
76
85
91
69
74
69
71
59
64
77
64
68
69
58
66
56
66
62
74
55
57
64
60
61
54
66
48
65
53
62
55
70
59
45
47
53
85
82
56
54
57
47
47
44
43
28
40
48
36
56
35
33
38
45
41
41
41
49
35
33
46
41
39
34
44
43
46
38
28
40
42
47
45
32
36
38
36
33
44
27
28
40
35
37
33
29
28
38
29
42
59
21
29
30
41
34
36
32
29
25
32
31
33
31
32
38
27
30
35
25
25
22
29
27
29
29
31
24
34
32
23
25
21
23
14
16
18
19
23
31
32
24
18
19
35
28
15
19
16
35
17
19
31
53
27
23
27
20
19
18
18
16
19
15
23
21
11
20
25
17
17
17
16
18
19
18
12
22
11
15
15
15
16
25
25
7
22
18
18
15
16
16
22
24
25
11
20
22
19
17
15
14
21
21
12
16
12
16
13
12
17
14
14
17
19
9
22
16
15
21
12
17
17
18
17
14
13
14
13
11
11
13
19
10
12
14
20
17
11
15
14
17
20
13
14
14
16
8
10
14
16
14
15
5
17
17
12
9
8
9
9
12
15
11
11
20
12
12
12
9
12
13
10
15
16
12
16
16
15
12
15
10
9
6
10
12
8
17
9
8
6
10
12
12
9
14
10
11
13
10
13
16
28
23
16
10
18
10
12
8
14
5
8
18
12
10
8
10
13
15
11
6
10
10
9
14
7
13
8
5
9
8
8
8
10
8
9
7
7
9
10
5
6
10
9
4
6
6
6
11
6
8
11
5
4
4
9
11
9
7
11
11
6
5
14
16
6
8
7
6
21
16
17
8
7
13
1
6
5
4
7
3
13
4
4
11
1
6
14
9
7
9
7
9
20
30
24
11
3
6
9
13
4
5
7
6
5
9
8
4
8
6
6
6
3
5
3
7
8
4
4
6
8
4
4
4
6
4
5
11
7
7
8
4
5
5
5
4
1
7
4
8
10
10
19
20
14
7
10
3
1
6
4
5
2
4
6
7
5
3
9
3
6
12
9
3
1
3
6
8
6
5
9
6
1
4
9
3
5
4
6
0
11
9
10
4
4
8
3
6
9
6
6
8
2
6
6
6
4
7
4
5
6
6
7
4
9
9
11
6
7
5
6
2
1
5
4
6
6
3
5
2
3
8
4
4
6
2
4
7
4
8
7
2
4
10
8
3
7
5
9
7
7
7
10
5
5
4
8
2
2
10
6
4
4
8
7
3
5
7
4
2
4
6
4
6
6
3
2
5
3
6
6
2
3
4
5
4
5
3
6
8
1
5
3
2
6
5
1
7
3
4
7
7
7
3
5
5
7
2
4
4
8
8
3
6
4
3
3
3
3
5
11
4
2
4
4
1
5
4
8
0
6
4
5
4
6
2
3
8
6
3
6
4
2
5
2
5
3
5
3
5
3
6
3
1
3
5
7
6
2
4
4
3
2
3
6
3
4
2
4
1
6
3
6
2
5
3
3
10
2
3
5
5
1
5
5
3
8
3
14
6
7
6
2
8
3
3
4
3
3
4
3
5
4
6
4
0
3
6
4
7
6
6
3
1
5
5
7
4
4
6
3
0
5
1
8
3
4
2
5
4
2
4
4
2
4
2
2
3
1
7
9
5
8
7
2
5
4
4
5
2
0
1
2
4
2
4
2
6
6
4
4
3
1
3
4
2
3
4
4
4
5
0
0
7
1
4
1
0
7
3
1
7
6
4
1
5
5
6
1
1
6
3
4
6
7
2
2
5
5
1
4
2
5
2
5
4
8
5
3
2
3
2
4
7
7
2
4
5
6
4
3
1
5
5
4
6
1
4
7
4
3
1
5
4
1
3
5
2
5
7
619
1288
