radiacao de fundo
0
0
0
0
0
0
0
0
0
0
0
0
0
1
0
166
133
92
95
96
105
101
88
83
91
79
98
122
114
95
87
75
80
72
89
81
349
97
80
119
84
64
78
72
71
86
84
71
80
79
73
79
60
84
84
95
92
95
101
93
124
85
105
97
119
102
108
109
113
105
115
133
139
119
124
120
148
124
151
159
129
149
154
159
141
186
136
153
175
174
149
173
156
151
175
164
200
166
172
174
173
157
176
168
210
167
166
195
184
169
170
175
162
165
157
148
167
175
183
184
170
173
160
165
172
173
200
163
148
157
145
142
166
146
150
136
141
152
141
122
150
138
146
124
140
125
139
124
124
138
135
111
142
117
117
121
127
118
134
106
105
346
166
97
103
114
98
100
113
94
126
90
103
114
89
95
84
109
85
99
94
73
97
78
88
112
94
89
97
70
91
77
79
78
70
67
88
71
69
95
87
80
71
78
67
67
73
77
71
68
65
59
66
76
63
61
55
70
61
68
68
65
58
57
63
56
60
60
65
57
59
64
41
63
54
45
67
67
58
50
68
46
57
41
42
43
33
41
46
44
48
47
42
39
38
44
47
41
38
34
40
47
56
35
34
37
38
33
47
33
42
36
27
33
38
34
35
25
33
34
27
36
37
26
34
26
31
20
27
45
46
26
35
26
21
28
32
23
28
39
28
24
30
27
40
25
16
25
28
23
22
24
29
25
19
30
24
21
22
20
24
36
34
24
26
23
24
22
20
21
22
37
13
20
25
20
26
23
20
19
26
17
21
65
20
16
20
15
25
17
15
21
24
13
14
12
13
19
9
17
16
12
23
21
19
15
19
24
20
16
17
20
12
19
17
25
20
17
11
19
23
14
13
15
14
17
24
21
15
16
10
17
10
15
10
12
18
17
13
11
10
18
20
12
20
7
25
13
9
16
17
12
20
19
10
11
23
24
18
15
16
12
11
18
17
22
15
11
16
9
16
7
9
9
14
11
12
4
14
15
12
20
11
7
10
14
16
24
21
12
11
10
7
8
14
11
13
11
9
14
5
6
12
11
13
17
14
14
7
13
12
15
7
8
10
10
15
12
13
10
11
11
2
9
8
7
13
11
15
10
7
13
24
19
21
12
17
9
6
10
2
9
17
14
11
10
7
12
4
10
10
10
5
10
5
10
8
12
10
13
7
6
9
9
6
9
7
7
4
10
11
4
9
9
3
10
5
9
10
7
4
9
4
5
5
12
6
4
7
8
10
11
11
5
8
7
7
7
7
11
22
14
9
7
6
6
13
3
2
5
8
3
5
5
8
9
5
6
2
5
6
10
9
10
19
27
25
17
6
6
5
6
9
7
4
7
8
4
9
7
8
7
7
6
3
4
4
8
6
8
3
4
9
7
8
9
9
6
5
8
9
13
5
10
6
8
8
5
4
7
2
5
6
12
16
17
8
8
7
8
7
7
7
10
6
4
7
3
2
4
6
4
5
7
4
4
9
6
6
9
1
8
7
4
5
3
6
7
6
5
8
6
4
8
1
9
5
2
5
6
3
4
10
4
8
5
7
5
1
5
7
2
7
5
4
4
7
6
9
5
6
6
1
8
4
5
6
6
2
4
6
6
5
5
5
8
11
9
3
5
4
6
9
9
6
7
6
3
3
10
3
12
7
5
6
6
10
3
5
5
6
8
4
5
8
12
4
3
6
6
6
4
4
5
9
3
3
4
2
1
6
5
4
3
4
6
3
4
8
6
6
5
3
5
2
3
4
4
2
3
5
2
7
1
2
2
5
1
4
3
5
6
3
6
5
4
5
2
3
4
3
4
4
2
6
5
4
2
1
3
8
3
4
2
2
4
4
4
8
2
3
8
5
6
7
5
6
7
1
6
5
4
3
5
2
4
6
2
2
6
3
5
4
5
2
3
2
6
5
4
4
6
5
3
5
5
4
4
2
4
4
6
3
10
5
7
2
2
4
7
17
14
7
5
4
2
4
0
6
4
4
2
7
2
6
5
4
3
5
4
6
6
7
3
2
4
4
1
0
2
3
3
7
4
4
3
3
6
3
1
4
4
3
3
5
3
9
4
3
6
5
5
2
7
1
11
9
4
1
6
4
1
2
3
2
2
8
2
4
3
2
1
3
4
6
4
3
2
5
4
7
6
3
3
3
6
5
4
6
2
0
5
1
3
5
4
6
2
2
3
5
7
3
3
2
6
2
7
5
4
3
6
2
5
5
10
2
4
5
4
4
4
6
5
5
3
6
1
3
5
3
2
3
7
4
5
8
8
6
7
4
6
3
4
1
1
5
1
1
1
3
2
2
1913
