radiacao de fundo
0
0
0
0
0
0
0
0
0
0
0
0
0
0
1
201
131
81
88
106
115
117
110
85
78
79
98
156
94
101
99
81
71
83
85
87
948
280
98
218
176
74
85
89
88
85
75
80
61
58
70
71
91
86
96
81
94
94
91
94
109
98
112
110
118
113
120
129
122
111
124
127
161
113
126
138
151
139
150
146
140
142
148
154
161
162
148
173
151
142
146
157
165
128
183
162
152
181
153
163
181
161
148
170
150
171
172
173
159
181
175
153
164
170
161
149
160
164
164
162
174
162
155
202
134
165
152
146
156
161
159
163
152
184
155
170
158
160
155
146
160
145
129
144
134
130
146
128
137
112
140
136
134
132
125
120
124
107
130
113
117
110
597
669
106
99
110
118
116
113
107
121
118
99
103
90
103
96
108
95
101
93
104
98
99
94
167
119
95
123
88
100
85
84
80
79
91
80
70
80
72
73
72
74
74
68
67
69
83
68
86
63
54
65
69
57
63
62
65
53
60
61
69
68
57
57
66
57
51
48
54
61
59
68
64
72
59
42
87
81
52
67
65
60
49
59
46
50
58
54
54
51
51
46
41
38
37
52
42
51
33
36
50
47
42
32
40
36
41
37
46
44
53
37
42
35
28
28
20
40
39
33
37
30
39
29
28
33
37
35
29
36
51
31
26
33
32
33
26
36
27
38
33
25
24
23
34
24
36
25
31
31
23
26
19
29
24
21
23
40
11
26
27
17
24
31
27
30
39
31
21
21
34
34
21
25
12
24
23
21
19
27
21
23
25
35
64
24
28
19
15
18
22
18
21
16
20
23
18
17
16
18
20
13
19
21
20
18
16
19
25
21
20
20
14
12
17
28
12
10
14
15
17
17
21
16
13
20
17
16
13
8
23
15
13
16
17
9
18
18
18
12
13
23
21
9
18
20
9
10
13
20
14
8
14
16
16
15
20
17
14
15
15
18
12
19
8
12
17
8
9
8
13
11
16
14
20
26
15
15
16
9
8
8
14
10
14
11
24
15
7
10
14
14
13
9
13
11
13
15
8
12
8
9
7
8
9
9
9
15
7
9
21
12
8
5
5
14
11
10
9
6
9
9
22
11
12
14
13
8
10
8
11
8
17
17
34
35
24
14
17
9
6
11
11
6
11
5
7
12
10
12
9
12
10
12
15
6
8
13
13
10
7
10
7
3
11
3
8
13
11
10
12
8
9
10
11
9
12
6
7
3
12
8
3
3
10
8
8
6
6
6
6
5
8
10
8
10
6
8
8
7
5
8
10
10
22
18
6
13
6
5
9
3
10
9
4
10
7
8
9
4
5
9
9
8
11
12
16
19
33
41
11
5
11
10
6
7
4
5
5
3
7
6
5
5
7
8
7
6
5
9
5
6
7
8
4
4
8
3
10
6
4
6
10
9
7
7
5
4
6
7
9
5
9
5
6
6
9
10
30
16
5
5
9
3
11
9
3
7
5
9
3
7
5
2
7
9
6
5
3
2
8
6
9
7
7
5
8
4
5
4
7
7
9
7
7
2
9
5
5
8
9
5
5
3
8
5
6
1
4
3
9
1
5
11
6
6
4
6
8
6
7
8
7
2
3
7
4
4
2
5
1
8
8
7
2
4
10
7
4
4
6
6
7
5
1
7
4
4
5
7
3
5
4
8
8
3
3
2
5
9
7
5
4
3
2
4
3
6
6
4
7
6
3
3
4
3
6
8
8
3
6
8
2
5
3
4
5
1
5
7
4
9
6
7
5
7
9
3
4
2
5
8
2
5
3
2
5
2
3
2
4
3
3
6
1
4
5
7
4
4
6
3
4
5
9
2
5
6
5
5
3
1
2
2
4
4
3
2
4
1
1
5
6
0
5
2
9
5
7
7
4
8
4
6
7
5
5
2
3
3
9
4
6
1
3
6
3
1
2
3
7
3
3
1
3
3
3
3
3
5
4
2
3
4
1
4
2
3
6
1
4
5
8
4
2
11
11
3
5
2
3
3
2
5
4
6
0
5
6
6
4
4
7
5
2
5
7
4
7
4
2
7
3
4
5
5
3
3
4
6
2
3
5
5
5
7
2
6
3
2
4
4
2
5
3
9
6
7
6
6
9
9
7
4
5
6
1
5
4
1
3
3
6
2
1
2
2
5
3
4
6
5
4
2
3
4
6
4
5
4
5
2
4
4
4
3
3
7
6
1
1
5
2
3
5
4
4
6
3
5
3
4
5
3
5
5
6
3
3
1
9
1
3
2
2
7
2
3
4
5
5
3
3
2
3
4
5
2
1
2
5
7
1
6
5
6
5
3
5
3
6
1816
