radiacao de fundo
0
0
0
0
0
0
0
0
0
0
0
0
1
0
4
188
126
77
74
104
100
112
107
80
73
79
87
95
77
79
91
79
76
69
94
65
217
77
91
106
79
69
96
91
68
62
64
83
61
74
79
76
87
83
79
86
91
99
99
97
88
91
106
95
113
128
96
113
139
106
124
123
134
122
128
123
132
141
161
143
146
140
157
159
154
158
167
158
163
154
182
162
174
178
176
147
162
175
171
152
203
155
153
171
171
159
161
162
179
175
172
182
172
193
152
148
151
186
165
149
172
160
173
156
169
175
151
153
139
188
146
140
150
142
157
160
138
144
139
122
142
124
142
134
121
132
156
121
147
132
132
132
121
124
121
109
122
101
110
100
115
238
139
107
116
116
112
108
114
106
89
109
91
103
102
104
88
92
88
98
86
92
91
84
95
89
99
124
85
95
73
81
75
79
77
97
93
90
68
74
67
72
71
83
92
78
80
87
65
78
66
68
62
78
68
61
57
71
61
76
65
66
59
61
63
66
59
58
71
60
60
56
60
44
44
61
75
78
53
59
56
54
52
54
44
53
46
40
30
52
45
40
48
44
39
49
45
28
37
31
34
41
43
37
43
33
46
37
42
36
33
36
30
34
34
33
40
33
36
36
37
38
32
26
32
36
35
29
38
44
45
31
35
31
32
36
34
26
29
26
20
35
28
25
25
23
24
31
22
25
27
20
26
17
27
14
25
21
20
29
23
29
21
20
24
27
25
24
20
27
30
21
28
31
22
21
24
28
14
21
22
23
30
56
31
25
24
25
22
16
14
22
23
15
21
16
19
21
23
19
10
22
16
12
18
29
21
20
18
26
14
23
16
22
13
22
13
16
21
21
16
23
19
19
15
21
24
24
12
15
16
16
12
20
23
11
20
22
14
27
17
17
25
9
12
11
13
16
16
12
18
15
11
17
12
12
17
18
18
15
7
8
12
11
14
22
10
13
17
14
10
11
15
16
11
8
17
11
13
18
3
14
7
14
16
9
14
11
12
13
15
11
7
11
4
16
8
11
10
5
14
16
10
16
10
18
9
12
10
10
7
16
8
11
7
8
8
15
7
9
6
8
5
15
13
8
8
12
8
7
5
19
29
24
20
9
9
7
13
8
10
9
8
10
9
6
15
15
4
9
6
9
9
5
12
6
9
6
9
8
6
8
13
9
12
11
5
9
6
10
10
2
15
12
10
9
9
11
8
11
13
9
8
12
12
12
8
14
6
14
6
9
11
4
11
13
7
10
3
10
18
23
13
9
6
8
8
9
4
7
9
8
4
6
11
8
7
6
7
7
5
3
6
10
8
41
38
10
6
5
6
6
7
10
4
4
6
4
8
3
5
9
3
7
8
13
6
9
12
12
6
9
7
13
10
6
6
4
11
9
5
8
8
11
6
6
6
5
3
10
7
9
8
3
13
19
13
8
6
8
9
2
2
3
7
7
5
6
7
5
9
9
4
6
5
10
7
8
8
5
6
6
5
3
9
4
5
7
8
4
4
6
1
6
5
2
4
6
5
4
11
5
2
7
5
5
10
6
1
4
5
3
1
4
2
4
5
13
7
3
6
2
7
4
5
3
4
5
3
4
6
5
6
7
7
6
4
6
5
8
3
3
5
8
6
9
1
5
6
4
6
8
2
6
3
4
9
3
4
2
10
2
7
6
4
9
4
3
4
6
1
1
8
4
4
3
6
5
4
8
10
11
4
4
7
3
10
2
3
5
7
5
5
1
3
1
6
4
6
4
8
3
5
3
1
5
4
2
3
2
5
2
2
7
8
2
7
5
4
0
6
7
3
7
5
2
4
7
5
3
4
3
5
4
4
8
1
3
7
2
4
4
9
6
4
6
4
6
3
0
4
4
3
3
8
3
1
2
4
1
4
4
3
2
1
6
2
5
7
1
6
5
8
5
4
6
2
7
5
0
6
1
2
3
8
4
6
5
1
9
9
7
6
5
2
6
5
5
1
4
2
4
5
4
6
4
4
7
4
4
5
8
4
8
6
6
0
4
5
2
2
6
2
5
2
2
1
3
4
5
6
1
10
6
2
4
9
9
3
4
7
5
6
8
8
5
1
3
4
0
3
12
6
5
5
2
2
3
6
1
0
5
1
8
3
0
4
2
5
3
6
3
3
2
6
2
4
3
2
4
1
2
2
6
2
3
3
4
3
2
3
3
7
2
2
2
2
1
2
6
8
5
2
3
3
2
1
5
3
4
5
4
2
5
1
2
1
4
9
1
1
4
3
10
2
1
5
5
3
2
3
4
4
3
7
7
3
4
2
6
5
6
443
1459
