radiacao de fundo
0
0
0
0
0
0
0
0
0
0
0
0
0
2
6
165
158
81
91
103
113
127
114
104
86
89
139
269
117
103
124
111
93
108
121
105
2950
628
100
522
418
82
91
94
71
83
72
71
67
90
86
98
78
77
88
93
102
83
90
116
124
96
88
129
117
116
107
123
139
121
129
136
138
107
136
134
145
122
134
134
164
147
173
141
149
149
142
171
153
146
143
147
170
153
169
186
164
173
145
150
150
182
168
176
176
166
201
187
176
187
171
189
180
150
189
170
161
177
151
178
145
182
183
144
173
148
165
163
139
168
168
160
161
164
164
162
147
145
174
140
150
132
120
131
142
160
127
128
124
137
141
138
137
123
113
140
138
128
111
131
130
120
2074
1521
104
101
105
128
129
106
87
100
90
96
100
112
94
114
95
94
100
80
90
101
86
105
365
117
94
138
109
91
71
87
76
68
70
70
65
78
63
82
77
67
73
77
62
62
57
73
60
55
72
63
72
67
56
61
75
66
63
55
57
67
69
49
52
48
57
55
44
59
59
57
52
56
41
48
98
52
55
57
49
59
50
47
51
44
45
47
48
46
44
48
46
53
44
55
37
31
45
40
30
43
44
47
36
33
41
31
41
42
33
39
32
32
38
41
30
31
42
31
33
35
39
27
28
30
27
25
34
38
44
31
37
22
36
35
33
30
23
32
27
34
28
31
24
36
29
12
18
31
26
25
21
27
32
15
27
25
23
25
27
31
20
25
24
28
34
21
22
25
30
28
22
19
33
22
17
18
17
27
26
10
35
39
50
21
20
25
19
23
18
13
13
24
16
16
27
13
28
12
12
18
19
24
14
22
17
19
19
21
18
13
25
11
19
18
19
20
16
25
13
15
21
15
12
18
11
20
10
12
23
19
12
12
16
14
11
24
15
18
17
14
17
9
16
13
13
12
10
16
13
21
14
17
14
14
14
10
11
11
12
8
15
9
9
11
13
15
15
17
13
10
8
13
11
17
12
13
15
16
14
12
11
14
19
13
11
18
11
11
9
10
7
3
10
10
12
11
11
12
16
12
18
14
13
12
9
9
13
14
11
16
5
18
11
7
6
9
10
11
11
10
8
10
8
11
10
13
12
9
13
9
17
25
44
53
20
20
12
7
10
14
8
9
5
11
5
10
12
6
11
11
8
6
9
10
14
11
9
10
9
12
13
8
6
11
10
4
8
6
9
8
7
8
10
4
7
6
8
6
8
5
8
9
10
9
11
7
11
11
3
10
6
8
7
4
8
5
9
3
10
7
14
16
11
12
10
8
8
9
8
5
10
12
5
6
9
9
5
9
10
8
7
5
8
10
12
12
35
20
14
10
9
7
11
7
9
13
2
4
5
8
6
4
8
5
9
5
8
4
6
7
12
8
3
8
11
10
6
6
5
10
7
8
10
6
4
8
7
8
3
5
8
5
4
3
8
17
26
6
6
5
3
7
5
6
5
6
8
8
7
9
4
9
5
7
3
5
8
5
1
5
5
6
6
3
5
3
7
4
5
7
8
5
8
4
7
6
8
8
2
4
5
7
8
2
6
3
7
9
7
3
1
2
5
4
5
7
1
8
7
7
2
5
5
9
5
6
12
10
6
6
5
6
4
8
7
6
6
8
1
4
3
3
6
5
9
6
7
5
6
4
8
5
6
7
4
7
6
7
12
5
5
7
3
5
7
5
0
6
4
4
8
8
4
5
5
4
4
4
2
6
6
5
4
4
7
2
6
3
3
4
5
1
3
4
11
4
4
5
5
8
4
5
3
3
4
8
5
4
3
3
4
4
5
3
0
6
5
4
2
5
5
1
4
6
4
3
7
8
1
4
4
6
4
7
4
2
8
0
2
4
6
6
3
7
2
4
3
6
2
2
4
3
7
4
4
6
2
3
6
6
3
6
2
2
1
3
6
3
1
7
3
3
0
3
5
5
7
9
3
8
3
3
6
2
5
5
4
6
1
3
7
7
9
12
8
8
6
4
4
5
1
3
8
2
4
3
3
7
0
3
4
4
4
2
4
3
8
5
6
2
2
3
4
2
4
4
3
3
1
6
6
7
4
4
2
7
6
5
5
1
6
1
5
8
4
2
7
10
14
7
5
4
4
3
1
1
3
4
1
4
4
4
9
3
3
5
2
4
5
2
6
3
5
5
5
3
5
4
3
6
4
5
6
4
3
3
4
5
5
1
1
4
4
2
3
7
2
4
2
2
5
2
2
5
1
2
4
1
5
2
0
0
4
6
5
4
4
3
1
1
5
5
4
7
4
4
4
2
5
3
3
6
2
9
2
3
3
1
4
2
