radiacao de fundo
0
0
0
0
0
0
0
0
0
0
0
0
6
2
145
4252
2649
2656
1365
557
342
208
150
131
87
86
107
118
97
82
91
87
79
71
79
180
176
86
117
114
110
84
86
83
103
81
94
69
83
87
99
91
87
105
92
109
128
88
97
113
109
94
145
120
121
111
132
132
144
145
123
156
128
127
143
125
134
154
137
179
148
186
170
167
185
171
184
173
168
163
159
163
187
183
184
206
171
173
176
169
185
180
171
183
190
201
173
191
176
180
172
209
189
174
192
179
167
167
180
182
173
178
180
186
164
154
176
170
150
186
163
167
163
146
168
149
160
154
141
146
145
151
163
149
159
138
161
148
154
128
107
147
128
131
125
116
149
283
144
115
134
152
116
106
115
104
105
115
115
122
110
129
107
93
87
90
120
102
99
83
96
100
104
92
83
100
103
89
88
97
83
80
77
91
81
91
67
89
64
76
66
73
77
85
69
69
91
66
62
58
67
75
77
63
62
67
86
79
57
51
65
79
68
73
55
58
60
62
47
62
89
65
61
66
44
56
54
49
60
49
47
53
42
40
48
55
56
47
35
45
35
37
38
44
41
42
46
34
42
52
39
27
46
39
43
39
36
42
35
33
46
38
38
46
47
28
44
34
30
46
30
43
46
43
22
42
40
30
26
32
43
24
28
32
25
30
38
35
29
38
32
27
32
37
33
34
25
23
29
27
34
17
30
23
35
20
25
26
18
27
29
38
37
21
26
29
25
27
29
26
30
27
26
38
34
31
20
18
19
19
20
15
22
28
15
21
19
15
17
17
21
19
15
18
13
14
18
14
17
20
14
9
20
13
19
15
18
24
19
22
18
14
19
17
24
19
10
25
26
20
19
19
18
12
12
21
26
18
11
14
16
17
19
14
14
22
20
13
14
11
13
15
11
19
5
14
10
19
16
10
15
14
18
14
15
27
17
16
12
13
13
14
18
23
20
12
12
14
16
18
13
12
10
14
18
17
12
11
18
13
13
8
18
16
9
14
16
21
17
9
14
13
18
11
5
10
13
14
11
13
5
7
8
12
12
11
13
15
12
11
9
11
8
12
16
12
13
13
18
17
20
9
11
9
9
14
7
6
14
9
11
10
12
18
14
9
16
16
9
11
10
13
12
15
12
11
9
4
11
10
10
9
14
11
10
9
3
9
9
10
11
8
9
10
11
6
8
12
13
8
17
8
10
7
9
3
8
7
9
11
8
12
10
10
21
22
6
12
10
9
12
6
9
11
4
6
2
8
8
10
8
17
12
7
12
7
7
5
16
22
13
17
10
11
6
9
9
10
5
7
6
6
8
8
6
11
11
9
11
4
6
8
6
10
10
14
8
10
8
9
10
3
7
5
8
4
8
5
3
5
6
5
6
4
8
18
14
18
12
9
11
12
3
5
6
8
9
2
6
4
6
6
3
5
15
10
9
8
3
8
6
7
4
5
8
9
7
9
5
7
4
4
5
11
7
11
8
7
8
4
5
7
5
3
5
2
6
4
13
3
7
3
5
6
5
5
6
4
7
6
12
1
6
8
8
4
5
6
7
8
5
1
6
3
3
7
7
11
3
13
8
4
6
3
6
6
6
4
3
7
8
5
4
8
5
6
3
5
4
4
3
6
6
4
9
5
7
6
3
7
8
8
2
5
4
9
6
4
6
1
9
7
7
4
4
4
6
5
7
4
2
8
3
2
6
6
5
3
4
7
5
3
7
6
7
4
4
7
6
4
2
5
5
3
4
4
3
5
4
7
9
5
6
2
5
4
2
3
8
3
5
5
3
5
10
2
3
3
5
4
5
0
7
3
8
5
5
9
4
4
6
6
3
5
11
7
4
6
3
2
5
5
9
4
3
8
4
6
5
4
3
3
5
2
6
5
6
2
7
5
2
3
3
4
8
11
7
6
4
2
3
2
2
4
4
1
3
8
9
7
7
6
6
4
4
9
2
4
3
9
7
3
6
4
3
3
4
6
3
1
3
3
4
4
3
4
5
6
2
4
4
3
4
5
11
8
8
7
9
4
9
1
5
8
6
4
8
2
5
9
3
5
3
3
3
3
5
2
5
3
6
5
5
7
5
5
4
2
3
7
5
4
1
4
4
1
1
8
8
6
4
0
4
8
9
4
5
3
2
6
0
3
6
5
3
0
5
2
5
3
5
1
9
1
5
7
4
4
5
4
2
5
2
1
0
7
5
7
2
1
1
6
4
1
1
3
4
2
3
2
2
7
5
3
4
2
1
4
3
3
4
2
4
5
4
4
9
4
6
4
3
3
1
4
5
4
4
5
2
9
0
5
33
1904
