radiacao de fundo
0
0
0
0
0
0
0
0
0
0
0
0
1
3
1
195
131
100
85
95
118
101
89
99
65
72
104
143
102
75
101
102
82
84
90
86
701
245
84
185
171
84
90
82
82
84
78
89
70
63
72
75
79
84
67
89
90
80
98
123
113
94
104
113
94
102
145
109
134
127
110
129
139
139
148
128
146
122
139
144
143
150
148
160
154
171
151
157
155
156
154
164
155
158
162
165
155
173
149
189
185
169
164
188
162
190
192
181
148
158
169
171
166
165
185
164
148
173
177
165
164
158
149
168
172
151
179
178
175
183
169
158
161
128
160
148
156
157
143
133
145
154
147
119
153
132
128
105
142
157
152
124
142
117
115
123
120
117
114
132
114
135
462
638
116
113
120
85
117
106
101
103
88
90
124
87
97
103
99
106
90
87
108
103
95
95
137
115
92
106
102
71
92
89
73
85
75
76
80
57
80
66
76
71
74
71
84
70
71
69
74
68
59
66
74
76
76
61
62
73
61
44
54
75
60
70
63
61
68
55
52
60
55
67
37
56
68
50
92
90
52
41
54
41
50
50
41
48
56
34
53
44
49
46
48
47
39
41
40
34
37
46
48
42
47
33
43
27
41
36
37
46
39
34
33
42
25
46
38
32
39
36
24
32
33
40
35
28
31
28
37
25
46
44
30
30
34
34
21
25
29
39
22
32
33
34
19
35
21
28
19
28
18
35
23
20
27
26
20
23
26
22
24
25
22
23
28
29
33
21
22
20
19
34
25
22
15
24
27
27
15
21
18
24
23
33
64
27
17
24
18
23
16
15
19
18
17
21
15
28
18
26
23
25
13
13
23
16
24
14
20
18
21
9
14
11
14
17
27
18
13
14
12
17
17
18
17
17
13
20
20
10
16
27
10
19
6
17
15
15
18
20
15
11
11
19
23
16
10
19
16
11
11
16
15
16
10
17
16
13
11
14
11
16
10
16
15
12
11
10
12
12
11
14
9
16
10
10
11
5
11
10
12
10
16
8
14
14
14
8
15
13
10
9
12
19
10
15
9
9
15
9
11
10
9
14
14
19
18
9
6
16
9
14
9
12
11
10
18
13
9
9
17
13
7
3
15
13
10
8
11
12
9
4
10
15
32
41
26
12
8
9
8
7
9
11
8
9
12
14
8
11
11
3
11
2
3
10
9
3
9
11
4
8
11
7
12
8
7
6
6
6
9
4
19
5
2
6
8
4
6
7
9
9
6
6
11
9
7
7
7
10
8
10
6
9
10
3
6
6
12
8
10
7
7
14
18
9
10
5
8
5
8
5
10
6
6
6
5
6
9
10
11
8
4
9
8
5
10
11
35
32
13
7
12
9
8
5
7
9
8
7
4
9
13
3
9
7
7
12
12
7
5
5
4
5
11
6
7
6
7
3
6
6
4
4
7
9
6
4
5
5
6
0
10
7
6
6
5
7
18
12
15
5
10
8
5
7
10
3
3
6
8
11
7
3
7
10
6
10
6
10
5
6
7
7
1
4
8
2
7
8
4
2
10
3
4
3
8
2
3
7
10
2
8
5
3
3
4
6
7
4
4
9
4
5
5
4
7
2
5
4
7
10
3
7
1
5
5
5
4
7
8
8
6
8
4
5
4
3
5
6
6
5
5
5
0
2
5
7
5
3
2
6
6
3
2
7
6
3
5
1
6
9
10
6
9
5
5
4
6
0
4
5
7
4
5
7
2
6
8
8
4
3
4
8
3
4
4
5
2
5
1
4
6
3
2
6
3
3
5
4
4
4
2
6
6
4
9
2
4
7
7
3
4
4
3
7
0
2
4
4
7
6
1
1
8
4
6
3
7
3
3
4
0
3
3
7
4
4
1
5
4
6
3
6
3
2
3
7
7
5
3
3
3
1
5
4
11
2
2
9
3
6
4
5
4
4
5
3
4
4
7
5
7
7
5
1
2
3
8
7
4
8
7
7
1
1
2
6
3
4
8
3
2
4
4
10
17
7
4
4
4
4
4
5
4
5
2
4
6
3
2
6
5
4
5
4
2
4
5
4
4
6
3
3
3
5
2
1
4
5
5
4
1
5
8
4
5
4
5
5
4
3
2
5
3
4
8
5
4
1
5
10
5
3
4
4
5
4
1
3
3
2
2
5
5
5
4
1
3
2
4
1
2
2
1
2
3
3
1
4
11
4
5
2
5
5
5
2
4
3
1
3
7
1
5
2
2
4
4
2
2
5
0
2
3
1
2
8
5
3
5
4
5
1
5
2
4
3
5
3
3
3
3
3
6
4
6
2
5
7
3
3
4
4
3
3
3
4
8
2
1
1969
