radiacao de fundo
0
0
0
0
0
0
0
0
0
0
0
0
0
0
3
234
146
108
126
142
125
100
98
80
86
82
84
104
101
86
73
70
72
75
91
78
159
72
83
84
94
74
83
63
80
74
60
78
72
89
80
64
88
79
83
80
85
86
102
105
100
95
99
117
99
104
103
97
112
120
139
139
124
121
144
125
148
146
145
161
134
143
154
172
142
172
164
170
169
184
160
193
195
171
170
139
182
157
161
169
173
159
169
166
148
181
181
167
186
172
160
159
184
175
169
172
162
178
175
176
169
162
155
150
173
160
152
180
149
159
184
176
129
164
175
143
171
131
131
168
155
139
155
150
148
142
130
152
122
140
145
132
140
143
113
133
129
111
129
129
120
201
134
120
99
99
120
120
109
118
104
113
98
103
96
101
97
106
82
90
88
88
96
94
108
85
86
100
92
67
79
75
81
95
78
75
87
85
81
89
77
87
88
73
81
82
78
55
83
70
67
86
67
67
65
80
70
58
66
59
70
77
67
58
54
61
41
55
63
73
51
60
57
48
68
59
94
81
60
58
47
52
48
56
43
63
35
54
37
50
45
49
41
58
45
46
37
32
41
53
46
31
42
41
48
49
49
38
41
44
41
38
25
42
45
41
33
36
37
31
36
32
32
36
36
40
30
28
36
49
44
38
24
35
52
27
29
30
35
25
33
25
24
31
29
34
39
29
20
19
22
26
24
20
26
30
26
35
19
22
30
26
19
25
27
26
30
23
16
24
33
29
26
30
21
32
29
21
23
20
23
18
37
67
37
18
20
15
19
17
17
15
20
20
21
14
18
19
22
19
19
19
26
17
22
18
18
14
13
11
20
15
17
22
8
18
19
19
9
13
21
17
7
18
14
19
15
19
21
18
12
20
17
20
19
10
13
20
15
20
15
17
15
12
14
16
7
21
15
16
17
9
15
14
18
13
11
17
17
16
11
16
14
16
13
17
12
21
10
15
13
17
12
8
16
9
14
9
14
10
11
13
13
13
14
11
11
11
7
17
13
12
8
14
15
15
11
12
17
13
10
14
13
8
8
18
10
7
6
12
8
7
9
18
11
13
8
10
8
16
8
4
12
5
15
12
14
10
7
11
14
19
21
26
19
9
8
13
11
8
9
11
9
13
12
11
8
7
10
10
10
9
5
7
8
11
8
11
13
6
5
11
7
15
10
13
9
7
11
13
7
10
5
7
7
4
9
7
6
9
10
13
10
13
8
15
8
7
12
14
8
11
8
9
7
15
8
11
12
13
13
23
20
9
9
6
6
7
10
7
13
6
5
7
7
11
2
6
14
7
8
10
3
6
17
32
25
13
9
9
6
6
6
7
7
6
8
11
6
9
6
5
6
11
6
10
8
8
8
9
4
11
4
6
6
8
7
4
7
5
8
8
5
8
7
8
7
7
5
8
5
4
5
10
24
21
9
9
7
9
9
8
7
7
11
7
8
9
6
6
7
5
3
4
6
4
9
2
5
5
8
3
8
4
7
8
6
10
8
9
12
2
4
6
6
7
8
4
8
7
8
6
5
6
5
9
3
7
4
7
1
5
6
6
7
8
10
10
6
4
2
9
4
6
7
9
3
11
3
7
2
7
4
3
1
5
5
5
5
6
5
5
9
3
10
8
3
7
4
6
7
6
2
8
15
12
2
6
6
4
8
5
4
10
2
3
4
3
3
4
2
2
4
3
5
1
4
5
7
4
6
5
4
6
6
2
7
6
5
3
5
6
2
5
3
6
2
6
5
4
5
4
4
7
0
5
7
5
5
1
4
3
2
4
5
5
4
6
3
6
5
5
4
6
3
6
3
6
3
2
6
5
2
6
8
3
3
3
5
3
2
5
3
5
6
5
3
5
7
5
1
7
3
5
3
3
4
4
5
4
6
6
5
7
4
1
9
7
3
3
5
6
1
2
3
2
2
0
4
2
2
5
3
5
2
4
3
3
4
4
17
9
3
5
2
2
4
6
3
3
7
2
3
5
5
5
2
0
2
3
6
7
6
5
5
6
6
3
8
6
6
3
4
2
4
5
3
2
6
4
2
3
4
2
5
1
1
0
6
3
3
5
6
8
11
8
1
6
2
1
6
0
2
1
4
4
2
3
2
4
1
4
5
5
8
6
2
3
2
0
1
2
5
3
3
2
5
1
4
5
6
2
5
3
5
5
1
4
5
10
4
9
1
6
6
6
2
8
2
3
4
3
5
2
5
2
3
2
2
3
4
3
5
3
2
1
4
2
2
3
5
5
5
4
3
3
5
4
3
4
3
5
5
0
4
1
3
2
3
1
2
3
2
1870
