radiacao de fundo
0
0
0
0
0
0
0
0
0
0
0
0
0
0
4
155
131
93
98
119
111
99
100
82
83
71
94
87
91
91
91
92
87
72
55
73
235
90
59
94
107
82
72
75
93
67
71
70
63
95
83
64
88
84
93
83
101
83
97
111
96
109
117
99
131
97
127
104
112
120
152
121
128
135
146
137
122
133
133
147
137
130
159
151
178
151
154
172
166
163
161
165
165
156
152
166
180
192
172
178
160
187
155
173
170
153
166
162
160
175
164
184
157
173
160
163
173
182
179
159
166
173
168
151
171
160
176
188
174
164
156
131
146
148
149
142
157
150
149
138
129
136
129
136
137
122
129
129
130
130
119
134
115
116
106
126
98
99
107
114
115
249
136
104
121
104
122
109
108
110
100
102
105
101
90
104
95
92
105
85
83
84
100
101
81
90
90
105
92
75
93
78
86
90
74
83
75
73
67
92
58
82
76
76
67
80
71
79
45
67
76
57
53
70
68
63
61
68
68
61
80
70
79
52
57
63
65
55
47
56
59
53
48
58
61
60
62
86
40
55
69
56
51
43
44
55
51
43
39
49
41
44
38
59
42
46
35
51
52
27
40
23
35
44
30
33
44
34
44
36
46
42
46
42
31
37
38
39
45
34
31
36
38
39
41
29
34
26
37
48
55
30
27
30
29
20
33
29
24
29
27
30
19
35
30
26
32
22
30
24
27
21
24
28
29
27
25
26
16
20
20
20
21
23
19
25
19
27
23
21
35
25
21
29
21
29
26
22
18
16
21
16
30
61
30
21
29
22
21
27
19
22
16
21
17
23
20
27
19
16
18
23
20
26
21
24
25
15
19
21
19
22
11
16
19
18
18
19
16
19
21
11
14
17
15
15
13
16
18
13
12
10
16
13
16
13
20
15
16
21
16
15
13
16
11
18
19
6
12
15
14
15
14
17
18
13
6
16
13
12
11
20
12
18
11
15
16
17
16
13
13
8
9
15
12
9
12
8
15
8
17
12
10
15
18
11
9
16
11
13
14
10
19
14
6
4
13
10
6
6
9
9
9
7
6
7
17
19
6
11
12
11
12
15
14
7
14
8
12
16
10
9
11
4
14
16
9
9
9
8
11
21
27
24
20
6
7
11
8
8
8
16
11
5
10
4
10
10
5
7
8
6
4
13
5
9
6
5
12
13
4
6
2
10
8
9
8
3
14
8
8
4
12
8
4
10
8
19
8
6
12
11
5
12
11
7
10
5
4
10
10
12
7
5
6
6
14
6
11
6
16
20
10
7
5
4
7
8
9
4
12
3
3
7
8
9
5
7
11
1
7
6
10
13
13
54
28
7
3
7
9
6
2
6
11
4
6
4
8
10
7
7
8
8
7
3
11
3
4
7
9
6
5
8
6
9
5
8
7
7
5
8
7
7
4
9
3
6
4
4
7
5
3
10
17
14
10
4
7
9
9
5
9
4
8
7
7
8
8
7
8
6
7
10
7
8
7
5
7
3
9
10
7
6
2
5
4
11
6
5
4
4
5
5
7
6
8
7
7
12
4
4
17
9
7
4
4
9
2
11
3
6
3
7
4
5
9
9
8
5
4
6
2
7
7
5
6
3
4
4
9
5
3
6
3
3
7
5
5
6
6
5
8
1
6
0
3
14
2
10
9
11
2
9
4
6
5
8
1
4
5
6
3
3
4
5
3
8
6
5
4
6
4
9
3
10
5
5
5
7
9
7
7
5
6
5
1
7
6
8
9
6
3
2
4
7
3
6
6
3
4
2
6
7
5
5
2
5
8
8
7
5
5
6
7
4
6
7
10
4
7
4
1
4
4
7
0
8
8
3
5
4
2
3
6
3
4
5
1
6
9
3
7
3
6
9
0
4
2
6
6
5
6
2
6
4
6
5
4
4
4
4
3
5
4
1
6
6
3
5
7
1
7
3
5
5
4
4
3
5
2
2
4
3
4
4
3
5
6
12
13
7
9
5
4
4
3
5
0
3
5
3
3
6
5
4
6
5
6
2
5
4
8
2
1
2
1
5
7
2
5
8
2
5
6
5
3
7
5
3
6
5
3
9
4
1
6
5
8
4
4
11
6
8
10
1
5
6
3
4
6
2
3
5
4
3
8
2
3
2
3
3
6
7
2
5
5
6
2
2
3
4
3
2
1
3
3
9
2
3
4
3
3
2
6
3
4
1
3
3
6
2
1
2
6
4
6
3
6
3
3
3
6
5
4
4
6
2
5
1
2
3
4
4
3
6
3
0
2
4
4
6
4
7
6
0
6
2
7
3
5
2
3
3
1
4
3
2
7
1
0
1
98
1742
