radiacao de fundo
0
0
0
0
0
0
0
1
0
0
0
0
7
9
44
2591
1528
1112
849
587
444
379
291
264
190
165
147
244
133
121
141
133
94
99
111
156
1587
359
111
343
271
72
93
97
83
71
76
100
98
62
86
84
92
77
82
98
103
102
113
110
134
126
124
121
109
109
126
129
145
125
133
143
142
137
136
128
154
151
146
149
191
179
161
156
151
160
181
181
181
182
183
198
187
220
217
185
186
168
195
153
197
188
161
176
158
176
178
155
177
164
174
177
158
191
166
190
164
155
169
156
174
175
187
163
188
165
159
165
175
164
163
170
161
166
147
165
163
176
133
144
162
149
123
149
159
158
137
146
143
163
147
154
128
139
129
126
117
109
157
295
256
169
838
816
121
122
106
131
114
111
94
107
97
99
104
76
111
106
91
83
88
87
119
111
128
107
190
117
90
92
107
78
78
82
92
77
76
86
90
75
75
68
61
67
71
64
79
82
77
76
75
74
64
79
77
76
66
76
55
56
58
46
49
65
66
60
49
54
57
61
56
67
63
65
57
57
72
56
80
62
52
41
52
49
46
52
43
42
52
55
42
50
50
45
46
43
44
48
46
40
32
44
42
42
38
41
49
34
37
34
51
39
41
41
37
34
47
33
31
41
37
29
44
33
33
35
42
34
37
33
30
27
59
39
38
38
26
27
26
42
20
23
33
28
24
27
29
23
19
31
21
33
24
24
23
18
31
33
23
32
43
25
26
27
22
23
21
25
32
40
15
22
27
40
15
25
26
29
24
31
32
24
17
25
22
29
50
23
19
19
21
23
16
23
23
21
22
17
20
17
22
22
20
23
24
17
19
14
15
18
14
17
15
17
16
25
22
11
11
18
16
15
21
15
18
12
17
18
14
16
19
15
23
12
19
16
19
13
19
15
16
13
18
12
21
13
15
18
15
19
19
18
16
18
12
16
17
11
21
20
9
9
12
8
10
17
14
14
13
8
14
12
10
15
17
11
4
8
11
9
11
11
10
9
8
11
14
14
20
13
14
17
20
12
11
11
14
12
12
12
12
15
9
13
8
18
9
12
17
6
14
12
6
7
21
9
13
13
9
14
9
8
15
13
12
9
10
13
19
6
15
15
13
11
9
18
25
30
23
18
7
8
10
6
14
11
14
9
12
12
16
12
12
7
14
5
3
8
9
8
9
10
8
9
8
10
12
13
13
8
10
5
5
8
13
9
9
8
13
7
9
13
8
10
5
10
8
8
8
8
8
13
12
6
8
4
4
8
9
11
8
9
6
11
13
23
15
6
7
8
6
7
7
10
10
8
9
11
10
9
8
14
9
5
6
12
9
9
8
9
35
26
7
6
5
4
9
3
11
6
10
5
6
5
5
8
9
6
6
5
8
5
1
7
6
5
5
9
4
5
8
5
7
6
4
8
14
6
6
3
12
6
5
7
10
10
3
6
10
8
20
19
9
7
8
2
4
5
5
6
7
4
4
4
2
9
5
4
4
7
7
7
7
6
6
3
3
7
8
4
2
8
7
4
6
12
3
4
4
4
5
6
5
4
6
2
3
6
9
9
2
9
5
7
5
8
6
5
5
10
5
6
10
11
7
5
2
7
4
2
6
7
3
6
4
3
6
2
5
6
8
4
4
8
7
9
6
5
6
6
5
4
8
3
4
3
8
6
3
8
7
4
8
7
2
6
6
7
7
8
4
5
5
8
4
0
2
9
6
2
6
7
11
10
5
4
0
8
5
2
4
5
7
6
4
5
7
4
8
5
5
7
3
2
4
3
7
1
4
5
5
5
6
5
10
3
2
9
1
5
4
3
7
5
2
4
7
3
1
3
5
4
4
3
2
5
2
1
4
8
4
5
2
5
4
4
4
4
4
6
7
4
5
8
5
4
5
3
3
2
3
2
7
6
4
4
8
3
2
5
5
1
5
9
9
5
2
8
6
7
4
11
4
3
3
2
7
5
4
5
4
6
5
0
6
3
9
15
5
4
7
3
1
7
3
2
5
4
4
4
7
3
4
3
2
2
6
4
5
5
6
5
2
0
4
5
3
6
4
3
4
4
4
6
4
4
3
2
5
2
3
3
7
6
1
7
3
6
2
1
4
6
10
8
1
3
4
4
5
6
5
0
2
5
3
5
2
4
4
1
4
1
3
1
3
6
2
3
5
3
7
4
5
7
2
3
4
4
3
2
3
1
6
2
5
5
1
1
4
1
2
1
4
4
1
2
2
5
5
1
4
9
8
5
3
2
1
1
3
6
1
4
7
2
5
6
8
3
4
1
2
4
3
1
1
4
2
2
3
2
7
2
3
60
