radiacao de fundo
0
0
0
0
0
0
0
0
0
0
0
0
3
1
2
217
120
100
96
106
128
123
117
91
82
86
125
210
102
103
127
80
95
96
106
104
2088
544
93
395
372
78
86
74
83
67
68
74
82
69
88
92
75
84
85
92
89
101
97
116
123
107
104
120
93
104
113
122
125
133
135
119
113
130
147
150
133
134
150
141
134
140
153
169
157
160
150
148
152
164
158
165
182
165
165
173
155
174
177
177
165
176
166
157
166
156
183
178
178
154
159
161
197
145
185
160
181
173
160
188
160
141
170
153
148
148
163
165
194
177
172
155
153
133
165
159
160
147
146
145
144
153
150
153
158
120
134
141
120
120
138
127
132
119
134
138
114
125
106
133
133
117
1258
1429
109
98
93
108
120
109
92
92
105
108
112
95
91
117
92
88
93
83
88
81
107
120
267
107
115
135
100
73
84
94
76
83
66
93
83
76
74
81
69
62
74
65
73
62
57
65
62
59
63
72
68
56
66
71
58
56
69
61
53
60
54
60
58
56
50
63
44
51
58
49
67
66
50
47
81
71
43
59
50
49
50
43
42
43
37
45
45
47
42
33
33
38
45
47
46
29
47
42
37
37
33
47
34
38
45
40
35
39
29
34
48
34
48
22
30
34
36
35
27
35
33
33
37
26
33
43
29
39
63
38
28
35
29
43
33
31
23
33
32
32
32
26
26
34
31
30
31
32
29
23
27
21
26
25
27
21
26
21
18
35
24
22
28
20
25
12
26
24
23
30
26
15
19
31
14
17
22
17
15
27
19
26
59
26
12
15
18
24
22
21
23
19
19
22
17
14
25
13
16
21
14
20
18
12
16
21
22
21
22
23
18
22
16
22
14
15
21
15
19
16
12
18
15
15
14
13
18
11
20
23
17
15
12
21
14
11
15
20
13
9
12
15
22
17
16
13
8
17
22
14
11
16
17
9
8
13
19
16
17
11
12
23
5
8
18
16
7
15
15
7
17
16
10
11
5
18
18
18
5
15
14
16
8
12
8
6
12
20
14
6
12
17
10
18
10
18
12
8
9
14
16
8
14
15
8
6
15
10
14
7
9
14
7
15
10
16
11
9
7
8
5
9
9
7
4
10
10
17
7
12
22
15
28
34
32
16
8
6
9
7
12
8
7
14
9
13
10
9
4
12
5
10
7
11
10
6
13
9
10
9
7
8
10
14
8
5
5
7
10
7
10
6
13
11
9
7
6
9
7
10
3
8
12
7
10
7
6
4
9
3
8
9
10
6
9
8
7
5
9
8
9
11
23
12
5
10
5
14
4
7
4
2
6
3
4
6
8
12
3
4
7
8
3
7
7
14
35
21
14
7
14
5
2
8
5
7
8
8
7
4
6
5
11
6
6
3
8
4
8
3
7
7
4
7
6
6
7
5
5
5
6
6
8
5
5
2
6
5
13
6
9
4
8
7
7
4
17
14
7
5
5
7
7
4
8
11
10
8
4
7
7
9
4
5
5
8
9
7
6
5
5
9
4
7
7
6
4
4
5
9
1
6
7
3
8
3
11
7
9
5
5
9
5
6
6
9
4
3
8
5
3
9
4
5
6
7
4
6
8
11
12
4
6
4
3
8
6
6
8
6
4
5
9
6
11
6
4
5
4
5
3
5
5
7
5
7
8
3
6
4
7
3
4
6
6
6
3
6
7
3
6
2
2
5
2
6
6
4
2
8
7
9
4
6
6
3
3
3
4
5
7
3
7
7
4
4
7
6
3
2
6
2
4
6
8
3
7
2
3
4
4
3
6
5
3
3
4
7
4
9
4
0
3
1
4
2
4
0
1
5
2
4
6
3
0
4
3
4
1
2
10
4
6
5
4
0
3
5
5
2
5
4
1
5
2
8
5
9
1
2
5
3
6
3
2
4
7
10
4
3
0
5
5
5
3
1
3
4
3
4
7
1
1
3
4
5
1
4
3
5
3
5
3
2
5
4
5
5
1
4
3
4
3
7
10
10
3
7
7
6
5
2
4
2
3
4
5
3
2
4
7
4
1
4
2
5
3
5
2
3
1
5
8
1
8
4
4
3
3
3
4
4
5
3
3
5
4
6
2
7
1
3
4
7
9
4
4
6
13
9
5
7
2
2
1
6
6
0
2
5
6
6
1
3
1
2
2
3
6
1
3
3
3
3
0
6
1
5
6
5
2
6
5
4
5
4
2
6
1
4
4
2
4
2
5
4
5
2
1
2
5
4
9
8
3
1
0
3
4
3
5
6
5
0
4
2
7
4
0
6
2
3
1
1
5
4
1
1
2
4
1
4
2
2
5
4
7
2
8
1
