radiacao de fundo
0
0
0
0
0
0
0
0
0
0
0
0
0
1
5
177
121
89
85
120
101
98
81
98
65
76
106
88
82
85
89
77
81
64
72
63
271
98
73
103
74
56
75
100
82
70
76
79
75
94
67
77
87
92
83
71
97
96
106
85
104
102
120
112
108
107
108
117
129
134
112
120
131
134
137
123
136
143
169
141
182
143
161
189
160
175
150
138
185
160
178
177
155
147
160
177
165
175
192
192
168
169
160
156
166
163
183
164
179
171
175
185
164
171
164
165
180
167
158
172
160
177
184
157
156
171
160
182
174
158
166
143
158
149
165
130
152
143
153
131
138
126
142
147
122
119
143
109
144
117
113
131
120
141
132
121
102
140
117
134
129
291
153
105
104
100
115
96
113
105
114
95
101
93
110
84
108
99
83
84
103
105
88
101
99
130
98
96
103
81
92
87
76
76
105
102
82
83
81
73
67
75
75
86
78
78
63
73
93
78
66
60
61
60
55
70
72
75
53
59
62
67
53
69
51
57
63
67
59
51
59
48
57
45
57
41
69
100
47
55
46
44
53
52
53
49
53
52
46
50
33
31
51
40
46
55
54
48
39
53
46
37
38
46
44
36
50
38
38
44
40
39
38
36
37
42
46
31
30
26
45
33
33
46
32
30
38
40
37
39
34
26
46
30
37
26
24
33
31
28
26
35
23
23
18
26
27
26
24
26
30
29
23
24
22
34
23
24
26
27
24
33
25
20
19
22
22
17
23
27
37
30
26
20
17
25
23
25
20
14
36
31
25
75
22
19
20
19
22
19
15
19
16
15
19
22
19
14
17
15
21
15
16
19
16
20
22
15
11
18
15
18
14
27
19
17
14
19
19
21
21
20
19
23
21
15
10
9
20
19
26
19
17
11
12
13
16
14
13
16
11
18
16
25
21
15
11
19
14
16
14
7
13
16
20
15
17
11
11
14
10
17
13
9
10
8
8
11
19
14
13
12
20
12
12
11
19
7
10
8
8
9
16
9
7
14
11
20
17
7
13
9
18
19
9
9
14
9
25
6
5
8
14
11
11
6
14
9
8
8
13
13
10
12
11
14
9
12
13
10
10
8
10
12
16
9
10
6
9
6
6
18
18
12
24
13
14
12
8
12
7
9
7
10
9
9
11
7
8
11
4
4
6
9
10
11
7
11
5
8
6
12
12
12
4
9
14
12
13
10
7
7
9
8
9
7
12
7
10
8
10
11
9
6
5
10
7
8
4
10
11
11
10
7
4
7
13
5
5
9
13
27
14
7
6
6
5
12
10
4
6
14
9
10
10
7
4
9
4
10
7
6
1
12
10
31
36
15
4
6
7
5
8
6
5
3
9
6
7
7
3
5
8
7
8
10
3
6
9
6
13
6
12
3
6
9
6
6
9
7
12
4
6
2
5
14
5
11
5
8
6
10
4
8
15
24
7
5
10
12
3
5
14
11
1
5
2
5
3
5
9
9
7
5
3
9
5
3
7
3
7
4
9
8
5
9
5
8
10
6
7
7
7
10
9
5
2
6
5
5
6
2
5
8
3
1
2
4
3
10
4
4
6
1
9
3
4
16
5
5
4
10
3
5
1
5
2
2
6
8
5
5
4
2
1
4
7
3
7
5
3
4
3
5
6
5
4
5
6
4
9
4
8
3
2
7
7
5
4
1
6
6
3
0
5
2
5
5
5
6
8
5
5
4
2
5
4
4
6
2
4
3
10
5
5
3
5
2
6
1
3
10
8
3
3
5
7
4
2
5
5
4
1
5
5
4
5
6
7
11
7
6
7
3
6
2
0
4
4
2
6
4
4
6
2
2
3
8
6
2
10
1
2
2
7
2
2
2
2
6
3
8
4
6
5
3
4
6
8
1
5
8
4
4
4
2
4
2
2
4
5
1
6
5
2
0
2
3
4
4
3
1
1
3
8
3
4
3
5
0
6
5
3
6
1
4
4
6
4
10
21
10
3
2
3
0
6
4
5
6
3
1
7
1
5
5
3
1
4
2
4
6
3
7
3
5
6
5
7
2
5
4
5
2
4
3
7
7
2
2
3
4
5
5
6
2
5
4
8
7
4
11
6
4
9
11
7
8
1
0
7
3
5
4
3
3
2
5
5
3
6
4
4
4
3
6
2
5
2
5
5
2
8
4
5
4
1
3
2
4
5
2
4
5
6
5
0
5
3
3
2
3
1
2
5
7
7
1
5
1
1
1
2
3
4
3
3
3
3
4
2
4
4
0
7
2
4
3
3
7
3
7
3
5
3
2
5
3
0
2
8
5
6
4
3
4
4
3
5
5
4
5
62
1759
