radiacao de fundo
0
0
0
0
0
0
0
0
0
0
0
0
0
0
1
215
127
105
106
125
120
100
96
75
84
79
90
101
92
100
97
63
81
82
75
78
97
64
75
84
72
83
86
63
68
72
79
63
62
85
81
90
91
94
97
89
84
72
87
87
99
95
102
109
109
114
133
117
119
114
120
127
125
128
121
118
132
147
137
154
182
160
151
148
130
156
165
162
140
196
180
167
161
185
164
173
186
171
169
155
186
145
191
164
170
162
207
162
151
175
165
198
164
180
177
175
173
192
151
190
164
177
185
165
155
165
161
186
182
151
167
159
174
156
169
159
162
142
138
180
160
158
131
143
140
154
141
170
132
104
117
123
135
109
134
117
149
117
138
121
123
122
125
131
116
108
108
105
104
112
104
85
98
102
94
118
95
106
103
98
93
110
110
105
94
76
104
75
95
106
79
90
96
84
76
67
69
87
70
81
84
79
66
65
74
59
73
66
71
71
70
80
63
70
71
54
67
67
64
68
65
76
78
75
61
60
50
45
52
63
60
52
59
61
41
51
52
48
99
66
59
57
56
43
57
36
46
46
50
45
42
61
41
46
42
44
55
45
31
58
34
44
37
36
48
37
31
47
42
40
35
39
50
43
37
34
41
38
36
37
30
40
28
30
36
40
27
39
24
27
30
43
58
38
28
31
44
35
33
29
45
31
40
25
34
24
26
30
27
26
23
28
24
26
22
29
26
16
30
27
21
24
21
39
22
20
23
32
26
33
24
21
28
36
24
18
30
21
18
18
22
15
20
24
26
46
55
31
23
22
20
19
15
17
22
26
17
17
23
9
23
17
16
27
22
13
18
22
27
16
16
17
14
17
25
21
12
17
18
23
19
11
16
15
14
17
22
16
13
19
13
19
13
18
12
19
18
18
21
14
17
26
26
17
18
12
14
21
17
19
14
18
19
15
16
12
12
18
16
17
20
16
16
15
11
16
8
15
23
12
17
16
12
8
9
8
17
8
12
17
9
9
12
13
17
12
11
11
9
8
8
16
14
7
18
12
11
9
13
17
13
15
2
13
15
9
16
10
15
13
14
8
13
6
4
12
10
8
6
8
15
6
9
6
7
8
10
11
10
13
17
10
12
12
9
22
26
26
16
10
12
9
4
8
10
11
9
9
13
8
11
14
11
12
10
8
9
9
13
12
2
8
16
5
8
7
12
10
13
8
6
7
6
3
7
10
8
6
11
7
15
9
6
10
5
8
8
2
8
14
8
6
9
8
5
11
11
10
3
10
8
11
7
9
14
27
18
14
13
13
8
5
7
10
8
8
7
6
9
7
8
13
11
9
6
10
14
11
8
18
32
31
15
8
9
11
14
2
7
4
5
13
8
3
12
4
6
4
8
3
12
5
3
6
3
4
4
6
6
5
7
7
1
9
7
9
4
6
10
6
7
4
7
4
5
9
6
5
15
15
26
14
7
7
7
7
10
5
7
8
8
4
3
10
7
5
7
7
7
6
8
5
7
2
6
3
8
3
4
8
3
6
7
4
3
11
6
8
5
10
6
2
4
6
4
5
6
11
7
6
6
4
2
5
10
8
3
5
6
7
6
13
12
7
8
1
7
5
5
8
1
2
6
2
8
2
11
3
8
6
2
5
5
7
6
3
3
3
0
4
8
8
7
7
3
6
10
6
4
5
5
8
12
8
7
6
6
6
7
8
10
4
6
6
4
4
4
7
3
6
4
3
6
8
4
5
5
3
7
6
12
6
10
6
4
2
3
2
5
2
2
4
1
7
5
6
4
6
6
2
4
5
3
6
10
3
5
1
6
2
8
7
1
4
3
5
5
7
8
3
5
7
5
2
4
6
4
5
4
4
2
8
7
6
5
3
10
1
3
6
6
5
8
0
3
6
3
2
3
5
4
2
5
3
4
3
2
5
4
5
7
4
8
3
2
1
4
5
4
4
8
2
2
4
4
3
1
3
4
7
3
2
9
4
3
5
10
9
11
5
1
4
6
9
6
4
1
3
3
4
1
4
5
7
1
1
3
1
7
6
5
9
5
6
1
1
3
2
2
5
5
4
6
6
7
8
3
2
2
5
4
4
4
4
6
5
5
5
6
9
4
7
7
4
7
2
1
1
3
4
7
1
3
4
4
3
5
3
3
7
4
1
3
8
4
3
4
6
5
2
3
3
3
3
3
2
2
2
5
4
6
6
8
2
4
7
3
4
2
2
2
1
4
6
4
3
2
4
6
2
7
3
2
4
2
7
3
3
2
4
2
1
1
5
1
1
3
0
5
8
5
5
2
6
3
3
5
5
2
2
1
3
2
1984
