radiacao de fundo
0
0
0
0
0
0
0
0
0
0
0
0
7
1
30
271
200
160
160
135
133
107
107
84
90
100
90
75
102
103
103
87
89
75
88
83
77
72
84
88
69
77
84
83
75
80
96
95
73
81
77
89
92
88
104
88
97
101
105
111
88
87
113
122
127
132
125
124
135
127
131
143
140
124
163
149
164
158
138
176
172
147
154
146
147
171
184
191
157
188
186
158
167
184
172
192
182
185
175
212
181
188
201
183
178
190
188
166
173
189
201
169
173
197
169
200
178
215
183
169
208
207
172
169
178
146
184
177
177
211
171
158
179
154
176
180
161
187
170
142
172
165
194
151
151
178
156
159
169
150
130
150
136
134
134
135
137
123
133
131
134
116
107
122
152
142
120
120
118
135
141
118
113
92
109
108
119
122
97
115
95
108
111
105
102
105
112
108
120
100
101
94
108
114
100
76
94
110
116
98
87
76
97
80
105
73
74
72
86
75
91
80
87
72
63
79
69
70
88
76
77
76
71
78
66
65
75
51
74
61
65
61
54
77
74
47
65
74
86
64
60
90
66
56
52
64
46
43
57
46
66
56
45
53
41
59
31
47
46
46
52
49
58
46
57
43
40
50
44
46
38
39
42
55
33
46
52
43
40
31
36
43
45
38
30
35
31
43
32
40
35
45
35
36
39
51
41
37
40
36
45
36
36
35
31
31
21
25
22
38
32
22
30
40
28
34
31
24
26
27
29
28
27
26
40
30
20
29
27
28
27
16
40
31
25
22
26
23
22
22
19
21
23
22
19
36
36
28
15
22
40
23
29
31
23
22
26
17
25
25
22
16
20
22
24
22
13
22
15
19
21
16
17
14
20
25
19
16
15
19
19
20
21
32
19
19
18
23
13
18
14
15
15
21
16
18
15
10
21
13
17
15
22
13
19
12
16
13
15
16
20
15
13
20
16
25
13
22
12
15
12
13
17
18
14
21
12
19
18
13
12
15
17
13
14
16
17
16
11
16
15
16
20
8
11
10
20
13
14
8
17
18
16
8
9
9
16
18
15
11
17
12
9
11
13
15
11
8
6
11
12
16
10
15
9
10
13
20
15
7
12
13
12
17
7
13
11
12
8
14
12
4
15
12
17
18
11
18
14
11
7
8
19
18
11
12
10
16
10
12
6
13
9
16
16
9
16
13
10
8
8
11
12
11
8
9
12
12
10
8
9
10
4
11
12
12
11
12
7
5
6
10
8
13
9
8
10
11
7
14
12
13
9
8
5
6
12
9
12
10
4
8
8
8
17
18
18
8
12
7
15
8
10
20
7
11
11
11
6
8
7
9
11
7
11
7
11
10
9
20
35
15
13
7
9
7
4
13
17
17
8
7
3
5
7
3
12
11
7
7
6
5
9
3
6
14
5
6
8
9
11
7
3
10
8
7
5
10
3
8
5
9
4
6
9
7
10
9
6
15
20
12
9
11
9
6
6
10
12
8
9
5
6
4
9
6
6
9
7
7
1
5
5
6
11
8
8
8
6
8
6
5
1
5
4
8
9
2
5
3
7
5
3
2
5
4
5
8
7
4
4
7
5
7
4
9
8
9
6
11
8
6
9
3
4
7
8
5
3
4
7
12
10
7
5
5
5
6
3
6
10
2
2
9
8
3
7
5
5
9
6
7
6
3
6
11
7
8
9
5
9
9
5
7
3
5
6
7
2
8
9
2
5
5
8
5
2
7
6
6
10
7
13
7
3
3
8
9
7
5
2
3
6
8
6
5
5
10
2
7
3
4
4
6
3
0
3
2
5
3
4
7
4
5
2
4
9
4
1
4
9
1
4
2
7
3
1
4
5
3
10
5
3
5
1
5
4
5
8
5
7
3
3
4
6
4
3
2
5
9
4
2
6
1
4
5
4
1
4
8
3
7
5
5
2
2
6
4
3
5
4
7
5
4
7
2
2
10
7
6
1
3
5
4
3
7
4
6
1
0
2
8
6
3
6
7
12
12
10
2
3
4
4
7
4
2
3
11
5
5
5
2
5
7
2
5
8
6
9
6
4
3
4
2
3
5
0
7
3
8
5
5
5
6
4
3
6
2
2
3
7
2
2
1
6
4
8
3
9
2
4
4
5
8
3
3
2
2
8
7
3
3
13
5
6
5
1
3
3
5
5
8
7
4
3
1
8
4
4
5
5
2
3
5
3
2
5
6
2
5
4
5
1
3
4
6
1
4
3
2
4
6
1
3
7
8
4
4
2
4
1
4
4
6
3
4
3
3
4
5
5
5
4
3
3
4
1
2
4
5
7
1
6
4
2
4
2
5
2
3
5
2
988
1200
