radiacao de fundo
0
0
0
0
0
0
0
0
0
0
0
0
1
2
39
295
134
77
84
113
105
91
103
91
77
76
87
89
96
109
87
99
78
68
69
75
76
79
68
82
96
82
82
93
72
72
76
103
77
94
83
99
77
76
86
99
106
101
96
86
111
108
114
113
132
109
131
122
103
129
124
138
148
150
129
126
133
156
173
165
151
165
145
173
192
179
161
171
164
146
180
157
152
169
190
192
185
188
174
191
171
195
169
188
193
180
191
185
188
181
173
173
174
152
177
184
187
163
188
188
190
156
162
189
172
162
164
152
187
187
156
156
145
137
174
165
161
157
165
168
154
159
153
144
160
148
150
129
150
176
141
139
148
125
140
144
139
122
135
121
123
121
123
111
133
140
129
116
133
131
128
105
104
107
111
107
106
107
112
101
105
89
95
108
89
99
99
96
104
117
94
97
83
107
96
103
83
86
67
94
104
85
90
103
86
75
81
82
88
74
84
57
72
67
78
68
69
68
76
52
71
68
66
64
75
57
66
64
71
64
56
58
61
53
60
53
52
69
86
62
67
60
58
70
43
55
37
48
47
43
65
39
37
44
45
59
49
47
37
51
54
40
42
37
34
42
43
46
38
43
32
42
24
38
44
29
35
45
45
45
39
29
27
32
32
40
26
44
39
20
44
38
70
37
39
22
31
23
31
26
46
32
27
33
38
31
37
27
24
32
19
20
24
35
23
39
27
23
28
34
31
22
18
22
14
27
24
25
24
19
32
24
21
30
28
19
17
23
19
28
17
26
29
27
22
47
66
25
21
18
24
28
23
25
16
21
22
18
19
12
26
23
24
13
21
17
21
23
18
21
18
21
19
14
26
16
21
19
16
21
19
14
21
27
23
19
17
13
20
20
23
17
19
17
14
13
13
16
16
17
18
13
20
20
15
18
9
23
21
13
21
17
18
9
15
11
11
13
17
20
8
13
7
17
13
12
18
13
18
17
15
14
15
9
11
5
9
14
17
13
15
11
17
14
14
14
18
13
13
13
11
16
15
14
8
13
8
10
17
14
15
10
17
11
10
17
17
14
12
9
12
12
8
15
11
5
7
10
14
13
12
12
8
12
11
20
13
11
7
15
8
6
11
11
14
17
24
26
26
17
11
12
9
13
8
6
15
10
6
10
10
13
13
10
14
3
8
16
8
13
14
7
3
13
12
8
10
9
5
7
9
9
6
12
8
9
6
6
7
6
7
10
8
12
8
14
13
8
9
9
8
5
6
12
9
8
7
3
7
10
5
14
10
11
13
20
27
10
5
14
5
9
12
8
6
11
6
5
6
8
2
9
14
3
10
10
11
13
6
21
28
24
8
3
8
9
5
10
11
7
2
9
8
8
7
9
3
8
5
8
6
3
4
6
7
3
11
7
5
7
1
7
5
8
7
6
6
11
8
2
9
5
4
9
10
11
16
6
9
21
20
13
8
4
8
10
4
8
5
4
10
12
5
7
10
5
9
4
5
2
2
6
7
11
3
5
6
7
6
3
6
2
9
5
8
7
12
9
10
5
2
5
8
4
5
5
8
11
6
5
6
1
5
3
6
6
3
7
7
6
7
1
7
5
5
9
4
9
5
9
9
8
8
3
4
9
3
3
6
5
2
6
3
6
4
6
5
7
8
5
5
6
5
8
1
7
4
9
6
4
7
7
8
3
3
4
7
4
3
4
3
2
3
4
2
4
7
4
5
8
5
5
4
6
8
3
9
6
6
4
5
8
8
7
3
8
3
5
6
5
2
4
10
4
4
5
6
7
5
5
5
5
5
0
3
6
2
5
2
8
4
1
1
9
3
4
6
4
6
5
4
4
7
4
4
7
7
5
4
5
9
5
1
6
4
6
5
6
5
5
5
7
5
5
4
7
2
6
5
4
3
5
5
4
2
3
3
2
10
2
5
7
9
1
5
3
2
9
1
5
2
3
1
7
8
5
5
5
6
7
5
6
5
1
11
5
7
17
9
7
2
1
5
12
7
5
1
5
2
7
5
8
6
2
2
3
3
4
8
6
7
4
3
3
2
2
5
8
6
7
3
0
11
1
6
6
2
2
6
3
3
8
4
3
5
7
3
5
3
6
4
8
11
8
5
6
4
4
5
7
2
1
5
3
3
5
4
5
3
3
3
5
4
3
3
1
1
5
6
8
2
5
4
3
3
3
4
2
5
3
1
1
3
5
5
2
2
4
5
6
5
7
3
1
5
2
6
1
1
6
3
4
1
4
3
4
2
5
4
5
3
1
4
4
4
5
5
4
5
5
3
5
5
6
2
3
4
1
4
2
5
3
2060
0
