radiacao de fundo
0
0
0
0
0
0
0
0
0
1
0
1
1
1
43
275
127
82
96
84
113
100
83
71
65
86
65
84
98
80
87
71
85
67
66
70
84
77
73
51
73
73
83
79
82
56
75
76
48
84
77
76
88
90
85
93
72
82
96
84
92
92
100
93
114
110
110
135
119
138
117
124
114
103
120
135
120
122
132
139
118
149
161
153
154
159
139
154
170
137
164
159
189
161
183
185
184
190
175
167
165
176
162
193
161
155
159
159
171
157
179
159
186
181
150
155
154
136
176
175
175
171
173
183
166
149
157
170
165
136
163
146
167
153
162
166
137
122
155
151
108
137
139
156
122
124
125
135
134
133
127
143
144
131
117
125
121
136
128
138
103
103
100
126
111
132
112
92
99
129
118
114
98
103
98
101
116
95
99
93
89
93
84
92
94
103
85
79
95
81
93
87
87
76
80
96
94
73
66
85
81
80
79
68
78
57
79
64
82
74
65
68
68
74
72
52
61
64
65
66
63
57
64
66
74
59
55
63
51
68
56
56
56
40
48
53
48
66
65
68
47
49
46
44
51
48
41
40
34
51
31
37
45
34
43
49
43
55
35
35
44
42
39
38
36
39
45
32
50
54
34
36
38
40
35
31
46
38
47
34
43
44
29
36
28
28
35
23
40
35
34
45
56
27
29
27
35
30
29
27
28
30
22
28
26
30
25
35
33
31
22
25
18
23
29
17
31
29
32
22
31
31
21
23
24
16
24
22
22
25
29
27
32
23
30
24
18
25
13
27
17
15
28
23
35
33
48
20
27
21
24
19
24
24
25
23
19
20
20
21
21
21
18
19
8
17
18
11
13
12
20
15
18
20
15
22
14
26
22
19
16
14
16
11
19
18
22
18
20
19
22
13
16
18
16
15
16
15
19
17
22
14
25
8
19
16
11
15
17
21
13
9
16
15
23
15
16
13
15
12
10
12
16
10
12
10
20
8
10
7
15
7
11
6
16
12
11
19
12
11
10
10
14
12
12
12
12
11
9
8
9
14
17
13
11
16
10
15
14
11
13
7
9
12
14
16
6
15
18
11
10
11
12
17
11
13
11
10
11
10
11
11
11
11
5
11
11
7
9
16
16
13
16
8
15
26
23
24
15
15
6
8
14
14
5
8
6
7
10
7
8
7
10
7
9
9
5
13
11
9
12
7
8
6
2
11
12
14
11
10
12
4
7
10
11
4
9
9
6
6
12
7
8
10
10
9
6
14
7
11
7
8
9
11
9
12
12
5
12
11
8
15
11
7
14
22
22
13
4
5
6
7
7
5
10
7
7
5
4
8
8
6
5
9
7
9
9
9
6
17
41
20
12
9
8
12
7
6
7
10
7
6
15
6
6
8
4
6
5
6
9
7
7
5
10
3
6
10
3
5
5
4
9
6
3
11
6
4
11
7
6
7
10
8
12
3
4
10
7
12
22
16
11
3
2
6
6
4
8
5
3
8
3
6
4
4
3
7
6
4
10
4
4
8
6
4
7
5
6
8
6
7
4
4
3
10
6
9
8
8
6
4
8
10
5
3
3
7
7
5
4
3
8
7
8
7
8
3
3
4
6
5
5
8
9
4
6
7
3
3
6
8
8
7
3
6
5
9
4
4
3
6
3
9
4
7
2
2
12
9
7
7
7
8
6
4
5
7
3
4
6
7
3
5
4
5
4
4
2
6
4
2
3
3
3
3
7
4
8
10
7
4
3
5
3
6
4
4
7
3
6
5
4
5
5
1
3
4
4
2
3
5
1
3
4
5
5
5
1
2
6
4
6
7
7
4
4
4
4
4
7
6
2
1
8
6
5
3
6
5
6
4
5
6
6
6
6
5
2
6
6
4
2
3
3
2
6
5
8
5
4
3
4
2
4
6
2
7
8
6
4
4
8
4
5
5
7
5
4
1
2
2
5
8
6
5
6
2
4
7
5
1
5
3
1
5
3
5
1
3
5
1
4
8
8
5
9
15
8
5
1
0
8
4
1
2
6
3
7
6
4
3
2
5
7
7
5
4
2
6
3
8
0
3
3
3
5
5
5
2
3
5
5
4
9
7
5
3
1
2
4
1
2
6
3
1
8
5
4
8
7
10
11
2
2
4
3
0
4
2
4
7
3
3
1
3
2
3
7
1
4
4
5
8
4
3
3
3
1
1
6
5
3
4
5
6
1
2
6
5
5
6
6
0
1
2
3
7
0
3
3
4
2
3
1
4
4
7
2
3
1
7
3
3
4
3
8
6
6
4
6
3
5
3
3
6
2
5
4
1
5
2
2
7
4
2
3
1
1
4
6
7
40
1917
