radiacao de fundo
0
0
0
0
0
0
0
0
0
0
2
2
43
112
21
570
254
124
128
135
134
126
124
82
88
75
93
86
92
104
105
93
77
88
88
100
70
68
92
81
71
100
89
64
91
83
99
96
109
102
87
100
106
104
99
106
95
114
128
116
113
105
107
103
110
125
139
120
122
138
133
128
155
123
173
135
159
165
172
171
162
159
159
176
169
144
176
160
158
174
194
172
170
164
178
155
178
177
148
162
162
169
188
154
179
151
178
142
184
195
154
185
180
172
165
167
176
165
155
167
166
179
162
181
165
180
165
165
154
160
159
175
171
170
162
154
166
178
155
158
167
152
136
134
143
141
139
126
151
114
127
112
118
127
138
103
105
113
117
122
106
100
107
112
112
119
97
105
129
92
77
92
104
92
112
103
86
96
101
100
96
82
104
74
90
77
86
88
80
73
98
74
73
71
81
77
77
73
68
69
57
77
60
71
73
62
71
62
76
63
59
65
68
59
63
64
65
64
63
43
54
58
56
78
59
85
54
49
72
58
51
55
51
42
53
49
45
45
41
60
48
36
46
39
53
42
55
44
45
46
37
51
35
44
32
46
30
40
47
44
59
32
35
50
40
35
27
46
37
30
29
34
37
34
36
42
48
29
27
32
31
41
39
26
30
31
38
32
35
27
29
42
26
44
27
26
28
30
34
28
48
23
48
32
37
15
37
26
29
24
18
22
21
25
34
23
18
19
17
23
22
18
21
22
30
21
39
41
26
23
27
25
11
26
22
33
18
18
28
22
19
19
24
19
10
23
12
13
18
15
17
18
16
23
18
21
19
21
24
20
23
13
15
16
11
16
16
20
26
11
16
19
12
20
13
21
13
12
18
15
18
17
12
23
13
16
12
17
16
15
11
11
13
14
19
12
18
18
11
15
16
20
11
19
11
16
17
20
15
10
17
18
16
12
20
21
14
13
17
17
10
14
7
9
8
10
11
10
8
17
18
11
13
11
12
15
10
11
15
16
12
11
18
8
8
10
9
15
9
15
13
17
8
17
9
11
6
12
12
10
8
10
9
11
12
15
15
15
24
16
13
13
16
10
8
10
11
5
9
9
15
7
13
8
12
5
12
9
11
8
17
11
11
13
6
14
7
6
8
7
5
10
7
7
3
9
9
11
8
10
15
6
8
11
11
6
7
6
3
5
10
11
9
5
6
9
6
11
7
13
6
14
9
9
20
10
6
7
6
9
9
9
8
10
6
4
7
4
10
14
4
7
4
5
8
6
14
23
23
9
5
8
7
3
6
4
13
4
2
2
8
4
7
10
7
8
6
12
5
11
5
7
7
5
6
6
7
7
5
9
4
5
10
8
5
2
9
6
9
7
5
6
3
10
10
13
8
15
5
4
12
10
10
7
6
6
3
6
8
11
10
9
6
9
4
10
3
6
8
8
10
6
5
7
7
6
1
5
6
6
7
7
5
9
8
8
4
6
3
9
11
9
2
10
7
3
8
3
5
10
10
7
8
11
10
10
6
7
10
7
9
3
4
4
4
6
4
6
3
8
3
1
5
8
5
7
2
5
9
4
4
3
5
7
6
2
9
8
5
8
8
4
7
6
6
4
6
5
3
1
5
10
8
4
8
2
3
5
5
4
2
8
10
6
9
8
6
5
4
4
3
3
5
6
4
9
3
4
4
2
4
7
6
5
7
0
1
5
9
3
5
5
5
5
3
3
2
11
5
6
3
9
2
5
6
8
3
1
3
5
3
4
8
7
6
3
4
1
5
2
0
7
4
8
5
3
5
4
3
2
9
3
3
3
3
5
7
3
4
5
5
7
3
3
5
5
7
1
6
7
4
4
6
3
5
3
4
7
3
2
3
5
5
5
7
2
5
9
5
5
9
12
4
5
4
3
7
5
2
2
7
5
3
6
6
3
6
1
11
5
4
1
5
2
4
6
5
4
5
5
3
4
4
2
6
2
6
4
5
3
7
2
4
4
1
8
6
5
1
7
10
10
4
1
2
6
7
6
3
3
5
7
5
6
1
2
2
2
4
4
6
4
2
7
6
6
3
3
2
2
3
6
4
3
4
2
2
2
3
4
4
5
6
1
4
3
4
4
8
3
6
1
4
3
2
3
3
2
1
4
5
5
2
2
3
7
3
6
4
2
3
6
1
3
3
2
5
4
4
5
1
5
1
0
4
1
1
7
7
4
6
2
2
3
2
7
3
6
5
3
6
1
3
5
1
6
6
6
5
3
3
6
4
4
4
1
9
4
2
4
2
1
4
3
2
3
3
5
5
7
4
5
4
7
5
9
6
4
12
4
5
4
2
1670
