radiacao de fundo
0
0
0
0
0
0
0
0
0
0
0
0
5
1
61
391
284
225
234
219
174
166
103
98
111
90
107
118
100
118
106
87
101
108
84
89
95
77
93
103
89
79
99
97
97
69
65
73
89
83
90
85
91
95
86
105
118
100
115
92
104
107
105
127
125
118
124
140
134
123
150
142
138
142
159
149
158
151
157
160
171
178
170
185
183
177
173
164
168
187
188
176
172
188
195
194
172
196
182
181
198
197
177
199
161
198
197
170
176
189
174
200
185
192
189
164
170
201
188
205
164
171
176
182
177
182
175
178
195
186
173
179
159
157
176
172
171
152
151
141
151
159
161
155
173
156
157
151
139
156
150
163
153
149
134
121
144
124
139
140
138
137
141
128
132
131
129
125
132
118
123
117
122
118
145
111
116
103
116
117
104
111
102
109
90
101
94
95
116
105
103
103
116
86
89
85
82
111
79
105
92
88
86
88
83
79
94
67
88
77
96
78
84
83
59
68
67
79
55
75
75
98
68
67
77
71
66
71
69
66
56
49
68
56
71
63
48
49
104
71
38
74
67
55
58
34
42
61
55
45
42
52
53
54
49
47
54
55
42
59
43
40
43
40
48
46
47
48
50
48
41
41
48
41
36
45
39
44
36
54
32
34
36
36
32
39
43
32
38
28
37
47
61
44
33
36
39
39
38
40
29
26
28
38
23
29
28
28
31
35
31
30
35
23
40
29
25
34
26
26
38
25
33
27
19
26
21
25
23
19
21
27
32
36
19
21
18
37
15
17
18
27
33
30
22
63
62
30
25
18
19
25
16
12
26
22
24
25
31
30
24
23
30
22
16
20
21
19
17
22
18
16
16
15
19
30
14
18
12
15
15
11
17
29
22
18
13
17
17
24
14
15
21
29
21
11
23
11
19
15
14
21
19
16
14
17
13
14
14
14
16
14
25
20
13
17
20
19
13
14
16
30
6
19
21
15
13
10
21
19
14
12
19
10
18
15
21
11
18
13
7
16
14
14
14
17
13
21
12
19
15
14
16
7
10
15
13
10
19
18
15
7
10
11
16
12
18
14
15
5
18
14
14
14
14
11
8
12
7
10
8
7
12
13
12
7
11
21
13
11
11
17
11
12
13
25
40
20
27
12
15
9
10
10
14
11
11
10
14
12
14
15
13
7
8
19
11
13
9
6
11
13
10
11
15
9
13
8
20
10
11
4
10
8
10
8
10
9
4
10
7
10
9
13
11
8
7
7
7
7
9
5
12
11
4
2
8
3
4
10
6
12
11
11
13
22
21
12
8
4
10
8
6
7
12
10
14
12
9
12
11
11
10
10
8
9
6
8
13
19
44
25
12
8
11
7
11
14
6
13
9
9
8
7
9
7
8
6
7
3
6
7
7
2
6
3
6
6
9
9
7
9
2
6
11
9
4
7
12
8
3
4
6
7
16
4
8
9
11
16
18
18
9
10
9
7
3
9
10
5
7
10
7
8
4
6
9
5
7
8
11
10
7
13
7
8
3
6
7
7
3
4
9
6
7
6
3
6
4
4
5
3
3
9
4
6
6
4
8
7
9
3
9
6
6
4
4
7
4
5
3
7
4
6
9
8
3
6
6
6
3
6
8
6
4
7
4
4
19
8
6
4
4
5
6
10
9
2
7
2
4
6
7
7
7
5
6
2
7
6
4
8
10
4
7
9
5
3
3
3
9
6
5
10
10
4
1
5
8
6
4
4
5
3
4
2
4
8
6
10
6
1
7
3
3
5
3
8
6
5
1
6
5
3
4
6
5
4
5
3
6
4
4
4
9
3
3
9
3
2
9
4
7
6
7
7
3
6
5
6
3
6
5
4
3
5
6
6
3
4
3
2
7
6
3
3
6
3
9
5
7
2
4
7
5
3
2
6
3
5
5
5
6
3
11
5
9
10
5
7
3
9
3
3
7
4
6
5
4
1
3
2
7
0
5
3
3
4
2
1
5
5
8
8
10
8
14
12
7
7
7
8
2
4
4
5
2
4
9
5
4
9
4
4
6
9
6
5
5
6
3
5
7
5
3
5
2
4
9
7
2
6
3
5
4
3
4
2
2
3
4
4
7
5
2
7
4
4
5
4
1
12
10
4
3
6
3
2
8
3
2
3
3
3
1
6
3
6
3
8
2
3
7
3
3
5
5
7
7
5
5
4
3
3
3
4
3
3
3
3
3
4
3
0
0
8
1
5
3
4
1
7
1
2
3
5
3
1
2
6
3
3
2
5
3
5
1
8
1
4
5
4
4
5
2
4
4
4
5
1
7
2
0
5
2
4
5
3
4
4
2
2
1
2170
