radiacao de fundo
0
0
0
0
0
0
0
0
0
0
0
0
4
3
21
208
162
83
84
95
110
83
107
84
65
78
80
81
103
84
76
84
82
68
65
73
73
82
91
65
66
70
82
87
49
69
75
82
88
64
75
91
75
73
76
96
90
103
84
94
99
105
96
91
116
104
125
117
119
108
98
123
123
141
123
134
140
128
147
141
147
160
143
189
154
175
148
169
158
154
161
155
169
167
156
171
176
148
177
172
169
182
159
136
196
172
177
181
181
181
154
185
151
160
170
159
163
186
162
153
194
167
164
136
152
161
173
170
181
179
168
174
162
163
168
153
136
168
160
139
159
146
128
141
164
138
114
137
138
111
130
125
128
103
132
125
130
119
108
120
104
124
112
111
130
117
79
141
107
115
106
107
111
98
91
90
121
111
92
83
93
91
81
96
87
103
103
80
99
85
87
72
78
92
85
87
71
73
73
87
77
81
80
75
75
73
70
73
69
61
67
83
63
66
67
80
68
71
79
47
68
65
56
62
66
54
63
55
54
57
50
50
52
52
62
51
49
53
78
70
40
59
49
42
56
54
49
49
46
46
38
41
62
38
32
39
45
39
43
39
42
46
34
37
46
37
36
28
38
42
45
46
41
36
38
41
28
32
41
33
33
51
29
40
32
26
30
31
31
33
30
35
58
37
40
31
35
38
29
33
35
25
33
31
25
32
18
22
31
30
37
27
27
23
17
21
19
25
32
35
23
19
33
18
19
25
31
27
27
26
32
17
27
34
25
19
21
26
20
23
22
21
8
36
25
41
60
16
22
23
25
23
20
20
23
22
23
25
21
26
19
20
17
10
16
12
20
22
15
22
13
16
14
25
11
15
21
20
19
18
14
20
10
19
17
18
21
9
22
18
12
11
16
13
9
16
16
13
9
13
20
28
15
21
17
24
8
14
8
15
13
5
22
11
16
10
15
11
12
15
15
10
11
14
14
23
7
17
14
15
7
12
11
11
9
9
16
8
12
6
13
13
9
14
12
9
8
12
14
14
13
17
14
19
11
13
9
12
17
10
13
18
8
6
12
13
17
26
8
12
14
8
13
14
10
20
9
15
11
6
11
9
10
8
12
8
14
9
15
12
10
15
16
9
14
10
20
39
13
13
10
5
8
8
10
13
11
13
11
9
10
5
13
11
10
12
7
9
11
6
12
8
4
13
12
11
11
8
6
9
10
7
6
6
14
11
8
4
10
7
5
6
10
9
10
10
7
12
3
10
12
7
7
8
14
11
9
8
6
12
5
4
4
8
12
26
19
15
5
6
6
9
4
12
4
6
12
7
7
8
10
3
5
7
4
12
10
8
14
25
36
15
12
5
3
7
10
12
5
5
6
13
8
5
9
6
6
11
5
8
10
8
2
7
6
3
6
4
11
6
7
7
7
7
6
4
5
5
3
4
6
7
11
3
8
4
12
7
6
16
19
12
14
6
8
9
5
4
5
10
7
6
3
5
5
10
9
5
1
2
5
7
11
6
10
5
5
3
10
4
5
6
6
7
3
10
4
5
7
9
5
4
4
5
4
6
6
2
5
5
5
8
3
4
1
5
4
3
5
5
9
4
5
11
4
5
6
7
6
7
9
4
6
4
5
8
3
4
4
8
3
4
7
3
5
6
6
4
4
2
2
6
2
6
3
8
7
9
5
3
9
4
7
5
5
2
4
6
3
6
6
5
3
3
4
10
4
4
6
3
4
8
3
7
4
5
7
4
1
5
2
4
5
6
6
4
6
5
7
3
5
6
2
5
4
1
9
6
8
2
3
3
3
2
2
3
6
5
4
1
7
2
5
6
4
5
3
4
4
5
5
5
4
3
3
2
4
5
4
5
5
5
5
1
2
4
4
5
7
4
8
3
5
5
3
9
3
4
4
3
3
2
5
7
5
6
5
4
4
8
8
5
2
5
4
3
7
8
1
1
0
3
8
5
3
3
5
7
8
5
6
3
9
3
2
4
5
19
9
10
3
3
8
4
7
2
7
8
0
2
3
8
2
3
4
4
4
2
3
2
6
1
3
5
4
6
4
8
2
2
5
7
5
3
6
2
3
3
2
3
6
3
3
4
7
4
5
3
7
7
7
6
11
8
2
2
3
5
5
5
2
2
2
0
1
1
9
3
0
4
2
6
3
3
3
3
3
4
7
3
1
2
3
4
4
2
3
5
4
5
6
4
4
3
5
3
4
5
4
4
1
3
4
6
2
3
0
2
1
4
3
4
4
2
1
3
3
3
4
4
6
3
2
4
2
10
1
3
4
2
2
4
4
4
3
1
5
6
4
2
4
1
551
1380
