radiacao de fundo
0
0
0
0
0
0
0
0
0
0
0
0
0
0
114
858
250
172
170
166
111
122
103
93
88
76
88
96
92
92
78
77
90
83
72
67
82
61
75
75
80
65
96
93
74
80
79
64
68
74
78
72
82
98
79
89
82
84
104
109
98
78
124
106
110
111
107
116
125
135
133
157
155
131
127
137
147
161
150
173
168
144
174
156
168
174
167
193
160
181
201
171
173
186
187
169
185
178
189
170
157
187
181
185
176
173
186
197
188
163
194
176
200
170
199
199
151
186
168
160
191
199
182
167
140
162
181
200
169
176
157
155
156
155
142
166
159
165
152
153
152
144
155
154
153
150
159
144
140
128
168
154
134
117
126
139
120
141
142
147
115
125
113
113
139
115
127
117
123
124
119
109
111
97
128
105
92
106
89
101
104
85
101
85
89
89
103
89
71
88
83
80
79
93
99
92
81
94
64
89
77
96
78
87
80
75
70
70
88
82
59
68
68
52
64
76
57
67
68
68
72
64
74
58
64
53
64
60
69
55
69
49
58
63
75
57
100
79
57
55
60
50
51
52
47
48
44
43
50
42
51
46
39
51
49
54
48
39
46
39
48
39
35
44
44
50
42
41
35
40
41
45
41
52
39
36
38
32
36
28
40
34
45
30
37
25
29
35
31
48
38
36
31
38
17
37
24
28
28
26
28
29
19
30
24
32
34
37
29
28
30
33
27
31
41
24
24
23
31
24
26
30
23
27
26
25
23
19
22
26
33
23
29
30
20
21
31
23
26
19
23
18
30
51
18
24
22
15
22
19
27
25
16
21
17
16
15
21
18
18
20
13
19
16
12
19
19
13
15
15
20
14
15
16
21
14
27
15
15
28
18
11
14
23
29
15
21
14
15
9
22
18
15
14
21
19
16
20
24
19
17
17
14
13
18
19
18
12
15
15
24
11
19
15
21
17
14
8
14
10
13
14
15
12
14
17
16
12
10
20
12
15
17
10
7
16
12
17
10
10
12
13
10
13
15
15
18
15
14
14
14
10
10
18
11
9
9
10
13
17
13
8
8
14
18
13
8
7
11
15
11
7
16
12
12
17
7
8
16
12
9
12
13
10
6
6
13
11
11
8
6
17
23
33
21
12
16
7
10
11
10
18
12
11
5
13
7
6
9
11
11
8
10
9
10
6
9
11
5
15
7
9
10
11
9
7
11
7
15
8
3
18
7
5
12
9
10
8
4
11
9
7
5
8
7
11
7
10
10
10
15
6
12
13
6
14
11
12
3
17
16
25
10
7
2
10
12
8
15
10
9
6
11
5
6
7
6
7
8
9
3
11
4
12
24
29
22
15
14
8
11
6
3
8
5
9
2
2
7
10
5
8
8
6
5
3
7
7
11
7
9
10
5
3
5
7
5
4
7
0
4
4
9
6
10
6
9
4
2
10
3
11
2
14
18
24
8
9
7
8
7
9
15
10
8
5
4
9
3
4
7
10
8
9
5
5
10
8
8
8
9
9
3
7
9
8
8
7
6
2
3
6
3
3
8
3
7
6
2
7
3
4
6
4
5
3
3
1
7
5
5
5
7
6
5
5
10
5
5
6
5
10
6
6
7
6
7
7
6
3
7
6
5
6
9
4
4
4
3
8
1
8
10
1
8
5
4
5
2
5
13
7
5
7
4
9
4
4
7
4
2
2
9
6
3
6
4
5
5
1
5
5
5
2
8
4
3
4
2
3
5
7
7
10
4
6
7
5
4
6
3
4
3
5
6
2
3
2
4
3
3
5
5
7
5
2
5
7
4
4
9
5
2
5
5
6
6
7
6
5
4
6
7
0
7
3
4
5
2
6
3
3
4
3
2
1
3
5
6
4
2
7
10
7
3
4
4
3
5
4
5
4
0
3
9
5
4
4
6
7
3
4
5
3
6
1
5
5
5
4
4
3
3
5
2
1
2
2
2
4
2
4
5
2
3
5
4
3
6
5
14
12
6
5
2
3
5
2
4
3
2
5
5
4
2
6
3
7
5
4
5
5
3
3
5
6
2
1
4
5
1
8
2
2
3
7
5
8
3
5
5
6
3
3
4
4
3
7
6
6
10
6
6
5
5
5
6
6
2
3
5
2
6
0
4
5
2
4
5
0
4
2
2
5
4
4
7
2
0
6
3
3
5
1
4
2
4
4
4
3
2
2
3
3
3
3
4
7
5
3
5
6
2
2
2
7
3
2
4
5
0
4
7
7
4
1
5
8
2
6
4
2
2
4
5
4
1
4
6
5
3
1
3
7
6
4
5
4
4
3
6
4
6
4
6
1
4
2
2
3
2
4
2017
1
