radiacao de fundo
0
0
0
0
0
0
0
0
0
0
0
0
1
0
14
293
139
84
86
121
114
121
103
83
80
70
87
87
99
87
76
85
88
77
79
65
84
74
81
79
89
84
71
93
65
66
85
83
77
73
86
75
84
96
86
81
87
93
98
86
95
101
93
121
99
108
117
106
108
110
121
103
146
132
139
139
134
130
154
145
134
158
158
148
140
164
167
152
167
151
168
163
175
145
159
174
169
165
166
181
183
170
174
165
177
168
177
150
171
155
186
193
175
146
180
155
186
164
166
163
157
161
179
138
161
155
149
183
166
159
163
170
158
148
159
159
147
148
149
153
129
147
141
126
151
117
165
137
154
141
117
125
118
123
146
125
120
105
125
116
138
115
111
108
116
115
95
123
116
114
87
90
105
96
87
88
94
91
121
112
96
105
100
85
91
82
89
82
113
109
74
76
95
85
87
74
91
92
68
68
81
74
77
74
74
77
71
79
87
80
81
56
73
64
59
50
65
72
69
52
60
58
67
65
44
62
79
59
70
59
56
79
50
56
76
39
52
54
109
79
54
50
64
41
39
54
43
42
57
62
44
35
43
34
40
49
38
43
52
37
39
36
49
44
43
25
45
38
43
45
34
29
31
39
37
38
36
35
23
49
27
26
27
35
27
27
33
30
27
33
25
37
52
36
25
24
22
31
26
33
30
36
33
24
36
24
36
24
33
27
35
38
36
24
30
29
26
18
43
29
26
22
26
27
22
24
21
23
27
30
25
12
19
25
19
29
16
17
21
18
22
22
23
27
20
31
62
17
20
14
25
22
11
16
17
18
19
21
20
15
11
20
16
12
15
13
17
15
17
13
15
31
24
16
12
18
20
25
12
7
18
21
17
23
16
18
19
9
15
18
23
22
24
16
16
15
23
20
16
17
15
18
17
10
10
18
11
15
23
16
21
14
23
14
15
13
19
11
21
8
16
19
9
13
9
20
8
15
13
5
10
15
12
11
10
15
13
13
9
13
15
19
15
15
17
9
14
15
15
11
16
20
16
22
10
14
11
6
11
8
11
10
16
14
11
9
8
10
12
7
11
15
12
12
11
10
13
9
7
7
7
12
10
7
13
12
13
11
10
6
16
16
12
16
10
17
18
24
22
14
6
7
11
7
7
7
10
7
7
16
7
12
7
10
9
6
11
9
7
8
13
7
4
6
12
13
8
6
14
8
7
10
4
6
5
6
7
5
7
11
9
10
12
6
9
9
7
9
7
6
8
10
8
9
6
4
6
11
10
8
11
4
9
8
11
27
13
13
4
8
7
5
8
5
11
8
9
11
8
7
6
10
8
14
11
7
7
14
10
11
43
25
8
11
9
12
9
6
7
5
4
5
7
9
6
5
9
6
4
8
3
4
4
5
3
6
8
9
5
9
5
3
7
11
9
7
10
6
9
8
3
10
5
11
9
9
7
8
5
11
22
8
5
4
6
5
5
3
6
3
6
10
6
6
5
5
5
3
3
4
4
5
10
5
6
2
4
6
4
3
5
5
7
5
3
6
4
3
4
5
5
12
9
11
6
5
10
10
8
6
4
1
8
5
4
6
10
10
4
3
3
8
8
7
8
6
2
6
4
4
6
8
7
2
7
6
0
8
5
3
3
5
7
2
8
10
9
5
5
7
3
5
4
10
5
7
5
8
7
6
5
8
10
5
5
2
2
7
1
5
2
5
4
5
3
6
2
7
9
7
10
7
5
5
5
10
6
3
7
6
3
2
6
6
3
3
3
3
5
2
5
3
7
2
2
7
2
3
5
3
4
4
4
4
5
6
5
4
1
4
6
5
2
3
1
3
6
6
3
6
5
7
5
2
4
9
2
3
6
2
6
5
6
6
3
5
5
5
4
6
6
4
5
4
4
8
4
5
1
9
3
8
3
4
4
3
5
3
6
1
3
4
5
5
4
6
3
5
3
3
3
2
7
1
6
3
4
4
5
3
4
5
5
2
3
6
9
13
9
3
8
7
4
1
3
7
5
4
3
5
9
8
2
5
5
4
4
2
8
3
9
3
8
7
5
3
2
6
5
5
3
3
1
2
4
3
5
6
3
5
7
4
3
4
5
4
2
7
2
6
4
7
7
7
5
6
9
2
3
2
3
5
6
5
1
2
3
2
5
4
8
4
3
2
8
5
4
5
4
2
2
2
4
3
7
1
2
0
6
5
4
6
5
4
2
4
11
6
7
0
5
4
5
5
4
0
4
3
0
4
2
5
4
4
3
3
7
1
4
2
3
2
6
2
2
2
3
6
5
5
6
2
6
4
8
5
4
4
5
3
5
5
0
1875
