radiacao de fundo
0
0
0
0
0
0
0
0
0
0
0
0
1
1
15
254
145
120
122
115
133
123
103
83
93
87
98
108
97
102
101
95
95
78
90
87
81
83
73
83
85
90
94
106
85
91
80
77
79
99
96
92
87
100
97
92
115
97
100
105
114
121
129
121
114
111
143
134
140
137
136
141
142
149
155
158
162
130
156
163
182
193
148
189
166
208
176
156
175
179
186
190
186
199
187
210
199
194
207
171
192
179
192
186
177
199
188
193
185
209
175
204
197
200
203
190
199
202
205
183
183
203
212
198
192
178
181
191
200
171
181
176
166
180
169
192
166
161
170
170
169
148
187
181
185
148
144
138
150
144
159
148
144
142
130
155
134
136
142
148
133
133
116
129
123
125
147
128
114
135
128
118
131
124
127
109
110
100
105
109
115
103
98
109
122
103
118
97
109
108
86
98
85
95
107
77
86
89
90
102
89
98
83
87
87
77
84
80
80
83
81
86
75
84
74
79
66
79
95
80
73
72
63
68
70
69
75
67
67
65
67
68
79
73
75
64
64
56
96
71
79
75
56
45
78
61
47
52
49
59
44
40
42
49
58
51
51
47
48
38
47
37
64
43
47
55
47
44
53
41
38
27
46
44
43
35
42
41
44
51
42
53
44
32
36
41
33
37
39
37
35
47
55
29
34
30
33
37
32
34
35
31
38
35
31
28
28
27
23
31
34
25
29
43
33
22
28
24
26
26
25
31
37
32
23
31
30
19
28
33
33
29
38
26
31
23
23
21
22
30
30
17
21
30
13
48
60
20
22
32
15
21
24
25
28
27
21
22
20
24
23
16
24
14
23
15
17
24
16
20
27
12
17
26
14
22
26
18
16
22
17
19
13
18
19
17
17
12
13
19
19
11
19
17
24
10
18
20
18
14
14
21
18
12
15
19
19
13
23
14
22
16
11
18
16
14
14
17
17
10
7
11
20
21
13
17
14
12
20
14
15
19
11
14
17
16
9
12
8
8
8
13
17
9
11
13
15
13
13
9
12
14
19
11
9
11
17
21
9
12
18
13
16
10
11
14
11
15
14
10
18
20
7
9
10
14
17
15
18
8
11
20
11
12
13
13
5
14
12
10
16
11
14
11
17
23
26
23
15
11
16
3
5
14
18
8
10
12
8
11
12
8
12
12
7
7
12
11
11
14
14
8
12
5
14
7
7
4
9
11
11
12
18
8
15
15
14
10
11
9
17
6
9
8
8
7
14
7
7
12
6
10
9
13
19
9
13
9
9
6
15
6
8
7
21
33
21
8
6
7
11
5
10
8
10
13
6
11
8
5
11
12
11
6
10
15
5
5
11
18
46
18
12
7
13
9
5
8
8
10
7
9
8
11
7
11
5
11
6
9
9
10
3
3
6
10
9
5
9
7
5
7
10
10
5
3
11
7
8
11
7
6
8
6
6
8
9
9
11
15
32
7
8
3
8
2
9
9
3
3
9
6
4
8
5
6
6
9
6
8
6
7
8
4
5
13
5
9
4
3
10
10
11
7
9
9
6
5
8
4
5
3
3
4
8
4
9
4
2
9
9
6
10
7
7
7
7
9
5
5
4
8
8
9
6
6
5
7
4
4
3
3
7
7
6
6
7
10
5
11
6
5
4
6
9
8
13
5
8
6
4
5
4
6
9
1
7
6
7
10
6
7
1
5
6
6
2
2
11
3
1
6
5
6
5
2
7
7
2
4
8
5
2
11
6
4
6
9
8
4
6
7
3
6
6
4
5
5
10
7
2
7
7
7
4
7
4
4
3
5
6
7
7
3
1
2
5
4
4
7
2
8
7
3
5
6
8
8
4
3
5
6
5
5
3
1
2
4
2
6
6
6
3
4
1
3
5
6
5
4
2
8
5
6
6
4
6
3
5
6
6
6
3
1
3
2
5
4
2
6
4
0
3
5
2
7
8
3
2
5
5
5
2
5
8
1
5
1
3
5
7
3
3
8
5
5
8
16
5
2
8
8
4
7
5
7
3
3
3
2
3
5
4
12
4
2
11
7
8
1
4
2
6
7
5
5
3
8
7
2
4
5
8
7
2
4
6
3
9
7
8
5
3
3
3
7
5
11
8
6
9
4
11
3
3
5
4
2
3
4
5
2
7
4
4
6
2
5
3
4
3
6
6
11
1
3
8
2
5
3
1
2
5
9
4
2
5
4
7
5
2
1
3
5
3
5
1
4
10
3
5
6
4
4
5
3
1
4
8
4
7
6
3
3
6
5
5
1
4
3
4
4
2
4
1
6
1
5
7
2
4
3
3
3
3
3
4
11
2
3
7
1
2200
1
