radiacao de fundo
0
0
0
0
0
0
0
0
0
0
0
1
0
0
163
1219
212
93
93
110
105
127
114
100
69
68
74
95
96
92
88
72
82
76
97
82
79
73
75
74
83
81
74
72
72
87
79
79
91
79
67
89
106
91
91
104
79
92
112
110
116
105
114
104
116
127
120
130
135
121
118
144
130
139
155
148
158
164
175
141
173
188
160
175
185
154
177
150
158
180
190
176
180
166
180
146
182
184
132
199
187
178
188
191
185
180
183
174
166
166
198
175
186
171
188
173
194
181
168
183
182
204
156
178
179
174
172
200
189
191
172
160
167
166
144
162
154
158
166
162
164
156
161
146
140
150
151
130
127
147
129
144
125
146
139
95
123
148
111
147
116
134
132
118
117
110
133
99
103
113
119
113
100
132
105
89
103
95
93
88
100
117
101
114
94
97
101
109
81
100
93
101
105
86
95
97
88
77
87
100
75
81
88
78
75
60
88
74
74
87
63
82
68
85
52
64
82
76
75
67
77
66
77
69
57
67
58
61
51
77
60
59
64
71
56
55
91
87
63
46
58
53
75
58
50
57
54
40
43
49
52
40
35
57
46
44
55
38
43
48
44
48
58
32
36
33
33
33
39
40
36
46
46
41
52
36
41
26
44
36
40
36
35
38
38
28
34
39
39
29
72
31
32
30
43
33
38
33
35
32
34
37
33
33
35
15
31
27
36
18
32
27
26
24
33
26
21
16
24
29
27
39
30
16
25
32
24
28
19
25
36
33
27
26
23
27
25
22
25
23
17
18
36
59
39
29
14
21
19
20
30
30
22
22
24
19
23
21
17
30
22
14
18
17
21
16
17
25
17
20
26
21
30
29
22
18
22
19
17
16
14
27
10
22
21
7
25
26
21
14
15
16
24
28
13
16
17
9
20
17
16
13
10
10
15
13
15
18
11
10
12
11
20
20
18
17
12
12
19
12
13
19
16
17
16
11
16
10
18
12
11
15
18
12
21
9
19
13
17
17
13
15
12
20
10
15
10
13
18
11
17
14
8
12
17
8
17
9
12
17
12
13
13
17
8
14
17
10
12
12
11
19
15
11
12
11
20
9
8
9
9
10
12
13
11
11
8
14
14
12
15
17
23
25
30
23
5
13
11
13
9
15
10
10
14
15
4
7
5
13
11
16
10
8
14
12
16
9
13
12
10
9
9
6
15
13
13
11
11
8
11
9
8
8
8
8
12
15
11
7
6
13
7
8
16
13
9
6
9
11
9
7
8
4
4
3
8
13
9
9
23
20
8
8
7
12
9
8
11
13
7
5
13
7
8
11
6
11
11
8
7
6
9
8
25
37
33
7
12
10
11
7
7
7
6
6
4
8
9
9
5
5
4
10
7
9
11
9
8
12
10
6
9
10
10
12
5
9
8
3
4
7
3
10
11
3
4
9
13
9
6
7
12
8
17
19
7
9
4
8
7
10
7
4
7
8
9
6
6
6
5
4
7
7
4
3
4
8
5
4
5
3
7
3
7
4
6
7
8
4
8
11
8
9
6
9
6
9
9
5
7
8
9
2
6
9
6
3
3
9
7
4
6
5
10
2
10
7
8
4
5
7
7
8
6
7
1
7
5
4
6
8
8
9
7
2
6
4
7
6
2
6
3
6
8
6
6
2
2
10
4
5
6
9
2
4
6
3
11
7
5
4
3
4
3
2
5
5
8
2
4
4
9
5
8
6
9
4
5
6
7
10
4
2
9
5
7
3
6
7
5
1
6
5
3
5
1
6
4
6
8
8
2
4
3
3
7
4
3
3
1
6
0
3
9
3
6
5
3
3
3
6
5
2
10
1
4
4
8
6
3
11
0
2
8
7
4
5
3
5
5
8
11
4
4
0
8
3
4
4
2
3
5
9
6
6
12
5
3
4
5
7
6
2
6
4
4
4
5
3
4
4
7
2
4
9
9
4
7
4
8
3
0
9
2
3
2
5
8
9
21
7
3
5
6
8
5
5
4
6
8
5
2
4
5
4
2
7
8
2
7
7
8
4
7
3
2
1
9
5
2
3
7
6
8
10
8
7
4
3
4
2
3
3
2
6
4
3
8
6
12
5
5
5
7
5
4
4
4
6
5
3
4
5
7
3
3
7
3
2
6
2
1
4
3
4
6
4
3
6
8
4
5
4
6
3
3
2
6
4
5
5
5
3
5
3
5
2
3
2
2
3
1
5
2
0
4
1
6
3
1
5
6
3
3
2
3
6
3
3
5
2
3
5
3
5
3
6
2
2
6
1
3
4
8
2
5
3
6
5
1
5
2
8
2
6
3
3
1
3
5
5
2070
0
