radiacao de fundo
0
0
0
0
0
0
0
0
0
0
0
0
0
0
26
198
159
137
138
134
122
119
91
87
83
76
99
90
106
112
100
97
99
90
85
84
78
70
82
79
76
95
88
94
90
85
75
64
64
91
80
87
83
84
93
102
104
103
99
104
107
114
110
120
111
109
112
102
125
152
124
130
163
130
166
143
151
153
153
157
147
159
161
172
159
170
190
170
179
157
183
192
193
160
189
169
173
229
191
169
184
169
180
190
175
185
196
197
200
173
197
173
208
189
184
190
182
201
166
185
177
169
172
158
169
193
196
191
201
199
165
183
198
150
177
148
164
173
150
142
151
148
150
161
157
165
138
149
156
160
147
142
157
128
138
129
109
132
152
125
127
127
148
141
112
135
127
119
136
139
115
107
120
117
119
106
104
104
113
97
104
111
105
92
93
96
108
93
117
104
96
110
102
82
81
70
77
91
91
89
67
77
86
80
76
78
80
79
90
78
74
76
76
68
80
64
69
62
86
74
57
58
71
64
54
59
60
59
57
50
71
66
68
63
62
61
45
50
93
74
53
66
61
56
49
53
43
61
53
56
60
47
54
47
53
54
50
40
51
40
47
46
46
39
46
57
38
42
50
40
42
36
37
38
50
42
43
35
28
32
30
29
38
31
37
32
31
33
27
30
30
22
47
42
29
40
43
30
40
21
26
36
37
35
25
43
37
36
21
40
31
29
27
27
27
34
23
25
31
33
30
19
23
21
28
22
33
21
26
34
25
21
48
36
25
25
31
18
18
23
26
14
22
17
25
50
57
33
24
16
30
24
22
19
23
20
23
16
26
17
22
23
14
18
20
19
20
25
22
34
12
13
17
18
15
18
28
20
20
20
11
14
21
21
21
18
21
19
19
21
18
18
14
24
26
18
18
15
17
24
17
13
18
21
19
6
19
11
23
18
23
21
24
19
22
12
18
23
23
15
21
16
20
14
17
16
15
17
15
13
6
14
10
14
21
13
15
17
11
15
14
19
11
14
11
13
17
8
22
15
11
18
9
18
6
15
13
12
17
12
14
15
9
13
14
19
10
8
8
5
10
16
14
14
15
15
15
11
21
10
14
9
12
14
7
12
12
6
12
7
13
12
7
14
14
10
22
29
17
15
9
11
15
15
14
8
6
13
10
15
9
13
10
13
11
4
8
4
6
9
7
9
10
15
10
13
16
5
13
6
9
11
11
10
14
14
5
9
10
10
13
9
6
7
15
9
7
8
12
7
11
7
9
9
8
8
9
6
5
3
14
12
10
13
9
25
23
10
9
9
13
7
7
5
6
5
5
8
4
9
12
2
10
3
3
7
8
13
9
20
47
22
8
5
9
5
9
4
9
5
9
7
2
5
10
8
8
4
7
8
9
9
5
8
10
8
6
7
6
9
6
8
5
10
5
8
12
12
7
7
7
6
4
4
6
12
10
7
13
16
23
9
6
9
10
6
12
6
5
10
5
10
1
1
5
5
6
5
8
8
8
6
4
6
8
8
11
7
6
6
8
11
4
9
7
4
2
7
6
6
12
5
9
6
8
6
9
3
9
7
8
7
6
5
5
2
4
6
7
6
6
8
13
8
7
7
6
5
9
4
6
9
5
5
4
8
11
6
8
2
5
6
8
6
3
6
5
8
5
3
6
7
4
2
5
6
5
5
5
9
5
3
5
7
8
2
4
7
6
8
2
6
8
6
6
7
4
4
6
6
3
5
4
5
2
5
7
8
3
4
5
5
8
5
8
7
6
6
6
4
1
7
8
1
2
2
6
7
1
6
5
6
5
10
7
9
9
8
8
7
4
5
7
5
8
3
5
5
6
5
3
3
6
9
7
4
6
5
4
6
8
2
4
7
1
7
2
6
7
8
7
2
8
4
5
5
3
10
3
2
9
6
5
5
10
7
5
5
3
3
7
4
5
4
0
3
4
4
5
6
3
4
3
3
5
7
6
3
4
5
3
4
4
4
6
5
14
15
8
6
5
3
3
2
7
3
4
6
3
5
2
7
7
3
4
3
8
4
4
10
3
8
2
3
4
3
6
4
7
3
4
0
3
5
3
3
3
4
2
6
6
3
1
3
6
2
2
3
3
9
6
4
8
8
4
4
2
5
2
5
3
5
3
5
2
3
4
4
2
1
6
2
3
5
2
6
4
0
3
4
3
7
5
6
2
3
5
5
4
4
8
5
4
6
3
5
2
7
4
5
0
3
2
7
5
1
5
3
4
1
4
5
2
2
5
4
3
4
6
6
3
5
4
2
5
2
5
1
1
3
4
6
4
4
6
3
2
2
1
4
3
2
2125
0
