radiacao de fundo
0
0
0
0
0
0
0
0
0
0
0
0
2
1
28
194
168
121
133
140
151
130
133
101
87
90
108
134
111
110
112
94
93
64
95
73
92
87
86
88
107
87
98
89
85
81
88
72
90
82
95
84
78
92
79
86
100
95
103
107
128
115
100
125
113
129
128
124
132
135
131
161
131
148
141
138
147
161
145
154
175
150
176
171
149
175
219
158
172
169
170
174
179
175
187
185
189
221
190
198
174
182
201
182
199
191
205
170
203
193
189
205
206
161
217
200
188
178
189
186
192
190
186
171
175
168
189
168
178
185
167
189
152
167
176
149
161
154
165
154
198
151
160
146
150
157
160
161
157
137
146
140
174
139
141
152
130
110
135
117
136
130
141
130
132
122
110
104
105
121
118
112
100
112
138
122
113
110
104
107
98
108
105
105
92
121
112
121
115
125
109
101
105
125
104
115
120
114
116
129
116
120
111
89
104
97
93
84
79
84
93
87
67
69
89
78
84
84
73
61
63
69
89
68
66
63
67
65
75
57
74
72
66
58
58
52
62
48
97
62
64
84
66
57
65
56
56
51
43
35
56
54
44
39
50
50
47
44
42
53
42
37
47
49
45
48
40
42
43
54
42
47
27
42
43
34
44
31
42
38
33
32
38
40
32
40
41
33
27
29
34
33
42
31
43
43
36
34
31
26
37
39
28
36
32
28
29
34
24
31
29
29
30
28
34
22
32
38
21
28
25
27
29
26
35
21
28
27
25
25
32
24
37
30
18
29
20
31
23
19
22
32
31
17
25
37
43
23
15
31
43
23
23
14
21
16
27
24
21
22
18
26
21
20
18
13
18
32
24
14
19
20
16
20
22
15
22
21
19
19
18
13
19
19
21
14
15
21
13
24
22
15
19
10
17
15
14
21
19
13
18
21
26
17
16
21
16
15
15
19
17
15
21
12
12
16
18
17
15
20
11
19
13
21
19
12
17
12
14
17
10
21
21
11
13
15
16
16
14
17
21
16
19
13
12
15
15
15
7
11
13
17
13
11
8
14
17
11
11
10
9
14
14
12
12
12
12
11
15
14
18
16
16
11
11
7
11
11
17
7
16
14
10
12
16
15
4
18
7
11
12
9
7
14
14
22
27
23
17
15
10
13
20
14
12
16
15
7
9
12
10
5
15
15
8
14
9
12
8
14
8
13
9
9
11
14
8
8
12
15
11
11
7
5
13
14
5
11
9
11
7
12
8
8
5
7
10
18
8
13
11
11
11
11
9
11
9
2
9
9
15
7
9
6
9
20
16
8
7
6
7
8
15
19
10
10
9
12
9
8
7
8
11
9
7
9
5
9
9
24
30
11
9
9
7
3
13
12
15
11
6
6
12
6
7
6
10
4
7
3
7
10
8
8
5
4
6
9
6
5
8
7
7
4
5
6
12
2
11
6
6
10
5
8
12
2
7
6
6
10
18
9
11
12
9
5
13
11
15
7
5
12
4
5
9
8
5
6
4
4
4
12
5
5
4
7
8
4
4
10
4
5
10
10
7
7
12
9
2
8
9
10
10
4
7
3
10
7
5
3
6
7
6
3
4
6
3
2
7
6
9
6
8
4
3
5
3
5
13
6
9
5
2
6
3
7
4
5
4
7
6
4
5
9
7
8
5
11
5
6
5
3
4
5
6
3
9
3
9
5
6
8
12
4
1
5
7
4
6
5
7
11
8
6
9
3
6
8
4
4
8
5
8
7
5
5
10
4
1
5
3
5
6
5
3
6
8
9
2
5
3
4
4
7
6
4
3
4
4
5
4
6
3
4
5
4
4
4
1
6
2
5
8
6
5
4
6
7
4
8
10
4
2
3
7
10
6
5
3
8
3
8
1
5
6
4
6
6
7
7
4
6
9
10
3
1
1
1
8
9
4
5
3
3
7
3
4
4
6
7
5
5
9
7
8
6
10
3
3
6
4
5
3
3
5
3
4
6
7
6
7
1
4
5
4
8
16
6
3
6
6
5
4
2
5
4
4
3
9
4
5
9
7
3
5
5
4
9
6
4
4
5
4
5
5
1
5
4
4
8
5
6
6
3
1
5
5
4
4
5
5
9
2
2
6
6
0
11
6
1
3
9
9
7
6
3
3
5
0
7
5
8
4
6
5
8
3
6
8
1
1
1
3
3
2
3
3
3
1
2
2
1
9
3
4
9
6
2
4
4
3
1
4
1
4
4
1
4
2
1
3
7
2
2
3
7
1
4
3
2
5
6
3
0
3
1
3
4
1
3
3
5
4
7
2
5
5
4
4
6
8
6
2
6
0
0
7
2
3
4
5
0
2044
66
