radiacao de fundo
0
0
0
0
0
0
0
0
0
0
0
1
0
1
9
255
185
136
105
105
107
103
93
72
101
74
83
84
94
87
91
90
82
77
80
71
91
69
68
65
75
78
79
89
80
66
65
59
68
57
78
91
76
80
89
92
93
94
101
103
98
113
105
133
106
116
131
99
110
115
131
137
126
125
156
123
136
133
151
159
148
165
155
156
142
166
166
142
154
173
149
167
157
171
174
175
168
181
173
147
165
172
161
157
195
181
178
160
162
169
172
155
188
202
158
157
158
163
135
152
161
173
187
166
142
161
148
160
175
171
152
168
156
130
156
159
154
166
150
147
138
128
162
129
143
155
148
133
142
153
117
128
128
104
132
151
136
132
134
138
119
108
117
123
116
108
127
125
119
117
106
135
117
88
105
106
97
113
129
80
101
93
110
93
111
101
92
84
98
116
93
75
78
83
80
73
83
90
76
75
75
82
75
64
61
80
81
73
80
70
59
72
64
61
58
74
76
66
65
58
69
59
62
57
63
73
52
52
56
47
61
53
54
41
53
59
47
48
110
80
54
57
43
39
57
51
51
38
46
39
58
38
45
46
37
50
52
38
45
41
38
45
36
43
29
42
39
48
50
22
41
32
38
34
49
37
31
34
35
40
38
34
24
42
35
32
32
27
30
25
35
43
58
28
31
33
31
37
30
26
38
41
25
34
26
26
34
26
27
33
30
31
30
26
24
27
21
26
15
24
25
27
38
37
20
25
22
27
18
21
25
35
18
31
36
27
26
29
23
22
18
28
20
25
24
45
54
23
24
16
24
19
20
14
23
15
18
15
21
14
23
15
19
17
14
19
18
14
18
20
15
9
21
13
14
20
14
17
20
17
23
16
14
21
15
15
19
10
24
13
19
15
13
17
18
14
21
18
15
18
14
17
19
10
16
13
10
14
19
12
18
10
18
8
19
12
20
18
17
15
16
15
9
12
13
14
19
12
9
12
15
16
14
15
12
11
11
17
14
16
11
19
11
10
11
12
7
13
11
17
12
18
16
13
16
14
13
10
14
9
10
17
9
12
13
13
14
13
11
12
9
11
8
15
10
15
12
9
17
20
12
10
8
9
9
9
9
9
15
9
15
12
13
10
9
13
24
30
14
6
14
6
4
6
12
11
9
9
9
11
4
13
7
13
11
7
14
13
13
11
10
8
8
11
6
11
12
11
9
11
10
9
8
8
6
9
9
8
12
5
9
11
8
14
11
10
9
7
9
8
12
7
11
4
9
16
2
10
9
9
7
6
11
11
14
32
23
7
7
6
13
8
8
9
9
8
5
13
7
7
6
8
5
7
9
6
9
8
12
16
37
26
7
13
10
6
10
9
10
6
10
9
8
11
6
8
12
10
9
10
11
8
8
5
11
11
7
7
2
3
3
9
7
9
5
5
7
12
4
9
5
7
9
12
7
3
11
7
11
13
29
6
7
6
9
4
10
6
6
2
3
10
5
8
6
7
5
8
5
9
3
4
5
9
6
4
3
5
10
4
6
5
4
7
9
10
4
5
3
8
6
3
5
5
8
6
8
1
4
7
3
6
5
6
6
6
6
6
5
10
11
10
8
3
12
7
3
6
5
5
3
7
5
5
2
7
4
5
6
7
6
5
8
3
4
2
5
5
2
5
3
3
7
0
4
3
5
5
8
7
2
10
10
6
7
4
3
3
6
2
4
1
9
6
1
7
4
5
8
1
8
6
4
3
4
2
8
9
4
1
11
6
4
3
2
2
5
11
4
2
3
5
4
5
1
3
4
2
3
5
2
9
5
2
4
4
8
9
5
9
3
3
5
2
3
5
6
3
3
4
5
3
2
4
4
1
5
3
5
7
6
1
6
6
4
0
7
8
8
4
8
5
7
4
6
4
3
1
3
5
4
2
5
3
4
7
6
6
6
7
7
2
3
3
8
4
4
5
4
1
3
4
6
4
5
4
4
4
6
3
2
7
7
6
4
5
15
15
10
4
0
2
7
1
3
1
2
3
6
3
6
3
3
5
9
4
3
1
10
10
5
3
4
3
3
0
5
2
6
5
4
8
6
6
6
7
4
3
3
3
7
2
10
3
5
4
6
2
1
2
2
5
9
6
4
2
4
4
8
6
10
1
1
2
3
4
5
1
5
2
1
4
2
2
9
1
4
9
3
4
5
5
4
6
2
3
4
2
5
1
4
4
5
4
4
4
0
0
2
0
5
4
1
1
4
5
3
1
4
4
3
5
5
3
3
5
1
6
1
3
1
3
4
4
5
3
4
4
1
3
2
4
3
2
9
3
2
5
3
1
3
2
3
1937
