radiacao de fundo
0
0
0
0
0
0
0
0
0
0
0
1
1
3
23
251
160
88
166
182
129
125
139
144
139
112
119
118
129
92
106
142
153
197
229
244
281
247
256
222
170
143
148
119
76
96
99
80
76
92
105
94
86
98
90
95
103
94
104
96
115
98
105
114
122
104
116
153
144
121
134
151
147
142
135
144
176
151
158
170
172
149
176
194
167
184
170
175
189
182
166
165
187
169
183
200
191
196
211
172
226
216
207
226
188
239
240
192
233
240
242
202
235
237
226
210
231
219
180
195
166
199
170
170
169
162
162
200
169
172
152
144
145
155
148
150
137
157
168
131
161
155
139
139
159
168
142
136
146
142
141
166
139
131
130
135
131
127
125
142
144
124
131
126
113
139
110
106
114
122
124
130
103
108
104
99
106
107
100
90
88
93
118
118
95
108
112
117
106
90
95
88
93
95
82
74
67
81
80
77
80
85
78
80
73
79
78
92
69
77
90
67
65
56
70
78
80
70
71
69
83
70
79
55
56
62
61
56
75
69
76
57
61
48
67
61
99
73
67
63
63
51
57
47
45
44
44
48
75
41
39
58
45
48
59
58
36
57
50
28
39
39
36
45
39
49
37
46
48
38
33
42
41
38
27
33
38
34
25
36
28
49
40
41
41
28
32
30
33
39
59
35
37
26
35
35
35
24
37
28
27
35
31
40
34
23
33
33
33
29
32
21
29
19
33
22
24
29
24
27
28
25
23
29
25
28
24
27
41
24
38
31
29
24
30
20
30
26
30
26
25
21
25
60
37
29
26
15
24
21
18
16
23
19
16
18
19
16
14
24
18
19
21
10
19
27
18
25
19
23
18
13
21
22
17
17
32
20
23
13
17
16
14
19
20
24
15
10
11
21
14
15
16
21
13
16
12
20
17
20
21
23
20
18
17
13
23
11
16
19
19
8
18
12
11
10
16
16
14
10
14
13
15
15
16
18
20
14
21
10
17
13
15
9
15
10
18
6
20
9
13
14
19
13
9
13
23
18
20
12
17
14
14
20
9
13
10
17
11
10
15
8
16
12
15
14
8
14
11
12
18
14
6
18
10
9
16
7
15
17
9
8
9
16
6
10
11
5
11
11
11
14
24
25
12
11
15
10
10
6
6
8
10
11
9
13
11
10
10
13
8
9
12
8
10
12
7
14
4
14
10
11
9
7
8
15
6
11
13
4
2
12
7
5
12
8
11
9
15
12
8
12
10
8
14
6
7
12
9
10
7
12
10
14
11
7
8
5
10
15
14
18
21
10
4
8
9
10
8
9
4
9
14
8
12
10
8
7
9
6
7
7
5
10
16
37
28
14
8
9
12
11
10
4
9
4
9
8
6
12
7
5
7
3
7
8
6
8
6
7
6
6
2
6
11
9
8
11
7
7
8
9
9
5
8
7
9
6
8
4
8
5
8
4
19
23
11
10
9
15
5
10
4
14
3
8
9
5
3
6
6
7
5
6
5
7
7
2
6
5
4
5
3
16
4
6
6
9
9
8
11
5
6
5
4
4
10
4
6
10
1
2
6
3
3
6
5
6
1
5
8
4
5
8
3
4
7
2
5
9
10
3
6
5
0
4
7
2
3
7
6
5
3
3
11
6
2
9
5
4
4
6
10
3
9
5
9
3
3
3
6
3
6
3
4
6
9
5
4
6
5
4
6
9
4
6
4
9
11
7
7
6
7
5
6
5
6
6
3
3
11
6
5
2
3
4
6
1
6
2
4
7
10
5
6
6
4
9
1
5
3
3
7
9
5
3
5
6
4
7
9
6
4
8
5
3
9
4
6
3
4
6
5
2
5
5
4
5
4
1
2
3
3
3
1
3
10
4
7
3
4
7
8
6
5
5
7
5
4
8
2
3
5
4
2
3
6
5
4
1
2
3
5
4
10
3
2
3
2
6
4
3
5
4
5
7
4
6
3
4
4
4
1
7
6
1
4
5
10
5
18
5
8
6
3
5
4
2
9
3
4
2
5
1
7
1
5
7
2
9
4
8
7
2
5
3
2
3
4
4
3
5
4
3
6
6
5
4
4
4
7
4
5
7
10
5
7
4
6
5
6
6
7
6
7
8
3
7
5
3
5
4
5
3
2
4
2
5
3
2
6
0
3
3
4
4
3
8
7
1
3
4
4
4
4
1
3
6
1
4
6
5
5
4
3
3
5
5
2
3
3
2
3
7
5
5
3
2
3
2
2
3
3
6
7
6
5
5
5
4
2
1
6
3
3
1
4
8
1
2
1
2
5
1
3
2
2
8
3
4
4
6
5
3
4
3
3
6
3
4
2
7
2080
0
