radiacao de fundo
0
0
0
0
0
0
0
0
0
0
1
0
1
2
56
377
150
88
88
118
123
125
106
92
82
100
110
102
107
88
88
86
97
89
73
60
91
81
65
70
93
88
73
80
60
91
88
81
93
93
84
97
86
104
89
88
100
79
107
108
102
103
135
119
116
126
117
137
111
148
137
134
147
148
138
162
160
141
173
166
139
171
188
201
174
190
157
180
154
181
175
168
192
169
175
185
177
165
183
192
207
179
183
180
189
176
172
186
206
169
211
199
166
191
175
173
174
175
191
184
189
184
184
184
181
163
178
190
171
162
174
175
172
178
161
181
172
170
173
174
177
161
149
149
144
143
163
151
161
143
170
161
144
159
156
155
134
136
150
144
142
120
117
109
136
127
114
118
124
126
129
102
132
110
109
119
118
130
119
99
100
100
113
105
120
117
94
94
120
107
101
96
91
108
90
76
69
79
79
80
90
68
97
80
92
63
95
81
72
73
68
74
69
87
75
71
62
68
84
66
73
56
66
66
73
69
48
68
55
58
59
58
64
53
59
56
68
61
110
68
55
74
67
54
54
52
48
42
47
47
45
41
63
46
40
67
47
41
45
46
46
37
47
39
47
37
47
42
49
50
49
40
59
41
34
45
51
30
36
39
31
37
41
31
34
34
22
33
38
45
39
59
73
34
30
35
48
26
29
39
26
30
22
31
25
32
28
25
29
21
32
31
34
25
23
27
34
30
29
22
24
23
28
36
37
29
34
26
23
27
27
27
37
33
31
18
30
27
19
22
28
26
19
17
20
58
51
37
22
30
24
22
23
23
18
22
26
22
26
30
19
20
17
27
15
21
20
11
24
14
28
24
23
11
19
18
16
26
21
17
23
14
23
15
28
18
9
19
18
16
13
13
27
19
11
19
25
16
17
26
16
17
20
17
17
15
12
13
14
11
14
12
16
8
18
19
15
18
18
10
18
14
23
13
13
13
13
12
16
18
9
13
14
14
14
19
18
14
14
15
17
16
12
12
15
8
25
15
9
14
13
15
14
12
7
18
16
11
13
12
14
11
12
10
14
4
14
19
17
17
8
15
7
12
13
5
10
18
11
11
13
2
11
9
15
12
6
9
5
15
12
12
8
9
16
21
21
18
13
12
14
5
10
14
10
14
10
12
10
7
3
6
16
8
6
14
11
11
6
11
7
8
13
8
10
7
6
13
7
11
6
9
9
8
6
9
13
5
4
12
7
10
11
9
17
11
7
9
11
9
8
7
10
8
7
14
7
8
12
13
9
9
10
16
12
26
23
11
11
9
10
7
9
10
1
5
3
7
14
5
7
13
5
7
7
17
6
7
9
20
42
19
6
14
8
10
6
13
6
10
10
7
9
6
4
8
9
13
10
10
8
4
13
7
12
6
10
8
9
6
6
4
8
4
12
6
9
7
2
5
7
11
7
7
3
8
4
7
13
22
22
8
10
8
2
5
6
5
9
6
6
4
5
10
6
5
10
4
6
3
13
1
5
6
11
8
5
11
8
5
7
6
6
5
9
5
10
9
6
11
5
2
5
9
12
7
15
7
6
3
6
7
7
11
9
8
6
4
11
2
5
12
10
11
5
6
9
12
8
9
1
6
4
7
9
7
8
6
4
4
3
7
3
0
7
4
2
5
4
4
4
2
3
8
5
6
4
4
2
4
3
4
8
6
2
5
7
3
6
6
7
4
6
2
1
9
8
4
3
4
3
9
6
9
4
4
4
12
3
7
7
7
4
3
5
4
3
4
2
2
6
4
4
3
4
3
6
7
9
4
6
7
4
4
6
4
2
5
8
7
4
7
2
7
5
3
6
5
2
3
7
2
7
7
7
4
5
2
9
6
6
8
4
4
2
5
3
2
8
6
4
9
1
8
7
2
8
4
5
4
4
5
6
3
1
0
5
5
4
6
5
5
2
5
4
8
1
5
3
5
10
7
2
6
5
6
4
5
8
6
6
8
3
3
6
8
16
10
9
9
3
2
2
5
3
3
2
6
3
4
3
7
5
4
5
2
5
4
5
6
5
4
5
5
0
4
4
4
5
5
4
5
5
3
9
8
2
6
4
7
4
2
1
0
4
4
4
7
6
7
7
12
5
6
6
5
1
4
4
5
5
4
5
4
0
4
6
5
1
3
7
7
3
6
4
6
4
3
1
6
8
4
7
7
5
5
4
3
2
5
6
3
5
3
5
6
3
3
6
6
4
5
3
8
5
2
4
7
4
3
3
2
6
5
3
2
5
2
5
5
3
7
2
1
3
6
6
4
2
8
6
1
0
3
4
3
5
3
9
6
4
4
2
2009
