radiacao de fundo
0
0
0
0
0
0
0
0
0
0
0
0
1
1
57
521
139
87
94
91
106
119
121
87
85
81
111
84
102
101
108
85
83
78
91
81
88
101
89
92
74
87
121
87
69
74
77
83
98
85
77
85
80
83
98
92
104
97
117
90
102
96
109
101
109
112
126
123
157
132
131
151
140
128
161
135
152
147
157
165
172
175
165
191
169
202
177
169
160
182
177
180
156
188
174
184
180
171
182
206
180
214
183
186
187
198
219
190
213
188
175
190
203
181
167
182
192
173
191
193
203
174
173
181
208
195
166
181
174
152
165
178
151
187
153
180
185
169
145
128
149
163
137
150
144
166
154
158
139
136
155
136
165
143
147
132
144
126
132
133
130
128
118
141
125
128
111
107
118
124
117
120
104
111
122
93
129
104
106
99
107
84
92
95
99
87
112
105
113
87
87
66
90
94
87
97
101
79
96
89
81
72
91
79
90
97
81
67
85
80
81
65
73
67
65
63
68
79
67
50
68
71
77
61
74
64
71
67
49
72
58
66
80
60
60
81
60
56
97
65
63
69
48
47
46
56
50
54
40
57
48
63
37
49
38
50
48
44
60
54
37
44
33
35
40
38
37
45
46
35
47
32
57
41
33
39
44
48
47
32
44
44
45
40
37
33
25
37
42
37
33
50
51
39
30
26
34
36
38
25
37
30
31
36
33
25
28
28
36
31
20
30
23
21
27
29
24
30
36
25
28
27
35
31
35
32
19
30
25
29
11
16
27
22
19
20
30
19
25
23
20
24
27
21
28
52
48
27
22
19
27
19
17
30
25
32
19
21
22
18
21
23
26
16
12
26
20
15
12
16
14
12
23
14
19
14
23
18
20
15
22
17
21
17
21
10
20
20
18
18
15
26
19
14
11
30
18
17
27
14
21
21
12
11
21
13
18
24
15
18
8
20
14
15
16
21
16
12
22
12
17
8
20
14
14
19
11
15
19
19
14
10
8
15
12
14
9
10
17
12
10
16
10
16
14
13
13
22
10
14
13
18
15
14
14
14
18
12
10
14
17
12
9
15
10
7
14
14
10
11
12
11
11
15
14
15
8
16
14
7
14
7
10
12
12
15
11
12
17
13
12
11
11
15
16
16
30
27
15
10
12
7
13
10
11
17
7
9
12
9
10
4
12
8
14
8
11
4
12
11
8
13
8
11
7
10
13
8
11
15
16
11
12
12
9
7
9
13
7
6
10
7
8
6
12
8
12
4
10
14
8
4
7
6
9
11
8
4
12
9
10
10
10
10
15
27
17
11
10
8
8
10
8
4
7
8
5
5
11
10
11
13
7
8
6
4
8
7
19
30
36
21
8
13
6
9
8
9
10
5
10
4
4
7
8
4
9
5
4
4
9
11
16
6
12
5
10
6
12
8
8
8
5
5
2
6
5
9
6
3
9
9
6
5
6
4
2
11
6
19
21
9
5
8
3
7
8
2
4
8
6
9
6
2
3
6
7
8
11
6
5
7
6
4
10
10
6
5
6
8
8
4
4
8
6
11
13
4
7
9
7
5
8
12
9
8
3
3
3
4
4
4
10
6
8
4
5
8
7
10
3
13
4
6
4
3
3
5
9
7
5
6
4
1
9
5
6
7
10
4
8
10
8
4
7
6
4
6
6
8
7
7
5
8
3
4
5
3
7
17
7
7
9
4
5
5
7
8
5
5
4
5
6
8
4
7
7
6
7
3
4
9
7
5
4
3
8
5
4
6
7
6
5
4
8
7
6
8
5
3
7
4
9
3
9
4
2
4
3
5
4
6
5
8
3
7
3
7
6
4
4
8
4
10
4
6
5
4
9
3
11
5
5
4
3
11
5
3
6
0
4
5
5
8
4
8
3
8
4
13
6
2
0
4
2
6
3
3
4
5
2
5
7
7
4
3
4
8
11
2
5
4
7
3
9
4
4
3
5
4
7
2
4
5
3
9
5
1
4
4
7
6
7
4
2
10
21
11
10
9
3
2
2
7
4
2
4
7
2
2
5
2
8
6
0
5
8
7
5
6
4
3
3
4
4
0
4
3
3
2
2
2
5
6
3
8
7
4
7
4
7
4
6
5
5
4
4
6
5
9
8
10
3
6
10
3
2
5
2
3
1
1
3
3
7
4
5
8
10
4
10
6
1
8
3
7
3
5
4
7
2
3
2
8
8
5
4
3
3
3
0
6
3
3
6
8
4
4
4
1
4
4
3
2
7
4
7
5
5
3
2
3
7
2
5
3
3
4
4
2
1
6
2
2
3
1
1
5
8
4
8
2
4
8
2
5
1
5
5
6
3
5
4
2058
