radiacao de fundo
0
0
0
0
0
0
0
0
0
0
0
0
1
0
28
275
126
64
105
144
126
114
99
97
100
91
104
97
109
112
90
109
93
85
78
88
84
89
87
83
88
95
79
97
83
108
83
82
91
108
92
94
93
112
92
98
111
96
126
123
109
105
114
116
136
126
102
120
138
137
147
160
133
153
158
147
139
176
165
168
170
179
168
171
176
204
173
193
182
173
191
191
179
176
204
209
199
196
221
198
206
214
183
183
184
208
189
206
204
215
208
213
186
167
204
184
203
184
195
187
215
220
194
180
178
188
188
196
215
186
164
199
191
175
178
173
176
178
191
161
179
175
162
169
166
169
157
153
167
153
161
149
166
146
126
141
158
136
140
128
139
154
141
138
123
117
112
130
117
135
121
114
129
129
111
115
122
114
128
110
115
107
104
111
113
115
83
95
137
89
107
102
91
95
95
95
95
97
91
87
77
86
82
90
80
80
84
90
89
80
75
80
57
73
85
81
86
67
75
90
73
56
72
86
65
68
70
68
73
74
65
55
64
71
71
67
66
60
107
79
72
86
53
65
55
55
49
58
48
59
57
69
53
42
44
46
49
57
59
53
41
58
36
42
51
44
41
46
48
35
35
51
38
42
44
42
45
45
36
39
32
43
42
52
36
39
48
43
31
44
29
34
65
40
30
42
44
40
32
31
34
28
29
31
31
41
39
35
35
31
40
33
29
26
32
26
24
32
21
28
28
24
29
27
28
25
28
36
27
19
30
36
29
38
19
41
24
23
26
28
30
22
31
28
21
44
64
30
19
25
26
25
17
24
31
25
22
23
19
14
18
18
20
16
26
23
20
22
14
18
24
25
22
27
22
13
18
18
23
24
17
31
16
21
27
27
19
26
24
17
15
15
21
14
18
12
18
15
13
19
19
21
9
14
12
16
18
10
16
21
21
14
19
23
25
11
16
20
14
18
12
14
21
10
12
18
16
16
13
17
26
14
17
13
20
20
14
15
10
16
18
19
18
20
8
19
22
15
10
16
13
14
10
12
13
10
18
19
17
12
15
13
9
12
14
12
15
15
17
18
15
11
17
19
8
7
13
10
5
17
8
9
9
14
12
8
8
10
14
8
13
12
13
12
15
14
29
23
22
16
15
9
13
18
17
3
13
12
9
10
9
10
16
16
10
11
10
19
11
13
5
14
13
12
9
10
10
10
10
12
6
18
15
9
6
10
6
12
12
9
10
10
11
15
15
6
15
11
7
11
11
6
10
10
5
7
6
8
5
7
10
17
9
11
17
28
25
17
8
8
13
10
8
7
5
9
6
12
11
2
7
12
8
10
9
6
13
5
10
23
37
28
15
10
11
7
10
7
5
7
8
4
2
11
12
7
8
8
10
12
7
9
8
6
11
6
6
2
6
6
6
11
11
5
13
9
6
4
8
7
9
0
4
9
9
6
9
8
10
19
23
11
10
11
7
8
9
11
8
10
6
11
8
5
9
7
8
6
6
10
10
3
13
6
3
5
6
4
9
8
7
3
12
6
7
4
8
7
9
3
9
5
7
5
7
7
3
7
3
4
4
11
7
5
4
14
8
5
9
5
8
10
9
5
5
5
3
5
5
4
8
8
6
3
3
5
7
10
4
4
2
4
6
6
5
5
6
8
7
9
2
6
3
9
7
7
8
3
4
6
6
5
7
5
7
4
4
7
1
7
6
6
7
4
6
5
7
7
4
5
4
7
8
6
2
3
9
8
4
7
8
8
5
6
3
2
8
4
6
4
5
7
5
9
6
9
6
3
3
4
4
6
9
7
6
5
2
4
7
4
2
7
2
4
10
4
7
6
4
6
7
3
7
10
7
1
4
9
7
3
4
11
3
7
6
4
5
5
5
6
8
3
7
7
4
8
6
5
7
4
6
2
4
5
8
1
4
6
3
6
1
7
9
9
4
6
10
9
2
8
4
7
5
4
3
6
7
4
7
3
4
14
4
4
1
4
7
16
6
9
5
3
2
6
3
8
0
4
5
6
5
4
3
10
5
5
2
6
7
3
5
5
4
2
5
6
2
6
11
1
4
5
2
3
9
9
3
2
4
3
3
4
5
3
7
4
1
6
8
10
6
8
10
11
7
3
4
6
4
7
2
5
7
5
8
3
6
3
7
6
3
5
3
6
3
4
4
1
0
6
5
7
3
5
7
4
3
4
8
2
3
4
3
2
5
2
4
5
9
1
5
2
3
2
3
2
2
9
3
3
6
3
6
6
6
3
7
7
2
3
2
7
6
6
4
4
5
5
2
3
2
4
5
4
3
4
4
1
6
6
5
3
2259
0
