radiacao de fundo
0
0
0
0
0
0
0
0
0
0
0
0
8
1
22
343
206
89
97
108
135
143
109
80
68
84
86
92
77
93
83
83
61
71
68
71
81
77
69
77
81
82
73
70
63
72
65
64
78
54
66
71
73
74
75
94
92
84
105
85
101
98
93
103
96
112
135
120
108
111
137
128
114
120
150
144
147
123
154
139
140
153
154
170
129
171
139
168
151
158
156
126
157
153
174
170
164
174
170
156
159
201
173
168
162
168
193
151
187
164
184
171
182
169
163
157
176
158
155
144
167
142
147
181
136
156
156
159
151
151
151
151
145
156
175
144
168
151
149
156
129
140
130
167
145
122
158
124
134
152
137
147
121
146
125
132
104
142
114
125
100
111
105
107
103
111
118
94
115
95
116
100
105
100
94
101
94
94
96
98
117
97
87
86
117
91
96
87
122
83
84
78
87
85
72
80
96
85
72
58
71
89
84
81
63
78
88
70
64
73
77
61
68
63
73
73
58
60
76
65
63
69
59
64
62
59
57
59
70
57
53
61
59
63
53
55
59
43
96
53
61
62
55
53
42
41
42
51
43
49
52
42
34
42
42
42
38
41
35
30
39
46
42
35
30
38
37
49
48
36
35
37
40
21
37
42
43
26
28
32
37
30
37
29
38
33
37
34
32
30
41
26
49
40
20
28
35
34
35
30
27
35
20
34
23
23
29
26
39
35
30
25
30
18
28
24
28
24
23
21
27
21
26
22
21
30
26
21
19
19
25
17
27
36
32
18
19
20
18
17
21
22
17
12
29
35
52
25
27
18
21
22
17
16
10
10
25
20
17
18
20
19
15
16
17
20
20
14
18
13
18
17
21
17
16
24
14
22
21
15
11
21
15
21
29
21
22
19
17
16
13
22
16
24
18
11
16
12
12
17
21
16
13
11
14
11
14
14
19
10
11
21
10
11
9
12
7
20
15
13
13
14
14
12
9
17
20
12
12
18
14
13
15
13
18
19
18
17
13
8
6
16
11
12
8
13
15
13
13
11
10
21
12
12
12
8
13
13
9
17
12
6
10
17
14
6
13
11
6
12
12
13
13
6
15
7
9
8
10
11
12
16
10
11
8
16
7
8
14
9
9
7
6
12
11
9
24
26
16
11
14
13
18
15
10
5
12
8
3
14
7
9
15
12
15
4
12
6
5
11
8
17
7
10
7
6
10
8
8
8
8
11
6
4
7
8
7
7
8
5
10
11
12
7
12
8
11
3
7
3
9
6
7
4
3
9
11
13
16
11
11
8
16
7
15
17
10
7
7
8
11
7
5
6
7
8
10
14
8
11
7
9
6
9
8
11
5
5
12
10
37
22
7
5
9
12
10
8
2
5
7
7
10
9
8
6
6
6
8
8
3
9
3
4
8
3
2
4
11
9
2
4
3
9
3
6
9
2
4
7
4
11
8
8
8
8
6
9
15
14
30
17
4
6
12
7
5
3
7
5
5
5
6
5
3
9
7
6
1
7
10
2
6
5
5
9
5
7
4
7
7
2
11
11
6
4
7
7
2
2
5
5
4
5
10
5
6
5
3
5
2
7
5
7
5
6
4
6
2
2
9
5
10
5
5
9
7
8
5
8
6
8
8
10
6
5
6
9
6
6
6
8
9
4
4
5
7
6
4
4
7
6
7
3
8
5
4
6
7
7
2
8
10
2
4
9
6
2
7
8
5
3
5
2
4
7
7
5
5
5
1
3
3
4
2
4
4
4
3
5
2
5
4
5
1
5
3
9
4
9
6
5
6
3
5
7
6
3
7
3
4
3
3
5
4
3
5
4
5
5
1
5
3
5
5
6
5
2
8
5
3
6
3
5
4
0
5
4
4
2
2
4
4
3
5
6
3
5
6
7
7
5
5
3
9
2
6
6
3
5
3
3
2
3
5
5
5
1
8
4
1
3
7
5
6
5
2
2
6
6
2
5
3
4
4
5
9
5
2
2
3
1
2
4
7
6
4
10
7
5
2
5
6
8
4
3
5
5
3
3
4
7
2
0
7
8
8
5
6
4
4
7
4
6
4
3
1
2
5
3
5
7
3
1
5
5
3
7
6
5
1
1
7
5
4
3
7
6
5
1
9
5
10
8
5
0
4
6
7
4
0
4
2
1
3
0
2
1
5
5
0
6
5
2
6
2
4
4
3
1
0
2
7
6
6
8
1
5
2
3
1
5
2
1
4
3
2
6
4
6
5
6
3
3
4
6
0
4
2
2
1
1
2
2
4
2
7
3
3
4
4
2
5
1
3
2
2
2
4
2
2
1
5
3
4
5
6
6
4
5
4
3
7
1916
