radiacao de fundo
0
0
0
0
0
0
0
0
0
0
0
2
20
6
28
235
134
104
108
119
127
113
111
72
83
89
97
96
101
81
100
100
92
79
80
87
74
82
91
84
78
75
92
103
80
69
68
80
70
78
78
101
85
89
81
80
87
101
101
98
93
87
108
91
110
119
141
142
142
124
119
144
151
131
131
127
162
145
162
143
160
161
156
168
168
169
177
192
168
180
177
204
161
183
173
186
153
193
169
175
188
189
176
185
185
164
211
196
185
163
190
182
196
177
187
184
177
180
194
169
171
165
186
187
174
179
181
167
162
166
181
169
165
178
176
171
167
166
176
168
158
164
142
174
158
149
136
138
144
152
129
153
124
147
133
117
117
139
156
127
140
132
127
121
129
115
133
102
105
142
120
110
98
105
138
113
110
106
95
94
122
104
99
94
107
106
118
86
99
109
91
103
84
106
108
87
92
81
85
78
98
63
80
83
59
61
81
81
85
64
69
87
74
84
69
71
68
67
71
65
78
69
67
67
68
82
70
66
65
62
56
70
59
68
67
72
72
51
77
75
70
110
63
62
49
52
60
48
51
46
45
61
45
56
43
63
65
53
31
38
40
48
24
53
47
44
43
39
50
44
37
50
48
47
35
48
38
29
41
39
40
30
39
40
42
38
36
28
34
30
30
42
30
45
32
57
33
39
30
29
26
36
33
25
32
21
27
25
23
29
33
33
41
25
27
24
29
25
27
28
36
32
22
31
34
23
24
31
22
39
20
26
26
32
41
38
35
24
25
34
20
20
26
20
22
36
33
16
29
34
46
26
24
15
19
19
25
19
18
22
18
19
25
25
19
15
22
18
25
22
14
24
25
12
13
24
11
17
19
20
19
26
16
21
10
12
29
22
24
14
18
19
21
21
13
26
18
12
21
13
20
18
16
19
17
20
17
21
24
16
15
14
16
13
13
9
12
26
13
23
21
14
16
22
10
12
20
17
7
12
11
17
10
13
11
12
20
17
10
10
10
19
18
11
11
20
17
25
14
7
16
10
15
15
10
15
19
13
11
10
18
18
13
11
11
9
13
9
15
4
17
11
12
15
13
7
10
9
14
9
7
11
15
14
10
18
9
19
13
15
15
12
11
6
17
14
19
17
13
23
10
15
20
26
20
9
13
12
10
16
14
7
6
8
11
11
11
11
9
8
9
15
5
9
9
11
15
10
16
11
11
15
2
8
17
15
11
11
16
6
12
10
13
7
5
11
5
7
6
11
9
6
8
10
7
11
9
10
13
10
6
7
7
7
12
25
12
9
5
7
13
11
20
15
14
14
11
4
9
10
15
5
10
9
6
7
8
9
10
11
13
15
8
7
8
13
13
28
14
10
6
9
9
5
4
5
5
7
10
5
3
7
7
9
8
11
5
10
6
4
8
14
6
6
4
7
9
5
2
5
12
6
10
10
8
4
10
9
2
11
13
9
8
8
10
8
8
7
19
10
6
13
10
7
5
7
3
7
6
5
6
5
7
5
5
2
12
8
6
5
4
7
8
0
7
4
8
9
3
7
6
4
8
8
7
6
9
7
7
4
7
3
3
2
8
6
8
6
5
3
3
9
6
5
5
7
7
3
5
5
7
5
8
6
3
6
7
7
7
3
12
2
5
9
11
5
7
6
2
9
5
3
3
2
6
5
10
4
6
3
9
6
3
4
5
8
3
6
4
7
6
3
6
5
5
4
9
5
6
5
4
7
9
3
4
6
5
6
7
5
3
9
4
4
6
6
8
8
1
4
4
1
3
3
3
3
5
5
4
5
7
5
9
6
7
4
2
8
5
5
5
7
4
2
6
4
4
4
3
3
5
4
4
6
5
5
7
6
8
4
5
2
4
6
4
7
2
6
4
4
4
2
3
6
5
2
5
3
4
5
8
4
7
6
2
7
6
2
3
5
1
4
7
6
5
6
2
3
5
7
4
7
6
4
2
10
3
3
5
4
5
2
4
7
4
6
10
8
4
7
5
4
6
3
5
6
6
15
8
3
2
5
7
6
7
9
2
8
2
2
2
6
3
6
8
6
9
3
4
7
7
4
6
3
3
3
7
0
5
6
5
2
2
4
3
2
3
4
2
6
5
4
3
9
5
7
4
2
8
7
3
2
7
14
8
6
2
4
5
2
1
7
8
4
2
5
3
5
4
6
5
5
5
2
3
0
6
2
1
2
5
6
4
6
5
5
4
5
4
6
3
4
2
1
5
4
1
8
2
3
6
2
6
6
2
1
3
4
1
4
4
1
5
6
2
4
4
3
1
2
3
3
1
1
4
2
7
2
2
5
3
0
247
1898
