radiacao de fundo
0
0
0
0
0
0
0
0
0
0
0
0
7
1
13
208
120
89
128
119
114
126
100
78
72
78
83
97
87
97
96
89
84
84
64
81
84
75
74
91
86
68
81
85
71
72
57
73
79
87
80
79
87
87
79
81
93
85
104
113
93
101
116
113
105
134
116
126
115
129
113
116
135
124
138
127
130
129
137
131
141
152
167
149
152
177
172
151
157
176
179
174
160
152
182
175
167
189
164
179
205
147
188
177
172
162
194
166
173
191
194
188
149
157
173
171
168
173
171
171
165
182
168
150
156
130
144
183
154
154
166
170
157
138
140
156
157
165
146
146
131
164
149
119
145
132
135
154
144
143
160
155
138
124
101
137
115
129
120
127
116
120
138
120
104
85
117
115
110
101
116
98
102
107
102
105
115
91
98
111
116
91
96
93
78
89
107
96
112
95
95
83
121
84
85
93
80
64
78
91
80
109
83
67
87
66
81
82
72
77
64
71
77
65
77
60
64
54
67
76
79
63
68
48
65
71
66
59
72
64
63
63
66
43
62
61
52
73
110
78
62
73
48
49
50
43
54
59
41
46
55
45
43
37
38
43
46
55
49
44
58
45
48
47
44
47
47
52
50
45
34
44
21
46
38
53
42
50
31
31
41
34
27
32
27
32
40
39
39
40
31
48
64
32
40
35
29
44
31
35
22
33
27
28
24
21
26
22
29
24
26
31
23
33
28
20
25
19
31
30
29
26
26
26
20
23
15
30
28
27
16
37
33
32
26
24
20
22
34
28
21
28
30
20
28
38
64
26
26
28
16
15
20
18
14
19
26
20
18
16
12
17
21
21
11
20
19
24
25
19
16
29
22
12
23
20
20
15
21
13
22
20
18
17
14
18
17
25
16
23
17
15
18
14
18
18
20
13
13
12
17
19
21
24
14
18
9
16
14
14
18
12
13
13
19
17
21
15
13
10
10
12
20
7
16
24
15
18
15
15
10
20
12
9
16
10
15
12
12
8
10
8
15
14
9
10
10
4
17
12
18
15
14
11
17
13
13
4
8
6
13
13
19
11
13
13
15
13
12
13
10
13
12
19
17
13
10
14
17
12
13
11
12
7
10
6
12
14
10
9
10
15
6
15
7
20
24
19
14
15
9
7
16
11
8
11
8
7
13
6
11
10
8
8
13
2
11
12
12
10
8
12
13
10
7
10
6
7
16
8
7
14
12
3
5
6
13
13
12
11
8
8
6
14
9
5
7
7
9
12
10
9
8
8
10
8
11
8
12
10
9
8
13
16
11
20
31
3
10
8
9
10
7
7
9
4
6
8
7
10
5
8
7
4
11
2
8
7
9
11
42
24
14
7
9
7
5
12
3
13
3
4
7
12
11
8
8
6
9
7
5
5
5
5
6
6
6
2
4
4
6
7
6
5
7
4
9
0
8
8
6
9
13
10
13
5
7
7
6
13
30
18
6
6
15
6
4
10
4
5
11
7
4
4
10
10
4
6
4
9
8
6
5
5
4
3
4
5
6
4
6
6
1
9
9
3
7
7
4
6
5
8
4
5
7
7
6
2
7
3
4
6
7
1
2
4
7
4
1
8
10
3
5
10
6
6
9
6
6
4
9
7
4
6
6
11
6
2
3
4
6
7
8
5
0
4
6
7
2
5
6
10
8
6
8
7
4
4
5
5
5
6
10
3
7
8
3
8
3
7
6
12
9
5
12
4
4
6
5
7
5
8
6
8
5
8
3
6
8
5
7
6
1
5
9
2
5
4
2
6
6
3
1
5
3
9
6
8
2
4
4
4
5
2
1
2
3
4
4
9
2
3
4
2
5
7
6
3
6
4
6
4
2
4
5
6
11
5
8
7
8
8
5
3
7
7
5
7
5
6
7
4
4
4
2
5
3
4
5
3
6
4
5
4
3
3
4
7
2
8
7
1
4
7
5
5
3
6
2
5
4
7
4
4
6
5
6
4
6
7
4
4
4
5
6
1
4
10
15
3
3
7
2
4
5
3
2
4
0
6
4
3
6
5
5
2
1
3
5
3
6
6
3
7
8
8
1
4
2
2
2
2
4
6
6
6
6
4
4
6
5
4
1
4
4
5
8
8
7
4
1
8
11
12
2
5
4
6
4
4
5
2
3
2
5
5
3
5
1
5
6
4
1
4
5
3
5
5
2
4
3
4
2
1
3
3
4
4
5
4
5
2
4
2
2
3
3
7
1
2
3
6
3
5
3
7
6
4
3
8
4
3
1
2
3
2
2
0
5
3
2
3
4
5
1
5
1
4
3
3
1
7
4
3
4
1
6
4
5
5
2
3
1771
270
