radiacao de fundo
1
0
0
0
0
0
0
0
0
1
2
1
41
98
112
1516
1257
1042
980
726
362
196
203
137
204
122
125
122
123
139
116
133
117
235
311
315
259
248
228
194
186
186
220
229
220
225
208
209
235
235
184
167
181
170
171
168
169
181
195
238
268
255
274
264
259
268
264
243
248
213
228
212
179
185
179
171
160
151
166
156
183
165
149
169
183
188
185
177
162
192
192
172
180
161
171
182
198
193
192
177
194
182
198
198
212
197
193
194
169
170
180
181
183
168
186
187
185
180
180
173
163
177
195
173
176
174
158
176
167
173
139
147
159
158
138
159
170
166
152
156
147
131
140
120
150
138
111
150
123
134
138
152
156
137
129
105
145
103
138
133
115
129
122
132
114
110
105
121
91
122
104
137
104
103
101
99
111
107
109
91
106
87
119
117
110
115
110
106
77
98
67
75
78
86
78
73
91
77
79
78
80
81
73
73
64
62
66
66
78
55
87
62
57
66
77
81
52
70
76
60
70
54
59
61
58
80
53
64
55
52
59
82
58
50
52
61
54
45
47
53
55
49
47
45
49
48
43
58
62
49
59
39
49
44
45
41
46
46
46
39
43
43
33
49
39
31
34
46
32
35
29
30
45
46
56
34
29
35
47
25
38
32
30
42
31
31
28
34
38
26
34
28
33
26
22
32
33
27
30
32
31
27
30
37
20
27
38
16
27
36
32
27
25
18
14
20
34
31
39
27
24
29
22
27
25
26
27
34
18
21
22
22
25
16
25
34
44
25
21
24
26
17
19
19
7
21
25
23
13
25
34
21
25
19
17
24
20
16
15
22
18
17
18
18
24
19
20
18
13
16
23
22
18
9
20
13
17
15
17
18
12
15
18
16
18
12
18
21
22
20
10
25
17
19
17
18
20
19
17
10
18
23
15
10
14
15
21
16
15
19
15
14
14
12
15
21
22
13
15
8
12
8
13
12
12
9
14
15
13
17
18
17
14
20
19
15
11
8
16
12
11
22
9
10
18
14
20
12
14
17
17
11
3
14
11
12
16
6
13
11
5
14
15
13
14
13
13
7
8
11
19
12
17
14
14
16
6
9
9
8
16
11
15
20
14
14
10
15
13
10
6
11
11
10
7
9
8
9
12
10
4
10
3
9
11
9
8
10
8
11
6
2
8
8
11
6
9
13
6
6
9
9
10
5
14
14
8
7
11
9
8
8
10
12
19
8
13
9
10
5
11
5
10
10
5
5
8
10
17
16
7
13
13
11
8
3
10
11
11
13
9
17
14
5
12
10
7
10
7
11
6
5
12
23
17
8
14
8
8
6
9
9
4
11
8
6
15
3
9
3
9
6
9
7
8
9
6
5
9
8
6
3
12
11
10
12
8
9
10
10
9
8
8
5
5
8
8
1
9
11
6
16
18
12
10
9
6
6
4
5
5
4
5
7
8
1
6
5
4
10
4
5
10
5
10
8
9
3
4
10
4
8
7
11
7
4
8
6
7
6
8
4
11
6
6
9
5
5
7
6
7
10
1
8
7
2
6
5
4
8
4
6
7
11
5
5
8
2
6
7
6
6
5
9
7
3
6
5
9
7
13
8
9
12
4
6
4
4
4
14
4
9
4
7
7
7
5
3
7
6
5
4
6
3
5
4
6
3
9
4
2
3
7
3
11
6
6
8
8
5
4
5
4
3
3
6
8
6
7
7
3
9
4
4
5
4
8
3
1
3
5
5
10
4
3
3
5
1
2
4
5
3
2
1
10
4
6
7
5
6
3
7
6
5
4
3
5
2
5
8
6
7
5
4
1
4
5
6
3
1
7
1
6
4
7
4
3
6
0
9
2
2
4
7
6
5
2
3
3
6
8
2
9
7
10
8
2
1
6
12
5
6
4
7
0
6
7
4
6
6
4
2
1
2
4
10
6
5
6
7
4
7
2
10
9
5
5
5
5
4
5
3
6
4
3
5
4
3
5
7
3
1
3
6
7
7
5
6
5
4
4
5
7
2
5
3
6
6
4
6
5
6
4
4
3
4
4
1
2
2
2
4
1
2
4
6
6
8
4
5
7
5
3
8
7
5
4
3
3
3
7
3
4
2
2
4
1
4
4
5
2
1
2
3
5
2
5
5
3
3
3
9
7
2
4
2
2
6
2
6
3
5
4
4
3
5
4
1
5
0
2
4
7
2
3
4
7
7
2
5
5
6
2
4
6
4
4
4
4
3
4
4
0
5
4
4
3
4
1
2
4
8
3
4
3
7
7
2
4
4
2
3
4
1
3
2
5
2
3
4
6
7
4
4
6
7
8
6
6
5
5
6
1
1791
