radiacao de fundo
0
0
0
0
0
0
0
0
0
0
0
1
6
0
10
313
194
100
88
99
113
99
102
84
70
78
81
104
81
92
84
85
68
62
94
73
89
63
85
69
67
68
92
69
66
68
69
70
69
83
82
79
87
103
99
91
91
79
96
92
94
113
120
100
108
120
119
126
108
143
127
133
146
141
118
127
119
136
153
127
142
165
128
173
152
177
156
181
161
150
192
169
159
169
132
167
176
189
155
186
165
154
174
183
164
193
188
150
187
169
177
170
179
175
178
162
155
167
182
210
184
180
153
154
186
157
159
153
178
170
133
161
168
157
156
177
157
167
135
138
136
146
139
149
146
128
110
130
144
105
116
131
134
118
104
100
135
106
116
125
125
109
109
119
115
104
118
99
125
122
93
96
88
120
88
100
115
112
88
94
98
118
91
85
90
92
102
87
77
74
100
82
83
100
89
60
84
74
68
81
69
89
80
71
73
81
84
70
58
79
79
68
69
64
57
43
73
58
72
63
79
64
65
74
68
56
66
62
56
64
47
54
56
63
41
56
62
65
92
63
61
59
61
50
58
50
33
55
38
46
49
35
45
58
36
31
42
41
34
40
40
34
38
44
28
48
45
26
33
50
35
40
42
42
35
51
33
31
38
20
39
30
17
32
41
29
28
40
32
30
34
37
62
27
27
31
29
35
26
22
30
23
22
44
29
25
26
17
26
26
33
27
19
22
17
32
27
32
17
24
26
20
25
29
31
27
27
24
30
25
29
27
18
22
35
22
20
18
23
21
16
20
19
28
22
44
65
31
24
18
19
19
21
17
27
26
20
15
22
26
16
26
17
12
19
17
23
16
14
17
17
20
20
14
20
15
15
19
23
12
12
15
16
24
17
14
14
23
18
17
23
12
17
12
16
11
24
17
15
16
11
17
19
14
14
11
16
13
15
18
9
7
15
12
13
17
16
15
18
18
12
13
6
8
15
10
14
14
14
23
13
10
16
10
14
7
19
13
12
4
13
15
13
16
6
16
16
15
13
12
15
15
17
13
14
12
15
12
16
7
14
11
4
10
9
9
17
15
12
11
11
14
13
5
16
13
8
5
9
14
10
8
10
10
16
9
7
15
7
6
10
5
11
13
18
17
20
31
15
16
14
10
9
7
7
10
8
11
8
8
11
5
9
9
3
8
12
4
10
6
10
10
11
13
4
12
9
8
16
10
10
9
8
8
9
8
8
8
3
9
11
7
4
7
9
6
6
10
7
14
15
9
7
7
6
10
2
10
8
9
9
6
11
8
5
20
20
6
3
8
6
6
7
7
5
8
9
9
10
12
7
6
9
9
8
10
5
8
6
14
33
21
7
9
9
3
7
7
6
7
4
10
11
5
4
8
8
4
4
8
7
8
6
5
6
13
6
4
6
7
9
6
5
5
6
8
5
4
7
7
8
8
5
5
7
10
4
9
7
18
36
14
11
3
11
5
4
3
8
5
3
5
4
11
5
5
7
5
6
5
10
2
2
8
6
4
6
6
7
5
8
6
4
7
9
3
8
7
5
3
5
6
7
9
10
7
6
6
5
6
4
3
2
3
4
3
11
7
6
4
10
9
4
11
11
6
4
6
7
6
6
8
8
6
4
7
8
4
3
1
4
7
4
5
8
4
4
5
1
5
4
3
4
5
2
3
3
3
8
2
7
7
3
7
2
4
4
6
5
7
6
4
1
1
9
3
5
6
3
3
2
4
5
3
8
4
2
8
5
3
7
3
6
4
4
5
10
7
6
3
6
5
5
5
6
4
5
7
5
8
6
3
2
4
5
5
6
7
3
3
6
8
3
4
4
5
3
3
5
2
8
3
5
7
4
5
2
4
2
1
2
4
3
7
2
3
6
2
4
4
2
3
2
5
5
1
1
5
0
4
7
6
4
4
5
7
5
4
6
6
12
2
2
1
4
6
7
3
2
6
5
1
2
4
3
2
6
6
6
1
1
4
5
4
1
5
7
8
14
4
4
3
6
3
2
3
2
0
3
0
3
2
5
2
3
5
4
1
3
3
4
7
2
2
2
2
4
0
4
2
2
5
2
5
2
3
3
2
1
3
3
3
4
2
2
2
3
6
9
5
3
4
10
5
4
2
2
4
5
5
1
6
2
6
6
5
4
3
7
4
4
3
7
2
4
6
3
0
1
7
1
4
4
4
9
3
5
4
7
5
3
3
5
3
4
3
6
5
3
5
4
8
5
3
2
4
2
2
3
5
1
5
3
3
6
1
4
4
3
1
5
4
4
5
3
1
3
3
4
7
5
2
7
3
0
2
3
5
4
8
0
2
1
1895
