radiacao de fundo
0
0
0
0
0
0
0
0
0
0
0
0
1
0
38
262
195
130
122
119
115
121
119
86
66
81
101
88
101
111
91
74
90
89
82
90
68
105
83
84
74
85
93
95
85
75
86
80
79
79
69
87
89
67
95
89
90
98
116
89
111
113
118
104
106
92
133
135
125
139
128
131
122
148
132
143
149
175
138
156
136
145
146
187
159
164
164
152
177
176
169
157
176
174
172
189
178
208
223
177
172
179
212
170
200
188
189
211
183
160
193
192
192
183
191
182
190
179
182
203
186
184
167
171
186
192
209
189
153
175
169
165
187
153
172
147
163
156
176
151
179
147
144
148
140
157
166
143
158
127
147
135
121
146
128
122
132
131
148
122
138
108
117
113
110
117
132
113
122
117
119
122
114
107
101
103
101
107
108
126
110
90
114
86
98
111
96
91
85
94
101
85
90
84
90
101
86
86
73
92
84
83
80
84
79
88
79
64
64
69
89
74
64
81
61
67
72
58
64
62
63
76
66
68
61
60
78
66
69
63
53
71
43
53
72
68
56
91
102
74
60
68
77
55
53
45
47
53
51
43
44
56
53
55
39
51
42
38
56
44
45
58
38
44
41
47
35
53
45
52
36
25
45
40
34
33
35
35
37
48
41
40
41
40
25
44
37
40
34
39
32
46
70
31
36
34
38
31
29
32
34
29
26
22
28
28
31
39
35
23
30
34
30
25
27
30
31
26
30
22
31
25
34
31
33
31
27
25
26
34
24
24
26
35
30
31
27
31
30
27
28
17
19
33
17
47
51
30
26
27
21
21
31
19
17
14
23
21
17
19
20
23
37
19
16
23
19
14
24
23
21
14
17
24
18
16
21
14
13
19
12
13
13
9
22
16
19
18
13
12
13
15
15
22
26
14
15
29
16
14
19
13
12
17
26
18
11
16
11
14
15
18
14
18
17
14
10
18
12
16
13
19
18
11
18
16
13
12
12
16
16
13
10
16
11
11
9
13
23
9
8
12
24
7
13
20
13
7
18
8
11
16
9
14
10
16
19
12
15
5
16
12
15
13
15
12
16
8
12
13
11
9
13
10
12
19
8
20
18
15
10
10
13
11
10
13
12
8
12
5
13
9
13
16
13
13
20
26
18
13
9
8
12
7
11
9
11
11
6
8
6
14
6
13
11
7
7
8
11
8
5
6
7
11
11
8
12
10
8
10
11
7
9
11
9
11
10
10
10
13
8
7
10
7
6
11
12
14
4
9
10
4
8
5
10
9
10
10
7
9
3
9
8
9
11
21
17
6
11
10
5
6
5
7
7
2
11
6
7
8
7
5
5
15
6
13
5
15
9
18
29
16
12
8
9
7
9
10
11
5
8
4
5
10
7
6
8
5
6
6
10
9
8
11
5
3
7
7
5
7
5
3
7
8
5
7
9
7
3
6
7
4
6
9
8
8
3
6
9
14
28
12
13
7
5
4
12
9
6
6
6
3
6
11
9
5
4
9
5
4
6
3
5
7
9
8
3
8
8
6
4
2
5
7
6
6
3
5
6
4
6
3
7
5
6
11
4
6
7
4
7
8
3
5
5
4
8
5
7
3
3
6
10
6
8
12
10
6
5
7
2
4
7
7
3
7
5
3
6
5
7
7
5
6
5
3
8
7
6
5
8
5
7
6
8
4
4
10
2
3
5
5
6
3
7
8
3
3
6
8
8
8
6
7
5
12
3
6
5
4
2
3
4
5
5
4
6
8
5
3
5
4
7
6
6
4
6
8
8
7
5
1
7
4
6
5
6
7
6
5
9
7
1
2
5
8
5
0
1
4
7
2
4
2
6
5
3
2
11
4
10
0
5
4
6
4
4
3
9
4
3
4
3
6
4
8
6
7
8
6
5
5
5
5
7
6
8
4
5
6
6
4
3
2
5
5
4
7
5
4
6
2
3
4
2
6
6
7
6
7
2
10
8
4
3
8
2
6
5
4
8
3
6
4
5
6
7
15
8
4
3
5
3
4
9
3
7
5
4
5
2
6
6
2
3
7
5
3
5
6
5
1
2
8
1
4
2
5
0
3
5
6
3
5
5
6
5
7
4
5
1
4
1
2
4
3
3
8
8
4
4
8
7
8
3
2
1
4
4
3
5
5
2
0
8
2
4
4
3
4
4
4
6
6
5
6
4
3
1
4
2
6
4
5
5
3
3
3
1
2
7
5
0
6
9
3
6
2
2
5
5
3
3
5
3
6
4
6
6
6
5
2
4
3
1
5
6
5
5
3
6
9
2
3
9
2
4
6
5
7
6
5
3
4
2
4
7
7
4
3
2
1
2061
0
