radiacao de fundo
0
0
0
0
0
0
0
0
0
0
0
0
3
0
28
242
197
233
168
111
120
115
105
84
78
71
87
82
101
97
107
96
92
91
79
80
82
80
60
83
80
75
90
85
107
61
81
84
95
79
76
74
82
77
89
89
100
84
107
118
94
108
111
111
119
129
127
118
150
160
123
125
135
145
153
136
134
144
181
174
167
187
170
160
177
194
160
145
180
170
185
198
158
188
175
173
175
185
155
200
190
194
197
177
189
201
184
204
193
216
209
212
174
183
183
183
171
177
168
165
177
179
184
198
184
165
181
196
203
209
205
172
172
162
175
158
161
162
169
144
146
151
166
150
153
168
155
166
167
143
141
153
163
155
155
130
123
153
141
121
122
131
110
141
120
127
154
135
120
120
121
123
126
107
124
124
120
108
91
96
115
109
116
93
109
96
100
119
111
80
82
83
97
93
94
86
104
75
90
90
78
100
108
90
93
79
83
84
76
76
80
68
79
69
64
94
73
64
76
71
76
54
81
55
59
73
69
44
56
75
59
60
67
55
64
44
52
57
109
77
64
70
63
52
48
68
47
72
54
57
63
44
44
57
44
51
62
51
54
47
47
47
38
55
40
47
47
43
54
33
33
34
39
37
37
43
36
26
39
35
26
42
45
38
32
39
34
44
40
39
32
45
61
35
29
27
43
39
40
33
31
27
29
41
44
29
34
27
25
34
30
30
33
33
34
36
39
30
30
25
30
29
28
32
31
25
32
20
29
26
33
25
32
34
19
34
19
29
20
24
21
26
27
26
32
39
44
26
19
14
18
29
23
22
23
23
22
16
22
17
17
24
18
26
26
27
21
19
16
17
21
21
8
20
22
21
25
19
18
18
17
17
24
20
14
18
15
20
19
21
22
16
24
17
14
18
12
17
15
15
17
16
22
17
12
21
12
13
12
13
8
13
13
21
15
17
21
19
10
16
18
14
17
16
16
16
21
18
16
23
13
14
21
14
12
14
10
14
10
11
13
10
16
8
14
16
15
14
16
12
14
17
12
10
15
11
15
15
11
14
11
19
18
14
7
16
14
13
13
18
23
16
11
21
10
11
14
11
13
10
6
9
14
5
9
9
21
21
7
14
10
11
16
17
19
16
21
28
16
12
6
10
5
7
7
6
12
8
12
8
10
8
9
9
8
12
10
9
13
12
11
10
17
9
6
12
10
9
8
7
8
7
12
10
12
7
14
18
9
12
8
11
11
7
13
16
11
8
9
8
3
6
5
12
11
11
7
8
7
10
9
7
11
10
15
25
22
6
14
5
7
12
6
7
10
10
4
8
8
11
7
6
10
3
10
8
2
11
16
25
36
21
5
8
9
7
12
5
8
7
12
7
7
8
8
3
4
9
12
9
6
6
5
8
9
6
8
6
5
4
8
9
8
9
5
4
7
7
11
7
4
12
12
5
4
4
10
1
12
22
16
10
6
8
6
6
3
7
4
4
7
4
10
7
10
8
4
1
6
6
1
5
7
7
7
7
8
5
6
5
8
8
9
8
3
8
4
6
3
5
6
6
12
3
17
8
8
9
5
4
4
8
6
1
10
6
6
10
8
7
6
5
4
9
4
7
4
3
6
6
7
7
3
3
7
2
8
5
8
5
3
5
5
4
4
10
7
8
5
8
6
8
4
6
5
8
3
5
2
6
7
8
6
3
2
6
7
3
5
7
8
8
11
9
6
6
4
6
3
2
4
3
1
2
8
9
6
9
9
7
3
5
6
8
5
4
5
2
7
9
6
5
7
7
2
9
3
3
5
5
3
5
5
7
2
2
7
4
9
7
8
4
2
4
11
5
8
5
2
6
7
5
4
7
5
3
3
2
1
2
13
6
3
11
5
5
3
6
5
6
2
6
4
8
3
4
1
4
5
6
4
3
7
4
5
3
6
5
6
7
6
5
8
1
1
4
4
3
3
4
1
2
6
4
10
4
2
2
5
4
9
6
5
5
6
7
11
8
5
4
7
6
2
5
3
2
7
6
4
3
6
4
3
1
4
5
3
6
1
7
3
3
3
5
4
3
0
6
4
5
1
2
3
2
1
5
5
2
5
8
4
9
6
6
7
4
4
9
7
9
6
15
5
4
3
7
2
3
4
1
5
3
4
4
4
5
4
4
7
6
9
3
3
3
2
3
1
8
3
5
3
3
6
3
4
0
4
2
5
4
6
2
4
9
5
8
6
5
5
5
8
4
3
6
6
1
2
5
5
3
5
6
5
7
3
9
5
2
4
3
5
5
1
5
3
5
4
2
5
1
5
6
1
3
3
5
3
4
6
4
2
3
3
2115
