radiacao de fundo
0
0
0
0
0
0
0
0
0
0
0
0
1
0
24
551
305
197
118
101
116
107
92
67
85
83
78
80
97
91
101
84
82
82
77
65
99
80
61
78
66
72
104
72
75
85
68
84
82
75
81
80
71
57
108
68
94
111
109
85
97
102
134
105
126
138
128
93
126
123
132
124
146
160
158
156
140
158
132
151
167
163
170
159
164
164
158
158
157
158
174
179
158
169
160
170
175
174
170
174
166
186
170
182
178
154
173
176
172
165
162
157
190
190
162
160
162
166
190
144
177
156
195
145
162
146
164
165
187
155
146
164
147
174
175
170
172
135
151
169
146
142
144
143
150
128
144
144
139
139
119
138
143
160
138
119
117
106
124
116
139
118
153
122
123
107
133
109
114
125
106
103
95
124
100
116
118
100
99
104
90
92
80
95
99
93
86
76
96
103
90
96
88
89
76
84
71
80
91
80
95
77
65
67
85
76
74
62
69
81
70
50
83
69
68
54
48
60
61
62
58
51
74
75
59
60
78
56
56
56
73
58
47
46
56
57
57
52
81
66
53
62
59
45
33
55
48
45
51
44
49
40
57
54
39
47
46
41
37
49
38
42
47
40
47
40
49
47
30
47
53
33
47
37
41
34
30
42
33
22
34
19
37
43
28
18
49
29
35
35
34
36
57
40
25
27
33
46
33
32
27
32
28
28
31
18
26
24
29
26
26
30
41
33
27
25
37
26
25
28
30
29
21
29
33
25
24
20
28
30
22
31
25
28
22
25
25
22
24
30
11
25
24
26
18
34
60
22
26
19
23
22
29
23
19
18
12
20
15
12
14
17
23
14
12
28
15
11
24
16
23
27
20
14
11
22
13
21
18
16
20
16
6
17
17
14
12
17
14
9
9
19
12
20
18
10
13
20
15
21
15
18
18
16
13
18
14
12
10
15
9
15
19
16
22
12
17
20
12
8
9
14
12
9
16
14
13
17
8
15
19
12
10
20
12
17
10
10
16
20
14
7
19
16
15
12
15
14
13
12
14
17
19
13
14
14
18
7
14
11
14
10
9
10
13
10
12
11
10
13
16
12
21
11
11
9
12
12
8
9
16
7
12
14
9
19
13
7
12
11
11
5
8
10
11
11
20
23
20
15
11
6
13
14
8
14
15
6
6
8
8
7
5
12
11
8
15
5
8
4
8
7
17
9
8
3
14
8
16
9
14
7
6
5
14
6
8
10
11
11
12
3
5
13
13
5
9
12
11
14
9
7
7
6
9
7
12
13
12
8
7
7
9
11
7
21
16
13
5
6
6
11
6
9
6
5
4
4
6
7
4
8
6
13
8
12
9
8
8
12
36
35
12
10
5
5
7
9
4
8
1
13
5
8
6
8
6
5
4
8
5
6
8
6
11
7
8
7
9
4
5
5
7
3
4
10
10
10
4
6
8
4
4
5
6
7
5
9
9
13
26
21
12
8
4
4
6
4
5
7
6
5
5
10
6
9
3
4
5
4
6
9
6
4
4
7
6
6
2
3
4
7
9
8
9
3
4
8
3
13
9
8
6
12
6
5
4
6
2
3
4
4
5
5
8
8
4
5
4
6
9
6
8
7
7
3
4
6
7
7
4
6
4
9
4
5
15
4
3
2
1
4
5
4
4
5
6
2
8
8
1
4
4
4
4
5
11
4
8
2
7
7
4
5
4
9
5
2
3
5
9
4
2
8
3
4
6
8
3
9
7
7
6
8
6
4
4
8
4
4
5
8
4
5
4
6
3
8
6
6
10
6
2
4
4
2
7
4
8
9
7
1
7
9
5
7
5
3
6
6
2
2
2
8
6
5
8
1
3
4
4
4
1
8
7
5
6
3
4
6
3
2
6
4
4
3
7
8
5
12
5
5
14
5
4
9
1
3
4
0
7
6
1
5
4
5
9
7
4
2
6
7
3
4
2
4
5
4
7
6
5
7
1
4
5
1
3
2
5
3
3
5
6
2
4
4
7
10
8
7
3
7
5
4
4
3
3
6
8
4
5
2
4
3
7
2
2
3
0
4
13
4
7
4
2
0
4
3
6
4
6
7
6
7
8
10
5
1
4
5
3
3
1
3
6
5
6
4
6
3
3
4
8
9
9
3
3
4
3
2
6
5
3
3
4
2
6
2
5
5
8
2
6
5
2
6
6
2
2
3
5
3
1
4
5
1
1
3
1
6
4
3
3
6
3
3
6
2
4
6
2
1
3
5
2
5
3
2
5
4
2
0
5
6
6
3
5
2
4
4
2
4
3
2
4
8
4
4
5
4
3
4
3
1
2
4
1
5
4
5
6
6
2
1891
