radiacao de fundo
0
0
0
0
0
0
0
0
0
0
0
1
1
0
24
631
550
204
128
135
129
120
118
72
69
82
77
93
83
88
75
81
72
85
86
83
94
69
84
88
95
91
89
77
82
77
78
68
75
77
71
84
113
71
74
73
98
104
107
102
113
123
117
95
111
112
112
113
156
121
126
154
129
125
125
138
134
129
151
126
123
177
159
165
151
165
167
150
149
170
143
159
149
153
160
184
157
150
195
181
140
168
182
209
161
176
190
158
177
157
158
164
183
163
173
172
164
177
161
182
145
157
165
161
159
168
151
139
171
143
166
182
162
162
152
164
143
161
144
146
143
167
158
144
153
155
137
139
131
141
136
134
118
115
149
124
144
113
137
124
149
116
129
128
104
115
130
109
115
103
109
109
126
79
107
89
96
97
98
81
83
82
108
100
86
105
96
96
103
79
79
91
78
80
74
93
78
96
69
88
61
77
77
70
79
72
76
67
66
64
70
67
73
65
77
64
58
61
64
67
55
61
44
66
52
53
64
81
56
50
51
64
48
48
60
66
49
42
88
78
49
49
53
39
43
61
40
51
53
54
42
57
56
33
48
42
46
47
41
36
35
40
46
42
48
47
45
33
38
39
32
36
32
30
30
36
41
44
38
46
37
29
34
32
28
43
44
28
27
35
29
28
51
39
31
31
35
29
33
28
24
19
31
20
33
31
35
25
25
28
31
31
21
19
20
23
28
30
27
28
32
25
18
33
28
25
27
19
19
22
19
26
34
34
32
21
32
23
18
29
25
18
25
18
23
28
76
19
27
25
29
19
19
18
26
13
16
26
24
20
20
24
18
16
16
17
23
19
30
16
21
22
10
17
24
20
23
17
18
13
19
19
24
18
9
10
21
14
23
21
15
16
12
14
25
18
19
18
16
20
13
17
14
13
20
15
12
22
23
16
14
16
17
14
19
13
24
14
12
7
13
13
11
14
16
14
16
19
17
12
11
13
16
12
14
13
15
23
11
9
8
12
22
9
12
12
10
17
13
15
11
15
14
10
14
15
17
10
17
7
10
7
11
13
13
13
10
13
12
10
7
14
12
16
11
10
10
11
8
11
13
16
7
12
7
8
18
11
12
13
12
10
4
11
18
11
24
28
12
12
17
11
9
14
3
9
9
6
7
9
9
15
8
16
8
8
5
4
10
10
7
9
7
9
9
9
6
8
9
10
12
8
9
12
8
9
10
9
15
9
6
14
5
8
11
7
6
4
6
8
9
6
14
9
9
4
7
9
9
8
9
4
9
7
8
21
30
16
8
7
4
1
11
9
10
8
7
6
11
13
7
7
5
3
11
6
5
10
10
19
34
19
10
5
7
5
6
15
5
10
3
7
3
8
8
4
3
15
10
3
10
5
5
9
4
10
9
7
4
12
4
5
6
6
6
5
7
7
11
13
9
5
13
4
4
2
5
7
8
9
22
17
10
9
6
7
8
6
0
9
8
4
9
12
8
7
6
6
6
7
6
3
5
9
1
10
9
10
7
7
2
9
7
6
4
6
3
4
7
7
4
7
8
6
7
6
3
3
3
6
7
5
6
3
7
7
7
0
2
7
8
5
10
8
3
6
8
12
3
4
2
6
5
4
4
8
8
7
4
6
4
2
3
4
4
5
4
5
7
5
2
10
7
6
11
3
6
6
9
5
6
9
9
9
6
6
4
4
7
5
9
11
3
4
4
6
4
8
5
6
3
5
2
4
4
6
7
6
3
4
10
5
3
4
1
4
5
6
2
2
5
6
5
4
3
6
10
5
4
6
2
2
4
2
5
5
2
3
5
4
5
2
5
3
6
6
3
5
4
6
6
4
3
4
2
8
3
4
2
4
4
6
7
5
4
3
2
4
2
5
4
5
8
6
3
4
7
3
6
5
3
7
5
7
5
4
3
3
7
4
6
3
5
7
1
3
8
6
4
3
4
5
3
4
4
2
3
3
3
5
3
6
1
4
1
6
7
9
14
4
5
3
6
2
6
4
5
2
2
6
4
5
5
6
4
5
0
1
7
4
8
4
7
4
5
3
7
6
5
5
1
4
3
3
4
2
1
7
4
4
4
7
4
3
2
1
3
7
3
7
4
6
7
6
3
7
5
0
4
5
1
3
3
3
5
2
5
3
3
6
6
6
3
0
4
3
6
5
1
5
5
8
5
4
2
7
5
8
4
4
4
8
4
6
5
5
5
2
3
4
1
2
4
0
4
5
2
5
1
5
1
2
6
7
1
2
3
3
6
2
4
1
3
2
6
1
3
8
1
2
2
4
2
3
4
1
3
3
2
0
3
3
4
1924
