radiacao de fundo
0
0
0
0
0
0
0
3
1
0
1
2
34
52
36
588
351
269
223
209
212
190
247
293
210
180
191
161
166
161
166
173
139
170
187
167
183
167
186
170
170
167
158
168
158
157
168
204
196
198
182
211
241
252
328
348
405
458
520
471
509
478
474
449
428
356
376
355
373
329
333
351
337
308
332
331
326
295
311
257
262
271
246
225
229
198
202
224
210
203
180
204
172
177
175
193
170
166
190
171
175
172
170
174
156
167
181
167
184
172
172
161
165
185
164
169
175
160
183
164
154
145
164
153
165
171
160
174
141
149
142
143
145
135
168
126
149
136
156
142
120
144
132
136
159
123
135
135
133
133
130
129
109
121
119
118
123
124
101
118
88
110
130
96
108
121
123
83
108
90
82
116
94
106
93
88
72
102
95
95
85
100
94
109
97
76
91
79
71
76
83
78
80
75
69
81
66
76
93
75
74
76
73
66
76
66
68
78
90
66
68
75
85
67
43
71
91
60
66
70
66
62
56
51
57
65
71
64
53
38
53
69
76
56
44
57
53
52
45
48
55
41
48
43
41
40
36
45
41
31
42
44
37
40
29
33
38
36
44
34
39
28
38
35
37
34
31
33
34
29
36
37
26
33
27
38
38
41
52
40
31
42
43
34
46
34
34
35
30
28
34
22
31
25
23
29
29
28
29
28
28
23
23
23
26
34
32
12
19
28
27
30
23
21
28
22
31
28
26
20
38
18
31
21
25
28
26
25
25
34
25
22
21
23
26
30
27
31
20
16
20
16
15
23
17
16
14
15
19
16
18
12
25
14
17
11
23
20
25
15
15
21
16
20
21
18
11
9
26
14
22
25
14
20
17
13
16
12
9
27
14
11
20
14
14
10
13
18
16
14
17
15
14
11
14
16
21
13
15
13
13
12
11
19
9
13
9
12
15
16
10
13
10
13
10
16
8
6
10
19
15
9
16
21
9
18
19
16
10
12
13
6
19
9
10
21
20
11
11
13
12
13
20
7
9
9
11
11
9
10
10
13
9
7
5
14
10
6
13
12
8
9
11
12
2
8
11
8
9
14
13
9
15
10
16
11
9
11
13
9
6
13
13
11
18
10
21
5
8
11
8
6
6
19
14
10
13
10
9
15
5
5
6
12
11
5
7
9
6
11
6
11
5
13
10
10
8
5
11
13
7
5
9
4
8
9
11
13
10
5
15
9
8
12
9
8
9
10
14
8
8
11
8
5
9
12
13
12
13
8
10
19
3
5
6
9
6
16
9
6
11
21
14
6
6
6
12
11
7
10
11
3
14
10
8
11
19
5
6
9
3
9
7
9
7
5
6
6
6
4
6
7
5
5
6
5
12
6
7
5
6
5
7
12
11
2
6
8
13
10
7
5
5
10
13
8
6
7
7
8
13
7
16
15
13
7
2
9
4
4
4
4
7
8
9
6
5
7
4
3
1
5
4
1
5
3
6
6
11
5
8
5
4
3
9
7
5
7
6
6
5
8
4
7
7
7
6
2
7
3
6
5
5
4
3
8
7
9
6
9
5
4
2
8
8
7
4
2
5
4
9
2
6
3
5
4
5
5
7
4
7
4
8
8
9
8
8
13
8
6
6
7
8
2
8
4
3
3
7
6
7
7
5
2
6
7
9
3
7
6
11
5
1
5
6
3
6
4
6
6
5
7
8
4
2
1
5
7
5
7
3
1
4
4
6
4
4
3
3
4
7
7
3
2
3
1
2
7
4
3
4
5
3
4
4
4
8
5
5
4
4
3
4
6
4
3
4
8
4
2
5
5
5
3
6
4
5
2
4
5
4
8
5
1
4
4
4
11
2
7
3
5
6
4
4
3
3
4
3
4
6
2
5
7
2
3
4
2
3
3
4
5
6
7
9
4
4
5
5
3
3
3
6
5
4
2
4
9
6
6
5
6
3
7
5
7
9
6
2
5
2
6
4
2
3
5
5
4
6
2
3
5
5
4
3
4
8
6
3
2
3
4
5
3
5
2
5
3
4
2
6
3
1
5
2
3
5
2
1
1
2
0
6
2
9
2
2
5
6
3
8
5
1
2
2
5
2
3
5
3
3
5
6
2
2
3
0
3
0
5
3
6
3
1
3
2
4
4
3
4
2
6
6
5
1
2
3
4
3
5
5
4
1
3
2
5
2
5
6
5
2
4
0
2
4
2
5
8
3
4
2
8
3
4
3
4
2
4
2
6
2
1
4
2
3
2
3
6
6
3
3
3
4
7
6
2
1
5
3
6
1
4
6
7
2
3
6
2
6
8
2
9
5
1
2
6
1
6
6
1
0
5
6
1776
