radiacao de fundo
0
0
0
0
0
0
0
0
0
0
0
0
0
0
21
300
267
192
140
124
124
98
116
77
77
63
82
98
89
89
74
88
81
62
62
68
70
78
79
81
101
82
67
89
71
82
78
85
73
74
62
72
87
71
71
81
86
80
80
91
100
108
99
108
125
106
121
148
112
142
136
120
126
134
138
129
138
141
152
169
158
144
157
150
147
161
163
170
151
169
148
160
160
186
164
178
156
166
178
182
160
175
154
187
181
159
192
192
171
189
193
193
172
153
177
175
171
161
168
163
165
171
179
161
151
160
176
165
179
167
170
152
168
158
198
150
145
153
158
145
148
131
135
149
150
133
142
149
150
143
141
134
168
125
135
138
134
139
134
111
126
101
109
124
108
110
134
118
103
100
105
110
121
114
91
111
109
103
70
108
100
85
88
84
102
92
95
99
112
90
89
84
83
103
75
83
80
80
88
70
90
79
71
85
79
80
73
61
83
63
91
67
75
86
66
60
71
71
73
60
62
68
62
62
68
49
69
54
55
74
74
46
46
53
47
56
56
59
96
73
53
53
58
43
43
43
44
44
30
53
44
48
48
46
51
43
52
39
53
47
39
30
48
37
47
44
46
41
28
39
40
42
25
42
31
34
40
35
37
36
46
27
37
36
30
34
33
18
26
33
28
31
62
46
22
31
43
39
28
24
32
24
24
27
31
29
18
35
39
23
27
17
23
32
20
21
28
23
26
20
28
23
34
33
29
29
20
24
26
26
20
21
27
33
29
23
24
21
22
25
18
19
21
26
16
32
63
35
14
18
18
26
27
21
13
22
17
22
24
17
16
24
19
18
17
14
15
15
13
19
10
23
28
20
16
29
15
18
17
12
16
16
18
16
23
16
24
16
14
17
15
11
28
19
23
22
15
14
18
18
20
23
25
13
20
14
13
15
15
11
21
23
17
21
13
18
15
16
19
6
13
11
13
14
11
9
21
6
18
18
18
6
17
13
23
18
13
12
9
10
12
11
9
17
18
17
18
14
19
12
14
11
12
10
11
18
3
13
13
16
9
12
8
15
17
13
10
8
9
6
17
13
12
17
12
11
14
13
5
18
9
14
12
5
7
9
8
10
14
11
8
5
8
13
13
13
11
24
15
15
10
8
11
7
7
7
8
2
10
6
9
11
6
8
14
3
8
9
8
7
7
9
16
10
12
5
7
8
6
7
4
10
12
6
17
7
9
5
6
7
5
13
9
5
7
12
9
7
12
12
8
10
11
5
14
8
9
8
5
8
10
10
8
13
13
25
13
7
9
5
9
9
5
9
4
8
6
9
6
6
8
7
3
12
3
5
7
13
9
11
39
25
10
5
8
3
7
3
6
4
12
9
6
8
4
4
3
6
13
8
5
4
2
8
12
8
4
11
9
12
1
4
11
11
5
13
5
8
8
9
9
8
8
5
4
7
12
7
6
16
20
12
11
9
5
8
9
6
5
4
5
8
15
10
6
5
4
7
9
4
6
5
7
7
5
11
4
5
6
6
7
13
6
2
6
8
3
4
3
8
5
4
5
4
5
9
4
8
6
9
3
6
3
10
4
5
3
4
6
3
9
5
6
6
8
5
5
2
3
4
6
6
3
5
4
5
9
4
5
9
5
6
4
4
9
3
5
5
4
2
1
4
3
4
3
5
3
1
8
2
2
10
7
9
5
6
6
7
6
5
6
5
8
3
3
4
1
8
4
6
8
7
8
7
5
7
8
5
5
6
2
5
3
4
3
2
8
4
2
8
4
2
9
5
3
7
8
2
5
4
5
4
4
3
3
5
9
2
3
7
3
4
2
7
1
2
3
4
7
2
5
5
5
4
3
2
2
2
5
4
6
3
7
6
10
2
3
1
6
4
4
6
2
1
5
10
2
3
6
6
4
7
3
3
4
2
4
2
4
2
6
8
5
2
5
0
3
1
5
7
3
3
6
5
8
3
4
5
5
5
3
6
5
6
5
4
9
5
25
8
5
2
3
7
5
9
7
2
8
4
1
8
4
3
4
3
5
5
2
3
8
4
1
4
7
3
5
3
1
4
1
4
3
4
2
2
8
3
3
6
8
1
3
5
8
4
2
5
5
6
5
8
5
6
8
4
2
3
2
7
2
3
2
4
5
3
5
4
3
5
3
1
6
3
2
5
5
6
5
7
3
4
3
3
4
4
3
4
2
3
3
4
4
4
3
3
2
7
3
4
5
3
3
3
4
3
1
2
2
2
0
6
6
0
4
4
3
3
4
4
2
9
6
1
4
5
8
3
3
2
4
3
6
5
5
4
2
3
6
5
2
2
1176
777
