radiacao de fundo
0
0
0
0
0
0
0
0
0
1
0
1
0
1
85
2462
205
107
112
113
135
117
103
70
67
82
86
93
81
86
83
85
65
98
75
81
126
83
72
85
69
87
85
80
76
65
86
78
73
76
65
75
94
96
81
94
94
97
84
106
107
114
113
134
131
136
134
131
123
128
120
140
158
141
129
127
153
127
154
152
142
152
158
160
151
159
166
153
181
161
176
167
150
149
178
188
170
178
183
155
172
159
171
200
174
178
189
180
165
160
158
196
201
161
171
169
190
170
164
195
179
159
149
168
180
190
169
179
211
145
161
174
166
161
178
153
143
146
175
134
167
144
146
132
152
156
148
170
132
127
148
129
141
152
128
130
140
136
106
120
110
131
136
135
118
99
114
100
112
113
121
103
102
89
118
110
110
95
115
110
91
93
87
89
102
111
112
91
99
88
92
89
90
92
85
71
108
89
81
76
84
78
59
75
84
82
77
71
74
66
80
67
55
61
66
72
64
84
68
67
57
73
48
64
67
55
61
62
61
54
41
49
62
56
55
70
57
44
86
66
61
61
62
51
44
41
54
34
37
43
48
45
54
39
50
43
45
49
37
41
41
30
49
38
54
43
29
45
48
41
37
31
33
26
37
41
42
35
34
37
24
37
36
34
33
44
30
29
33
28
48
37
41
36
34
33
34
28
23
27
28
23
25
24
19
40
25
20
34
26
23
35
24
27
24
22
20
22
36
26
21
22
32
23
33
21
24
19
20
22
29
18
22
27
34
19
25
27
35
21
17
30
21
23
9
39
51
13
11
32
19
19
24
29
21
22
27
20
30
14
22
15
26
24
21
22
16
21
17
23
17
19
27
17
19
12
15
20
11
21
22
13
25
12
21
17
15
14
12
19
15
16
21
24
9
16
17
14
9
19
16
14
13
16
12
19
13
13
15
17
9
14
18
14
19
16
13
22
11
15
10
7
14
15
12
9
17
16
9
12
18
10
12
15
13
10
15
16
14
16
10
12
19
17
13
9
14
9
11
9
10
19
15
12
12
10
15
8
15
16
10
16
7
8
9
6
11
13
11
6
12
13
10
6
7
11
9
11
9
14
4
14
18
10
15
8
6
14
12
11
13
12
12
9
11
14
22
20
23
16
11
6
11
11
8
6
8
10
12
5
12
9
7
3
5
9
5
8
10
7
5
11
8
9
11
7
4
6
11
9
6
9
3
5
14
9
6
15
5
5
14
11
11
7
11
3
8
10
9
7
12
8
13
11
11
10
14
11
9
10
7
7
10
10
8
24
19
8
4
8
9
5
11
6
4
13
10
10
7
10
10
8
13
4
5
9
8
5
13
18
36
19
7
7
6
4
3
4
10
5
6
8
10
10
4
3
5
8
8
3
4
2
5
7
8
3
6
3
5
6
7
10
5
8
9
5
10
6
3
11
9
11
4
6
5
6
9
6
10
18
26
10
14
3
5
5
7
8
7
6
7
8
6
5
7
7
5
7
4
8
5
8
6
7
7
4
8
5
4
3
8
8
10
12
8
8
6
6
9
8
6
6
6
7
5
8
9
6
9
9
6
8
6
4
2
6
6
4
5
6
8
6
6
7
9
8
8
4
7
4
3
7
6
6
6
6
7
6
4
3
4
5
6
6
4
4
4
5
11
6
5
11
7
4
9
8
2
7
5
2
4
3
9
5
3
8
4
7
5
6
4
4
8
7
3
2
5
7
5
8
7
5
5
4
6
5
5
4
4
4
4
1
2
3
5
0
6
8
6
3
4
6
3
7
7
5
6
4
3
2
9
6
4
6
7
5
7
6
3
6
5
9
2
1
2
5
8
4
4
1
11
3
3
2
5
6
5
4
1
2
6
4
6
6
5
2
7
3
8
5
6
11
2
3
7
7
1
1
4
6
5
3
6
7
3
5
6
1
5
5
4
1
2
4
1
4
4
6
3
5
5
5
4
3
4
2
6
6
7
7
12
2
3
7
4
4
6
7
7
6
3
5
3
3
8
4
5
4
1
4
4
5
6
2
6
4
5
4
3
3
3
9
7
9
2
4
3
8
7
6
4
3
3
4
9
4
3
5
2
7
5
4
5
1
2
3
7
6
6
5
2
4
10
10
5
4
3
4
4
5
2
5
2
5
2
4
6
9
1
3
4
6
3
3
4
10
8
3
5
4
2
2
2
3
4
2
4
5
6
1
2
3
4
6
4
2
5
3
3
1
0
2
2
2
3
6
2
7
1
1
1
5
3
2
7
3
7
5
4
5
6
6
3
3
4
2
5
5
7
5
2
2
6
3
3
1
6
3
5
7
2
6
0
2022
