radiacao de fundo
0
0
0
0
0
0
0
0
0
0
0
0
0
1
27
239
100
60
94
89
112
104
106
88
79
74
80
80
109
76
76
79
82
87
59
68
72
68
70
65
84
62
85
75
58
54
85
66
65
75
73
86
71
77
77
78
89
85
102
85
86
91
101
104
127
112
108
117
116
135
112
140
123
138
140
135
146
157
137
127
149
155
145
164
148
175
158
140
140
167
145
135
134
131
164
184
176
181
161
147
190
144
163
207
168
159
175
165
160
189
177
162
159
155
166
186
160
165
135
174
159
167
164
166
164
164
153
160
185
174
159
153
148
154
182
144
137
156
184
152
161
139
132
146
132
139
136
130
133
112
142
122
135
133
99
124
132
129
121
123
145
146
104
97
120
114
116
110
105
106
98
84
107
117
96
119
93
99
79
97
110
81
81
105
82
84
96
89
98
101
74
96
92
78
82
70
71
80
77
64
58
82
77
64
78
76
68
64
60
76
85
67
62
69
64
73
58
49
80
60
46
58
59
65
61
52
61
58
46
40
59
66
71
67
55
52
55
52
98
64
60
55
59
47
47
38
57
36
52
38
47
53
44
38
47
45
34
32
36
44
39
53
36
49
42
31
37
44
38
44
45
32
48
34
40
52
46
39
37
30
40
39
35
24
25
25
29
28
27
34
38
25
65
38
22
27
37
32
26
28
26
31
21
31
23
29
28
23
32
28
24
24
28
32
31
26
27
31
38
19
26
26
23
22
16
19
22
22
11
25
28
19
16
33
26
19
27
31
17
20
9
19
14
21
17
44
48
24
18
16
14
24
21
21
15
18
20
19
18
20
12
20
18
15
17
12
15
14
23
21
22
9
19
20
14
19
22
11
17
17
16
9
18
13
18
15
12
20
16
20
14
17
25
18
9
21
20
20
13
10
17
16
6
19
13
13
23
12
11
12
17
14
11
12
12
14
8
12
15
13
17
18
14
15
18
19
13
17
17
19
15
12
16
17
14
9
10
14
14
16
15
12
13
11
7
8
19
10
24
15
7
18
10
20
13
11
14
7
14
6
15
13
11
10
14
6
13
9
18
11
16
13
7
11
16
11
7
6
10
7
10
9
8
8
13
6
20
10
10
14
8
4
3
6
16
14
13
23
18
15
6
6
6
6
14
12
8
6
17
5
4
9
18
6
8
8
10
17
11
10
15
9
9
10
6
6
14
10
9
5
11
12
5
12
14
4
11
8
5
9
11
8
9
8
3
5
11
8
10
12
7
12
8
13
7
13
9
11
4
6
7
10
6
3
8
18
19
6
9
3
3
2
7
12
13
8
9
7
3
8
6
6
7
9
8
4
11
10
9
15
45
21
12
2
9
3
13
7
8
7
8
10
5
11
6
13
10
8
5
5
5
7
3
11
7
7
2
8
8
5
11
5
5
10
9
5
4
4
10
2
7
7
10
7
4
4
8
14
11
17
21
14
8
9
7
7
4
3
6
9
5
5
11
4
6
7
9
7
7
5
7
1
4
6
8
11
4
5
6
3
5
6
5
7
7
8
7
3
8
4
8
5
5
2
5
6
5
6
6
6
9
7
8
5
7
4
5
6
7
3
7
6
11
6
6
8
4
9
5
6
0
7
1
3
9
6
6
6
6
3
4
3
1
3
3
8
5
8
4
7
7
4
1
1
7
3
5
2
4
3
7
9
6
0
5
5
9
4
6
4
6
8
5
5
6
4
4
4
6
7
5
6
5
4
4
2
5
5
7
11
5
5
3
4
6
5
6
4
5
2
10
2
5
2
2
2
5
5
2
4
2
6
7
5
2
6
6
6
3
4
5
6
4
4
5
7
6
5
8
5
7
3
5
1
6
4
6
7
3
5
4
3
6
2
1
7
5
3
5
6
8
2
6
5
1
1
2
5
4
5
5
5
2
1
6
5
6
4
0
6
8
3
0
1
2
2
2
4
4
5
1
4
5
3
4
4
2
1
4
4
6
4
4
4
6
6
10
11
6
9
5
5
1
4
1
4
1
6
5
4
6
2
1
4
4
4
5
2
4
7
4
4
4
4
4
2
4
4
7
7
0
4
1
9
5
3
7
5
3
3
5
2
2
8
5
5
4
7
5
6
7
12
15
8
5
4
7
5
4
6
1
3
2
2
3
3
8
6
5
2
1
3
3
2
4
3
3
6
1
3
3
9
5
4
5
4
6
3
4
2
2
1
4
5
1
6
3
3
2
9
3
2
0
8
4
5
2
3
6
2
7
5
2
5
4
6
1
4
5
1
3
4
1
2
3
3
2
4
2
2
8
4
5
2
1
6
6
2
3
5
4
1
387
1534
