radiacao de fundo
0
0
0
0
0
0
0
0
0
0
0
0
1
0
31
259
137
111
158
114
110
124
88
83
83
63
83
82
89
89
92
85
90
97
76
79
82
78
87
84
93
86
91
102
86
62
83
86
82
70
96
77
74
70
90
101
82
112
92
84
106
116
120
113
113
118
132
126
117
123
136
140
135
137
145
130
141
150
140
136
174
155
151
193
167
168
178
176
181
162
154
185
181
151
160
189
153
180
181
176
173
197
175
167
175
173
180
181
185
168
198
188
169
183
187
188
198
200
146
180
137
163
165
196
166
174
171
174
160
178
159
174
180
169
197
161
167
168
153
154
159
169
162
154
175
151
140
126
156
157
163
136
145
139
140
136
144
137
129
124
126
102
114
104
134
114
120
130
144
114
123
110
112
123
106
115
106
113
91
100
110
100
92
112
100
89
109
90
103
97
96
67
86
84
80
93
76
78
83
82
106
82
60
91
81
84
89
66
70
71
72
69
83
72
60
52
66
68
80
80
67
68
53
68
63
69
71
65
67
75
64
60
57
57
60
62
53
82
107
60
64
75
46
62
45
55
48
45
36
52
54
47
47
54
49
62
45
44
38
54
54
38
39
40
39
46
46
52
45
45
34
53
47
36
47
38
41
41
42
35
33
38
39
34
47
28
34
34
37
42
39
41
60
37
42
23
44
39
31
36
29
32
27
28
32
39
27
22
29
20
30
24
27
25
26
30
24
27
21
30
24
23
32
21
29
22
32
31
35
32
26
26
26
32
24
28
27
22
17
20
30
23
19
25
28
42
59
24
31
16
18
19
25
19
19
18
19
24
26
23
27
22
20
18
25
15
10
12
25
16
24
24
18
17
15
11
22
11
17
14
14
23
24
13
24
20
21
16
18
20
20
13
15
12
11
20
16
12
23
18
16
15
14
13
8
14
18
13
11
10
13
19
9
16
20
16
12
7
13
22
15
12
10
18
13
10
15
12
16
14
12
15
24
12
17
13
12
16
7
10
12
6
13
13
10
14
12
13
18
13
17
7
10
16
13
12
12
11
11
14
11
6
15
13
6
15
17
14
18
14
14
14
16
14
17
16
11
9
10
5
5
8
9
6
11
14
11
10
11
10
9
11
12
14
13
26
21
31
18
14
19
8
14
4
12
12
9
8
8
6
14
13
17
8
12
10
10
11
12
7
8
8
10
7
15
8
12
13
11
10
13
8
12
7
9
10
10
6
4
8
3
6
7
8
10
15
7
11
9
12
8
13
8
8
11
9
12
10
3
9
12
6
10
8
14
30
11
9
11
10
13
11
10
2
5
8
7
7
12
4
6
12
10
8
6
10
10
6
6
21
45
20
11
2
9
10
5
7
5
15
11
12
6
11
4
9
7
6
12
8
10
7
9
10
7
11
5
9
7
1
9
7
6
7
13
4
6
5
8
10
4
6
3
1
8
7
7
8
16
10
16
12
6
11
6
6
15
1
4
5
8
5
11
5
5
7
4
13
6
8
12
4
5
8
8
9
9
9
4
5
3
7
3
6
6
6
6
7
5
4
5
6
8
8
4
3
3
5
4
11
4
5
7
9
12
2
11
8
7
4
12
7
9
7
4
6
4
2
7
11
4
7
5
7
5
9
8
4
5
3
9
7
1
8
4
7
2
7
4
8
5
6
4
6
3
13
3
3
3
9
4
10
2
5
7
10
5
2
3
2
6
8
7
2
7
6
3
5
3
5
4
5
5
5
5
6
9
3
5
3
5
6
6
5
6
2
7
9
7
12
3
4
7
6
5
4
7
3
12
5
7
12
7
9
4
3
2
5
4
6
1
9
4
5
8
4
5
6
7
7
7
3
4
3
5
5
5
7
4
4
3
2
6
6
6
6
3
2
7
5
3
2
6
2
7
8
1
4
3
1
4
2
2
7
3
4
5
7
2
6
4
3
2
3
4
1
2
3
4
5
6
5
4
2
4
7
3
4
4
7
6
6
8
9
7
8
22
11
3
5
6
8
4
1
1
3
9
4
6
4
5
1
5
3
6
6
5
5
7
4
4
3
5
6
0
1
6
5
2
3
3
4
3
6
2
10
3
0
2
8
2
8
4
3
2
5
5
1
5
8
10
6
7
11
4
2
3
5
0
7
2
5
2
8
2
2
3
2
8
6
6
3
5
5
4
0
2
5
5
6
6
2
3
5
1
7
4
3
7
4
4
3
4
4
3
5
4
6
4
4
1
4
3
7
5
1
2
5
6
3
3
2
1
5
5
6
1
5
5
3
2
2
2
8
6
4
2
4
2
5
4
4
1
6
1
4
4
4
2
5
4
4
2
2072
