radiacao de fundo
0
0
0
0
0
0
0
0
0
0
0
0
0
1
13
189
156
117
104
142
124
116
93
96
81
90
62
72
95
86
85
82
88
87
67
86
65
81
94
90
86
83
101
91
93
83
75
85
96
74
87
96
78
98
85
100
98
98
99
110
100
112
117
104
118
124
115
131
119
136
120
137
124
136
183
130
168
148
143
152
160
182
155
152
152
165
173
180
168
178
164
181
178
187
175
227
178
163
202
184
187
193
188
184
172
169
200
167
211
183
169
185
203
187
192
196
196
188
168
172
173
173
172
204
175
181
187
200
176
176
183
146
177
172
162
198
175
156
169
170
161
157
148
152
151
160
156
150
162
142
165
145
131
125
121
158
120
155
126
118
143
128
129
116
120
133
154
118
124
132
124
110
123
123
103
120
105
111
120
97
98
95
96
97
109
98
98
94
111
118
79
84
76
83
95
82
79
77
89
94
100
86
87
92
81
72
93
79
86
69
61
73
62
80
72
64
79
64
64
56
70
57
71
64
53
62
67
62
59
53
65
70
56
67
62
67
56
51
85
88
47
55
59
57
57
51
52
39
44
52
61
37
49
43
46
53
43
54
40
41
37
45
39
37
39
50
43
38
59
39
43
39
43
29
42
38
42
39
42
45
61
34
42
40
47
46
33
24
39
34
41
35
62
41
38
38
35
41
36
45
37
34
31
30
37
31
34
27
26
39
28
32
29
30
26
20
24
28
36
39
31
24
22
31
30
34
21
31
31
30
25
27
18
29
27
21
26
29
30
21
19
37
24
28
17
41
50
30
24
25
24
23
25
24
16
19
18
19
18
31
16
21
21
18
13
20
20
17
21
28
9
18
26
24
16
21
13
13
26
25
21
27
12
15
16
24
18
14
16
21
22
23
17
20
19
24
21
15
26
16
18
20
6
16
13
13
17
19
19
12
19
9
18
12
12
20
13
22
22
18
10
23
21
6
13
17
16
16
25
17
17
17
15
12
10
13
12
11
14
14
10
15
13
12
18
19
12
8
18
18
10
13
17
11
18
20
9
7
7
13
16
12
14
18
12
11
9
13
12
13
10
11
14
9
7
17
11
15
10
8
13
8
13
6
16
13
12
8
12
10
6
12
20
11
13
18
25
29
17
19
10
8
10
11
7
9
9
10
16
14
10
13
11
14
13
11
10
9
6
6
11
8
7
11
14
8
7
7
7
7
10
7
10
15
9
11
11
12
10
16
10
9
4
6
7
8
13
12
9
12
5
17
7
6
15
5
9
8
10
7
5
8
12
15
12
25
20
12
10
12
4
5
7
9
5
6
13
9
14
7
9
8
12
4
14
9
5
4
13
22
41
20
10
9
6
6
11
8
3
6
6
4
6
8
11
7
5
10
9
6
8
4
14
12
7
10
10
9
7
10
6
2
4
5
4
7
4
3
6
5
10
6
8
5
11
6
8
6
12
19
25
15
9
11
7
12
7
8
7
4
7
6
8
7
9
8
8
7
3
8
7
5
11
8
6
7
8
9
9
6
7
3
5
3
8
5
4
7
4
6
7
5
10
4
1
6
9
9
1
8
9
5
3
4
10
4
5
11
4
7
3
4
13
7
8
11
5
7
8
3
8
4
6
6
10
7
3
3
5
5
5
4
9
3
5
6
5
2
9
9
4
3
11
5
7
4
5
4
8
5
9
6
5
8
4
9
5
8
5
5
5
3
3
7
5
2
7
4
5
4
5
8
6
8
5
3
7
8
7
4
3
5
1
9
4
5
3
5
7
7
7
5
2
3
2
7
4
6
3
5
6
1
8
8
7
3
6
2
2
5
6
3
5
9
4
5
4
3
7
4
4
6
1
0
6
7
8
7
4
0
5
3
8
3
5
11
4
2
10
5
4
6
3
4
9
7
2
4
5
6
3
7
3
2
7
5
2
5
3
6
9
3
1
4
6
6
1
2
3
5
9
2
4
5
4
6
2
2
1
6
4
1
5
8
3
7
9
20
12
4
3
7
3
3
2
5
4
4
4
2
2
10
4
4
2
4
4
4
6
3
3
4
3
0
4
4
3
6
7
3
5
3
2
7
3
6
2
3
1
8
4
3
5
5
0
6
3
6
8
7
5
11
13
5
6
3
4
7
5
3
0
6
3
6
3
4
2
4
8
4
5
2
8
4
4
4
3
2
1
8
1
2
8
4
2
2
7
2
2
1
1
6
2
3
5
4
2
4
7
6
3
3
1
4
4
6
1
5
5
5
5
3
3
6
3
6
7
3
3
6
4
4
0
5
1
1
2
5
7
5
2
7
3
6
1
4
6
4
6
2
3
3
2094
0
