radiacao de fundo
0
0
0
0
0
0
0
0
0
0
0
0
0
0
27
199
148
110
103
106
146
138
95
89
100
95
95
92
88
100
113
84
90
78
92
69
75
83
93
83
69
84
88
90
82
75
88
83
73
92
85
83
78
79
87
89
96
124
98
101
120
88
98
108
119
129
139
138
133
146
135
158
161
133
145
151
143
149
148
159
150
159
140
168
163
187
188
172
155
180
184
161
176
173
197
175
161
161
169
197
199
169
185
193
191
184
186
200
195
175
197
183
184
200
190
186
174
161
178
205
189
166
162
186
197
168
188
180
198
167
165
143
179
166
151
162
169
179
138
159
151
153
166
147
161
162
130
143
125
141
116
147
135
161
141
140
153
126
150
134
119
132
118
128
114
110
130
130
113
118
116
112
107
104
127
105
113
109
95
88
92
92
104
84
103
91
115
93
97
102
97
85
78
89
86
94
95
89
79
90
94
103
75
77
86
88
87
71
86
93
71
79
82
72
68
72
93
72
79
68
72
76
85
69
79
70
63
68
57
73
72
64
51
65
55
58
46
60
104
65
64
59
63
44
49
47
47
49
45
48
59
49
58
41
38
54
54
53
39
40
37
42
27
42
44
34
35
41
40
44
46
33
47
35
34
41
50
37
45
32
38
34
45
45
26
34
25
39
41
50
39
39
53
32
40
28
27
20
38
37
38
29
26
34
34
46
28
27
24
35
34
32
21
24
22
24
27
25
24
33
18
34
30
38
28
29
22
28
30
31
24
25
36
32
22
25
27
21
22
25
28
22
22
24
26
54
33
24
29
19
17
20
27
26
20
22
17
18
21
28
14
17
31
18
20
25
24
18
12
16
25
22
18
25
11
18
14
16
20
16
10
15
22
19
24
20
18
20
15
11
13
21
21
15
23
22
16
23
22
13
18
12
16
18
23
7
16
15
18
10
15
13
12
12
18
7
14
12
13
14
19
14
16
17
12
22
14
17
18
12
10
10
11
11
14
18
12
12
17
17
11
8
19
10
17
17
16
9
12
11
11
12
11
15
9
12
11
10
9
15
7
11
10
15
6
6
15
11
9
12
5
10
9
6
14
13
8
6
8
6
13
10
15
8
18
11
15
10
12
12
15
9
13
7
14
18
28
20
17
8
7
7
11
8
9
14
8
10
9
8
12
12
8
12
6
13
12
7
4
4
8
9
22
12
13
11
12
12
16
5
13
8
7
13
10
13
9
6
6
12
6
8
8
15
6
11
7
10
5
12
7
6
8
8
9
12
10
13
8
15
6
6
10
9
13
23
27
7
12
10
18
7
9
9
11
8
4
10
13
10
8
7
5
9
6
11
14
13
7
32
31
24
7
10
11
9
8
6
12
6
10
11
9
5
8
7
6
14
11
4
4
14
10
6
6
3
7
6
9
7
8
4
3
14
8
8
6
5
6
6
4
8
7
10
7
6
8
5
15
19
22
12
7
6
7
3
8
10
12
6
6
5
6
6
2
5
11
4
3
9
11
9
8
7
10
11
5
7
9
12
5
7
10
11
6
4
6
8
14
4
8
5
10
9
5
1
6
3
6
7
9
9
6
6
4
5
6
6
8
6
6
7
6
2
5
5
6
7
4
9
7
5
0
3
7
8
5
5
8
8
4
6
8
2
8
4
5
6
6
5
4
3
9
2
12
8
4
8
9
6
6
8
8
5
8
2
7
7
4
5
7
8
8
2
4
7
5
7
8
7
0
6
7
3
3
3
6
9
4
3
3
4
9
4
7
10
6
6
7
4
3
6
6
6
5
0
4
5
2
2
5
7
2
5
7
5
6
2
3
4
6
6
5
5
4
4
4
7
4
8
13
6
5
5
7
4
4
7
2
4
2
1
3
3
4
1
1
3
9
2
3
5
5
2
6
1
4
2
6
6
2
6
8
6
4
7
5
2
3
4
6
8
6
4
6
7
3
7
5
5
4
4
5
2
4
3
6
3
4
2
4
3
6
3
9
4
12
4
5
4
2
8
5
8
3
4
6
6
5
5
1
5
5
0
1
3
6
5
11
5
3
9
1
3
5
5
5
4
5
5
5
4
7
2
2
7
3
4
0
3
3
1
4
6
5
6
4
4
9
3
2
12
3
4
5
1
3
5
1
5
6
3
4
5
5
6
4
1
4
3
1
2
11
2
4
5
3
3
4
3
5
5
6
3
1
3
2
9
3
6
7
1
5
6
7
5
4
2
4
1
2
2
2
6
6
7
5
6
3
4
2
5
2
6
3
3
3
9
3
3
1
6
6
3
6
6
3
5
5
4
8
2
5
3
3
7
6
6
3
4
6
5
1
2207
