radiacao de fundo
0
0
0
0
0
0
0
0
0
0
0
0
0
0
14
187
141
83
106
122
141
123
93
97
83
83
103
92
94
100
97
91
84
80
92
79
105
69
95
82
76
86
82
73
77
59
90
73
74
73
104
95
85
83
93
95
96
95
113
105
102
114
113
131
121
113
125
126
137
138
141
143
148
187
155
137
144
150
173
145
170
192
201
157
173
171
172
168
161
196
208
176
174
173
199
206
210
196
203
200
189
193
193
211
178
178
200
201
201
191
165
180
178
204
202
187
208
183
187
190
188
191
197
186
182
182
176
178
201
173
179
168
159
160
177
171
182
157
185
164
147
158
160
168
178
156
145
171
144
136
165
163
164
149
121
144
148
127
140
113
137
139
120
120
149
147
119
112
116
124
112
120
126
104
128
108
91
103
104
103
106
109
94
104
96
96
113
120
113
98
94
107
94
95
97
108
75
69
91
89
83
94
85
70
108
75
73
79
97
68
88
76
80
89
74
75
71
74
82
83
87
68
79
60
63
71
56
65
63
62
68
75
72
78
67
53
69
51
130
57
63
74
57
53
57
55
63
61
46
61
51
38
52
41
54
44
47
46
63
50
40
43
41
41
38
48
40
33
46
41
36
34
36
39
37
42
44
25
49
33
43
34
33
44
41
50
43
29
46
37
35
46
58
37
30
30
40
35
36
31
37
30
35
33
27
21
30
22
36
35
32
33
42
27
31
21
25
32
41
29
31
23
35
34
33
28
30
27
24
24
25
31
19
45
20
35
23
26
27
22
33
38
20
21
31
56
59
26
23
25
25
28
22
23
22
17
23
22
22
18
16
33
29
28
23
21
18
22
18
28
27
19
25
27
17
25
18
21
18
19
19
17
17
28
14
14
24
20
17
15
25
23
22
19
15
14
23
25
22
19
28
18
8
14
24
15
22
16
19
15
17
13
18
11
19
13
14
18
18
16
13
21
8
18
13
17
18
12
16
20
16
23
14
13
23
13
18
17
13
8
12
14
17
24
17
15
11
9
12
12
21
20
13
13
12
11
12
16
5
14
13
3
11
14
16
19
11
10
12
18
14
15
7
10
10
15
11
9
16
18
7
13
13
5
15
10
13
8
12
10
10
19
11
16
13
19
31
16
18
10
10
12
21
10
7
9
16
11
12
11
7
12
6
12
6
9
10
12
15
16
10
4
5
11
13
9
11
9
19
7
11
8
12
9
2
7
10
10
19
7
4
9
9
15
10
11
12
10
12
10
7
14
6
7
5
6
12
10
11
7
8
10
8
12
16
32
12
11
11
8
4
8
8
8
13
15
12
5
10
6
9
10
6
9
9
14
8
13
17
24
43
12
8
6
4
11
8
6
6
9
11
9
6
4
4
6
7
7
4
7
13
11
5
4
7
6
12
11
4
6
9
3
11
6
6
6
4
5
8
8
8
8
6
10
6
4
3
7
14
30
23
10
11
7
8
3
7
9
8
4
11
3
6
10
6
2
5
6
3
8
7
4
4
7
5
2
8
8
9
7
5
2
4
9
8
2
7
6
5
9
8
6
12
12
7
9
9
6
5
10
7
5
5
5
6
5
9
3
4
7
6
13
11
7
3
9
2
11
12
4
4
8
4
9
4
7
6
4
8
4
6
3
9
4
5
3
5
10
9
7
4
6
5
3
8
8
10
6
8
6
7
8
5
7
0
5
3
9
5
9
7
6
3
5
4
6
5
7
5
7
4
10
4
4
3
11
6
11
6
7
5
3
2
6
3
5
5
2
6
5
9
3
6
7
9
5
2
5
4
4
3
3
4
4
2
2
8
6
7
6
4
6
4
1
3
6
3
5
6
6
11
8
5
3
7
7
7
10
6
4
6
4
2
6
3
5
3
5
8
4
11
4
5
5
5
3
2
4
6
6
9
3
3
6
5
2
5
8
3
4
7
7
2
8
5
3
2
4
4
5
7
7
10
1
3
3
2
7
4
4
7
2
3
8
3
6
14
15
10
7
3
5
9
3
10
4
5
5
3
5
4
4
3
4
2
5
4
3
6
2
6
2
9
3
4
9
1
4
4
3
4
6
4
1
4
2
4
3
2
5
2
5
4
2
5
6
5
6
4
4
6
8
13
7
6
2
6
2
4
2
3
4
5
3
1
6
3
3
3
7
5
7
8
1
4
3
4
4
6
1
5
9
3
5
1
2
4
3
4
0
3
6
5
6
2
2
2
4
5
5
4
6
5
8
5
4
3
5
3
4
7
1
2
1
4
4
2
4
3
5
3
5
6
2
4
7
5
5
4
5
6
7
4
6
3
2
4
2
2
2
4
1
4
2145
