radiacao de fundo
0
0
0
0
0
0
0
0
0
0
0
0
0
0
11
199
168
132
136
126
138
119
101
96
90
82
93
97
95
98
97
99
70
78
66
84
82
79
71
78
93
85
94
90
78
71
76
67
74
79
78
99
85
87
82
102
99
86
107
122
97
87
131
108
136
108
129
110
123
137
147
145
133
140
139
130
166
138
177
150
179
179
162
172
193
193
165
178
201
163
181
182
177
202
210
215
203
187
175
170
198
161
179
226
176
185
179
216
186
194
199
221
195
215
196
178
206
173
172
187
180
158
168
207
195
164
165
190
188
182
172
176
203
156
180
176
161
180
146
174
149
154
139
166
151
167
134
152
163
146
169
169
123
161
158
150
143
144
135
147
135
143
147
125
129
137
137
132
113
116
120
111
120
118
107
128
101
114
128
106
115
99
115
103
86
101
115
110
117
89
91
80
94
90
85
99
86
86
80
99
80
87
88
78
78
82
77
83
85
78
90
81
67
80
81
84
84
71
75
72
65
64
83
76
52
62
65
71
77
52
75
73
63
72
61
64
52
63
101
77
56
64
70
61
65
38
50
43
52
40
50
41
52
48
41
53
49
52
40
43
48
43
36
41
49
39
47
56
51
62
45
42
43
43
38
49
48
47
43
24
35
35
38
42
38
36
31
35
28
39
31
32
68
43
25
47
44
31
32
23
36
30
33
21
31
34
34
31
22
35
33
30
33
34
38
26
41
28
26
19
26
23
26
27
28
28
23
19
31
16
36
29
29
29
26
30
26
23
22
28
23
30
23
27
33
48
77
32
12
20
31
21
25
22
21
16
24
21
11
19
23
19
25
16
23
20
19
18
18
24
12
20
27
22
17
15
25
15
23
20
17
17
17
20
20
17
23
13
18
19
20
13
14
20
20
19
16
20
19
15
22
12
22
21
15
13
18
16
21
12
9
18
21
15
15
17
19
15
17
14
14
19
12
17
14
12
21
18
11
28
17
13
11
13
15
5
12
12
19
17
14
17
13
14
9
14
14
6
16
15
10
10
12
10
16
12
13
15
13
16
13
13
14
14
18
10
18
8
4
17
12
12
18
20
15
8
12
17
12
16
12
14
8
13
8
10
11
10
7
9
8
10
11
7
12
23
27
22
18
14
10
7
21
10
13
9
12
15
11
9
9
12
8
12
7
6
7
11
7
10
8
9
9
8
9
3
8
11
8
13
12
11
11
12
11
7
17
10
9
11
10
4
9
14
10
16
5
10
7
17
7
6
7
12
3
6
4
6
12
12
7
8
14
13
13
20
20
12
7
11
6
9
9
9
11
6
13
5
6
9
13
6
8
6
10
8
12
11
13
22
40
26
12
9
5
9
5
7
9
8
6
6
14
3
9
6
6
9
5
4
6
7
7
12
8
10
15
7
8
5
5
6
3
8
12
3
8
9
5
6
6
5
11
5
5
7
7
7
9
18
28
11
14
9
5
6
6
7
5
9
8
3
4
9
11
6
6
7
5
5
2
4
3
3
11
5
5
5
9
4
4
5
7
5
6
4
2
5
11
7
8
9
5
12
8
3
2
5
7
5
5
6
10
5
9
10
4
4
5
8
6
9
12
5
5
12
8
7
1
2
6
10
8
3
7
5
6
8
3
5
6
6
5
4
4
4
2
11
8
4
6
4
7
6
7
2
9
13
10
8
10
9
10
5
8
6
6
4
5
7
2
3
8
3
6
5
4
4
5
3
6
4
6
6
4
2
9
6
4
4
7
3
3
10
1
4
7
3
6
10
4
6
4
8
2
4
1
2
2
7
7
4
5
8
7
6
8
6
4
5
2
7
5
4
6
2
9
9
6
3
10
5
3
4
10
2
11
4
5
4
5
5
2
6
4
3
4
5
5
3
4
6
3
3
7
2
7
3
4
2
6
4
4
1
3
2
6
4
6
6
6
6
7
6
4
6
6
4
6
3
4
3
7
8
6
3
1
5
4
8
3
10
7
10
5
5
8
12
8
3
6
4
3
5
4
8
8
7
4
7
8
4
3
2
8
8
2
1
5
2
2
5
3
4
9
2
4
5
3
3
4
5
9
3
2
5
5
3
6
2
4
6
2
5
6
9
1
4
10
9
9
8
13
4
3
5
5
3
5
3
6
4
7
5
2
5
7
6
5
0
5
10
2
5
5
7
2
3
3
7
4
1
10
2
4
5
6
7
6
0
3
3
2
5
5
4
5
1
4
4
3
1
2
8
1
2
4
3
3
6
5
1
5
5
3
8
3
3
9
6
3
9
5
2
2
2
2
2
4
5
6
3
2
1
7
5
8
4
9
4
4
5
2199
0
