radiacao de fundo
0
0
0
0
0
0
0
0
0
0
0
0
0
0
40
436
228
193
112
126
135
130
111
84
116
77
85
92
99
90
94
94
87
73
78
59
73
82
67
76
87
65
75
74
74
72
76
78
62
93
69
80
90
83
94
77
82
100
93
109
110
105
105
88
111
107
129
115
119
112
128
132
133
125
132
123
142
144
167
134
153
176
174
144
152
192
193
164
163
178
141
174
157
155
186
193
173
167
191
179
171
171
171
201
174
179
171
167
168
164
152
174
156
186
168
159
176
153
151
173
157
176
163
158
156
164
156
139
164
153
178
160
153
138
151
167
149
155
150
128
158
158
173
127
137
153
138
149
145
132
136
124
148
107
125
133
128
135
123
141
112
116
110
124
122
116
102
106
115
100
112
94
85
113
119
95
109
107
106
102
93
104
101
109
94
92
88
93
95
90
92
89
87
93
82
82
82
98
100
73
71
82
73
66
84
71
79
77
65
60
75
65
68
60
56
63
71
79
68
58
80
65
61
55
61
52
58
67
54
63
56
54
54
44
50
53
55
50
103
80
61
59
66
42
55
49
46
43
45
40
47
42
56
47
38
63
47
55
36
41
51
39
53
39
32
54
41
33
42
50
46
41
51
31
27
35
35
30
31
56
33
29
34
27
36
34
32
33
45
32
34
26
44
31
28
38
42
33
22
29
28
27
38
37
25
31
32
25
33
35
28
34
23
28
32
26
28
26
25
35
34
30
28
19
24
30
28
24
26
27
18
16
33
32
27
21
21
25
23
18
20
22
23
17
19
32
61
17
17
14
28
20
16
20
22
25
15
19
20
10
17
17
15
16
15
17
22
15
18
24
16
25
18
30
16
19
16
18
17
14
16
20
13
18
13
16
14
20
13
21
17
21
18
27
17
20
19
7
20
18
22
17
21
14
18
10
13
22
16
16
21
12
13
8
20
16
15
9
14
16
17
16
12
16
17
9
15
13
19
13
8
12
13
11
14
9
13
9
6
13
7
15
5
13
13
11
12
16
6
10
17
16
11
13
6
16
12
12
14
8
13
15
7
13
7
6
10
16
7
9
12
11
10
11
13
10
20
9
15
10
8
7
17
9
6
12
9
10
13
11
7
13
9
14
14
12
18
23
15
14
17
6
13
11
8
10
10
4
8
10
7
10
8
6
9
9
15
7
11
11
6
9
8
7
12
11
8
4
10
15
10
9
9
15
13
7
6
11
8
9
9
6
8
8
12
5
9
14
9
9
10
9
8
8
5
7
7
7
9
10
8
16
11
7
14
20
16
13
14
3
8
8
10
10
8
13
13
8
10
5
7
5
8
11
6
7
9
6
5
14
41
25
7
6
6
4
11
7
5
3
3
3
5
9
13
10
8
7
12
6
7
3
4
12
5
8
3
8
3
3
15
6
9
6
5
6
9
6
1
8
4
5
9
4
8
5
6
13
10
22
20
9
12
8
11
6
6
2
12
3
10
3
10
6
6
10
3
9
9
7
6
7
9
10
9
2
6
3
8
5
11
8
7
7
4
8
7
6
9
11
15
5
4
3
3
7
7
6
1
9
5
6
9
3
5
5
7
5
5
2
2
4
15
6
4
7
2
4
4
9
8
5
3
8
4
9
7
1
2
7
5
5
4
8
3
5
7
5
2
7
5
10
4
6
5
8
6
7
5
8
6
10
6
1
4
7
5
2
10
5
3
7
4
1
6
6
4
5
10
5
6
6
2
6
8
9
5
7
4
5
5
6
7
7
4
4
5
7
4
4
4
7
2
2
3
5
5
6
5
7
5
3
6
4
4
4
3
4
1
4
8
6
4
6
8
3
10
11
2
5
4
1
6
5
2
3
4
4
1
3
3
4
2
1
5
0
3
6
3
7
5
5
3
4
8
3
7
6
2
3
4
2
9
6
8
2
2
2
2
3
4
1
4
4
4
5
2
4
7
7
9
6
5
8
1
6
5
2
4
7
3
2
5
7
4
7
9
18
14
3
10
3
6
1
4
4
5
5
8
7
6
3
4
2
2
0
5
7
5
5
4
8
2
3
5
1
4
0
2
3
2
1
6
5
4
4
4
5
2
1
4
4
5
6
12
6
4
4
7
3
3
4
18
2
8
8
6
0
3
3
2
3
2
3
3
1
3
1
4
3
1
5
4
0
7
4
5
3
5
3
2
2
1
7
8
3
2
6
2
4
8
4
5
4
3
5
4
4
2
5
6
2
3
2
7
8
4
3
3
3
9
2
2
0
2
3
0
7
4
4
6
4
5
3
1
1
6
3
5
4
7
4
6
4
11
6
4
4
3
4
1
3
1105
834
