radiacao de fundo
0
0
0
0
0
0
0
0
0
0
0
0
2
0
12
289
129
93
115
136
143
107
90
75
91
80
79
95
72
100
79
58
72
87
78
85
82
74
72
78
83
82
80
84
84
76
95
71
66
76
79
70
70
108
63
71
94
81
99
108
120
109
103
125
123
103
115
114
122
106
131
129
141
115
159
136
134
140
118
130
142
164
156
168
136
180
153
140
146
179
141
169
146
169
187
184
167
177
190
161
175
164
166
182
177
190
176
166
166
211
162
170
159
153
176
162
200
173
186
173
168
143
193
151
187
162
176
159
177
176
154
174
174
139
135
160
135
155
148
151
148
128
152
144
137
142
141
137
132
145
122
145
126
134
118
128
121
123
114
107
110
116
111
113
126
97
135
131
94
121
106
104
109
102
104
97
108
115
99
124
88
81
93
114
93
100
88
113
102
91
91
85
86
91
78
86
74
65
81
84
77
78
90
72
77
76
74
83
68
63
65
79
70
69
77
73
72
82
67
77
67
64
66
61
63
63
66
63
66
52
49
56
55
58
43
49
54
58
85
62
58
43
57
51
47
54
57
49
65
44
56
51
55
43
46
54
34
53
45
39
49
39
36
36
35
35
41
48
48
46
39
40
39
46
39
44
34
30
38
33
44
40
36
36
27
28
40
35
33
29
24
32
59
25
38
34
30
37
28
20
33
28
35
20
28
27
38
34
33
47
29
24
30
34
23
27
24
19
33
31
34
26
21
30
16
21
26
29
20
25
22
16
22
32
16
21
17
17
23
22
32
37
20
19
23
44
62
30
27
15
22
23
19
19
16
19
16
24
16
17
23
19
16
14
18
15
13
10
18
14
21
18
19
8
19
25
14
21
20
18
30
13
18
22
21
20
14
19
14
20
11
18
25
16
13
20
21
18
22
13
21
18
14
12
26
8
20
15
15
10
24
13
16
12
11
17
17
13
17
18
12
12
10
14
10
15
15
17
16
15
16
14
14
16
16
11
11
11
17
14
6
13
14
15
14
8
16
19
18
10
15
14
13
10
10
12
13
6
16
12
13
11
9
11
15
14
13
15
9
7
8
13
8
12
7
16
15
12
7
17
7
10
20
14
8
12
5
9
12
11
5
14
15
12
15
20
24
35
25
10
18
5
4
12
13
7
10
8
13
11
7
7
9
12
8
9
12
5
8
13
13
8
10
9
15
6
9
10
10
10
9
8
7
8
16
9
9
9
6
5
6
6
10
10
10
7
5
10
4
12
12
8
11
6
7
5
7
10
9
7
13
9
7
8
13
26
18
16
9
8
6
5
9
6
8
7
12
2
14
9
10
12
8
3
5
7
1
4
7
15
38
26
23
6
10
6
7
5
9
5
6
9
9
8
6
9
7
4
9
4
4
3
6
8
6
3
9
5
3
7
7
8
6
4
7
3
5
8
4
7
7
13
8
5
10
5
4
4
9
20
29
14
4
7
5
8
5
11
7
6
6
6
8
4
10
3
8
5
2
7
4
10
6
8
4
3
7
5
11
10
6
8
9
5
5
6
3
3
7
4
10
9
3
7
10
11
9
7
5
0
5
4
6
1
6
2
4
6
6
11
8
7
5
6
3
11
6
7
4
4
5
10
8
6
8
7
5
4
6
7
6
5
2
4
3
6
4
4
4
8
4
3
4
5
7
4
6
5
6
3
6
7
6
7
7
6
4
7
3
5
5
4
6
7
4
3
3
4
7
9
5
9
9
5
2
3
3
10
4
4
5
8
4
6
7
6
5
6
13
3
5
5
4
4
5
5
6
4
3
1
6
6
5
7
8
2
4
11
3
5
4
3
11
7
4
4
4
7
4
4
5
4
2
1
6
6
6
2
5
6
6
9
2
2
4
6
3
7
2
9
8
1
6
6
6
2
5
1
5
3
2
4
3
4
5
2
3
4
3
5
4
3
6
2
6
6
7
6
2
3
4
1
2
2
5
7
0
4
4
1
5
1
6
4
5
5
5
10
10
5
5
2
2
5
3
6
5
7
3
4
5
6
4
6
1
3
6
6
5
6
6
5
6
6
3
2
5
1
2
7
1
8
2
5
5
2
4
2
2
1
7
4
6
4
3
5
3
7
8
5
12
6
7
9
6
1
7
7
6
3
4
8
2
2
8
1
1
8
4
5
4
4
1
4
3
5
3
2
4
2
5
5
2
2
1
4
2
3
1
3
0
3
4
4
5
1
5
2
9
4
3
3
2
5
6
4
2
3
3
3
2
3
8
3
6
3
1
4
4
3
2
7
1
4
5
3
3
6
4
3
2
1
3
0
2
5
3
2
2
5
2
5
2
1982
