radiacao de fundo
0
0
0
0
0
0
0
0
0
0
0
1
0
0
18
315
152
119
113
132
124
138
140
96
90
92
105
110
107
99
110
117
85
91
84
105
101
97
93
109
102
87
93
93
83
83
88
83
103
106
96
84
106
103
112
121
92
117
124
115
131
139
109
125
136
126
143
130
164
147
145
144
185
143
157
192
194
163
182
174
215
200
185
225
185
201
188
190
195
205
208
178
206
191
219
236
219
215
205
202
251
225
217
204
202
209
231
188
235
224
208
218
198
205
190
237
220
196
226
202
194
197
209
206
212
187
188
205
226
190
183
178
176
193
189
168
193
196
193
184
155
182
175
166
184
184
173
154
170
166
177
160
160
129
149
140
146
157
160
157
146
127
145
142
145
127
121
134
128
129
130
124
111
148
142
119
128
121
117
136
142
100
130
120
103
120
110
116
136
102
103
111
101
91
105
108
89
101
102
89
85
111
91
94
102
93
86
83
85
96
99
90
90
72
78
80
84
72
77
82
69
79
73
81
88
69
70
96
78
68
66
67
64
68
72
77
76
65
139
83
71
94
73
42
64
48
46
49
66
56
59
55
54
72
61
50
63
59
51
41
64
47
58
51
45
56
54
42
45
59
55
50
50
49
51
47
53
45
44
46
55
42
48
39
41
43
46
42
37
27
38
49
64
40
48
45
39
52
36
33
31
33
37
31
33
42
48
29
36
27
32
30
25
33
34
33
29
46
38
30
28
31
32
33
22
35
28
46
34
30
31
32
26
49
30
22
25
27
22
25
26
26
21
26
27
57
81
32
20
34
23
35
22
30
26
27
17
19
23
16
29
17
14
16
30
27
16
20
24
30
24
25
17
17
32
19
19
30
17
26
15
24
20
24
13
24
28
18
26
16
26
14
25
23
20
21
12
21
11
11
21
16
26
25
23
17
24
15
22
10
17
22
15
26
17
22
21
14
17
18
13
13
12
23
18
20
23
13
20
18
18
19
13
21
23
12
19
22
16
11
12
13
11
15
11
15
10
10
13
18
10
20
19
21
12
19
11
15
15
14
17
13
17
21
12
17
10
11
16
9
19
15
15
19
14
17
16
10
13
14
12
15
14
15
9
10
16
11
16
17
15
17
15
11
11
14
31
25
14
18
15
13
16
12
8
9
13
10
5
12
7
14
12
10
12
9
17
13
6
22
9
11
12
10
12
5
9
6
6
9
7
10
10
5
7
16
12
10
12
17
12
9
12
10
10
8
3
15
14
12
8
14
11
8
10
14
3
9
13
13
18
7
11
13
18
25
23
9
7
7
6
5
3
8
6
5
5
11
15
10
12
6
10
8
10
5
6
14
13
22
21
18
11
6
7
10
11
11
11
14
7
7
8
7
7
8
13
5
8
5
4
7
7
5
3
12
10
14
9
8
4
7
12
7
12
7
10
7
8
11
7
6
10
11
7
5
11
8
10
15
32
13
9
11
9
12
11
11
8
3
10
5
6
9
12
7
9
6
11
11
2
7
7
6
6
8
4
7
5
7
8
4
6
8
10
7
7
14
6
8
5
4
6
6
6
6
7
6
5
8
4
5
4
5
13
8
6
11
5
7
11
8
12
12
3
5
14
7
2
8
7
5
6
1
3
6
12
10
10
7
11
5
7
6
9
10
3
3
6
9
5
5
6
3
9
8
8
6
5
6
8
12
7
3
8
5
4
10
5
7
6
6
5
9
4
7
8
7
11
5
7
8
8
6
7
6
6
11
6
7
7
3
5
7
4
8
4
6
4
9
3
9
6
6
2
9
7
7
9
3
5
8
6
5
11
8
9
5
3
6
4
4
2
7
8
7
9
11
4
9
8
7
5
5
4
6
10
3
5
6
4
4
4
9
11
4
3
9
7
4
7
8
5
1
9
7
5
3
6
6
9
5
5
0
4
7
13
6
6
4
3
5
5
4
9
3
10
7
5
5
2
3
7
2
9
7
7
6
7
5
4
6
9
7
5
7
16
12
13
8
6
7
2
4
1
6
3
4
3
3
10
5
1
4
6
1
7
11
4
9
4
0
4
2
8
4
8
3
8
7
6
7
5
9
5
7
2
6
4
5
3
9
2
2
6
7
9
7
5
4
5
14
8
5
5
2
4
4
4
3
10
6
6
1
5
3
6
1
9
2
4
3
3
5
5
3
2
5
6
7
6
7
7
6
7
7
2
2
5
8
5
4
4
5
3
3
3
3
1
8
7
6
4
5
2
5
5
5
5
4
5
4
6
5
1
5
4
6
3
3
5
4
5
7
8
5
5
1
6
6
1
8
5
2
3
6
0
3
2
5
5
2
2407
0
