radiacao de fundo
0
0
0
0
0
0
0
0
0
0
0
0
0
0
35
240
195
137
142
113
145
145
113
90
98
93
105
86
98
97
114
92
90
90
89
79
102
79
79
103
84
66
84
104
81
76
100
84
78
89
79
91
87
90
110
72
94
99
109
111
120
111
108
144
118
118
133
109
130
115
141
141
147
165
149
143
158
160
148
158
130
162
172
198
182
171
203
153
203
170
168
150
196
187
207
171
187
193
188
188
192
187
174
206
192
181
191
206
195
167
199
192
190
191
167
201
193
202
196
183
201
178
208
178
170
175
174
195
182
163
213
163
188
163
166
163
153
183
170
152
174
160
175
159
176
153
159
184
165
129
167
120
160
162
138
129
140
136
125
108
153
125
136
125
115
119
130
120
117
115
124
105
133
127
118
110
110
101
110
108
114
122
105
96
102
100
113
96
113
123
95
105
104
92
91
85
82
91
105
100
86
89
81
111
90
90
80
87
99
85
69
85
66
78
78
84
76
69
84
57
65
71
75
50
61
66
79
69
76
56
88
71
74
51
54
52
55
63
122
82
73
63
67
59
49
36
56
51
65
57
55
40
55
47
49
48
36
43
39
39
37
41
43
47
47
48
50
43
52
42
40
37
34
32
45
38
25
37
29
39
38
45
35
38
37
46
32
33
32
42
44
42
64
27
28
37
35
32
32
30
34
37
23
32
15
32
34
33
30
28
25
45
28
37
28
28
26
18
32
32
24
27
32
31
31
30
26
30
34
27
27
22
19
30
22
22
29
33
19
26
16
21
26
23
21
55
53
22
24
18
25
20
23
25
21
25
21
8
17
15
23
22
16
20
19
21
23
21
19
10
28
18
18
27
20
18
23
16
24
26
25
20
22
10
16
13
15
22
24
19
16
24
25
19
14
18
16
17
11
17
24
18
20
16
15
21
14
16
17
9
9
16
16
17
10
28
9
21
16
17
16
15
17
13
18
19
19
18
23
18
15
8
11
15
17
19
26
10
11
13
10
8
23
14
14
13
14
12
17
17
14
18
10
18
16
16
19
11
14
8
11
11
18
4
16
11
17
24
9
16
12
11
15
13
12
9
10
17
4
13
14
17
12
8
11
10
11
21
8
18
14
9
10
14
7
17
25
27
13
11
12
13
12
8
9
17
11
8
9
8
13
8
10
11
15
12
13
7
10
9
15
8
8
10
4
12
12
15
9
9
10
12
7
6
10
12
9
6
8
6
6
9
11
10
12
7
10
9
13
8
10
8
9
5
6
11
8
3
9
8
12
7
8
19
11
26
16
17
9
4
9
5
12
10
13
13
10
14
6
13
13
13
9
9
9
10
5
4
11
28
32
25
8
11
4
7
9
5
13
11
6
5
8
7
11
5
8
6
4
7
3
8
8
4
11
6
7
11
7
10
7
8
5
11
2
5
10
5
5
8
2
9
8
4
9
3
7
5
4
13
23
7
12
14
7
8
6
15
7
5
9
5
8
7
8
14
5
7
5
11
9
7
5
3
12
6
12
4
5
8
7
6
9
7
7
5
6
6
7
11
11
7
6
6
10
2
5
11
10
6
6
5
6
11
6
7
6
6
8
5
5
6
7
5
11
4
3
6
7
6
4
6
4
7
6
5
4
5
5
5
9
5
11
7
8
7
7
6
11
4
6
3
2
5
3
3
4
5
8
7
6
4
8
2
5
5
6
9
6
7
2
6
4
6
6
4
8
4
11
8
6
2
8
5
8
3
7
4
6
8
6
3
3
4
4
7
12
1
5
2
7
5
6
8
4
5
4
4
5
5
7
7
5
7
4
5
5
6
5
6
3
2
1
4
5
6
6
6
11
4
5
4
6
4
3
3
10
7
5
2
6
5
7
3
2
4
5
4
5
6
7
3
2
5
6
5
4
8
7
5
2
7
5
7
6
6
5
10
4
1
3
7
5
5
1
4
2
5
4
4
3
10
3
4
4
4
4
5
4
5
4
4
3
7
6
9
11
17
7
8
4
3
11
6
8
8
7
3
1
4
2
3
5
4
2
4
4
7
6
3
3
6
9
2
4
0
4
7
3
2
5
7
2
1
7
6
5
1
6
4
2
3
2
4
3
3
5
5
3
8
5
16
6
3
5
9
7
6
2
3
7
4
1
7
3
4
3
2
6
4
7
6
4
2
1
5
4
2
3
4
3
3
6
2
5
2
2
3
2
2
4
3
4
0
4
7
2
4
1
2
5
6
2
4
3
1
3
4
2
4
1
6
0
2
6
2
3
5
6
4
2
2
2
6
6
3
6
2
5
3
3
6
2
2
4
2
7
4
4
5
3
1
3
2084
