radiacao de fundo
0
0
0
0
0
0
0
0
0
0
0
0
0
0
8
233
132
93
104
104
101
103
100
88
64
86
99
76
84
102
86
82
90
79
68
87
90
80
86
76
63
81
81
82
67
75
77
68
75
66
83
86
95
90
94
82
95
86
98
95
101
96
104
113
114
122
131
135
116
136
120
126
116
146
119
131
153
129
163
151
156
152
152
194
139
184
156
150
167
166
171
157
159
184
175
166
162
179
169
155
179
170
152
175
169
182
172
162
168
140
175
175
167
174
162
176
181
158
172
175
162
164
171
160
154
184
154
165
174
179
158
140
154
161
162
181
144
152
149
154
161
155
117
130
154
141
140
125
150
134
139
134
135
145
106
139
140
113
127
128
119
130
138
117
109
113
102
120
115
128
112
100
97
104
133
107
79
103
92
89
96
98
67
95
83
95
91
73
93
90
82
79
82
99
90
83
93
72
83
74
91
72
91
84
67
75
77
84
64
70
74
74
76
68
57
72
55
75
72
70
63
64
56
72
57
50
66
61
46
53
40
68
57
59
49
63
40
72
87
72
49
63
66
41
39
50
46
52
42
58
43
43
44
57
45
45
35
55
46
44
40
42
51
32
45
42
37
33
48
39
32
39
52
37
49
35
38
32
40
46
40
32
40
42
29
39
37
27
28
41
31
38
63
36
32
27
25
34
29
33
30
20
33
22
33
32
22
24
30
31
33
33
17
20
29
21
26
17
30
25
29
39
31
16
21
24
31
19
24
29
32
30
26
35
31
16
25
22
15
23
19
23
22
23
25
36
64
23
23
21
22
21
22
12
16
11
23
25
25
21
20
19
13
22
17
19
18
18
22
20
10
20
18
13
22
18
20
18
23
17
21
15
23
16
23
20
16
11
19
14
11
18
23
23
18
17
23
10
17
21
23
24
8
12
16
14
12
17
14
20
17
12
10
17
13
23
12
18
12
15
14
13
12
18
12
14
12
20
12
19
16
11
18
22
16
9
12
14
10
14
18
15
10
11
13
9
9
19
12
14
11
17
10
9
17
14
12
6
11
12
16
15
10
17
9
15
14
17
9
9
17
13
12
13
9
5
13
12
8
5
10
11
14
9
10
10
19
11
10
5
8
11
7
17
12
7
25
19
22
13
10
11
9
7
9
15
11
14
8
10
9
6
7
9
7
10
9
10
7
4
4
12
8
8
9
12
9
5
7
10
7
9
6
6
9
9
11
10
11
7
10
6
8
9
10
9
9
8
8
5
12
10
9
6
11
12
4
10
7
8
8
12
8
10
13
25
22
11
7
11
12
5
7
14
6
9
7
8
7
11
11
5
7
6
8
9
8
6
13
16
27
16
9
10
5
7
7
5
8
13
8
6
7
8
5
6
4
8
7
7
7
9
3
4
7
4
12
5
7
2
9
5
6
8
5
6
7
9
10
5
6
3
5
8
10
6
11
9
9
12
23
9
6
11
11
9
6
8
5
2
7
5
7
5
6
4
4
0
6
5
6
9
6
3
9
6
3
1
8
5
4
6
5
5
6
2
3
8
5
6
6
7
6
7
7
6
4
6
5
8
3
7
6
3
7
8
8
7
4
6
4
7
5
5
4
4
5
7
5
7
11
7
3
6
2
7
5
7
6
2
3
2
4
6
5
8
3
4
7
4
9
1
5
6
3
6
5
4
6
5
8
5
3
8
10
3
3
6
5
7
7
3
7
8
4
4
4
6
5
2
2
6
12
4
6
4
4
7
5
7
3
5
4
2
2
1
8
4
3
2
5
6
3
4
7
1
6
3
4
3
5
7
4
8
3
3
8
3
4
7
5
4
6
2
9
5
5
2
5
10
0
7
5
4
7
6
5
6
6
7
4
1
4
3
6
5
2
5
5
6
6
4
5
5
5
4
1
3
3
6
4
6
7
4
8
7
4
2
2
4
10
5
1
3
3
1
4
5
4
9
3
2
3
9
3
3
6
8
5
4
10
4
4
6
2
5
9
16
14
7
5
7
3
2
5
8
4
0
2
5
4
5
5
7
6
3
3
4
5
5
2
4
6
1
2
1
5
5
7
2
2
7
3
8
7
4
0
4
8
1
3
5
0
5
3
5
3
2
7
9
3
6
8
9
3
4
5
4
2
7
1
6
6
2
2
7
2
2
4
5
4
9
3
4
4
3
4
2
2
2
8
3
5
3
2
3
8
0
2
5
3
1
5
6
4
4
1
1
3
1
2
2
3
4
5
5
5
3
4
5
2
3
6
3
1
5
3
2
4
2
1
5
2
7
3
4
4
5
1
3
4
5
2
4
2
3
3
3
3
2
1
1
5
1954
