radiacao de fundo
0
0
0
0
0
0
0
0
0
0
0
0
2
1
27
298
178
82
106
134
130
116
98
78
73
83
79
57
95
74
95
86
82
69
75
69
86
69
71
76
66
58
74
80
73
69
66
68
70
67
88
81
65
69
89
79
92
106
88
91
88
79
81
86
100
116
132
125
99
123
114
132
129
132
133
148
135
143
120
139
148
149
154
158
148
153
150
132
143
173
162
143
148
168
175
172
148
176
176
158
152
146
170
180
152
173
170
168
162
149
167
180
162
152
150
178
191
155
141
178
164
157
180
153
169
184
150
136
184
174
161
129
162
141
154
157
137
155
137
160
151
141
151
141
109
142
157
143
126
135
138
139
140
148
151
121
123
121
130
127
120
119
121
97
110
128
107
119
86
97
111
110
110
103
101
92
107
111
103
97
85
90
105
90
79
86
76
91
100
96
104
77
70
97
87
74
70
71
76
90
76
74
80
72
60
81
90
84
56
81
68
74
66
68
58
75
49
79
68
45
73
67
68
49
54
75
61
63
41
58
55
65
57
53
42
49
50
70
99
58
49
65
55
52
51
51
55
46
53
40
42
52
52
47
40
32
37
45
42
36
48
46
40
43
47
39
38
47
37
38
59
42
32
34
16
27
32
32
39
32
34
39
46
29
34
29
34
36
33
25
32
36
68
29
34
29
22
22
34
29
30
29
42
29
22
28
19
33
26
22
21
27
22
22
27
17
25
19
21
23
23
16
24
32
26
17
23
32
28
21
28
21
32
32
27
18
19
28
26
10
28
29
30
24
25
33
56
31
19
25
24
21
24
17
20
27
16
19
16
23
13
20
22
16
11
20
11
24
21
19
11
14
17
19
16
20
20
21
17
17
23
22
14
22
14
21
12
20
10
20
20
16
13
12
17
14
21
13
16
17
21
14
17
11
17
10
14
18
16
12
23
14
24
13
11
14
11
13
19
8
10
13
16
11
11
14
16
14
20
10
17
15
15
15
16
11
12
19
16
15
14
17
9
20
13
14
18
18
8
10
19
10
9
14
11
6
10
16
16
14
11
10
15
12
6
11
13
14
11
18
13
12
12
12
11
14
10
18
12
14
10
15
10
13
8
9
9
12
11
14
12
9
10
10
15
15
21
26
17
12
7
11
9
9
7
14
13
15
6
6
5
12
10
12
8
9
7
8
4
8
12
12
3
8
9
9
11
8
9
13
11
7
9
6
8
6
8
7
13
13
7
4
4
6
11
15
10
8
10
10
6
9
6
9
6
9
9
8
13
6
7
8
6
11
17
19
17
14
10
6
10
10
4
12
11
5
4
6
11
11
3
8
4
13
5
6
3
5
10
20
42
24
6
13
8
6
7
6
6
6
5
4
7
7
8
7
4
4
9
9
4
7
3
8
4
4
7
9
11
5
8
6
6
5
7
5
9
6
9
4
6
4
11
5
6
8
5
8
12
22
28
8
16
7
4
4
6
8
6
9
4
4
6
1
8
4
9
7
10
9
10
4
9
5
7
4
6
10
4
4
6
6
5
9
6
2
6
7
6
4
6
9
7
1
4
5
6
7
4
7
5
4
7
5
6
5
6
8
4
9
3
5
8
9
5
4
7
8
2
10
6
5
10
4
9
9
5
7
1
7
7
7
6
6
3
4
7
5
3
5
6
1
5
5
6
6
5
7
5
1
5
5
9
7
3
6
5
4
2
7
3
2
1
5
4
5
6
9
3
4
2
6
8
3
4
4
4
5
7
7
9
4
4
2
5
3
3
10
3
4
1
6
8
4
4
2
8
3
6
3
6
3
2
8
6
3
2
5
4
6
5
4
2
7
4
7
3
5
6
3
4
7
5
2
1
5
9
6
5
9
1
3
5
8
7
5
4
5
13
5
7
2
3
3
4
3
3
6
5
2
7
8
5
3
2
5
2
5
2
4
5
3
2
3
6
3
3
3
1
4
4
7
3
5
2
6
6
3
3
5
10
4
4
7
3
2
14
12
10
3
6
5
2
1
3
7
9
2
4
6
4
2
4
0
3
5
4
5
3
4
3
8
4
6
8
2
3
3
5
8
5
5
2
2
2
1
5
4
5
2
7
2
2
7
3
4
4
4
3
7
7
7
9
11
4
7
4
4
6
2
5
6
3
3
2
4
2
3
2
5
6
3
1
5
3
1
1
1
4
0
4
4
4
2
3
3
4
2
3
4
4
2
3
5
4
2
4
3
7
3
2
8
3
4
6
7
5
2
1
2
1
5
3
2
5
3
0
6
4
2
3
2
4
2
6
6
2
3
5
5
3
3
1
5
4
3
3
2
1
4
2
1
4
1869
