radiacao de fundo
0
0
0
0
0
0
0
0
0
0
0
0
0
0
26
196
148
92
122
140
169
126
114
102
81
90
92
90
73
98
94
84
73
80
80
96
76
79
85
64
90
81
96
89
89
69
76
68
87
95
78
101
97
92
92
103
97
81
110
115
94
101
100
135
123
129
130
140
139
138
132
146
130
118
149
136
160
144
164
181
155
142
134
172
160
205
194
172
174
143
195
181
196
166
190
207
171
168
203
167
180
207
163
185
204
172
203
173
202
196
190
191
169
173
193
173
186
190
192
174
179
187
208
194
172
175
171
195
182
164
203
168
171
148
182
178
162
160
160
168
170
156
151
169
149
146
178
139
162
130
156
134
154
150
131
133
119
119
135
126
124
125
128
126
125
123
122
111
106
103
90
119
105
121
111
93
100
109
107
108
104
91
106
88
100
83
101
98
112
99
87
79
98
102
92
88
76
77
80
94
89
87
95
84
78
96
93
89
88
70
99
86
78
70
89
62
78
59
83
67
58
56
61
66
71
73
62
66
74
46
70
58
70
73
67
59
68
50
96
71
64
64
60
45
60
59
50
53
45
70
43
47
43
37
49
43
40
43
41
43
49
42
55
43
45
46
45
35
35
56
47
51
38
45
39
46
38
39
45
46
39
44
33
46
34
38
31
33
40
34
38
38
38
36
44
32
26
42
33
30
28
32
29
15
29
29
28
27
31
22
28
34
35
19
37
24
31
32
32
26
23
28
28
25
25
24
28
32
24
22
22
35
24
28
21
22
23
21
25
28
25
20
19
30
24
57
76
25
13
20
32
22
18
25
25
14
17
21
19
22
25
21
21
19
23
13
24
21
23
21
30
26
17
20
22
18
21
16
16
19
17
16
24
18
21
18
18
16
20
14
14
14
19
17
19
19
22
11
20
25
18
18
17
9
18
17
16
20
14
12
13
23
21
17
12
18
14
22
13
25
13
18
15
12
14
18
18
11
15
16
15
14
15
18
14
15
13
15
12
6
13
5
17
19
7
14
8
13
13
12
15
16
21
14
17
15
11
10
11
9
13
12
5
19
11
13
8
11
17
17
11
15
8
14
12
12
5
11
7
15
9
17
6
9
11
3
14
13
8
9
7
10
14
8
15
15
35
26
14
18
11
4
10
10
15
8
16
9
14
8
12
12
13
11
5
11
12
12
10
5
12
6
14
6
11
4
9
3
14
14
9
9
12
10
11
6
7
15
17
11
8
10
15
11
12
12
14
10
8
11
5
7
11
7
10
14
14
8
12
11
6
8
15
10
19
27
9
11
11
6
8
10
15
12
11
7
10
9
7
3
9
4
10
6
5
10
12
12
13
20
45
27
6
4
7
9
7
7
8
5
7
6
9
10
12
7
10
7
5
6
7
8
7
7
3
7
8
8
4
9
11
8
5
6
8
6
7
7
7
6
10
6
11
7
9
7
6
11
11
22
22
12
5
7
5
6
8
3
7
4
6
4
6
5
7
7
5
6
5
8
11
8
9
4
8
6
4
5
8
8
2
3
9
6
4
3
7
9
6
7
6
3
3
7
5
7
6
4
8
9
6
5
7
8
2
4
3
5
7
7
7
5
4
5
11
8
8
4
9
6
7
9
7
7
3
8
4
7
7
5
9
4
3
4
4
6
5
8
12
3
6
3
2
5
11
4
6
4
6
7
7
10
13
4
1
6
9
4
6
6
5
7
4
6
4
5
8
3
9
3
2
5
7
8
3
4
3
2
5
4
4
3
5
4
3
10
4
5
4
11
4
5
3
3
8
5
3
4
4
4
5
6
3
4
7
3
5
4
5
4
6
1
5
4
3
5
3
4
9
10
3
0
4
1
5
2
4
5
6
4
8
6
4
6
5
6
3
3
3
4
3
7
6
4
5
8
8
1
4
2
6
6
0
2
3
9
6
5
8
3
5
7
6
7
6
5
2
7
6
6
4
2
5
7
5
5
4
3
7
5
3
7
3
6
6
6
11
13
9
2
8
10
6
8
8
3
5
3
3
5
6
2
4
3
4
5
4
10
2
9
7
6
8
6
7
5
9
7
5
5
4
7
5
7
6
4
6
8
5
7
6
3
5
5
2
1
3
9
5
7
6
2
4
5
9
5
2
6
4
2
2
6
2
4
7
1
1
4
3
5
2
5
7
5
4
4
1
2
7
4
5
2
6
6
8
3
3
5
3
3
8
6
1
3
4
3
2
5
3
4
4
3
3
2
7
3
2
5
5
1
3
3
4
3
5
5
2
5
4
7
3
8
7
1
4
5
5
4
2
4
2
1
8
3
4
3
3
5
1
4
2
2
4
2094
