radiacao de fundo
0
0
0
0
0
0
0
0
0
0
0
1
2
0
6
223
137
78
95
106
121
102
99
85
74
73
85
93
86
77
89
89
87
71
68
88
81
100
88
81
72
64
74
84
79
79
61
83
82
62
89
76
68
80
93
96
89
73
83
103
100
103
97
104
107
91
107
134
125
102
120
132
146
128
123
135
136
154
167
160
144
148
163
162
149
164
151
156
167
151
177
152
162
156
178
166
169
187
167
174
182
184
187
169
144
173
182
180
175
180
160
179
174
174
154
165
146
164
169
205
187
179
155
171
162
171
171
187
181
146
184
129
133
179
136
163
151
141
150
143
158
123
165
140
147
140
120
158
163
144
154
127
134
138
137
113
118
132
142
109
130
112
121
114
120
103
121
121
108
89
110
117
84
103
107
114
102
95
111
98
98
103
103
99
96
104
80
87
103
88
98
85
108
98
94
74
74
68
87
83
81
73
64
78
84
61
73
87
78
66
62
61
63
52
74
62
64
68
72
57
74
79
57
59
63
48
58
65
46
46
76
62
63
67
61
63
63
47
100
58
52
62
50
40
44
53
52
45
38
47
62
49
51
37
42
34
40
33
42
37
39
38
42
45
34
45
50
34
30
40
37
42
40
39
35
34
36
47
29
28
41
30
44
37
30
28
51
31
28
32
25
36
51
36
24
26
38
32
35
30
20
31
30
37
37
29
33
33
26
22
25
26
23
31
39
23
28
33
29
23
25
27
23
29
30
19
30
26
26
27
25
15
25
32
32
21
22
29
29
22
18
22
16
26
16
38
53
22
22
17
20
14
27
21
27
17
17
20
21
24
18
23
16
22
20
18
20
18
20
14
26
12
16
15
15
12
11
17
15
22
13
18
18
20
26
21
21
20
17
13
13
18
21
16
19
18
16
8
17
17
14
17
13
21
10
22
14
18
16
20
19
22
10
16
16
15
10
13
15
12
18
12
14
17
15
12
16
18
13
18
11
15
9
6
17
17
13
15
11
14
12
10
16
18
12
14
13
10
9
12
13
13
13
11
14
10
9
6
13
15
18
9
8
11
9
15
4
6
14
13
10
8
13
10
13
12
7
11
12
11
9
5
16
11
10
9
7
7
7
17
8
7
3
9
14
17
16
35
18
14
10
10
9
5
12
10
4
13
7
10
12
14
6
9
6
12
10
11
9
9
8
6
8
13
7
10
6
10
9
11
10
8
8
8
5
11
10
7
5
13
7
8
12
8
9
7
11
10
6
8
5
7
6
16
10
14
9
9
6
7
8
6
7
8
10
21
13
9
8
6
7
9
14
14
10
11
6
8
13
8
7
6
13
8
11
7
11
6
7
25
27
22
5
7
4
8
10
2
7
6
10
6
9
6
8
7
6
6
10
6
10
7
7
7
3
3
6
4
6
9
8
10
5
7
6
6
4
9
4
7
10
6
8
8
3
6
6
5
11
16
18
10
11
10
11
7
9
6
3
8
7
3
3
5
6
7
9
11
6
8
6
9
6
5
7
7
8
9
1
6
5
4
6
5
7
1
6
4
8
5
4
5
8
5
6
6
7
6
6
6
4
7
4
6
3
9
3
7
4
0
4
6
11
9
6
9
8
4
6
5
5
5
9
10
5
2
5
5
5
3
6
4
5
6
7
7
5
3
6
3
7
7
5
5
7
1
5
10
6
5
3
4
3
3
6
4
6
6
6
6
6
9
5
4
4
5
4
5
4
3
4
5
6
3
5
4
2
11
6
7
7
5
2
4
9
5
4
2
4
4
3
3
5
3
5
6
7
8
2
9
9
5
6
4
5
4
6
4
5
2
4
4
5
6
8
3
7
4
4
2
3
2
6
6
4
5
5
2
5
3
4
4
3
4
2
6
1
5
6
7
5
3
3
1
2
6
5
6
4
4
3
7
7
4
7
3
3
5
1
2
0
2
4
3
3
7
3
3
6
3
5
3
4
4
3
5
4
2
4
2
6
6
8
8
6
3
5
14
13
12
4
4
5
4
5
3
4
3
4
4
5
4
7
3
4
4
2
4
6
7
1
4
4
3
5
4
3
6
4
4
4
7
6
7
5
1
3
4
6
2
2
2
2
2
6
5
3
7
5
2
5
9
11
11
7
2
2
5
4
5
2
2
6
5
4
4
4
2
2
2
5
2
2
1
6
3
8
4
0
2
4
1
4
0
6
2
1
4
3
4
1
3
2
2
4
2
4
7
6
2
5
2
5
1
1
4
4
1
3
6
4
3
5
8
2
6
4
2
5
4
7
4
2
5
3
5
3
4
4
6
1
5
5
3
4
7
4
1
6
4
4
3
4
1965
