radiacao de fundo
0
0
0
0
0
0
0
0
0
0
0
2
6
2
23
316
166
89
145
132
122
114
97
99
70
65
79
83
96
83
90
82
75
82
70
63
86
82
87
68
61
94
91
63
78
74
84
91
72
81
77
63
66
77
94
75
97
76
89
101
103
90
76
105
114
105
136
124
127
116
113
121
144
114
129
128
119
129
127
130
156
167
163
136
161
161
145
162
144
164
161
142
162
170
158
183
169
160
188
162
177
157
168
171
180
183
177
174
170
151
182
160
156
177
175
132
175
162
173
172
170
189
160
156
163
156
152
159
155
169
142
161
169
137
160
137
168
142
164
140
153
110
123
151
119
148
171
147
130
114
149
125
154
120
113
132
129
117
130
111
120
111
108
117
111
120
123
101
113
115
99
111
113
87
98
110
95
105
89
111
95
98
96
101
99
100
97
99
97
103
82
95
92
74
91
69
78
94
79
72
64
85
77
73
75
75
74
70
62
74
67
83
68
62
53
88
57
66
66
57
67
61
66
64
55
63
69
69
64
47
52
54
60
58
45
63
64
54
100
73
49
61
56
43
50
48
41
41
34
48
47
44
39
46
49
47
57
54
32
40
43
38
40
25
37
41
35
36
46
42
32
36
40
29
27
35
40
38
43
33
49
30
41
30
35
27
27
33
38
38
34
37
61
37
26
36
33
34
38
26
29
24
27
25
26
28
31
28
23
20
33
27
27
22
24
25
31
24
19
30
23
32
9
34
25
22
25
23
32
25
25
24
32
30
25
18
34
22
19
19
24
20
30
25
26
32
50
25
21
17
22
17
25
15
25
18
18
22
18
24
19
22
14
11
20
16
23
21
23
24
18
12
20
24
16
14
15
19
15
21
15
27
15
12
18
23
18
16
25
14
14
19
15
15
19
10
16
13
20
19
22
21
14
12
14
17
11
13
10
16
16
18
14
8
9
15
9
13
11
13
15
4
11
14
13
17
13
15
14
18
14
13
6
4
19
9
5
12
12
19
18
18
15
17
12
6
7
17
16
11
15
17
13
9
5
10
16
18
11
11
10
10
6
13
15
13
10
8
14
13
9
11
12
17
17
11
13
8
13
8
6
11
7
13
5
11
8
14
12
5
14
7
7
17
12
13
19
23
18
18
8
9
7
7
5
4
8
8
8
11
8
15
8
8
9
6
7
8
7
8
9
15
11
15
13
9
8
9
7
12
11
10
9
4
7
12
11
6
9
15
7
8
14
8
9
8
9
13
5
13
9
7
6
8
8
8
10
7
8
6
11
6
10
7
8
18
23
8
4
8
9
5
2
8
6
5
6
10
8
7
6
2
8
3
10
6
2
10
6
9
42
21
8
8
9
3
7
3
5
6
8
4
5
5
6
2
6
4
7
10
5
3
7
7
4
7
3
5
6
11
10
9
12
9
3
9
8
7
6
3
5
12
8
8
4
4
6
9
12
9
25
17
10
6
2
10
10
9
5
8
5
6
8
3
9
9
6
6
4
4
10
6
7
7
10
9
7
6
6
8
6
1
4
4
5
4
4
6
6
4
8
6
6
4
5
8
6
7
11
8
9
3
6
6
6
6
4
2
7
6
9
3
6
11
4
1
4
7
2
5
4
6
6
7
5
6
5
4
5
5
2
6
5
2
3
6
4
9
8
4
5
4
5
5
4
8
2
8
4
4
4
3
2
5
4
3
4
8
6
6
5
2
2
2
6
3
4
5
7
7
6
4
3
3
6
8
4
5
5
7
5
8
4
5
9
4
1
5
4
5
4
7
4
4
6
3
2
6
6
1
2
9
6
3
3
2
5
9
7
3
5
2
3
6
5
12
3
3
5
3
5
6
2
5
5
6
3
5
4
7
3
1
4
5
3
4
3
6
5
5
8
10
3
4
2
9
5
2
3
2
7
4
1
7
7
4
4
4
7
4
6
5
4
7
6
3
3
3
4
3
3
6
2
2
2
8
7
3
4
11
5
3
5
5
7
4
9
9
14
6
7
2
6
4
1
2
4
3
5
1
8
4
3
2
4
2
3
4
4
9
7
3
5
5
3
6
4
6
2
5
4
5
7
5
5
5
7
6
1
3
1
4
8
10
1
2
2
6
6
2
6
9
5
6
2
7
2
0
1
4
2
2
3
3
4
3
2
5
2
2
5
4
3
4
3
4
3
6
6
5
5
0
2
3
0
4
4
2
4
0
1
1
5
0
0
2
5
5
4
2
4
2
5
3
5
1
4
6
4
2
5
2
2
4
3
3
3
1
2
1
5
3
4
3
6
2
3
3
5
6
3
2
3
3
7
2
2
6
8
3
4
2
5
1959
