radiacao de fundo
0
0
0
0
0
0
0
0
0
0
0
0
1
0
5
208
118
98
94
118
123
105
113
95
67
72
82
76
101
93
80
89
83
80
76
74
106
89
81
78
92
90
87
81
92
62
74
80
74
66
95
65
77
77
79
98
80
95
86
98
106
102
113
118
91
118
127
118
132
117
131
140
126
127
150
146
136
124
158
145
134
134
149
176
157
170
172
165
176
168
164
142
179
171
151
182
175
179
172
168
170
180
171
153
217
176
164
172
154
167
144
156
178
165
195
166
163
173
187
179
161
183
194
175
157
169
174
162
179
169
130
163
147
152
178
158
141
143
160
155
141
145
162
138
128
127
143
102
122
126
142
137
125
139
122
138
116
114
116
128
124
126
118
120
119
104
107
108
101
105
103
104
101
115
112
89
92
114
93
88
89
91
81
82
92
84
87
93
92
105
83
79
80
99
104
68
90
85
74
82
72
80
65
89
80
75
62
70
75
59
68
53
69
55
63
77
64
57
60
73
71
76
61
60
69
63
67
53
65
55
57
55
61
64
55
51
56
55
78
78
58
64
70
37
47
48
39
46
48
42
58
41
41
50
33
50
43
50
43
50
49
56
53
34
32
42
31
44
41
45
31
50
34
27
48
35
30
30
25
39
35
35
45
44
35
34
47
38
38
35
37
34
50
32
31
21
30
39
33
29
34
21
31
23
35
29
27
26
26
22
33
17
24
18
22
25
36
30
30
24
28
25
20
29
27
20
27
28
17
21
26
19
26
40
22
20
18
16
28
29
18
25
19
22
24
38
53
27
16
18
20
20
26
22
19
12
16
19
29
8
16
18
21
12
15
14
17
10
15
19
19
16
22
15
24
13
19
28
12
18
16
15
13
12
14
12
12
10
20
17
13
23
12
10
14
14
16
17
16
11
15
15
16
14
20
8
23
27
9
14
16
8
15
15
17
14
11
25
9
16
9
16
18
12
16
18
16
16
18
11
7
15
20
16
18
8
12
21
14
19
18
12
13
13
7
3
6
9
15
14
13
11
6
10
20
14
5
7
10
10
14
9
12
15
10
13
14
15
8
19
9
9
10
9
9
4
8
19
9
7
8
12
21
8
9
15
10
15
9
10
5
3
4
9
15
14
28
20
18
10
14
8
19
8
13
15
10
6
7
10
12
7
8
11
7
7
10
6
10
9
7
7
9
11
11
8
6
12
6
15
6
6
12
4
7
6
11
8
2
10
9
12
6
2
6
6
14
8
12
5
11
7
14
8
11
10
8
8
9
5
9
5
7
10
11
28
21
11
6
10
7
8
10
9
7
3
8
5
13
6
7
9
4
6
6
8
9
12
14
12
42
18
14
8
8
3
6
9
9
7
10
6
4
9
8
8
12
7
3
11
9
5
5
10
10
6
9
7
5
5
6
9
6
6
4
11
5
6
11
5
1
11
7
12
4
7
5
4
10
21
25
16
4
6
4
13
10
9
8
6
7
5
5
4
9
5
6
4
3
4
6
3
10
10
2
6
6
1
10
4
7
6
10
5
6
6
3
9
6
8
7
7
4
6
5
9
3
5
8
4
12
5
10
8
7
4
5
8
8
5
8
7
6
8
4
4
4
5
7
2
11
4
4
5
4
3
7
10
10
9
2
0
6
5
7
2
2
4
6
12
3
8
8
8
5
5
6
5
7
4
11
8
3
8
5
1
2
6
7
4
7
5
4
6
6
4
9
3
3
4
2
5
2
5
5
5
4
9
6
3
6
3
3
5
3
7
6
2
3
1
7
3
3
4
7
6
4
5
2
4
5
4
2
2
4
3
4
4
3
7
5
5
4
5
5
10
5
4
1
4
3
4
4
3
4
3
3
1
5
3
6
3
3
1
3
5
2
6
4
8
5
3
3
7
4
3
2
4
4
3
5
2
2
3
2
2
6
3
5
4
3
3
6
3
8
7
4
8
4
3
7
4
3
6
6
5
3
5
7
3
2
3
7
6
8
6
8
14
13
7
6
3
4
3
4
3
3
4
2
4
3
1
4
3
2
2
5
6
1
5
8
2
1
3
5
3
1
2
1
2
6
8
1
4
3
3
2
1
5
6
5
2
3
7
6
2
1
3
10
5
7
5
8
5
10
4
5
5
1
3
3
4
6
6
3
2
5
6
1
1
5
3
3
3
2
5
2
4
0
4
2
2
7
3
0
1
7
2
2
0
7
2
4
5
4
6
3
4
2
1
2
4
2
5
8
5
6
5
4
2
7
6
3
3
6
4
10
1
3
3
3
3
6
6
6
2
4
5
7
1
2
2
6
7
0
7
3
5
2
8
3
2
1
1895
