radiacao de fundo
0
0
0
0
0
0
0
0
0
0
0
0
1
1
22
328
116
89
103
137
141
129
105
77
87
74
86
101
96
98
92
79
80
75
71
92
70
77
79
76
57
76
102
99
72
69
70
81
69
75
76
78
86
89
103
98
81
90
109
81
100
112
108
93
118
123
150
113
104
132
124
118
139
135
145
140
135
157
146
153
146
148
157
159
154
160
153
150
138
137
157
168
165
179
172
187
153
176
164
173
203
184
180
175
173
160
167
194
158
160
158
177
169
177
162
151
183
163
200
167
198
190
167
177
181
176
175
172
150
162
154
160
154
152
138
161
133
144
141
177
140
159
155
138
143
155
150
156
141
108
143
130
128
125
134
127
123
120
126
113
128
119
122
127
100
138
114
134
110
114
109
108
104
118
124
112
91
90
89
85
102
92
97
84
91
87
117
89
114
107
102
90
88
79
69
92
90
64
84
81
75
88
83
92
67
67
77
65
63
76
69
80
60
56
60
69
68
66
69
66
57
72
64
71
64
70
62
47
62
60
51
56
59
69
45
55
49
57
106
60
57
64
52
41
69
37
55
45
34
38
38
45
44
51
37
43
42
38
62
45
42
38
41
43
46
43
47
34
39
35
44
26
43
45
46
42
39
39
30
33
27
33
33
30
29
36
30
34
26
33
24
37
60
42
27
31
31
35
28
23
31
33
38
22
24
18
36
26
23
32
28
25
22
27
23
21
28
15
31
24
25
29
23
21
26
23
32
26
27
33
19
17
32
30
27
23
21
15
17
28
29
24
20
27
20
39
69
28
17
21
18
19
30
20
22
20
18
27
18
15
20
16
15
19
20
21
24
20
23
21
16
19
23
14
16
23
19
22
20
22
16
21
17
12
20
26
13
19
16
21
18
17
10
17
20
19
15
22
17
13
17
15
12
19
13
12
16
11
19
15
13
14
17
14
15
13
21
18
16
12
10
11
15
13
9
7
14
10
19
17
13
9
15
7
17
16
11
16
20
12
13
6
15
18
15
12
16
12
11
9
15
13
8
9
10
16
13
8
4
11
13
14
16
11
10
12
14
17
12
11
22
7
10
13
16
6
9
13
14
10
11
9
7
8
12
9
8
12
9
14
11
8
9
7
12
17
21
25
16
19
9
9
14
15
12
7
10
12
13
9
11
11
15
5
20
8
6
5
12
9
11
12
13
8
9
12
11
8
9
7
6
4
10
5
11
10
11
4
13
7
5
11
9
9
17
7
6
6
11
13
10
9
8
8
7
6
8
7
7
7
9
7
7
13
18
24
14
12
5
3
17
10
6
8
3
8
3
10
13
8
10
5
7
9
12
5
8
11
16
20
30
16
11
4
11
7
6
9
5
4
8
10
8
8
6
7
6
8
5
6
5
6
7
4
9
11
3
7
9
11
9
7
5
6
7
7
9
7
6
7
4
3
5
6
6
7
3
9
11
18
14
5
14
4
5
6
1
6
4
8
4
1
6
5
4
6
6
9
8
8
3
2
6
9
7
5
8
7
8
7
3
6
12
5
6
3
8
10
7
4
4
8
4
3
6
7
8
3
3
8
7
7
5
4
6
3
7
2
7
3
6
12
2
6
6
1
6
5
1
7
7
6
2
2
7
3
4
10
6
1
4
4
6
6
7
1
4
5
6
4
6
3
2
5
4
4
5
6
8
5
10
10
2
10
8
8
2
2
4
5
4
6
4
7
7
7
3
4
3
5
8
2
4
8
2
4
4
5
3
8
3
5
7
1
3
9
4
6
3
6
7
5
1
6
4
5
7
1
3
2
3
4
5
4
3
9
2
7
5
6
7
5
4
3
7
4
6
3
10
7
4
4
7
6
5
6
3
6
6
6
3
5
2
5
7
8
5
8
6
7
5
4
2
1
2
5
4
5
5
3
4
4
5
3
4
2
4
5
4
4
1
3
2
7
2
0
4
8
2
3
4
2
5
1
4
3
2
8
4
7
3
6
3
4
3
7
8
12
12
4
5
6
2
4
3
4
2
6
4
1
4
4
4
3
2
4
4
1
7
3
8
2
4
3
5
3
4
3
5
6
4
8
1
2
1
7
5
0
3
1
3
3
5
2
3
4
4
3
6
6
7
5
17
4
5
5
3
4
2
7
1
0
3
6
3
1
3
4
4
4
7
3
7
7
2
4
3
0
3
3
1
5
1
3
3
2
6
2
1
5
3
7
4
1
6
2
1
4
4
6
4
4
5
5
3
1
7
4
3
6
6
5
4
4
3
3
3
1
4
5
1
2
4
6
1
1
4
2
4
2
9
0
1
8
5
5
1
3
2
3
1
2
0
2024
