radiacao de fundo
0
0
0
0
0
0
0
0
0
0
0
0
0
1
26
740
264
175
127
112
101
123
113
99
77
63
101
82
87
95
82
77
77
95
92
73
112
81
70
89
82
86
90
94
74
68
82
92
79
92
82
77
97
95
80
104
88
98
120
115
103
114
143
127
133
144
137
122
136
144
146
163
158
141
180
146
142
192
157
138
163
168
141
151
169
154
162
168
149
175
153
182
173
181
162
171
176
186
184
151
172
183
173
162
169
176
177
170
168
164
198
171
199
178
172
178
176
151
185
160
192
167
147
169
169
157
151
167
170
157
159
165
148
166
165
191
154
143
155
162
149
160
147
138
148
150
141
134
143
140
137
144
138
140
118
143
120
107
156
119
110
117
133
116
96
96
109
121
109
114
118
113
109
82
89
105
101
107
103
102
90
100
94
97
110
82
96
76
97
82
101
85
81
96
88
82
61
76
74
93
77
67
72
65
78
70
68
73
84
74
75
74
70
72
61
68
71
69
63
66
60
59
72
84
50
71
66
58
66
53
75
56
48
58
52
59
57
63
91
56
56
77
73
41
45
48
45
56
40
57
42
43
56
43
44
41
54
44
34
51
42
50
49
48
47
34
42
28
45
34
29
34
29
37
30
47
38
39
36
31
40
45
46
31
28
38
31
40
37
22
33
40
59
44
26
25
35
37
32
38
31
28
25
18
32
38
28
30
29
30
26
28
29
28
29
31
30
23
25
38
21
22
26
19
22
31
29
14
24
27
30
24
30
31
23
25
29
23
16
32
26
22
21
16
18
39
41
34
15
18
21
23
23
13
17
18
21
20
20
18
16
18
17
15
18
18
18
23
19
13
22
21
18
15
19
23
13
25
16
15
18
16
18
13
21
11
22
19
20
15
14
14
21
15
19
23
16
14
16
17
13
17
12
15
16
15
18
15
12
16
12
15
15
17
11
12
7
16
15
18
19
16
10
11
14
9
11
17
18
15
14
15
12
12
10
13
8
16
9
10
14
5
14
10
11
6
9
15
10
17
10
17
9
7
18
7
14
19
9
7
20
13
8
9
13
10
7
12
17
3
10
10
9
10
10
7
8
13
8
13
14
9
9
14
8
20
11
17
11
14
16
7
16
11
10
18
19
18
18
6
15
7
14
8
8
9
6
7
4
7
9
6
7
11
8
10
7
7
7
6
17
11
8
9
9
8
6
8
8
21
8
7
10
13
6
8
11
11
9
5
7
5
13
9
6
10
8
9
7
8
6
8
8
10
14
6
5
10
18
6
10
6
10
4
13
23
17
13
5
9
8
4
2
9
8
8
5
1
8
6
12
9
5
6
8
5
12
8
13
19
37
21
9
5
7
5
8
4
8
10
6
4
8
5
7
8
5
5
5
5
5
6
9
7
6
5
6
8
9
3
8
7
5
7
10
8
7
4
10
6
5
3
3
9
7
6
11
4
8
15
28
14
11
7
1
2
4
6
4
2
3
4
4
7
6
3
1
4
6
6
6
5
12
5
7
6
7
7
4
5
4
9
3
5
6
3
4
4
4
7
6
9
9
8
8
5
3
5
6
6
5
4
7
4
9
6
5
7
0
9
7
3
6
8
7
3
5
5
4
2
6
3
3
4
5
7
4
4
8
3
7
8
6
6
2
6
4
7
4
4
3
4
5
3
11
7
5
9
8
8
10
5
8
5
2
3
5
0
5
4
5
4
5
3
11
4
4
2
5
4
7
5
6
4
2
4
3
4
6
7
3
7
6
6
6
3
4
4
3
7
5
5
4
6
5
9
0
8
5
6
7
3
11
3
1
4
4
3
5
5
5
3
5
3
3
3
6
5
3
8
1
2
8
3
5
6
5
7
6
3
3
2
3
4
3
3
3
6
4
7
6
1
9
2
4
4
4
2
2
12
3
6
4
8
6
5
7
4
4
8
4
1
7
5
4
4
3
6
5
5
3
5
2
6
5
5
6
5
3
4
5
3
2
5
5
4
10
18
7
5
5
5
4
2
2
2
2
7
6
2
3
3
5
3
8
4
5
8
3
6
4
2
0
2
5
8
4
4
2
0
3
7
3
8
5
1
4
2
7
5
3
3
5
3
7
3
0
3
6
6
7
8
10
6
6
6
3
6
3
7
7
2
0
3
4
3
8
2
4
6
5
4
6
4
3
2
4
6
4
2
5
4
6
3
3
5
4
7
3
3
3
4
4
4
6
6
4
4
1
2
2
4
4
1
2
6
3
5
4
3
2
4
2
0
3
4
8
2
4
2
3
3
6
5
3
4
3
3
2
4
2
1
3
4
3
2
4
3
8
5
3
6
1
1985
