radiacao de fundo
0
0
0
0
0
0
0
0
0
0
0
0
0
0
35
369
161
90
94
92
119
80
85
99
74
91
81
84
100
91
73
74
90
83
84
66
89
69
75
79
74
79
83
86
70
70
71
65
71
86
69
76
74
71
76
89
103
90
95
81
88
77
98
113
94
110
106
111
130
107
139
127
127
133
129
136
146
134
127
148
142
124
139
156
149
171
147
158
161
177
183
155
165
152
181
184
151
165
157
162
196
166
158
146
195
179
139
161
188
178
182
174
172
175
181
162
159
174
167
145
141
194
173
173
143
149
172
145
162
144
168
160
158
150
137
139
156
127
138
164
142
144
123
146
142
132
155
122
134
126
139
128
120
124
132
126
125
124
138
102
119
109
115
110
81
102
123
112
111
96
101
86
128
111
98
101
95
95
106
91
89
84
86
99
90
102
95
89
97
85
70
80
76
110
94
80
83
70
71
84
93
67
74
68
69
73
60
61
70
77
84
82
80
83
68
70
67
69
54
50
52
51
59
55
56
52
64
68
59
54
47
51
54
61
54
52
53
53
88
68
44
65
67
40
44
45
49
51
33
53
54
33
37
48
52
43
47
55
31
45
52
41
32
51
44
43
38
40
39
29
34
39
33
29
42
43
40
33
25
41
35
32
41
34
29
36
32
24
27
30
33
35
52
35
21
23
36
21
30
42
40
25
34
24
27
27
30
32
25
35
20
29
27
19
30
23
27
23
22
29
20
23
31
19
34
27
20
18
20
18
33
24
27
28
25
19
21
22
22
25
14
20
26
19
28
32
53
21
26
18
18
21
24
13
17
22
22
17
20
19
14
20
16
15
17
12
16
14
18
15
17
21
11
14
14
16
22
9
23
11
27
25
19
23
21
16
16
17
16
16
17
13
17
17
18
20
15
16
18
16
16
16
10
7
17
18
13
7
14
14
13
12
16
15
26
16
16
10
12
11
9
13
8
14
12
14
11
11
19
15
15
19
18
9
14
12
11
11
10
9
8
12
13
11
11
7
13
9
14
18
16
18
15
9
13
8
12
15
11
11
11
10
8
15
15
14
10
15
10
13
5
13
11
13
10
16
9
9
8
8
10
12
19
8
9
11
10
8
5
6
8
7
6
14
11
13
22
35
16
11
13
7
7
10
8
8
10
4
8
11
7
12
11
7
11
6
8
5
4
14
6
7
5
6
8
15
8
11
8
5
6
12
11
5
10
10
7
9
8
6
9
7
9
7
9
12
10
15
10
5
8
8
10
5
8
8
10
10
9
5
6
9
11
6
11
19
16
7
9
9
5
9
6
10
7
12
9
6
5
2
4
10
11
10
8
9
5
10
8
5
39
30
12
7
9
7
5
5
8
6
4
6
10
5
7
5
7
10
7
7
6
3
8
2
2
4
6
6
4
4
5
7
9
13
6
7
7
4
8
9
2
8
5
3
7
5
7
5
11
11
24
13
15
10
7
8
4
6
4
7
8
7
5
5
3
7
3
6
4
4
7
9
6
4
6
5
4
8
4
10
7
3
3
2
7
8
7
9
3
1
7
5
5
4
2
4
3
10
5
5
8
6
4
3
7
8
2
5
7
10
6
7
10
5
4
5
3
5
4
4
10
6
1
5
4
3
8
4
9
10
10
5
4
11
4
2
6
7
2
8
9
4
5
4
2
3
4
7
7
8
8
10
7
6
2
3
2
4
5
8
4
6
5
5
6
4
9
3
3
1
4
6
6
3
7
2
7
7
5
3
4
5
5
5
4
3
6
5
5
4
6
3
4
5
7
2
2
4
4
3
5
3
3
3
7
1
1
8
3
2
6
2
7
3
3
6
4
3
7
3
3
4
4
9
4
4
5
5
4
6
6
0
5
7
2
4
4
3
4
6
4
2
3
2
1
8
5
5
5
5
6
4
4
6
2
3
4
5
3
4
3
9
5
5
3
3
3
6
2
5
3
3
4
0
4
7
2
4
1
5
6
3
1
5
4
7
7
8
6
5
5
6
3
8
2
2
2
4
2
4
2
1
3
3
4
7
2
5
9
10
1
3
4
4
4
3
2
7
2
3
5
3
3
6
3
2
10
2
1
3
4
1
3
5
2
4
5
3
5
5
5
6
12
9
5
4
5
3
2
3
1
5
7
1
2
1
3
1
4
4
5
4
4
1
6
4
2
1
4
2
6
4
3
2
1
2
4
6
2
2
7
5
3
5
8
5
4
5
2
0
6
8
4
10
4
7
5
4
4
4
4
3
2
2
4
5
3
1
1
2
1
4
3
5
1
5
4
4
4
1
1
4
3
2
4
3
1
5
3
3
2
2
1
1886
