radiacao de fundo
0
0
0
0
0
0
0
0
0
0
0
0
0
0
56
384
212
175
164
148
124
126
120
88
83
88
87
93
85
108
83
89
91
83
81
74
87
75
75
77
87
73
83
98
83
80
96
74
91
94
82
85
98
84
85
94
85
102
118
82
104
106
105
115
108
138
123
120
130
109
153
141
121
125
136
132
112
138
164
159
137
160
156
158
172
180
175
198
179
186
145
199
179
178
170
161
203
190
192
193
197
164
185
220
170
204
193
186
176
196
207
177
198
193
184
160
173
197
163
174
160
190
166
164
176
203
175
199
171
161
178
165
170
172
181
173
172
197
156
138
142
129
152
165
134
159
154
151
144
158
140
141
131
137
130
141
128
129
149
139
117
125
141
135
133
102
138
126
120
127
117
113
120
110
103
137
95
114
117
95
95
88
124
89
97
102
108
107
113
86
102
89
79
90
96
88
93
86
84
84
87
82
78
91
80
65
83
91
79
91
75
75
85
75
80
78
71
66
84
65
89
65
69
74
54
74
73
67
57
54
61
69
71
61
42
60
52
68
89
76
59
77
56
53
48
45
53
48
41
54
45
48
52
52
55
40
58
50
41
45
47
28
32
50
46
43
50
36
51
51
44
45
33
46
42
37
26
37
45
37
34
33
26
43
33
37
31
32
20
34
35
59
60
36
38
31
36
41
32
29
36
25
33
39
37
28
30
26
29
31
25
25
19
22
31
22
28
29
23
26
23
22
15
37
33
30
21
24
30
23
26
21
38
29
27
17
26
22
17
18
28
24
25
26
35
51
70
22
21
21
17
18
22
15
25
20
18
26
14
28
18
24
19
12
7
25
20
31
13
24
11
20
18
12
14
24
18
17
20
26
16
20
26
15
21
17
19
16
22
21
14
25
11
14
21
19
17
20
23
17
18
16
24
9
10
20
14
11
23
19
17
22
19
13
12
14
15
15
19
12
12
16
21
11
19
17
12
8
17
19
16
12
12
19
17
14
12
13
10
7
17
17
18
6
15
8
18
10
8
5
12
11
17
13
11
8
7
13
7
8
10
6
9
8
11
11
18
9
22
14
11
13
15
13
11
12
10
21
15
18
10
21
8
15
16
11
15
19
16
14
9
17
16
12
15
16
18
23
17
16
10
6
10
12
8
18
7
12
10
9
10
8
7
14
13
4
10
13
10
7
8
11
10
10
8
11
7
12
9
10
11
9
9
3
17
8
9
13
8
3
8
8
5
4
10
13
11
10
15
7
10
4
11
13
15
11
8
9
7
6
10
13
12
5
14
28
27
18
11
8
7
8
8
7
5
9
8
10
4
12
9
11
9
14
8
12
3
7
10
26
42
24
13
7
7
3
2
5
7
5
7
15
10
10
10
12
6
9
2
7
4
9
8
5
10
5
8
6
1
7
5
6
8
1
5
10
6
10
18
5
7
3
6
5
6
5
10
9
4
19
23
14
8
6
5
7
4
6
10
7
7
4
6
5
5
5
5
7
6
8
7
5
6
4
4
7
5
8
5
3
7
5
5
6
8
3
4
8
5
5
3
10
5
9
9
7
7
2
7
5
5
6
9
7
6
5
4
9
7
4
9
9
6
6
4
7
5
3
4
7
6
7
6
8
7
2
11
5
5
5
7
2
7
6
6
1
6
3
6
2
2
6
4
7
3
8
9
6
3
7
10
8
9
6
8
4
7
7
5
1
5
2
4
5
6
5
4
6
3
4
4
1
4
3
4
5
9
2
5
6
3
6
4
8
4
6
7
4
4
4
3
14
8
6
7
3
3
4
6
6
5
7
8
10
6
4
7
2
8
2
4
5
4
6
1
2
4
10
6
8
5
5
6
4
3
4
1
5
1
2
2
3
7
8
5
8
4
3
9
6
7
4
3
6
6
3
4
3
5
5
6
7
5
7
5
5
1
5
2
6
7
2
5
4
3
4
5
3
1
2
2
5
3
3
1
7
4
5
2
5
1
4
3
4
4
3
14
15
8
8
4
5
5
2
2
1
10
2
3
4
4
4
4
8
2
1
2
5
1
6
3
5
9
5
7
3
4
3
1
4
3
5
3
2
8
4
4
2
2
6
3
6
4
4
3
4
2
5
4
6
4
8
8
4
4
2
5
3
3
5
2
2
5
7
5
5
2
8
5
2
7
4
3
7
6
6
2
2
3
4
3
5
3
3
4
10
4
2
9
6
8
1
3
5
2
4
5
5
3
8
2
11
6
4
3
4
5
3
5
5
7
2
2
4
4
4
6
3
3
3
4
5
6
5
3
8
9
6
3
3
0
3
1
4
4
4
5
4
4
4
6
3
2034
1
