radiacao de fundo
0
0
0
0
0
0
0
0
0
0
0
0
5
1
42
371
194
174
160
146
116
119
91
61
65
81
77
90
89
96
82
63
81
77
69
68
90
85
77
81
86
69
74
82
68
68
70
64
78
73
74
89
74
84
104
97
82
97
81
81
75
96
99
109
103
105
96
96
102
116
99
115
140
126
130
139
126
128
142
153
137
137
144
159
179
153
161
147
167
166
152
145
139
142
168
158
154
169
169
180
185
193
171
138
165
168
207
159
191
173
186
172
172
183
161
147
164
177
174
154
188
166
145
166
162
132
147
150
163
159
176
135
151
153
151
142
167
165
156
141
155
134
137
136
116
141
154
145
137
95
128
135
128
128
125
103
115
123
135
132
109
130
117
110
107
115
114
110
121
103
107
98
104
115
113
100
89
107
99
102
97
77
103
90
91
88
104
90
95
82
82
93
86
83
69
80
91
80
90
78
73
78
77
75
71
66
76
77
79
75
63
70
69
74
72
59
81
62
87
55
78
56
64
62
43
65
68
66
59
62
45
56
60
60
60
45
57
59
100
70
47
72
57
49
47
43
39
52
46
48
36
44
22
56
23
49
45
46
38
35
48
49
33
52
33
48
31
30
43
29
32
35
32
23
35
34
41
31
35
30
30
25
28
21
30
17
41
28
23
34
36
29
60
41
43
35
31
33
24
41
33
29
23
40
26
25
23
25
34
31
25
23
25
22
21
28
26
21
26
18
19
25
36
26
21
28
23
22
26
34
19
19
27
29
19
19
22
17
29
23
16
22
24
22
19
33
68
23
27
16
16
15
21
20
22
15
24
27
15
17
24
24
14
19
19
21
24
23
16
33
15
10
16
10
17
15
21
17
16
19
17
17
17
16
16
13
16
15
15
15
13
18
18
18
13
14
11
16
19
14
10
14
14
15
15
22
18
17
21
21
21
12
18
14
17
11
12
10
14
12
23
10
12
21
15
12
15
13
15
17
13
14
7
9
14
8
10
11
10
18
14
7
15
11
10
11
16
7
11
15
14
14
12
12
14
10
10
9
10
10
12
17
9
13
11
15
8
8
9
11
8
10
12
4
10
7
7
10
14
13
9
10
13
11
14
9
12
8
10
11
9
9
6
10
9
11
25
28
19
11
10
7
6
9
6
8
10
12
9
6
9
14
10
12
11
10
9
7
10
12
1
9
9
7
9
5
13
6
4
10
14
8
9
12
9
8
5
6
11
7
10
8
16
9
12
7
7
8
5
11
5
15
6
3
8
8
7
6
9
7
12
8
9
9
7
21
27
10
8
7
7
10
15
10
4
15
5
6
6
7
9
4
12
15
10
13
5
4
14
16
28
20
8
8
5
6
7
10
9
12
5
9
7
5
8
7
4
8
7
2
7
3
2
7
5
4
6
4
5
6
6
6
6
10
6
6
5
11
14
5
9
4
5
7
3
4
11
7
13
8
19
18
5
8
7
4
3
4
4
8
6
4
4
9
9
7
6
6
5
6
7
5
4
9
5
1
10
3
13
6
7
9
3
5
6
3
6
5
5
4
4
4
3
4
5
3
6
6
7
7
4
2
7
8
7
5
9
4
6
4
3
4
8
6
4
4
5
2
5
7
4
7
3
6
5
6
2
4
11
7
3
4
2
9
3
6
5
5
6
4
7
4
3
3
7
3
3
2
6
2
4
8
8
9
2
6
6
5
7
1
2
5
4
5
3
3
7
3
6
5
7
4
4
2
7
5
2
2
7
4
3
5
1
1
2
5
9
12
2
2
7
6
4
4
3
8
5
2
7
3
6
4
4
6
4
3
2
2
2
5
7
6
2
2
8
5
5
3
1
2
5
4
4
5
6
8
5
2
8
6
3
4
5
4
4
2
1
2
2
4
0
2
2
4
10
8
7
4
0
2
5
4
2
3
5
3
2
6
5
6
3
7
1
5
5
2
5
2
2
3
2
3
1
2
5
2
2
4
5
5
5
4
3
5
5
7
7
5
14
7
2
5
3
7
4
2
1
5
6
2
3
3
3
2
3
6
4
2
9
6
3
3
3
3
4
4
5
2
4
5
7
8
3
6
7
10
5
7
3
3
1
1
4
5
1
3
8
10
4
5
6
6
9
8
6
2
6
11
4
1
4
3
2
4
4
0
2
5
2
4
5
3
3
2
4
2
4
6
3
4
4
5
4
0
8
3
5
3
3
4
2
3
2
5
2
3
6
6
1
2
6
4
2
3
2
6
4
5
4
1
4
6
4
0
3
5
1
6
2
3
1
3
4
6
8
6
5
3
7
5
1
1
4
2
3
5
2
2
4
3
1
4
27
1873
