radiacao de fundo
0
0
0
0
0
0
0
0
1
0
0
0
0
0
22
277
169
118
109
120
165
133
108
89
99
110
111
118
108
107
104
99
96
92
85
83
112
77
84
81
90
92
89
96
67
91
101
80
82
82
94
88
91
100
98
100
89
122
107
132
109
133
138
118
123
137
159
137
128
146
157
154
147
153
156
156
148
183
184
164
172
159
193
176
188
162
176
189
181
178
208
185
166
194
218
188
202
196
189
194
212
184
215
199
214
219
224
229
199
205
204
211
192
226
247
216
191
216
222
206
190
185
205
188
175
197
201
203
203
212
197
198
206
166
208
173
202
179
207
188
189
158
163
192
158
171
189
153
175
162
157
171
145
163
141
150
153
137
153
158
154
128
133
139
153
133
132
125
152
142
112
148
115
100
145
127
123
137
97
123
124
104
105
120
100
122
131
89
93
123
112
120
129
91
106
113
109
91
125
108
93
112
85
84
100
88
103
81
101
92
91
93
110
88
91
70
79
76
91
82
81
72
88
85
74
76
86
75
67
68
79
62
72
69
69
64
65
58
89
62
72
120
77
54
71
64
59
60
58
58
59
53
62
55
63
57
49
49
54
37
50
50
64
46
56
54
45
30
44
57
44
48
45
62
58
34
35
41
44
43
39
41
47
40
28
43
46
45
43
37
46
33
33
48
31
49
49
45
43
33
45
31
47
39
38
45
47
27
37
33
30
35
35
28
31
30
33
33
35
31
36
25
29
29
31
32
32
35
28
26
32
38
36
33
27
31
37
33
34
30
23
27
16
29
25
39
34
25
25
41
46
33
28
36
22
20
29
15
28
24
29
21
18
16
31
31
15
26
24
15
21
15
20
11
17
26
16
16
17
17
30
25
14
15
15
15
9
25
21
28
24
23
18
18
18
18
15
22
19
20
12
24
11
15
27
19
21
20
15
20
20
23
15
13
14
18
11
20
16
20
11
22
14
19
15
18
13
19
15
17
18
17
16
13
8
17
16
12
14
19
12
10
8
13
13
15
11
10
18
20
14
18
10
17
12
19
16
30
16
18
12
18
15
14
6
12
11
13
15
9
14
12
13
10
12
17
7
14
9
13
9
15
12
13
11
11
14
18
20
13
12
17
14
11
11
12
24
15
18
16
8
15
11
22
22
13
15
10
9
12
14
5
11
15
9
12
9
11
11
11
16
8
7
11
15
9
10
14
9
13
13
7
6
12
14
15
12
11
12
8
9
11
11
4
9
14
14
14
11
11
11
18
12
10
8
14
5
7
7
10
9
15
8
7
6
16
18
12
5
12
10
21
20
8
8
9
7
8
16
8
8
11
9
13
17
10
9
8
12
17
6
4
13
14
12
14
11
18
31
10
9
10
9
7
10
8
10
7
5
6
5
14
6
12
12
8
7
9
5
8
7
9
5
6
10
9
7
8
10
6
10
6
15
1
7
5
10
7
15
16
20
8
6
8
7
14
9
7
18
11
17
8
12
2
6
7
9
12
6
3
12
7
6
6
6
7
8
7
3
9
4
6
7
6
6
10
8
5
4
5
7
7
13
8
5
8
16
3
8
9
9
5
5
7
2
10
6
6
7
3
5
7
4
8
9
4
6
8
5
5
3
9
8
3
7
6
12
5
13
5
4
12
8
4
9
5
5
6
2
1
7
5
5
4
5
7
4
7
7
7
5
10
1
7
9
5
4
8
6
8
13
11
3
9
1
9
6
5
6
8
3
2
6
8
1
9
6
7
4
2
4
5
8
10
5
5
6
10
4
7
8
3
3
0
8
6
7
7
13
5
11
3
4
2
7
3
11
3
4
9
7
10
3
4
5
2
4
8
1
6
3
1
5
4
2
8
3
7
4
8
4
4
8
5
3
3
11
5
9
5
6
6
6
4
10
10
2
8
8
6
6
4
3
5
3
6
5
5
5
6
3
8
4
6
5
4
3
4
6
6
4
3
5
6
11
8
7
8
5
1
2
2
3
5
7
8
3
5
6
2
2
4
1
4
6
7
11
11
7
7
3
8
11
4
10
4
3
6
5
3
5
4
2
6
8
8
7
5
5
6
10
3
3
6
7
1
6
6
6
4
2
4
5
14
2
1
7
1
3
4
5
7
6
6
5
5
4
6
5
8
4
9
6
8
10
6
2
8
4
2
4
4
5
6
2
2
3
5
4
8
6
1
7
6
7
7
3
6
5
2
5
6
2
2
8
6
7
3
4
5
4
3
1
4
4
4
2
1
5
1
6
7
4
2
2
4
5
4
4
4
4
5
6
7
4
5
5
1
2
2
6
4
4
6
2
4
3
2
2
2
4
6
3
2388
