radiacao de fundo
0
0
0
0
0
0
0
0
0
0
0
0
1
1
25
294
180
123
134
177
158
140
97
107
106
78
89
101
111
98
100
97
98
92
95
76
82
81
98
71
88
90
73
100
84
85
85
95
80
86
81
91
86
101
94
106
101
105
115
100
115
108
123
112
122
118
132
125
127
125
132
117
135
133
125
141
149
173
152
157
205
161
175
158
172
157
198
174
195
167
185
161
164
198
161
192
178
150
198
197
200
203
220
209
226
210
212
201
179
194
197
213
232
199
170
167
207
197
208
181
196
212
183
176
176
221
197
173
188
199
195
179
219
179
181
170
168
174
160
135
193
155
133
167
158
157
167
178
178
155
153
152
162
133
138
134
128
153
120
122
143
151
124
122
142
123
124
135
121
124
134
124
113
115
134
108
119
108
106
98
108
108
120
125
106
111
124
108
99
100
112
113
102
84
94
92
93
84
82
97
96
115
90
89
101
89
109
101
92
101
98
90
69
91
80
92
88
86
73
70
71
69
82
73
66
67
61
69
72
71
61
60
58
59
62
68
59
59
83
74
53
97
66
63
57
71
38
46
53
61
59
51
45
53
56
44
51
45
41
43
59
50
54
48
42
45
59
41
51
43
41
39
43
44
45
40
42
47
39
38
38
39
57
37
44
41
36
45
52
36
40
41
43
34
29
36
48
31
27
32
37
32
48
29
32
38
26
28
22
25
26
41
31
25
30
26
25
23
25
27
35
27
22
26
29
35
21
25
34
27
29
21
26
33
19
24
28
33
35
16
25
20
22
24
23
40
36
28
17
24
48
30
22
13
19
16
21
22
31
24
19
25
16
17
16
22
14
23
16
22
24
18
16
21
20
18
23
16
21
20
16
23
20
19
29
26
18
12
21
17
28
20
18
26
22
22
25
21
21
15
13
18
27
14
18
18
23
16
18
19
26
20
23
23
23
17
12
13
15
15
21
22
22
15
8
15
18
20
13
6
8
15
18
14
10
17
19
20
15
17
8
14
15
13
14
17
12
11
11
16
14
14
15
14
17
9
12
19
16
7
19
14
16
13
12
14
14
11
18
14
15
17
15
15
13
8
12
10
16
11
7
11
14
14
12
19
11
11
8
5
7
9
11
15
11
12
22
17
18
11
6
19
22
19
9
7
7
14
10
10
13
9
12
8
16
7
15
13
10
10
9
9
9
12
11
11
14
11
9
8
13
6
8
11
7
16
10
15
11
9
7
10
9
6
12
9
13
4
15
13
17
16
9
10
12
9
4
11
5
9
9
8
9
10
10
11
7
9
12
1
9
12
14
19
15
8
7
11
6
13
8
5
5
10
15
6
7
10
6
10
25
7
15
10
7
13
15
22
27
13
9
8
6
10
4
10
10
7
2
2
5
7
6
6
5
7
8
5
6
10
8
11
7
7
9
7
8
12
3
9
13
3
10
6
6
11
5
6
4
12
10
5
2
7
2
5
10
7
21
14
2
5
11
7
6
10
7
3
8
9
5
10
9
3
9
2
10
6
11
8
10
6
8
6
8
8
5
5
9
13
8
8
4
11
9
6
3
7
2
6
4
7
5
5
6
3
4
6
5
11
8
3
7
5
5
3
10
6
3
6
9
13
8
5
3
2
5
10
4
3
4
6
7
6
2
3
4
2
9
5
4
6
2
5
5
8
9
5
3
11
8
9
8
5
7
7
11
9
4
2
7
10
2
15
5
10
10
6
8
10
4
4
4
5
5
5
2
6
10
7
4
7
4
5
4
4
4
8
5
7
7
3
5
3
7
3
4
6
4
2
4
5
0
6
4
4
5
5
5
6
4
4
5
5
2
3
7
10
4
5
6
1
4
4
4
7
8
6
6
4
7
6
8
1
6
2
3
3
3
8
5
7
1
3
7
9
6
6
4
4
7
2
2
2
4
6
3
9
6
2
6
5
6
4
8
1
5
5
8
11
6
2
6
7
2
4
4
3
8
9
4
11
9
4
6
6
9
7
9
5
2
8
5
2
6
4
10
6
11
9
7
6
5
4
6
3
3
2
5
2
7
7
3
2
5
4
7
5
3
4
8
7
9
1
3
4
0
4
3
3
6
4
3
1
3
2
3
4
3
4
5
9
10
11
3
2
2
3
2
4
6
1
8
4
2
7
4
4
6
4
6
5
7
3
6
6
3
3
5
8
2
6
5
3
4
5
4
3
4
5
2
5
7
1
5
5
5
8
2
5
3
10
7
3
4
4
2
3
3
3
3
3
1
2
6
6
6
13
8
3
7
5
1
4
4
1
1
2
5
4
9
4
5
4
7
4
3
3
2
3
2
7
6
2205
