radiacao de fundo
0
0
0
0
0
0
0
0
0
0
0
0
2
0
43
274
159
97
99
124
120
143
109
97
86
114
101
107
107
92
117
100
97
91
74
86
106
87
96
85
78
98
104
99
90
80
83
104
88
91
90
106
91
95
82
96
92
99
110
99
127
109
140
120
107
135
156
144
138
137
154
166
134
170
173
177
157
165
185
177
184
184
187
185
178
183
212
176
203
197
191
193
197
217
193
203
208
237
194
181
212
212
203
226
203
227
196
193
217
196
204
213
196
210
191
185
201
222
194
205
209
182
171
191
194
193
198
186
213
191
191
176
182
200
171
187
169
192
206
178
188
192
141
154
159
176
176
180
181
182
147
172
158
192
178
144
165
144
171
128
124
150
148
144
138
128
126
127
127
147
148
147
136
113
121
121
119
126
115
98
128
116
118
108
102
116
90
102
114
97
109
103
90
123
104
92
95
103
97
90
88
87
84
92
95
80
105
76
73
75
91
76
94
75
78
79
75
73
79
74
69
88
78
90
63
68
77
70
50
64
75
85
60
69
55
72
61
72
111
53
77
83
59
59
56
49
56
71
74
52
49
56
62
59
47
57
56
61
66
43
60
60
49
34
48
32
50
54
50
46
54
43
46
51
52
41
51
46
49
49
50
44
38
43
41
40
33
48
42
44
40
58
54
36
34
42
43
38
26
35
44
38
31
32
40
25
33
31
29
33
31
30
41
31
37
35
30
35
29
38
38
33
24
37
39
32
33
33
37
36
25
21
26
24
33
25
27
34
24
21
24
26
31
25
22
65
42
26
30
34
43
30
21
24
27
22
23
23
17
28
27
11
22
26
22
15
27
31
17
22
23
20
20
23
23
23
24
24
23
17
20
14
20
12
17
20
24
19
16
21
18
24
17
18
23
18
13
14
14
20
30
21
19
25
16
22
17
17
15
11
20
12
14
19
14
13
20
18
16
18
21
11
19
10
20
17
14
22
19
13
12
18
13
18
9
14
14
24
13
12
16
11
14
7
18
10
18
18
14
17
20
15
15
14
17
9
18
14
16
16
13
19
16
9
19
17
11
24
12
12
14
10
13
9
13
18
19
10
14
14
18
8
8
13
11
16
6
16
9
11
19
13
12
17
22
25
27
25
10
11
12
17
16
14
10
14
13
8
13
14
7
14
10
13
2
9
14
13
7
14
12
11
11
10
13
14
6
11
9
13
15
8
5
9
17
10
10
13
9
8
20
10
14
9
11
7
7
16
5
9
8
11
8
13
13
10
10
10
14
9
9
16
11
11
12
24
7
14
6
10
4
6
8
15
14
4
8
8
12
11
8
5
11
15
5
10
10
10
12
31
29
14
3
8
10
9
9
17
13
11
11
4
8
6
9
8
11
10
10
10
5
11
5
11
4
5
7
11
7
9
13
6
5
11
8
6
6
8
10
13
5
13
5
7
11
8
5
12
5
21
16
10
8
5
11
10
7
13
24
8
11
8
12
6
12
5
8
10
7
9
5
7
8
7
7
8
7
10
14
12
10
5
5
6
3
7
6
9
6
14
6
11
6
9
2
6
13
8
6
7
8
7
5
8
8
4
6
9
10
6
4
4
11
9
10
5
4
2
4
5
4
9
6
7
6
5
6
9
2
1
7
14
8
6
9
11
5
6
12
6
6
8
6
10
3
1
8
4
3
8
7
12
6
8
10
5
3
6
7
4
9
10
3
3
7
7
7
8
6
2
6
7
6
4
5
5
7
7
6
9
8
6
10
9
6
7
7
7
9
7
5
4
6
11
3
8
5
11
6
6
2
12
4
4
6
6
8
1
5
5
8
3
5
7
11
3
5
5
3
2
7
5
3
7
5
8
6
6
10
6
11
3
6
5
4
7
1
8
3
6
7
8
6
5
4
7
6
3
7
6
3
7
9
2
3
8
8
10
4
6
2
4
4
2
3
8
6
8
7
4
4
0
2
7
7
5
1
6
8
6
5
8
5
5
4
7
14
10
2
6
9
3
5
7
5
4
6
6
4
5
7
2
8
6
2
2
3
3
3
7
2
4
4
6
4
4
4
4
5
5
4
4
4
6
2
2
4
5
6
4
7
8
6
3
5
4
8
3
4
9
4
8
6
3
2
5
3
5
5
4
4
4
4
4
2
5
5
4
3
7
2
9
2
4
3
7
5
7
6
4
6
6
6
1
1
7
4
5
4
5
6
5
4
2
4
3
4
3
6
10
7
3
4
5
5
6
5
5
2
7
4
7
5
3
7
5
8
2
3
3
6
5
7
4
8
2
6
5
7
0
8
2
4
2
7
7
5
3
0
6
11
6
5
2334
