radiacao de fundo
0
0
0
0
0
0
0
0
0
0
0
0
9
7
20
242
147
118
116
117
138
127
118
88
82
92
90
87
92
87
102
96
88
98
92
79
101
78
81
83
85
73
99
98
70
76
82
96
70
84
94
71
82
93
83
88
86
77
91
103
95
86
99
101
106
119
121
95
122
112
145
140
139
147
156
139
128
128
154
141
162
141
155
139
193
173
182
174
149
159
166
179
172
191
172
181
180
144
181
199
195
225
208
185
193
188
202
192
169
180
182
174
193
164
180
172
170
189
183
195
196
210
182
181
181
158
175
166
181
196
162
170
186
167
178
177
177
188
170
156
140
153
159
133
166
176
160
151
154
146
170
156
160
166
158
133
149
147
142
133
112
133
92
118
131
120
133
119
125
123
134
111
109
109
106
109
118
116
106
103
99
103
102
105
98
108
114
100
86
102
94
114
91
92
104
106
82
88
78
105
85
97
99
97
98
81
83
77
74
90
93
80
69
67
75
86
76
75
71
82
71
62
75
68
72
83
69
55
82
76
69
68
54
73
70
56
51
53
69
61
71
90
107
58
61
62
62
67
63
60
62
57
58
36
47
43
45
44
53
56
59
39
49
35
51
39
45
44
49
51
39
42
48
43
53
50
47
44
36
32
42
31
34
41
34
24
50
30
30
31
28
30
25
32
41
37
62
41
39
30
34
28
25
32
24
41
24
33
36
30
27
31
31
32
23
36
21
39
27
28
36
27
30
30
20
30
31
35
28
21
30
24
16
28
27
35
27
34
30
27
35
20
21
23
16
23
27
25
17
22
35
47
20
23
15
20
15
20
16
23
22
20
17
13
19
21
22
23
19
21
21
11
19
16
14
14
16
8
17
18
12
20
20
20
26
21
20
27
20
14
19
20
22
23
15
16
20
18
19
25
22
15
19
22
14
18
19
8
15
17
17
18
22
18
14
14
17
16
14
10
22
22
16
19
16
14
17
13
12
15
8
21
18
17
9
18
19
13
14
8
19
16
11
23
16
10
12
21
12
14
8
10
12
15
14
10
17
13
18
14
15
8
17
14
14
5
17
13
12
12
10
7
9
16
10
17
17
13
19
18
9
4
17
12
9
11
9
8
12
16
11
7
10
13
8
8
16
12
13
6
18
7
22
23
28
17
16
9
6
20
6
6
11
10
9
8
11
13
13
11
9
9
15
4
5
10
9
13
4
9
10
10
12
12
8
8
10
14
9
7
4
9
9
8
8
10
5
8
10
10
11
10
9
6
12
3
10
9
7
4
8
8
14
12
9
14
13
9
14
9
10
5
4
24
26
13
7
5
9
7
5
4
10
8
2
4
8
6
12
12
10
11
6
5
5
8
11
12
23
38
12
9
3
12
8
14
7
6
4
4
7
8
8
8
7
13
9
12
8
7
8
9
5
4
9
10
11
6
6
9
5
4
5
11
10
8
8
12
5
14
2
16
12
7
7
6
16
6
13
22
12
9
5
9
10
5
4
2
8
9
12
4
11
8
7
6
7
7
7
5
12
2
7
8
8
4
9
7
8
4
5
3
4
8
3
7
10
11
9
10
6
3
7
5
8
8
7
5
9
4
10
4
2
8
7
5
8
6
3
5
9
7
13
10
9
6
1
5
9
5
10
3
3
4
9
5
3
12
5
9
5
7
5
8
6
8
4
0
10
8
5
6
9
5
2
11
2
2
4
5
5
9
4
7
4
4
4
4
6
6
6
2
3
3
7
9
5
4
6
6
5
5
6
3
9
3
3
2
7
4
5
8
3
9
5
7
4
1
3
3
8
4
6
7
5
3
6
4
11
4
9
7
3
5
4
6
3
4
3
3
2
4
4
5
2
1
6
6
9
3
3
1
6
5
2
8
3
5
5
5
3
3
3
5
6
5
6
6
5
5
1
7
4
0
4
4
3
5
3
4
3
5
2
3
4
7
5
3
5
4
4
7
4
4
5
5
3
3
4
9
4
2
9
5
2
7
9
6
4
13
2
6
2
4
3
7
4
2
8
16
15
7
3
4
2
4
3
6
4
3
5
5
3
7
3
5
2
2
2
5
1
8
8
8
3
5
4
8
5
6
1
4
6
2
1
2
9
4
3
7
2
9
3
4
4
4
6
3
2
3
5
4
5
7
5
10
8
6
5
2
1
2
3
7
6
5
1
4
9
6
9
7
5
3
2
5
1
5
2
5
5
1
2
4
3
6
4
3
5
6
2
1
5
4
7
3
8
6
6
3
7
7
6
1
5
2
1
2
7
1
1
5
4
6
8
2
4
5
5
3
5
3
3
2
1
1
3
4
5
5
3
9
1
2137
