radiacao de fundo
0
0
0
0
0
0
0
0
0
0
0
2
4
1
22
323
195
133
145
176
163
122
125
114
115
114
118
104
118
120
128
114
92
97
80
94
73
84
96
105
118
92
87
114
91
88
82
75
93
105
81
91
106
98
107
91
109
100
109
110
114
117
131
130
140
135
131
133
136
152
154
165
141
147
127
133
149
165
160
173
179
172
189
188
204
174
207
204
177
174
242
220
195
210
240
240
226
213
223
223
205
193
206
183
200
207
212
194
209
213
209
208
186
226
215
202
194
211
213
196
202
170
199
192
193
200
176
173
210
208
194
192
204
211
143
208
195
192
166
185
168
169
154
192
171
206
158
168
154
167
164
178
172
170
156
137
183
182
139
133
139
142
124
154
141
154
103
151
137
144
133
118
134
126
125
120
115
131
129
83
138
121
116
125
123
109
107
98
88
119
122
116
106
109
106
102
104
100
84
80
100
100
99
88
92
84
107
94
82
81
83
86
86
91
93
91
80
89
94
97
83
80
94
82
72
74
80
63
78
67
66
71
64
74
67
75
71
79
66
67
78
121
72
70
66
72
58
53
56
65
51
56
52
54
59
42
50
68
56
45
55
51
45
53
40
47
44
44
55
47
51
49
59
38
43
47
42
39
51
46
40
44
39
42
43
51
41
39
32
40
44
32
39
24
37
52
54
39
34
34
43
34
27
53
37
34
28
28
32
32
39
25
27
29
44
37
23
30
29
27
41
33
28
26
32
25
39
35
27
30
24
34
36
32
32
33
28
32
28
35
26
25
24
30
29
36
23
27
36
46
82
43
24
20
32
28
23
23
30
20
22
20
34
23
28
23
19
25
26
22
27
19
19
24
21
19
30
26
18
14
18
16
24
24
23
14
19
16
22
21
10
20
17
17
18
15
18
20
25
22
22
14
18
24
19
24
16
17
12
15
16
17
13
21
20
25
19
21
18
22
18
15
12
24
23
16
10
29
18
17
13
24
16
14
19
18
17
9
17
13
13
19
15
12
14
15
19
24
13
19
16
10
11
22
14
16
21
17
13
9
11
14
22
12
16
11
25
15
13
12
22
19
10
16
18
15
21
13
16
10
13
15
25
14
6
6
15
7
10
13
13
12
14
14
7
10
15
11
18
10
11
14
29
23
18
23
11
16
18
8
12
8
12
20
10
8
8
13
17
12
12
11
12
11
5
14
4
12
8
16
14
10
10
11
7
4
11
5
13
8
10
12
17
14
8
13
7
9
8
10
12
13
17
11
19
17
11
14
12
7
6
14
4
11
9
11
8
5
14
3
12
10
20
22
15
6
16
8
11
6
12
6
8
14
11
8
8
8
7
11
14
11
10
7
12
5
14
30
42
24
7
9
9
12
9
7
8
11
8
6
14
8
5
5
8
12
9
5
10
3
13
10
6
6
9
12
8
9
6
5
3
2
15
5
5
8
13
13
8
8
6
6
12
11
3
9
5
15
32
16
8
9
8
7
11
10
6
9
7
6
7
7
4
8
4
10
8
10
3
13
6
11
1
8
3
7
12
11
8
7
10
3
6
5
7
8
5
4
4
9
5
10
7
7
5
5
5
7
3
6
7
7
6
8
5
10
10
16
7
8
8
12
7
3
4
5
4
5
5
7
7
7
3
6
6
3
8
7
6
11
4
6
4
8
5
5
6
5
4
3
11
9
5
6
5
7
3
4
7
2
8
1
8
5
11
9
7
10
5
3
5
4
7
5
3
7
9
7
11
9
9
0
9
8
5
9
4
8
6
3
6
5
7
7
5
5
7
7
2
5
1
11
3
9
4
7
4
8
0
10
6
5
9
7
3
8
7
2
4
3
4
4
7
7
7
7
3
7
5
4
4
6
4
3
3
5
4
3
4
2
7
4
7
4
6
3
3
6
7
4
2
6
1
6
1
7
2
6
6
3
9
5
4
7
7
2
8
7
5
7
2
3
4
4
7
7
5
8
7
3
3
10
4
5
8
3
6
4
3
7
4
2
2
5
10
7
6
7
10
8
11
5
1
4
3
4
1
5
7
1
5
4
3
3
5
6
4
5
7
7
5
4
2
4
6
6
5
4
2
1
7
7
2
4
3
4
3
5
7
6
3
10
3
4
4
5
5
12
4
6
10
7
7
11
8
4
5
4
6
3
4
1
4
1
4
6
3
7
4
4
2
4
5
6
7
6
2
3
6
4
4
6
6
3
6
7
4
3
4
4
7
6
4
2
2
7
5
3
9
3
5
3
5
2
5
2
5
3
3
2
6
4
3
2
4
6
7
5
5
8
4
4
2
4
6
1
9
3
3
3
5
6
9
2390
