radiacao de fundo
0
0
0
0
0
0
0
0
0
0
0
0
1
0
27
266
125
87
85
114
109
101
90
102
56
91
83
88
99
91
89
101
68
77
66
79
89
87
69
73
69
95
84
91
71
67
64
72
58
57
75
88
92
68
86
78
90
96
109
78
110
87
93
106
116
114
101
113
118
131
115
128
98
135
147
134
120
125
168
141
149
163
151
133
143
150
180
150
161
178
180
163
176
163
173
169
162
170
164
172
172
175
180
180
139
173
172
170
169
157
171
156
162
163
151
204
155
188
177
161
181
213
174
160
152
155
171
167
176
169
169
159
170
158
156
158
169
158
152
161
139
160
163
175
155
145
142
130
128
145
135
160
149
140
131
114
159
111
123
144
127
131
108
110
123
98
104
112
115
115
108
90
117
123
128
93
103
92
79
98
101
101
104
109
100
108
87
83
88
78
93
101
92
99
85
70
83
91
79
86
80
83
76
77
90
63
80
82
80
69
89
65
71
80
76
57
60
68
69
68
75
58
89
53
64
69
45
56
59
66
60
66
74
58
64
68
48
51
63
48
73
115
76
49
57
63
59
58
42
48
38
48
54
39
47
33
53
40
37
36
40
42
40
39
50
47
34
34
38
38
46
39
46
38
47
33
33
32
35
37
41
35
36
32
34
29
38
40
31
27
36
41
26
22
27
60
50
34
27
39
29
28
27
29
36
36
28
30
31
25
28
32
42
26
36
33
24
29
31
35
23
32
30
21
30
30
27
28
25
28
19
20
26
21
28
21
33
28
25
24
17
23
25
23
22
18
23
19
27
38
56
24
28
19
13
20
21
18
27
15
28
21
17
17
14
20
18
19
24
22
22
20
19
27
25
12
23
16
13
19
17
18
15
20
14
15
20
19
13
13
12
21
21
15
14
19
17
12
17
15
14
17
13
15
17
24
11
17
15
14
10
10
20
8
16
13
12
10
16
16
10
12
16
14
12
13
11
8
18
17
11
15
16
21
15
15
14
14
12
12
12
12
13
13
12
16
14
15
10
15
15
16
10
13
13
13
16
14
15
9
13
15
14
12
9
10
11
6
9
8
11
14
10
17
13
11
6
17
15
11
5
7
17
7
13
9
15
7
3
14
11
6
12
9
10
11
10
8
12
13
16
17
21
29
13
8
16
9
7
6
9
8
18
7
14
8
14
9
10
16
9
7
13
9
8
8
9
8
8
5
5
6
11
11
15
6
3
13
7
8
3
1
11
4
14
9
9
10
7
9
6
5
8
11
12
5
8
8
12
7
10
10
9
6
7
11
8
7
6
13
10
12
18
29
8
5
13
9
14
6
3
9
5
3
8
6
8
8
8
12
5
9
7
6
11
14
17
17
34
15
13
8
6
5
5
7
10
8
11
7
8
11
6
9
4
10
8
8
5
8
7
6
7
8
6
14
9
5
11
5
8
10
6
7
8
7
7
7
7
7
8
6
7
10
6
7
10
13
20
12
6
6
5
11
8
9
5
7
5
5
5
8
7
10
2
3
6
4
9
6
5
4
10
5
11
4
4
8
5
4
6
5
6
9
3
6
4
7
6
4
7
9
4
3
8
9
8
9
5
4
4
5
6
4
5
4
3
8
2
5
7
7
12
6
3
2
6
6
5
6
6
4
6
9
2
8
6
3
4
8
5
3
6
4
8
2
8
2
5
7
9
5
5
2
2
3
5
10
4
5
7
8
5
1
4
3
2
9
4
5
3
5
2
4
7
5
4
4
6
8
5
4
4
5
4
4
5
3
6
4
8
6
5
3
4
4
4
5
4
6
5
6
3
3
4
3
5
3
4
5
1
6
7
5
1
2
5
2
3
4
5
9
4
7
6
7
5
3
2
3
2
6
4
8
3
5
4
0
4
11
2
1
4
6
4
1
7
0
6
5
8
7
8
4
5
2
1
5
5
11
4
4
6
3
5
5
9
3
4
2
3
4
3
1
0
6
2
2
6
4
7
3
4
4
3
5
7
3
8
5
2
5
5
3
3
7
6
11
11
5
8
3
5
7
3
2
4
1
2
4
0
2
3
5
8
2
1
5
8
3
1
9
3
3
4
3
3
5
6
6
2
3
4
8
3
5
8
1
3
5
4
10
6
6
3
5
5
4
6
1
5
3
6
8
6
8
6
1
0
5
5
7
4
6
3
6
0
2
9
5
1
6
2
3
5
5
3
4
5
1
1
2
1
3
1
4
5
2
4
8
6
3
4
4
3
3
3
3
4
3
3
1
2
5
3
3
5
5
2
6
5
5
3
7
3
2
4
3
4
1
6
3
8
3
3
7
3
6
2
4
3
3
1
1982
