radiacao de fundo
0
0
0
0
0
0
0
0
0
0
0
0
3
2
42
273
171
100
133
133
154
113
120
112
96
93
125
91
108
112
87
108
93
91
74
89
97
105
102
91
84
94
106
86
83
68
95
88
112
87
107
106
98
84
87
104
99
101
100
87
111
128
117
121
133
147
119
154
138
163
146
158
151
167
159
169
154
173
167
180
178
179
170
198
163
199
198
209
171
173
206
214
208
178
180
203
227
218
212
205
214
215
195
200
195
231
205
195
205
200
198
204
204
184
205
229
188
201
195
232
209
238
221
211
193
191
205
201
216
181
196
173
179
179
186
216
179
164
194
164
166
166
187
180
170
189
177
166
154
147
191
174
152
151
165
148
123
142
142
134
156
140
134
143
135
128
148
138
129
123
117
119
128
111
113
130
119
124
112
107
114
104
101
129
98
111
121
110
117
99
104
101
92
112
113
83
84
107
83
125
84
94
104
90
98
94
87
95
80
85
96
94
81
71
80
71
73
72
90
84
80
77
86
75
69
86
72
70
80
68
71
64
52
74
66
61
63
69
133
75
65
101
62
56
65
44
54
58
48
77
54
60
43
52
48
59
65
46
71
58
52
35
46
63
47
45
45
41
47
34
43
45
60
60
50
51
34
45
43
45
40
52
40
40
41
43
38
36
44
45
43
50
67
40
35
26
32
27
45
39
39
36
29
36
38
27
32
23
34
38
37
35
39
42
29
24
27
21
31
40
27
39
30
32
22
32
23
31
25
35
32
24
40
34
23
13
31
34
28
20
30
20
23
27
30
65
57
25
27
23
37
19
19
26
25
36
17
16
23
22
25
33
21
18
16
20
24
20
26
26
26
17
21
17
10
22
25
21
24
17
17
21
17
13
18
21
15
21
16
18
24
17
19
19
16
22
19
16
14
19
19
27
21
23
25
13
29
16
22
14
7
15
20
16
17
9
24
19
23
16
19
14
19
29
22
18
12
13
19
25
14
14
12
15
12
15
19
16
20
24
14
13
17
17
22
15
9
16
17
18
16
15
12
20
21
10
17
18
14
18
17
14
7
11
11
16
13
12
12
10
8
14
10
21
16
17
10
12
20
15
12
7
9
10
14
11
14
13
13
17
9
14
14
5
20
21
24
33
13
17
6
15
10
14
10
12
16
9
8
6
16
11
15
6
17
9
16
10
11
12
13
14
9
12
7
9
6
10
9
6
5
14
10
15
17
7
8
12
10
11
10
11
7
9
11
11
7
8
13
10
13
8
16
7
5
9
6
7
11
11
9
8
20
10
25
23
22
15
5
8
7
10
12
5
10
12
8
12
6
11
10
5
8
11
7
17
14
11
16
24
35
23
7
7
6
15
3
15
5
9
4
5
7
5
3
8
8
6
5
9
6
9
8
6
10
5
6
12
8
8
10
10
11
9
5
5
6
11
15
6
7
14
12
9
7
7
7
5
10
28
26
10
9
11
4
10
8
15
8
8
9
4
9
5
6
7
8
3
14
5
7
6
7
7
9
3
7
5
2
5
6
7
8
2
5
8
6
4
12
5
4
5
5
7
5
7
5
6
6
4
10
14
7
4
5
8
6
6
8
18
3
13
12
5
6
7
3
7
3
3
3
9
7
5
4
8
8
9
5
5
7
10
9
5
3
5
8
4
6
7
12
8
3
7
7
7
7
5
4
7
14
6
5
4
5
3
8
9
5
9
9
5
6
5
6
3
7
8
6
4
5
5
6
5
4
12
5
6
3
6
7
7
4
6
4
6
7
5
9
3
7
4
6
5
2
4
4
6
6
5
6
7
5
5
8
6
5
3
8
4
9
5
7
2
5
9
3
8
6
3
5
5
3
6
6
4
3
7
6
4
5
8
8
2
4
1
6
8
12
5
11
3
1
4
6
4
3
8
6
3
3
5
9
5
4
7
6
6
4
3
5
5
4
6
5
5
4
2
6
11
6
7
4
8
6
4
1
9
3
8
4
5
9
10
7
7
12
11
9
1
4
4
4
5
6
5
5
8
3
3
6
7
7
2
5
6
3
8
5
5
8
4
4
9
6
6
2
5
4
4
5
7
4
7
6
7
3
7
9
6
7
5
7
3
4
8
7
9
11
4
10
8
3
5
10
3
5
2
6
4
7
3
5
3
5
2
5
3
7
6
7
6
4
4
0
3
6
4
6
2
5
7
7
8
6
6
9
7
3
4
2
5
5
5
6
4
2
3
6
2
4
1
2
4
6
4
1
7
5
3
4
5
7
6
3
5
4
1
5
12
3
2
4
5
3
2
4
2
6
3
12
4
7
7
2
2
6
3
4
6
3
4
5
2335
