radiacao de fundo
0
0
0
0
0
0
0
0
0
0
0
0
6
2
29
245
148
88
125
127
146
136
109
90
97
105
93
87
125
105
100
102
93
99
102
89
108
96
81
96
94
90
103
119
97
98
74
77
85
96
94
88
108
111
80
101
95
92
120
110
116
135
122
131
138
129
140
160
141
150
156
171
176
159
171
165
151
168
164
164
162
196
198
177
202
182
170
195
199
185
213
203
191
199
210
220
228
207
203
221
223
204
220
223
207
212
205
219
202
209
229
210
225
200
195
184
211
197
188
215
194
208
198
195
198
225
195
212
198
195
183
194
201
165
173
191
184
164
182
166
193
178
183
166
189
183
164
160
177
172
161
177
156
166
150
135
163
172
155
160
152
159
128
128
134
130
127
138
147
118
125
136
135
105
122
109
115
111
111
100
126
114
103
128
102
100
100
110
112
102
107
108
72
107
109
105
102
104
91
96
93
109
97
78
102
76
87
90
79
79
105
67
100
79
70
84
81
70
71
66
80
68
67
70
69
65
75
72
57
56
63
67
80
60
75
71
66
60
124
63
68
65
63
60
47
60
61
54
69
53
47
51
53
52
66
59
69
50
65
42
51
46
37
46
55
35
58
40
54
44
45
64
54
55
51
37
43
29
50
38
41
47
39
52
46
43
40
29
35
35
31
67
59
45
41
42
30
27
33
40
40
36
40
31
33
33
28
34
32
39
25
29
31
28
44
42
24
37
37
26
34
37
24
45
23
29
23
29
33
31
37
33
40
30
28
22
35
29
33
25
27
22
40
19
22
66
60
27
30
19
28
23
21
24
30
27
25
20
23
20
15
31
20
17
24
28
19
25
15
17
20
21
19
18
23
17
19
22
24
20
24
21
35
24
23
23
15
27
24
20
18
20
26
20
25
19
17
15
20
22
18
22
27
21
18
18
18
16
19
20
12
15
16
26
20
21
20
22
23
19
18
19
18
10
16
5
20
15
18
16
13
17
22
21
19
11
19
13
20
16
15
12
12
16
15
10
19
16
18
12
22
21
13
14
19
19
20
18
15
11
17
12
21
11
18
12
19
12
11
14
15
11
14
16
17
10
15
9
9
16
13
11
9
11
15
13
9
15
13
16
13
15
16
15
10
31
25
33
17
12
14
15
15
11
12
15
17
11
7
13
12
10
8
11
8
15
13
14
10
10
17
8
6
11
11
13
10
13
10
18
11
14
6
8
11
15
10
17
9
9
10
10
14
16
7
3
13
7
9
8
10
10
11
10
13
13
11
15
7
16
10
11
13
12
24
20
20
14
9
6
14
8
15
6
9
6
7
5
5
10
13
6
9
5
6
8
11
9
12
29
33
26
12
7
10
13
5
7
11
7
13
9
8
4
12
8
8
8
8
8
6
7
10
7
9
11
13
7
8
7
11
9
6
6
8
5
5
6
9
6
6
12
6
6
7
4
7
6
8
24
25
13
8
4
10
4
5
6
6
10
5
7
12
7
7
8
5
6
10
10
10
0
7
5
9
8
12
17
9
6
6
7
11
6
6
4
6
7
5
4
4
5
10
5
12
6
7
9
9
6
5
5
8
4
7
7
14
4
8
8
7
12
12
11
8
5
5
8
6
3
10
8
3
8
6
11
11
9
4
6
8
7
9
8
4
9
7
6
8
1
4
3
12
5
7
4
6
7
6
6
7
10
5
6
9
9
10
5
4
9
4
5
4
8
3
3
10
9
9
7
8
4
4
7
2
6
9
10
4
10
8
8
8
7
5
3
9
11
4
6
3
4
7
6
5
7
2
3
6
5
5
5
10
4
5
9
5
5
4
7
8
6
7
5
6
7
5
8
5
2
5
4
4
3
4
6
7
6
9
6
6
11
6
7
7
5
5
8
7
13
6
4
2
6
5
6
2
5
5
2
0
5
2
5
3
2
10
6
2
2
3
7
11
3
3
5
7
5
4
1
8
3
6
5
5
4
4
6
6
5
4
4
7
7
3
11
17
9
8
9
4
4
4
5
2
3
4
3
6
4
3
2
6
2
2
6
5
4
10
5
3
7
4
8
2
5
4
2
4
2
4
7
7
5
9
8
4
0
8
5
3
8
5
2
6
5
4
6
2
6
11
8
16
6
3
5
7
4
5
3
8
6
3
3
5
4
1
1
2
5
2
7
4
6
3
2
3
2
7
4
2
4
4
6
6
5
4
6
6
6
6
8
9
4
1
2
5
4
4
5
7
5
3
6
3
6
5
5
7
8
8
5
2
3
6
0
4
3
5
6
3
6
7
4
3
5
5
4
3
6
3
1
4
4
6
2
4
3
7
3
7
8
2
2380
