radiacao de fundo
0
0
0
0
0
0
0
0
0
0
0
0
0
0
87
639
456
250
188
173
177
152
128
102
88
108
88
69
88
107
90
86
78
88
93
89
89
79
84
88
84
84
84
87
73
72
96
72
100
88
67
78
80
76
79
96
81
103
103
104
113
120
110
99
112
107
134
130
141
149
148
152
155
156
128
114
169
139
150
156
127
170
165
167
185
192
163
163
176
186
184
152
170
185
178
188
199
187
176
177
202
186
170
176
174
191
191
215
200
194
162
196
145
169
168
183
181
170
180
161
177
171
150
183
185
177
161
168
187
166
167
169
181
155
178
163
177
164
161
147
165
166
138
155
148
129
167
147
153
139
119
151
145
136
138
150
134
148
144
126
133
129
129
128
121
138
111
114
112
109
124
103
99
99
112
104
94
82
95
105
91
90
91
110
88
100
91
88
118
95
93
104
95
96
93
80
100
81
71
84
85
81
73
78
82
89
88
74
71
77
79
66
69
74
76
62
61
76
67
68
65
74
63
69
70
73
66
65
72
71
71
54
61
63
71
50
53
49
114
70
56
66
54
55
68
51
53
49
59
50
64
42
54
53
43
41
35
48
49
48
39
54
40
35
57
47
46
47
46
43
26
40
44
43
34
50
45
39
39
50
37
43
39
53
33
41
34
38
38
37
30
44
55
34
28
36
24
37
39
25
29
34
33
30
21
21
34
29
32
31
33
33
26
25
28
28
21
21
25
35
20
19
33
31
17
30
21
31
33
21
21
27
28
26
20
20
16
27
20
35
27
25
25
16
22
50
59
30
19
18
26
13
20
19
25
15
22
14
23
13
27
19
17
29
22
19
23
18
18
20
17
25
21
19
18
24
17
17
21
18
27
20
20
28
19
15
20
11
16
22
14
16
15
28
14
20
21
11
12
19
16
13
21
16
20
17
10
18
15
19
20
12
16
11
24
25
12
18
16
19
15
11
17
9
16
18
19
14
9
12
12
19
17
19
14
10
16
15
15
18
14
14
19
8
6
12
17
12
14
20
17
8
15
16
9
18
9
16
14
15
7
12
11
10
18
12
14
12
8
8
14
8
5
11
6
8
17
10
9
8
12
9
10
10
14
10
10
13
5
15
14
12
5
8
7
13
24
32
17
13
13
9
6
6
16
13
16
13
8
6
12
11
16
4
12
4
9
7
7
13
7
10
14
8
9
14
12
15
9
11
9
6
12
13
9
8
10
5
14
14
5
6
7
10
10
14
9
7
6
13
11
9
10
7
13
11
10
3
4
7
15
6
8
17
25
15
14
15
5
11
7
5
5
6
9
5
6
7
5
7
9
9
7
11
15
10
4
3
13
19
37
16
14
4
5
7
8
5
7
5
5
6
10
5
6
9
6
5
4
8
8
8
3
7
14
6
4
9
10
4
6
7
7
6
9
9
7
7
10
11
12
6
8
3
4
8
5
6
5
17
19
17
6
6
7
6
9
7
6
6
7
2
9
5
9
6
5
8
10
7
5
4
5
6
4
6
7
3
5
13
6
3
5
9
5
7
8
6
6
8
5
8
7
8
6
9
1
5
4
3
9
5
6
1
6
4
6
3
3
6
9
9
8
8
6
9
9
6
5
8
3
5
5
4
8
3
5
5
12
2
4
7
5
4
8
7
3
1
8
4
6
7
5
7
7
10
11
7
6
3
5
4
7
10
4
9
5
7
2
9
7
10
2
8
5
3
8
2
3
3
4
7
8
3
4
4
4
6
6
7
6
5
2
7
3
5
3
5
1
5
2
6
5
4
3
2
5
5
3
3
7
3
4
4
3
4
10
8
5
5
10
4
7
3
4
9
3
4
7
6
6
8
4
6
5
4
8
8
2
6
3
6
6
5
5
3
5
9
7
5
7
4
3
1
5
3
6
2
5
11
5
6
7
5
5
5
7
5
4
3
4
4
4
5
3
4
6
6
7
7
10
4
2
2
6
5
3
7
5
5
9
4
2
4
3
5
9
9
12
6
6
3
6
6
5
6
2
5
4
5
6
4
4
4
4
6
4
9
7
5
2
4
4
9
4
3
4
2
6
3
9
4
5
4
5
3
4
7
6
2
2
3
3
3
3
4
4
8
6
3
7
7
8
5
8
1
4
7
3
4
1
8
3
4
3
6
5
5
7
1
6
2
1
3
2
2
2
4
2
1
5
5
6
3
6
4
2
4
2
6
5
6
3
3
5
3
5
6
1
3
4
5
3
4
3
7
3
5
2
5
5
3
4
0
4
3
8
4
1
2
10
5
10
4
1
4
2
5
3
4
6
3
4
5
6
3
3
4
4
6
1
6
6
2008
