radiacao de fundo
0
0
0
0
0
0
0
0
0
0
0
0
3
1
22
254
154
120
91
100
117
137
116
93
73
88
97
105
89
107
89
84
107
83
81
79
79
94
93
72
97
83
87
92
77
80
81
93
75
87
84
86
86
82
108
99
95
103
96
105
126
120
115
111
120
134
128
136
134
132
140
119
151
118
160
144
138
165
157
157
155
152
169
163
210
202
172
179
174
171
191
183
192
184
201
172
198
193
184
188
194
189
211
159
190
176
194
186
211
198
208
171
190
199
210
205
203
227
190
217
196
219
191
199
198
187
177
170
207
208
187
224
176
165
176
164
188
169
169
165
160
171
166
165
171
171
186
127
160
140
167
146
162
155
161
128
179
153
155
131
145
157
133
112
139
127
130
158
131
104
135
117
117
95
133
124
127
122
108
137
118
99
112
108
97
94
123
100
101
90
114
114
87
111
88
87
78
93
112
79
87
93
93
98
80
69
104
72
72
92
65
95
80
98
72
84
82
82
74
72
71
59
69
80
55
76
69
63
65
83
72
66
72
64
74
65
57
64
69
69
58
107
75
63
67
62
56
63
46
47
56
50
47
57
48
44
65
55
44
53
44
48
48
50
29
38
52
47
44
46
52
52
45
51
44
39
36
43
43
43
42
36
36
31
48
37
39
30
42
41
41
28
39
41
30
54
56
30
35
27
27
41
42
32
32
32
36
35
38
35
25
32
34
28
32
33
24
24
29
34
37
28
21
40
32
31
37
31
27
33
20
24
30
29
29
32
30
38
28
24
28
24
26
22
30
23
29
19
21
30
85
25
21
19
24
23
18
17
29
16
21
19
15
20
24
18
17
25
18
18
15
26
28
21
21
24
15
17
24
26
21
20
25
17
18
16
21
19
23
15
14
17
16
18
13
27
30
17
23
16
17
12
26
15
15
13
21
9
17
18
11
16
17
12
15
16
16
17
15
9
23
16
14
15
17
19
19
14
22
19
14
14
18
13
22
12
20
23
18
11
16
13
15
12
9
4
16
22
8
13
14
11
17
8
16
29
12
15
14
8
8
15
15
20
16
14
13
16
11
15
17
9
10
17
12
12
13
13
15
12
8
12
13
15
11
12
13
23
17
11
9
17
14
8
17
6
11
15
14
18
15
15
26
30
15
17
14
9
7
13
8
15
9
12
11
13
13
10
18
15
10
9
7
10
10
10
9
9
14
14
5
16
8
16
11
10
11
13
6
15
12
7
10
6
10
12
11
11
11
9
12
7
14
14
10
5
7
5
11
14
15
16
10
10
9
5
6
4
11
11
11
15
22
21
10
10
15
5
11
14
8
7
7
16
7
6
10
5
5
9
5
11
6
11
7
11
14
39
40
13
10
5
3
10
8
10
8
9
7
8
17
14
4
1
5
7
9
9
5
8
8
8
3
9
6
5
8
9
9
7
10
10
10
11
8
3
12
7
7
4
11
6
7
4
9
8
4
22
25
13
15
10
6
8
5
6
10
9
3
9
6
8
9
13
4
9
3
5
13
5
3
8
9
4
6
5
6
6
5
6
8
7
7
5
10
10
8
5
4
7
5
4
8
5
6
6
9
7
8
8
5
3
8
7
11
7
3
3
10
8
10
7
17
13
5
14
3
7
10
11
6
5
8
3
8
9
9
5
11
10
8
5
2
7
4
6
2
8
4
7
5
6
10
3
9
6
10
7
9
10
9
4
6
4
8
10
5
11
4
6
7
8
1
6
6
6
5
6
6
3
5
7
7
6
5
5
6
5
5
3
5
4
4
2
1
3
7
4
6
5
7
4
10
4
2
6
8
3
5
5
3
8
2
4
5
3
3
5
7
5
5
3
6
2
3
6
8
13
8
5
6
8
6
2
6
6
2
3
4
1
3
4
7
7
2
7
2
6
4
5
9
4
6
7
3
9
2
6
5
5
5
6
3
9
5
6
5
6
8
3
7
6
5
2
6
6
3
7
6
3
6
2
3
4
4
5
4
5
7
5
8
4
6
7
1
5
7
14
9
10
7
5
3
4
6
4
6
5
4
4
4
5
3
8
4
4
5
4
4
3
6
7
4
4
3
5
5
5
6
8
5
2
4
7
3
2
5
3
5
4
3
3
7
5
3
3
7
4
9
8
7
4
7
6
8
10
9
1
3
5
3
5
6
4
6
4
6
0
5
6
4
5
5
4
3
3
5
6
3
3
6
10
6
8
6
2
4
5
3
3
4
2
6
2
4
4
3
8
3
6
4
4
2
7
3
1
6
4
6
5
4
4
4
4
5
2
4
3
4
4
2
6
2
1
3
5
5
2
1
8
2
4
3
2272
