radiacao de fundo
0
0
0
0
0
0
0
0
0
0
0
0
7
0
26
205
190
111
143
170
157
135
128
88
108
87
104
112
128
115
98
90
74
122
94
94
86
102
88
99
81
98
90
103
69
85
101
110
81
89
97
102
99
92
80
119
108
102
102
113
115
140
114
132
132
132
142
136
147
132
154
156
154
173
143
157
149
150
170
186
203
211
173
160
210
187
216
193
173
199
198
178
174
214
213
218
218
206
218
190
199
186
187
202
236
213
222
210
199
170
217
172
199
203
191
208
191
216
209
222
222
212
206
199
188
174
190
191
201
236
190
184
192
156
187
189
195
181
164
187
191
166
182
195
166
170
157
138
173
143
182
160
155
174
141
150
152
136
159
151
182
150
143
135
146
135
119
131
143
157
114
134
133
126
133
128
134
155
125
120
118
122
118
115
115
104
124
108
106
114
111
118
104
90
83
122
100
83
89
104
108
140
105
100
114
110
104
93
106
104
99
96
102
74
91
85
87
89
79
88
80
67
66
62
84
80
66
60
78
68
69
69
61
87
68
69
70
61
68
65
76
112
67
60
83
58
43
62
56
66
57
54
57
52
39
47
37
42
50
54
55
59
36
46
48
38
51
36
58
50
39
45
56
39
44
40
51
37
50
46
42
27
48
44
37
40
49
36
45
43
45
29
30
34
38
64
62
43
42
37
29
41
29
43
40
38
29
30
38
46
37
23
29
26
29
35
27
29
37
38
26
29
31
22
21
33
34
28
22
26
24
47
18
20
26
25
21
39
34
24
21
28
27
26
22
32
25
30
27
26
75
39
25
32
19
14
37
26
19
25
24
17
20
26
15
14
24
22
21
26
19
19
27
22
29
24
20
26
28
22
19
16
20
17
16
23
28
15
29
11
27
24
20
27
17
26
22
15
21
16
22
17
15
7
21
18
19
16
19
12
17
16
16
14
15
21
22
20
13
28
23
24
20
20
11
20
13
20
10
16
19
16
30
19
16
16
14
13
15
17
11
13
15
14
12
15
19
19
11
12
16
13
13
11
20
25
17
26
17
15
14
16
15
16
18
18
15
10
12
13
15
10
10
15
9
16
12
22
13
10
17
9
17
8
7
15
13
21
10
15
11
13
8
11
21
10
11
13
11
15
11
19
28
46
24
14
11
8
15
10
10
6
13
9
8
10
15
9
11
3
12
4
10
11
11
5
16
5
8
9
14
22
17
6
11
4
8
12
7
16
10
10
10
15
5
7
12
10
13
12
10
11
10
15
13
9
12
7
12
13
11
9
10
12
14
11
12
7
3
7
10
8
21
18
16
12
7
11
12
13
13
11
7
8
6
11
6
5
13
5
12
11
9
7
14
11
15
22
36
25
10
8
10
9
9
12
6
5
8
5
4
9
8
11
7
2
9
10
7
11
9
10
9
8
14
10
9
6
13
10
14
6
10
8
8
5
8
11
6
5
6
8
5
8
10
10
10
18
26
16
13
6
10
9
8
10
3
7
4
10
10
14
7
5
2
9
4
8
6
6
9
4
5
8
10
11
7
7
9
12
7
8
4
9
6
6
8
9
6
14
5
6
6
11
6
7
2
2
6
5
3
6
6
9
7
12
5
10
5
13
7
14
8
13
6
12
6
3
9
9
8
9
6
6
2
9
5
4
8
4
9
3
5
6
12
12
10
9
10
6
8
6
7
6
1
3
4
5
8
6
4
9
9
3
4
10
5
4
5
3
5
9
3
3
7
10
13
7
7
5
9
6
6
10
2
7
7
4
5
5
10
5
6
8
3
6
6
2
11
5
6
8
1
7
10
5
7
8
10
2
7
4
3
5
4
3
2
8
6
5
5
1
7
4
6
6
8
3
2
3
6
5
6
3
5
8
6
5
6
5
6
5
5
7
11
4
5
4
6
7
7
8
3
4
6
5
3
11
3
5
14
8
8
4
1
5
8
5
2
7
4
2
6
7
5
6
2
6
8
4
1
6
5
5
6
7
1
13
5
7
6
9
9
2
6
7
12
6
9
10
5
3
10
3
4
4
6
3
3
4
4
5
3
6
4
6
3
4
4
3
8
9
7
1
11
8
7
3
5
4
3
4
6
4
0
3
3
7
6
4
2
5
5
3
8
5
2
8
6
9
7
8
7
9
9
7
4
9
3
3
6
4
5
2
2
6
6
1
5
5
5
5
4
6
4
10
2
10
5
4
1
5
4
0
13
3
2
3
2
5
9
3
8
3
4
4
1
3
6
5
5
3
0
5
7
5
2
3
1
5
4
4
4
4
4
4
4
4
6
3
3
2
6
6
5
6
3
5
6
3
5
2
2
2423
