radiacao de fundo
0
0
0
0
0
0
0
0
0
0
0
0
3
1
18
281
117
99
104
143
143
124
117
98
92
90
97
103
97
107
107
107
109
87
106
92
77
100
89
110
94
82
79
121
85
98
71
79
75
96
71
99
90
89
87
97
108
112
102
132
105
99
125
107
118
118
101
118
153
137
121
164
163
153
139
164
164
152
168
188
179
167
178
179
197
177
199
170
199
186
197
236
192
197
194
200
199
207
229
181
209
197
211
212
222
209
210
204
213
204
216
182
205
225
177
209
197
213
177
213
209
184
202
212
188
199
177
181
210
189
225
176
186
183
187
200
169
183
182
190
189
185
146
167
151
161
154
144
162
193
166
159
167
141
165
131
141
133
149
158
146
139
142
136
149
139
128
115
130
121
146
117
110
120
121
132
116
127
115
106
108
111
102
128
122
98
101
89
116
97
96
96
81
102
95
94
101
90
110
109
87
75
78
79
100
105
78
80
82
99
93
88
82
79
91
98
58
83
63
77
63
74
69
86
83
71
80
61
56
72
80
84
67
74
64
63
60
45
68
51
79
112
58
61
76
54
70
51
60
59
62
64
56
39
54
56
50
51
54
40
56
50
54
49
42
46
51
33
64
54
40
54
54
46
44
44
37
43
53
45
49
37
31
45
36
51
36
42
44
56
49
46
25
35
40
55
54
41
38
22
39
25
29
34
31
28
36
37
31
24
37
33
30
25
25
32
32
35
28
28
36
29
17
28
26
34
27
28
31
32
37
19
29
30
43
35
38
41
34
32
33
21
26
27
14
23
27
23
17
48
49
31
20
19
28
14
28
16
37
18
29
25
23
18
20
24
20
17
15
25
19
14
19
28
27
23
23
22
16
25
18
10
16
25
20
29
21
14
16
15
26
17
19
20
13
16
24
24
21
29
17
11
23
15
31
23
18
16
11
20
17
18
29
14
11
15
18
18
23
15
17
19
21
11
15
21
19
13
11
14
18
10
28
19
23
16
16
23
14
23
7
18
14
15
22
19
15
15
19
26
15
23
12
15
9
13
17
14
14
18
13
8
16
10
16
12
13
12
14
20
12
15
16
10
14
14
14
11
11
13
15
16
17
23
9
12
16
16
18
14
15
12
21
15
5
9
11
13
11
12
12
17
28
31
23
16
11
8
14
14
14
17
13
9
10
19
12
12
13
21
10
11
12
15
21
12
13
10
9
14
5
11
4
16
12
12
13
7
15
11
11
16
17
14
16
17
13
7
11
6
10
12
12
9
6
13
8
3
12
8
16
7
10
14
16
14
10
8
8
8
17
21
26
14
15
10
11
10
7
5
7
12
8
7
9
8
7
6
13
8
5
13
9
10
13
8
27
33
18
12
14
11
9
7
10
13
6
6
10
4
10
5
9
6
13
6
6
8
11
8
4
10
11
8
5
4
10
9
6
8
6
5
11
6
3
8
6
14
5
10
5
9
13
4
7
14
12
28
20
10
7
6
6
4
10
8
6
6
5
7
9
9
5
3
8
10
7
8
8
5
5
9
7
9
8
6
6
0
8
9
4
7
8
10
10
3
12
9
7
2
9
8
6
3
8
4
8
5
10
11
4
4
7
6
6
3
7
5
7
9
13
7
8
7
8
6
7
4
8
10
11
10
8
6
5
8
4
7
5
5
6
11
4
2
8
11
4
5
4
6
5
4
5
3
9
3
4
12
5
8
13
6
6
8
9
10
7
10
7
8
8
5
10
6
5
10
7
7
6
1
11
3
6
6
6
10
9
8
14
8
6
7
7
0
10
4
4
7
6
6
7
3
7
6
5
7
9
2
6
2
3
3
6
8
6
7
6
3
7
8
7
8
4
12
5
6
2
4
5
4
3
4
4
2
4
8
9
7
7
5
4
3
3
3
3
3
2
5
5
9
6
2
6
4
7
5
5
4
2
2
6
5
5
8
4
5
4
10
6
8
5
4
8
3
7
4
7
1
5
8
1
4
3
8
7
4
5
0
3
6
7
4
4
5
10
2
8
17
12
4
6
8
8
4
7
5
4
6
1
3
6
2
3
6
5
2
5
6
3
4
4
4
6
7
6
2
4
6
5
0
2
6
7
6
4
6
6
6
11
5
5
3
3
5
4
5
4
5
2
5
3
9
6
4
7
4
7
2
6
5
5
5
6
7
2
5
4
6
3
8
1
6
3
5
4
3
5
5
4
3
4
5
7
7
3
1
2
2
1
5
8
4
7
8
6
4
5
5
3
6
5
5
3
1
3
2
4
4
5
4
6
3
1
5
2
3
4
6
4
4
2
4
4
3
4
6
5
5
4
1
10
4
4
2456
