radiacao de fundo
0
0
0
0
0
0
0
0
0
0
0
0
9
5
26
231
166
110
124
130
146
157
139
114
97
99
91
111
132
108
113
105
113
107
88
87
101
99
106
89
92
98
106
133
98
81
100
93
89
97
84
90
98
90
103
107
107
117
107
106
112
119
130
138
127
137
130
159
149
135
134
155
136
188
158
181
167
172
164
167
165
173
173
199
216
172
203
165
183
220
195
199
197
203
208
188
215
197
203
177
202
208
235
241
210
193
206
204
211
215
220
210
247
226
218
194
229
190
186
212
229
208
229
203
176
195
217
218
226
209
202
194
236
202
200
211
192
203
201
172
176
167
158
169
190
170
164
160
153
147
158
159
144
178
164
146
149
182
163
150
163
130
135
161
154
153
127
160
165
143
147
133
132
127
137
129
123
122
132
124
90
114
125
110
119
115
129
130
115
136
105
117
109
102
94
95
81
95
90
83
94
120
113
88
79
81
93
109
79
105
97
107
95
113
82
72
93
83
83
71
69
71
89
91
81
65
80
69
87
56
72
57
82
77
72
63
65
59
61
69
72
141
75
65
64
65
67
65
60
49
62
50
52
36
56
60
52
56
60
53
66
38
47
50
41
52
58
52
54
51
52
43
43
49
47
46
42
51
51
39
50
39
54
56
35
38
50
43
33
41
40
35
38
36
42
64
66
52
45
40
45
46
48
33
33
41
41
33
41
31
47
23
42
25
48
33
34
37
38
30
33
29
34
37
33
34
38
32
25
28
28
26
28
34
29
37
33
33
28
28
22
24
22
29
34
36
19
22
28
37
83
40
21
23
19
35
22
25
16
23
36
23
15
18
23
30
24
22
31
21
29
17
17
17
33
27
10
20
22
29
17
10
24
19
19
24
24
15
23
21
26
23
24
8
26
19
16
20
20
25
19
20
21
19
17
25
21
19
21
21
17
19
20
18
12
13
25
15
19
17
18
13
16
21
15
18
21
14
18
17
20
13
14
21
15
14
11
21
16
19
13
17
16
17
22
14
16
18
13
14
18
19
10
20
12
15
22
18
8
15
14
12
20
16
13
14
17
16
14
14
10
12
8
9
12
11
16
17
8
18
19
14
15
12
6
12
14
20
11
22
11
16
12
15
14
22
12
13
21
4
18
14
24
29
16
27
9
11
14
12
12
12
12
11
10
15
10
12
8
10
13
20
4
16
8
13
12
10
6
13
10
6
13
7
7
7
11
13
15
6
11
3
10
11
6
14
8
6
8
11
12
14
12
16
6
10
16
10
7
9
10
13
11
7
12
13
10
9
9
8
12
14
18
26
17
11
9
6
7
10
8
9
13
10
11
7
6
15
10
14
5
13
7
11
8
15
12
31
34
18
14
7
10
9
10
8
7
13
11
7
5
8
10
9
10
5
11
6
9
4
9
14
11
7
8
4
14
11
10
2
8
4
7
5
7
10
10
2
0
7
4
7
12
7
9
11
13
11
38
19
13
10
4
9
16
7
6
1
9
6
6
7
7
11
7
9
8
10
5
10
2
6
8
4
11
11
9
9
10
11
6
11
7
5
11
5
8
5
4
5
7
10
2
5
9
8
4
7
7
3
5
7
5
12
7
5
6
6
9
11
10
15
6
2
4
7
9
8
10
7
6
5
5
6
9
11
9
7
8
6
6
5
9
3
8
4
2
8
6
4
7
11
9
8
11
5
7
7
7
8
4
6
12
6
8
5
3
6
8
11
3
6
4
7
5
2
7
9
8
11
10
5
2
7
7
4
12
6
9
3
4
2
3
2
7
3
6
9
10
6
5
6
9
3
11
9
5
2
14
8
11
7
1
4
3
3
4
2
6
6
7
6
9
1
6
8
2
10
3
8
8
5
11
5
3
4
5
6
6
4
5
9
3
8
7
6
6
5
10
8
5
8
12
9
1
1
3
5
8
11
1
1
6
5
1
7
7
7
5
5
9
3
4
7
2
7
11
5
9
8
8
7
7
4
4
5
8
0
8
4
7
6
8
6
6
4
5
10
14
16
8
3
5
1
6
5
4
5
7
5
3
4
2
1
6
5
8
2
4
8
10
4
12
3
5
1
6
2
5
6
1
5
5
3
3
7
4
7
8
3
5
7
4
4
0
8
4
4
4
9
7
8
7
6
9
5
5
5
5
4
7
5
7
4
6
4
9
6
10
4
6
4
9
4
5
2
4
6
9
11
3
5
6
5
4
3
1
6
3
5
7
3
5
4
3
4
4
4
3
4
1
8
5
3
5
4
4
4
4
5
6
5
3
1
3
3
2
4
5
3
5
6
8
6
2
9
2
5
10
4
10
5
135
2310
