radiacao de fundo
0
0
0
0
0
0
0
0
0
0
0
0
4
1
35
228
130
106
88
129
135
140
122
91
87
99
105
113
112
104
107
100
111
106
117
82
86
98
104
100
84
76
109
100
71
82
75
82
73
93
108
100
95
109
105
96
99
103
108
102
97
119
122
112
106
121
125
140
134
137
150
141
135
154
157
171
176
180
181
184
158
185
182
152
185
216
204
201
203
184
180
182
198
195
221
210
213
208
191
224
210
211
195
231
203
204
209
174
197
188
203
197
183
195
219
210
198
229
221
209
227
200
199
176
185
218
220
204
216
201
193
179
195
172
198
190
175
204
161
166
171
189
184
162
163
180
186
153
154
137
171
156
163
148
168
156
147
160
159
156
155
148
133
140
115
133
140
117
137
152
134
138
124
108
115
111
134
117
105
100
133
122
116
135
111
127
114
103
106
113
102
130
116
80
118
113
99
105
99
100
97
95
99
91
97
101
101
83
75
94
93
85
84
86
77
73
78
87
82
78
82
68
83
81
59
82
70
73
77
63
56
79
76
70
53
72
64
63
84
70
72
118
77
73
72
62
57
48
49
47
55
56
58
34
51
54
50
49
42
56
51
40
45
50
51
59
55
41
46
51
45
54
62
40
42
53
38
45
44
38
38
38
28
41
49
32
41
43
41
28
36
28
40
41
32
52
52
37
43
28
38
40
44
43
36
35
37
32
48
31
27
37
32
40
32
36
41
31
36
35
22
46
26
29
36
33
30
42
32
24
33
32
27
35
35
28
23
48
24
37
32
30
22
27
21
27
36
23
23
40
84
36
22
26
31
24
19
34
28
31
21
23
28
21
23
22
26
27
29
24
19
25
18
17
18
19
19
20
18
22
19
28
22
17
20
17
23
17
26
17
17
20
16
24
23
17
21
20
22
28
20
21
21
18
20
14
26
24
18
12
23
8
20
19
21
19
16
16
16
15
17
16
12
21
20
16
18
15
20
21
12
17
16
19
15
14
10
18
15
9
12
20
22
12
14
15
14
14
22
14
18
15
12
7
12
16
21
18
20
13
8
14
19
15
11
13
17
12
17
15
18
15
17
14
11
12
15
15
8
7
12
17
15
14
13
15
9
16
12
6
12
19
5
14
11
10
11
14
16
10
18
23
17
28
18
17
15
19
10
10
12
9
9
8
9
13
12
12
12
11
15
24
11
9
10
10
11
10
12
13
10
13
8
17
10
12
11
15
11
11
12
13
4
6
14
10
11
6
11
11
11
9
13
10
9
12
11
9
9
10
10
13
6
9
9
13
3
9
3
6
11
16
31
21
16
7
8
6
3
11
14
7
7
11
12
10
5
9
15
8
4
9
11
9
13
13
15
47
40
19
10
10
5
12
4
11
5
8
7
10
3
7
7
6
7
7
11
9
7
5
11
4
5
6
8
11
5
8
9
9
9
12
10
7
10
7
10
5
5
5
8
6
8
2
6
6
15
18
39
19
10
8
6
12
6
5
7
8
7
6
8
6
7
3
8
7
5
12
12
4
7
14
11
5
3
8
12
4
4
2
7
8
8
10
6
2
7
4
11
7
5
9
9
6
7
7
7
4
8
7
6
12
7
10
7
9
9
6
8
5
9
12
7
7
4
5
5
5
4
6
4
6
4
5
7
5
9
5
6
3
12
5
10
5
10
6
3
5
5
4
6
7
7
7
6
6
6
8
6
5
11
11
4
2
5
4
6
4
4
4
8
10
8
5
3
1
9
4
8
3
7
6
8
7
3
9
6
5
10
8
7
6
5
6
7
6
5
7
4
9
5
2
6
6
4
3
4
6
3
6
6
5
6
1
7
9
3
5
8
4
3
4
6
3
5
6
5
12
5
2
4
8
1
2
1
5
5
5
4
4
4
12
6
4
6
4
5
5
2
7
3
8
4
5
2
0
10
3
5
2
6
5
4
7
6
4
6
5
4
7
6
4
9
5
7
9
7
2
5
7
5
3
3
8
5
5
1
4
3
7
6
4
6
7
6
9
4
10
16
10
11
4
5
7
7
6
6
7
7
4
5
3
3
6
5
6
5
3
4
9
13
4
4
11
4
2
8
8
7
3
2
1
5
7
7
6
2
4
6
2
6
3
4
4
5
5
4
3
4
7
5
4
6
13
14
4
6
4
2
4
5
2
5
2
5
6
6
1
4
4
5
15
4
1
7
2
5
4
1
4
2
2
3
5
6
7
5
3
5
7
1
5
9
3
4
1
4
4
4
8
5
1
6
3
2
4
5
6
4
6
4
5
5
2
4
3
4
5
3
2
6
3
3
6
6
3
5
3
4
2
5
1
6
2329
