radiacao de fundo
0
0
0
0
0
0
0
0
0
0
0
0
2
2
18
189
140
105
105
126
124
121
118
89
83
83
73
80
85
94
92
110
90
76
81
74
62
80
86
73
74
70
88
95
66
76
78
72
70
75
86
85
78
96
88
79
95
94
112
104
84
95
118
114
105
111
122
122
100
127
150
127
142
134
148
143
156
144
150
155
152
149
139
138
173
173
186
172
160
157
167
164
170
152
157
170
165
205
152
179
186
177
174
187
170
164
177
165
215
180
174
169
201
173
173
182
182
204
199
199
165
193
186
178
197
165
175
171
174
203
158
161
160
157
157
157
162
143
149
136
144
171
176
161
157
153
164
159
141
159
121
133
117
154
145
149
120
133
137
131
114
111
116
122
110
114
115
119
114
122
113
121
95
100
117
123
94
109
92
101
99
93
123
96
105
105
94
108
91
103
84
111
103
113
108
73
91
90
98
85
73
91
93
73
70
78
73
72
85
59
61
83
77
66
60
63
66
70
67
56
59
73
76
65
61
56
58
72
58
60
68
62
63
57
47
58
62
71
54
65
61
105
66
57
67
67
42
56
49
52
41
46
35
38
46
47
38
34
49
40
54
49
34
40
44
38
51
37
45
43
51
42
44
50
37
37
38
38
31
46
37
41
39
35
40
25
28
40
41
34
44
28
36
23
18
45
44
38
29
29
43
26
32
31
25
35
28
24
34
32
30
22
39
23
40
17
29
25
27
24
30
37
31
27
22
15
27
26
24
21
25
23
29
22
16
13
20
20
27
22
39
12
25
15
24
23
20
22
25
26
54
31
29
21
13
19
19
27
16
14
24
18
17
19
14
14
23
18
18
17
17
14
16
23
16
18
22
16
28
19
17
23
15
17
16
19
12
18
18
14
14
19
22
17
20
12
18
13
16
14
14
18
15
18
19
17
18
16
12
15
22
17
21
15
21
25
11
14
10
15
14
12
16
13
10
14
19
10
8
12
15
14
17
15
11
13
12
10
13
16
12
13
7
11
15
15
13
7
13
11
6
10
11
10
18
11
15
14
14
14
12
15
13
11
13
15
11
16
10
14
15
9
13
6
10
17
11
12
15
11
11
7
12
10
14
7
12
9
12
6
13
12
17
10
9
8
9
5
11
16
8
13
23
28
16
20
14
9
13
3
10
11
8
11
6
13
7
7
10
6
11
12
15
13
9
10
9
9
6
8
12
12
4
7
6
9
8
12
9
10
7
8
15
5
10
12
12
8
4
6
8
7
12
8
12
9
7
9
5
7
4
8
6
6
7
7
9
11
12
4
7
10
19
26
10
2
8
10
11
6
9
5
6
13
7
7
7
8
13
8
7
2
11
8
2
11
11
27
32
14
15
12
10
7
9
3
12
4
13
10
7
8
6
8
4
8
3
9
9
5
3
2
11
5
7
6
6
6
13
9
6
8
7
12
9
15
7
14
8
4
5
9
5
10
2
11
6
10
33
13
10
6
8
4
5
11
3
3
11
5
4
8
9
8
9
12
8
4
6
4
8
8
5
7
12
4
4
4
8
7
3
9
10
8
6
6
7
9
8
6
12
10
7
2
3
8
5
8
9
1
1
8
6
5
7
7
7
2
4
6
4
4
7
1
7
5
6
5
4
8
6
7
5
6
5
5
3
6
8
5
4
6
7
4
5
9
8
4
7
6
6
4
6
5
5
7
10
7
2
8
14
6
6
3
4
3
5
2
3
5
5
2
7
4
6
5
5
15
7
8
3
5
5
3
4
5
4
4
5
7
7
3
8
3
4
4
5
7
6
10
3
6
3
3
3
6
1
5
6
3
8
3
3
4
6
6
4
4
4
2
2
4
7
4
7
7
3
8
3
5
6
10
1
3
1
4
3
5
2
5
2
5
1
4
5
7
4
5
4
12
3
6
3
4
1
3
5
4
5
3
2
8
4
1
6
4
3
4
2
3
5
5
7
1
4
4
3
3
5
1
5
4
3
3
6
5
4
2
4
4
1
2
7
3
0
5
5
5
19
10
5
1
3
3
2
5
6
0
9
2
4
7
4
3
6
1
6
3
8
12
2
8
9
4
5
4
4
5
1
3
1
5
3
6
2
3
7
6
7
5
6
7
2
3
4
1
1
2
4
6
3
5
5
9
12
5
10
7
3
5
3
1
6
2
7
2
7
6
3
0
3
4
6
3
4
5
2
0
5
5
4
2
3
5
6
3
4
4
3
2
5
3
3
3
6
3
3
0
4
4
3
6
4
5
3
6
2
4
3
4
1
6
1
0
3
3
4
2
5
4
0
5
2
6
5
6
5
3
2
6
2
4
7
2099
