radiacao de fundo
0
0
0
0
0
0
0
0
0
0
0
0
0
0
26
230
155
116
104
124
125
134
120
110
93
96
111
113
123
107
102
104
108
85
91
80
81
65
80
76
101
85
111
100
78
101
90
95
83
91
92
67
97
96
112
114
104
118
109
121
139
113
125
129
138
124
127
124
161
137
147
149
136
161
161
157
151
159
184
166
151
166
176
153
199
197
193
172
181
179
207
202
195
186
203
214
203
219
185
244
192
198
221
188
208
206
241
209
220
193
213
201
217
221
205
215
179
209
213
211
186
208
210
199
182
178
187
181
189
182
179
195
174
181
186
171
210
213
183
170
173
158
175
158
174
152
187
154
180
177
152
161
159
152
156
138
158
125
138
147
154
157
163
174
146
139
153
162
138
131
133
135
135
127
127
124
111
150
126
118
119
123
126
114
136
111
116
107
102
118
128
117
118
99
111
84
113
91
96
100
98
80
99
95
89
99
96
69
83
72
84
90
88
80
90
81
77
86
99
79
82
77
74
69
80
75
70
85
87
83
78
73
75
65
70
57
72
70
72
52
64
125
68
72
63
59
52
52
67
58
67
57
49
67
48
56
49
59
58
61
52
48
53
56
43
46
47
53
45
52
44
42
56
56
45
32
49
37
42
53
31
51
43
32
38
39
53
53
42
44
43
38
46
36
34
59
44
36
39
43
38
32
37
32
27
30
41
31
37
36
23
45
25
29
33
28
34
26
29
33
26
39
33
21
29
28
27
41
26
33
20
23
35
21
31
26
34
37
28
32
27
33
28
31
24
33
29
23
25
33
81
30
33
25
26
26
31
18
22
22
24
19
23
19
33
24
25
24
31
25
19
24
18
16
19
20
25
15
15
27
13
17
17
18
21
23
20
21
22
27
10
16
25
22
22
20
22
21
20
23
18
13
15
19
11
25
25
22
19
13
16
24
13
9
20
17
15
17
16
18
19
17
18
18
20
12
31
14
15
21
24
16
18
13
18
5
13
25
21
16
11
25
16
11
13
13
16
12
17
19
23
26
17
14
16
11
9
13
16
15
14
11
22
12
14
12
12
12
12
12
13
14
18
16
13
10
14
17
22
12
13
12
21
16
12
15
19
18
11
9
15
12
7
12
7
14
11
10
13
13
13
19
28
26
19
15
12
20
16
13
15
12
13
11
12
12
9
10
16
22
15
18
10
12
12
6
6
10
10
10
8
17
7
13
13
10
11
8
9
13
10
13
19
9
14
7
8
8
14
12
14
9
7
12
15
9
13
16
10
10
13
14
7
7
13
13
9
12
9
9
20
8
25
27
10
10
9
8
6
9
9
9
8
6
13
10
11
9
7
11
9
9
6
9
6
11
14
33
42
16
9
8
7
8
9
5
6
4
14
4
7
9
3
6
13
6
4
7
7
8
9
7
13
8
7
5
9
11
4
10
11
7
8
7
7
10
7
13
5
10
10
10
8
6
13
12
11
14
29
17
9
6
15
13
4
8
7
6
8
7
8
7
11
8
4
5
7
9
6
7
7
6
9
7
8
8
9
14
9
11
4
9
10
2
4
9
8
8
6
3
5
6
7
8
5
8
14
8
7
11
5
7
7
8
8
9
6
4
5
6
10
14
4
7
7
5
9
9
6
6
4
10
9
1
9
7
13
4
8
5
6
7
6
7
5
6
6
4
5
3
7
6
2
7
8
11
7
6
8
5
11
13
7
5
6
4
10
4
11
7
4
1
4
1
5
5
7
4
7
6
8
7
5
1
8
5
5
5
2
4
4
7
4
4
10
7
6
6
7
11
3
7
3
5
3
5
2
5
7
9
5
6
12
5
9
2
7
8
4
3
1
2
3
9
10
5
8
5
3
4
5
3
8
2
4
5
6
8
8
4
4
8
5
3
8
5
5
8
3
5
6
5
2
2
1
4
5
3
14
2
16
10
7
2
5
5
5
3
3
5
6
5
5
4
5
7
8
2
4
6
8
4
5
4
2
6
7
3
3
3
8
6
8
5
8
8
5
8
21
16
7
6
3
3
5
2
4
4
6
3
5
6
5
6
8
6
9
5
3
4
5
7
2
3
2
4
8
8
5
4
3
9
4
7
3
5
3
4
5
9
6
3
4
3
2
7
4
5
7
5
5
4
5
7
13
14
7
8
5
7
5
4
7
4
3
4
2
9
9
11
4
6
8
0
5
2
0
3
4
4
5
4
6
7
3
6
8
3
3
5
1
4
5
9
5
5
3
4
1
10
10
3
5
1
4
7
3
1
2
2
4
7
4
6
4
3
3
6
3
4
6
2
8
2
2
5
4
4
3
10
5
1
4
2366
