radiacao de fundo
0
0
0
0
0
0
0
0
0
0
0
0
4
3
37
282
208
132
133
165
121
133
110
119
97
87
76
97
114
106
100
112
89
99
83
80
98
102
105
85
87
98
76
110
78
87
57
88
95
102
84
71
89
86
93
110
98
123
117
102
96
113
130
125
114
155
118
137
135
120
153
148
149
162
149
145
180
175
150
186
182
175
186
164
214
202
187
187
186
196
213
182
195
215
186
198
188
204
206
194
199
247
218
204
184
205
215
216
207
222
205
228
214
202
231
198
226
201
198
213
204
201
206
195
188
194
193
201
204
182
196
180
187
182
202
187
184
200
147
199
167
158
175
178
161
165
165
149
173
163
190
173
164
172
156
145
142
157
126
150
150
159
131
151
143
131
121
128
136
141
125
125
120
119
129
123
125
122
140
118
95
131
120
129
107
120
101
121
110
121
122
128
96
112
95
90
89
112
114
104
98
100
88
79
79
91
87
94
94
87
93
77
96
75
80
80
69
69
71
75
85
72
97
76
64
77
67
80
74
61
83
68
81
74
62
80
61
62
72
70
69
125
64
60
76
61
69
55
65
62
57
51
60
44
58
62
58
47
59
65
59
51
46
48
50
59
28
65
42
45
52
47
48
49
43
53
47
28
39
45
46
49
48
34
39
53
35
51
47
48
34
54
35
34
54
58
64
29
37
24
42
43
40
45
36
37
28
29
25
32
25
37
21
33
37
32
29
24
35
29
36
29
40
28
29
29
25
28
26
22
26
28
20
13
26
33
40
44
29
26
27
33
23
32
32
26
34
21
27
33
81
39
26
20
24
15
32
35
20
27
20
22
18
25
21
20
24
20
28
31
18
20
30
17
20
25
24
12
19
22
11
25
20
22
19
22
17
9
14
17
20
13
20
21
27
16
15
11
22
10
25
22
19
13
22
18
19
17
18
16
15
18
16
17
22
18
20
13
17
14
19
17
23
18
16
8
12
16
11
15
12
16
20
13
16
11
19
15
16
19
17
14
12
14
15
11
11
18
11
12
12
12
16
14
16
14
20
20
16
7
19
14
15
18
13
11
14
19
18
16
12
16
10
16
13
17
8
16
16
12
12
14
12
9
3
12
14
11
13
10
10
11
4
11
16
7
8
11
9
12
20
21
17
26
25
13
11
7
13
7
9
12
8
13
11
12
8
9
10
17
21
9
4
9
10
8
14
12
12
9
10
7
14
10
7
12
11
10
7
5
6
14
13
4
9
18
9
6
8
7
11
14
14
11
9
12
11
12
7
11
7
12
4
12
8
8
11
8
8
12
10
15
26
25
5
9
8
6
14
13
13
13
11
6
7
4
10
11
4
9
10
9
5
11
9
11
12
47
30
14
11
14
8
5
5
6
9
6
8
6
10
2
10
13
7
6
6
8
8
6
8
11
11
11
6
10
11
6
4
11
3
9
1
12
9
13
8
6
9
11
9
2
5
8
7
9
11
16
29
11
10
13
7
3
9
4
9
7
6
6
7
6
6
8
3
9
6
12
7
14
6
12
6
6
3
7
8
12
13
5
5
10
9
2
7
5
6
13
6
8
4
7
8
8
8
7
3
7
12
4
7
13
2
5
4
2
6
3
5
10
12
16
9
11
8
7
5
10
4
6
1
6
4
4
5
3
3
5
9
4
9
3
9
2
5
7
2
2
5
3
4
9
6
9
6
2
7
2
6
5
7
4
7
5
6
7
6
7
7
4
4
8
6
11
3
5
3
9
10
8
7
9
9
6
3
7
8
3
5
3
8
4
2
7
5
8
7
4
10
5
10
3
7
2
7
6
7
4
4
4
4
8
6
3
6
5
7
8
5
3
7
8
8
5
7
4
3
7
7
7
9
4
4
1
3
4
2
5
5
4
6
2
5
5
2
1
5
7
3
7
11
4
6
4
6
6
3
5
4
5
4
5
6
5
5
3
2
4
9
6
5
9
7
9
1
5
4
4
2
2
8
2
11
4
7
2
2
8
4
6
4
3
3
3
7
2
5
9
13
13
7
7
6
5
3
6
7
3
2
1
4
5
2
9
4
6
4
7
7
5
4
7
5
3
2
1
4
8
6
4
1
6
5
7
4
9
4
5
7
2
7
2
3
3
8
4
5
8
3
11
5
9
5
12
9
6
3
4
3
5
5
4
4
5
7
9
6
4
4
9
3
5
7
4
4
3
6
3
1
5
5
7
4
2
3
5
5
4
8
2
7
4
7
3
5
6
6
3
10
4
3
5
3
3
7
3
3
4
4
6
3
4
4
5
4
6
3
1
9
1
3
2
7
10
5
5
3
3
4
1
6
4
6
2425
