radiacao de fundo
0
0
0
0
0
0
0
0
0
0
0
0
2
0
19
239
180
138
145
155
141
107
123
109
99
94
99
111
115
105
104
103
94
95
84
98
86
90
112
100
77
82
101
99
85
76
97
104
89
92
99
99
111
103
88
81
115
108
121
115
130
132
117
141
130
156
134
152
137
144
152
147
142
153
165
153
165
162
176
177
156
180
180
175
177
188
173
167
180
152
198
230
181
193
192
194
175
181
220
219
213
204
208
210
207
209
210
210
199
220
197
216
216
204
201
191
200
180
220
189
175
201
206
200
195
177
179
198
179
201
181
202
225
168
204
191
206
208
171
170
174
157
177
151
178
159
180
160
169
175
162
134
147
158
158
137
158
152
132
160
145
149
130
125
135
144
125
115
146
156
114
145
125
135
125
126
122
109
131
110
108
125
95
104
94
108
119
105
119
125
109
117
111
106
86
85
86
103
95
84
79
93
81
106
94
77
82
95
75
76
83
84
79
87
70
69
80
87
99
92
79
71
58
71
80
75
81
64
52
65
77
72
80
90
64
70
57
72
113
89
51
71
63
66
51
51
66
54
53
56
54
52
50
59
63
54
46
63
54
50
52
47
49
52
46
47
49
37
51
53
52
42
46
44
63
44
40
47
46
43
36
37
33
25
38
37
37
41
37
46
46
42
64
43
37
42
35
39
36
36
44
35
32
38
25
28
29
21
43
22
44
35
35
31
29
24
33
39
33
35
25
29
40
37
22
40
39
30
26
20
29
31
30
26
32
31
31
25
25
28
24
28
37
32
35
57
60
22
22
19
31
21
17
25
18
26
22
29
12
19
30
13
22
25
27
26
16
20
29
23
15
22
20
23
14
30
24
20
22
26
12
24
19
24
23
24
14
24
27
25
19
17
20
21
18
25
23
17
19
24
16
21
19
23
17
15
16
15
18
15
16
15
11
20
17
14
15
14
27
22
15
16
15
18
15
14
17
17
14
15
18
18
23
28
15
19
16
15
15
20
14
17
16
10
22
22
18
11
15
13
18
14
14
9
15
18
18
12
13
21
19
15
13
12
18
22
9
17
9
13
14
19
18
12
19
14
11
17
12
20
16
15
18
18
8
12
9
5
16
14
13
12
20
14
18
23
30
28
17
8
5
11
10
10
17
8
13
13
12
12
11
9
8
12
9
5
9
10
10
13
8
14
11
11
8
15
12
12
13
10
10
10
15
8
8
7
8
11
11
10
7
4
7
9
10
15
14
8
16
9
15
13
9
15
12
14
10
7
6
10
9
12
12
14
15
26
23
14
7
8
9
11
9
11
6
6
11
9
4
12
6
7
10
7
8
9
9
15
11
26
44
19
12
11
8
14
10
5
9
7
7
6
8
11
14
8
6
4
9
5
8
11
5
3
9
5
6
5
5
6
7
4
4
9
8
8
5
6
9
6
12
8
9
6
6
12
7
8
7
21
32
13
5
6
4
6
11
11
6
11
11
9
10
11
5
7
1
5
6
6
5
5
3
8
3
6
5
5
9
5
7
7
7
6
10
6
6
11
7
9
6
8
10
5
6
10
7
3
7
7
8
12
3
10
6
8
9
9
11
9
6
15
6
8
5
6
8
10
6
11
5
5
7
5
1
9
6
7
5
6
4
7
5
3
3
7
5
3
7
11
6
5
9
7
7
10
8
10
7
7
6
11
10
5
8
11
4
11
10
5
6
8
6
4
4
5
8
4
9
10
6
7
5
2
8
3
5
8
6
4
4
5
6
9
5
6
2
2
4
6
5
2
9
2
3
7
3
5
4
4
0
3
10
11
6
4
4
3
3
7
3
6
3
4
4
10
3
10
7
7
9
3
2
4
6
2
8
4
4
4
4
4
4
6
2
3
5
5
4
6
7
5
5
5
4
9
2
4
2
7
5
2
6
6
4
7
3
11
8
5
6
7
8
3
5
5
12
3
5
8
7
4
4
6
2
3
2
4
11
3
6
3
7
6
10
11
11
15
7
5
4
4
10
3
3
3
4
7
6
6
1
7
1
6
3
6
7
4
6
6
3
8
4
6
6
3
3
2
3
3
7
6
5
6
5
4
8
4
3
4
5
3
6
6
6
1
8
9
5
5
7
8
12
8
5
0
2
5
1
3
4
5
6
4
4
8
3
5
2
2
2
5
2
5
2
3
3
7
10
7
6
8
7
5
5
5
4
3
5
4
4
4
5
2
1
4
4
5
3
1
2
1
6
2
4
2
5
4
2
4
6
6
4
6
3
8
1
5
3
2
4
9
2
4
6
6
5
3
1
7
4
3
2
8
3
3
9
4
1
2
7
4
2250
13
