radiacao de fundo
0
0
0
0
0
0
0
0
0
0
0
0
1
0
28
203
129
108
136
139
150
129
104
93
81
87
106
98
114
108
114
94
95
71
79
82
89
80
88
109
67
85
91
80
78
79
83
74
94
87
99
79
90
83
77
86
98
101
99
88
115
101
109
119
117
136
148
160
145
131
139
127
150
156
138
137
129
153
154
156
175
160
159
180
171
193
176
161
185
163
190
162
207
167
171
180
196
187
192
203
201
170
212
204
204
203
216
178
188
185
195
206
158
182
197
190
187
174
205
182
203
186
181
184
194
187
205
184
182
177
193
150
165
176
193
190
173
170
178
164
150
156
166
156
156
149
141
133
154
136
152
146
157
165
139
165
135
127
147
147
115
141
108
131
129
134
113
136
136
139
122
120
115
119
112
100
96
120
104
106
105
113
112
108
95
102
126
95
119
88
98
104
78
85
78
95
93
99
111
82
111
96
82
93
84
115
93
108
94
123
96
105
108
97
115
100
120
98
100
104
73
95
92
78
65
77
66
64
64
68
71
61
66
66
58
58
74
69
101
70
54
74
54
49
62
54
45
54
51
50
53
52
47
52
43
43
34
52
53
39
55
39
43
45
48
35
51
40
36
39
54
56
28
38
30
38
35
36
41
36
38
37
47
29
39
44
42
35
45
37
33
32
43
35
31
47
36
32
36
24
47
32
36
22
36
26
28
31
17
26
28
27
25
32
34
27
31
31
25
22
27
24
27
28
32
27
24
20
31
29
26
27
40
30
27
26
31
34
18
25
25
19
24
21
29
53
48
15
24
25
33
25
32
18
20
23
24
16
27
25
19
21
17
22
34
12
20
19
21
25
26
21
23
24
22
19
21
15
22
23
17
13
22
16
15
16
18
14
24
18
15
21
12
14
28
26
18
16
13
17
19
20
14
18
17
15
14
20
14
12
18
13
15
13
15
10
16
17
12
11
22
6
19
18
18
18
17
18
15
15
18
17
23
17
11
20
14
20
15
18
12
17
16
18
13
19
16
11
16
7
16
16
14
8
12
16
9
12
12
10
14
14
15
12
13
8
19
12
10
9
7
13
9
15
6
13
16
12
13
7
6
15
9
20
5
13
20
12
11
12
12
11
11
14
19
24
19
23
15
11
10
6
14
15
6
12
6
10
8
8
10
14
9
8
17
15
4
14
8
12
15
14
8
6
6
9
12
3
7
13
10
7
10
16
12
14
2
9
13
11
10
10
4
8
9
6
9
15
10
13
10
11
11
12
6
10
5
9
9
8
2
11
10
11
15
27
18
7
7
7
8
6
6
11
9
14
7
12
15
9
8
6
10
13
11
11
6
11
12
26
37
10
10
10
11
5
4
7
14
8
7
7
3
4
6
2
7
7
14
5
6
5
6
10
5
9
10
7
5
12
7
4
8
9
4
5
6
6
9
12
9
8
8
12
7
4
7
6
15
19
16
7
8
8
12
9
10
12
12
10
8
4
11
8
5
6
3
7
6
9
6
4
7
7
5
5
2
5
7
9
11
4
3
9
4
5
6
7
7
3
7
8
8
2
7
6
7
8
6
5
4
6
5
5
6
6
6
4
9
3
6
8
3
5
6
2
2
7
4
4
7
7
6
7
4
4
6
7
4
6
4
6
13
5
8
5
5
7
4
4
9
7
5
4
8
4
5
4
5
2
7
10
5
5
6
4
3
8
3
3
8
3
7
4
3
11
10
9
7
2
3
9
4
11
7
7
6
7
5
5
5
7
3
4
4
5
7
3
7
8
4
7
6
5
2
3
3
1
5
1
5
4
7
4
4
9
6
2
2
4
5
6
3
8
8
9
2
5
5
4
7
4
4
3
4
4
5
7
4
1
5
6
4
6
4
8
13
4
5
7
5
4
7
5
3
5
6
7
5
6
4
4
7
3
4
1
7
6
2
3
4
6
5
2
4
4
5
1
6
6
7
4
3
3
4
3
7
5
2
2
9
3
1
4
2
10
7
14
7
3
5
8
9
3
2
6
6
8
7
4
6
5
3
6
5
3
2
4
8
8
5
5
4
3
4
6
3
9
2
5
9
3
4
3
7
6
4
5
9
5
1
4
6
3
4
3
6
10
4
7
5
10
8
2
7
3
2
5
5
3
3
3
6
3
4
8
3
5
6
7
1
5
1
2
4
2
2
7
1
6
6
1
6
6
4
6
5
2
4
5
6
3
6
8
11
4
1
6
2
4
2
4
3
6
7
6
5
7
8
5
6
2
1
7
3
2
2
4
5
3
2
2
4
2
6
3
7
5
6
2
2
6
0
4
5
7
5
6
6
3
3
3
2
2012
