radiacao de fundo
0
0
0
0
0
0
0
0
0
0
0
1
2
2
20
197
132
83
87
100
116
126
102
92
96
85
91
98
109
97
98
91
76
97
90
83
89
84
75
83
87
78
73
92
90
71
70
94
84
98
71
82
77
86
93
95
117
98
96
103
98
105
108
100
123
134
124
123
136
126
132
139
146
154
132
138
157
149
165
165
151
161
167
199
181
161
170
184
194
189
174
189
188
184
186
208
177
190
196
198
200
173
171
172
200
185
193
208
177
179
173
185
171
203
198
181
182
158
161
196
206
201
183
179
196
190
162
181
181
192
171
159
175
196
166
171
170
164
160
166
162
154
167
140
182
160
161
172
154
139
160
161
133
137
139
141
125
130
140
148
124
135
133
125
119
122
114
135
99
133
138
114
119
111
127
119
94
120
97
112
104
98
105
114
92
104
115
101
111
104
90
73
94
88
80
107
86
95
72
84
95
86
87
86
87
71
93
73
71
85
73
96
79
84
61
81
71
67
74
71
67
80
78
55
68
61
63
65
47
64
62
72
63
58
64
81
56
57
104
62
65
62
60
46
54
66
43
62
56
56
57
60
45
61
48
59
39
52
56
50
53
47
48
48
39
50
52
36
59
47
41
36
58
37
41
36
45
33
43
43
34
28
30
31
31
44
41
28
53
37
39
50
57
35
41
36
38
35
48
28
35
30
30
26
36
23
26
30
35
32
28
33
28
28
27
31
33
29
28
28
31
26
34
29
26
28
24
30
27
21
40
23
26
31
22
28
23
24
21
20
28
25
18
18
27
42
43
24
24
19
11
21
22
23
23
22
15
19
16
18
14
19
13
25
15
23
17
15
22
25
22
21
24
19
12
26
16
21
20
25
22
18
20
23
17
15
21
9
17
18
26
16
24
18
29
15
14
25
17
15
25
18
16
13
15
15
18
18
16
17
19
13
15
11
19
21
11
18
18
17
12
17
25
14
16
18
21
18
24
20
12
8
22
16
22
13
8
10
17
14
18
15
21
14
17
12
17
12
16
12
11
15
14
13
15
19
4
14
12
17
10
9
15
14
10
15
13
12
23
14
11
11
5
15
10
11
14
11
11
10
10
13
14
18
18
12
10
13
5
8
17
11
7
3
16
22
41
30
15
16
14
12
6
10
9
10
10
8
14
10
12
8
10
15
8
11
6
10
5
13
2
10
9
15
9
9
10
8
5
15
5
8
9
6
10
12
15
9
8
8
8
9
9
9
12
7
9
4
5
3
10
7
11
11
9
6
10
10
11
7
13
4
11
7
21
24
15
12
8
9
7
8
6
6
9
9
6
8
12
6
5
12
10
13
6
6
9
5
16
22
40
26
12
6
7
10
2
6
13
11
10
4
6
7
6
6
9
10
6
11
10
14
10
4
8
5
4
11
6
8
8
3
6
7
6
5
9
1
11
9
7
3
11
10
14
2
9
6
9
22
29
16
13
8
6
7
9
5
7
7
7
6
5
5
10
4
8
6
8
3
2
5
5
8
9
6
2
8
7
1
6
12
7
5
11
4
6
7
3
5
6
5
6
6
3
5
7
3
4
7
3
8
6
3
7
4
11
2
5
5
4
14
10
7
8
8
8
3
6
6
4
10
5
5
7
5
8
5
8
5
4
9
3
7
2
3
9
9
7
6
4
3
2
3
4
5
5
8
7
9
7
4
12
8
8
5
4
4
8
3
2
8
3
7
5
4
3
1
8
3
3
9
3
10
5
7
6
8
8
5
3
5
8
3
8
5
6
3
7
3
3
7
6
2
3
6
6
6
10
7
5
5
8
5
5
6
5
7
10
6
7
7
1
8
0
5
6
6
8
6
7
10
3
3
3
6
9
5
6
1
5
3
8
7
4
2
5
12
3
3
4
2
3
4
4
2
5
4
2
8
5
4
6
5
4
2
6
2
3
8
3
2
2
2
3
2
3
4
2
5
5
7
10
3
6
1
3
5
3
0
7
9
5
5
6
7
15
9
9
5
2
6
5
2
1
3
7
2
4
5
1
3
7
4
6
5
2
4
3
6
6
6
6
1
2
5
1
2
6
5
3
5
2
7
4
2
2
3
3
2
2
5
0
9
1
2
4
6
7
5
9
16
8
1
6
4
4
2
4
8
6
5
4
7
3
2
4
5
3
3
3
7
8
4
3
0
2
3
6
5
9
4
1
1
5
4
2
2
4
4
4
5
4
1
4
2
4
3
3
2
6
6
6
5
4
1
4
4
2
4
2
7
3
6
2
3
3
1
4
6
4
7
5
1
7
6
3
4
2
3
3
1
6
6
1
7
5
4
3
6
4
8
2
2112
