radiacao de fundo
0
0
0
0
0
0
0
0
0
0
0
0
1
0
34
178
120
77
87
106
117
92
110
80
78
96
91
79
106
108
120
75
76
92
97
75
78
82
68
63
70
76
61
81
65
69
77
68
67
68
76
75
76
71
89
77
81
97
83
99
94
113
120
98
91
89
111
112
103
116
92
144
144
114
134
151
117
136
148
179
140
145
145
126
168
149
159
149
142
154
153
161
144
152
174
166
174
174
161
150
162
184
175
185
188
147
188
158
179
172
167
170
186
171
199
153
174
151
183
157
166
152
167
160
161
142
185
183
176
154
144
152
152
145
146
162
135
140
140
145
156
146
177
134
155
132
141
135
141
139
130
141
139
112
132
143
119
146
139
131
117
138
130
114
124
96
128
117
109
118
96
120
100
118
103
81
94
102
115
90
98
102
93
93
106
97
96
85
104
87
134
90
86
80
86
89
92
94
64
79
78
89
82
76
84
65
65
68
55
72
79
67
70
77
61
59
66
56
58
60
76
56
78
73
49
68
52
52
56
64
54
44
48
54
58
46
55
56
49
65
73
101
65
44
61
59
62
45
59
54
49
51
48
40
52
46
44
45
37
51
45
41
48
41
39
34
44
39
29
37
35
47
41
39
37
34
34
39
31
30
40
32
38
26
34
24
36
24
37
45
32
33
38
31
38
46
47
34
30
28
24
31
28
28
25
27
27
26
28
32
28
29
27
22
34
20
21
23
32
22
25
24
29
30
32
18
28
33
22
24
21
27
29
20
20
24
19
43
24
23
21
22
26
25
17
23
18
29
24
38
52
30
16
27
26
23
24
22
18
18
24
21
13
16
15
18
16
14
27
14
16
13
18
19
15
17
15
16
24
26
14
17
20
11
18
20
18
15
15
10
18
15
21
14
22
16
21
10
13
18
15
9
15
14
16
10
19
21
17
16
14
14
17
15
13
21
14
18
17
12
23
15
12
13
21
16
9
17
14
21
17
12
23
20
9
18
20
17
19
10
12
17
10
11
13
14
16
12
13
10
11
13
15
13
14
13
20
17
16
7
15
4
10
8
10
6
15
10
14
11
14
6
9
7
10
8
16
11
14
11
18
11
9
7
6
12
14
11
10
12
9
16
7
19
8
11
9
12
8
9
12
10
27
22
16
9
11
12
8
6
10
10
11
14
8
8
7
7
3
9
6
18
2
12
11
6
4
7
13
8
15
8
7
9
12
14
8
7
8
8
8
7
10
2
12
11
7
4
9
9
4
5
9
16
11
10
9
4
13
8
3
8
9
6
9
9
6
8
7
9
13
11
25
13
14
4
4
7
5
6
5
7
12
6
8
6
7
9
9
5
4
4
20
3
10
14
15
26
23
14
9
10
8
12
8
12
10
9
8
12
13
3
5
5
6
4
2
5
9
3
8
7
4
5
5
6
7
6
8
10
6
5
11
11
6
9
6
8
5
10
6
4
6
6
6
7
8
12
20
9
10
8
8
6
7
9
3
4
3
4
8
5
7
3
5
5
9
6
2
7
9
4
6
2
6
5
4
7
5
10
7
6
11
4
6
3
7
9
7
4
8
5
3
5
3
7
4
8
7
7
5
6
4
9
5
4
5
2
7
9
5
11
7
10
6
5
9
5
8
3
5
3
4
4
5
2
4
4
6
7
6
3
9
3
10
7
6
10
4
2
6
6
4
7
4
3
2
5
7
4
11
7
6
7
7
5
3
6
5
4
5
6
3
5
5
7
3
8
8
2
7
7
6
3
3
2
9
6
5
7
5
2
2
3
3
5
5
6
7
2
2
5
6
4
9
4
7
2
2
2
5
1
6
3
7
1
3
7
2
2
0
5
3
5
9
3
6
4
4
3
5
3
4
4
2
7
5
6
2
6
6
4
2
6
4
8
2
4
4
4
4
4
5
5
5
3
5
2
7
8
3
2
5
7
5
3
6
4
4
7
5
7
4
5
3
2
5
2
3
3
8
4
1
6
3
1
3
2
2
5
6
2
3
10
7
10
6
9
17
17
6
6
2
1
2
10
2
0
1
6
4
2
4
7
6
2
5
4
5
1
4
3
4
4
2
2
3
6
3
2
3
0
3
0
5
7
0
3
1
4
5
4
6
2
4
4
2
4
4
10
7
6
4
9
10
6
10
6
3
1
4
3
6
7
3
5
2
4
5
2
2
5
6
4
4
2
5
3
5
4
4
7
3
3
4
3
3
0
7
4
4
3
3
3
4
5
2
1
5
3
5
2
2
3
6
4
4
3
3
3
3
3
3
4
2
2
3
3
2
4
5
8
2
4
2
1
3
4
1
0
4
1
0
1999
