radiacao de fundo
0
0
0
0
0
0
0
0
0
0
0
0
14
3
27
309
211
102
118
133
137
129
115
97
102
80
109
98
83
111
106
103
86
84
81
88
78
79
80
85
86
97
94
103
85
82
90
91
89
86
90
91
94
92
109
112
102
103
95
122
111
107
131
109
109
130
126
148
143
139
121
152
147
159
156
149
151
171
139
160
163
180
205
155
212
159
192
171
182
190
192
174
171
205
203
172
198
189
200
244
186
213
198
189
196
200
196
192
216
186
190
193
180
203
170
196
192
210
201
216
179
176
171
183
204
210
190
187
171
215
200
174
182
209
201
160
177
178
166
136
167
165
173
163
181
177
171
162
173
156
143
146
159
156
162
131
138
144
153
160
139
167
149
146
158
122
133
131
106
141
113
118
129
112
116
122
126
94
114
114
106
95
124
115
125
116
98
108
112
80
111
134
105
116
88
103
102
82
88
91
105
87
83
93
103
89
96
68
84
97
89
79
98
76
72
92
73
80
61
78
64
75
68
72
65
64
59
74
87
74
73
62
70
63
62
70
59
72
72
69
68
134
61
57
77
74
72
54
62
53
60
49
55
37
52
45
47
43
62
43
57
44
50
54
54
36
61
41
54
34
53
55
44
39
49
31
42
42
40
51
38
39
32
53
52
32
45
44
31
49
41
33
39
43
31
58
54
40
35
30
32
33
23
36
30
41
45
40
31
33
34
30
27
30
33
31
36
33
43
36
23
37
36
28
24
20
30
36
19
20
36
29
33
29
31
31
30
27
27
29
33
22
29
16
21
22
21
20
37
29
64
28
24
27
27
19
23
25
19
27
19
26
23
21
20
34
14
17
26
23
22
13
21
20
19
17
15
20
21
24
13
21
14
24
24
23
16
16
26
18
23
13
23
19
15
25
24
16
16
15
20
9
12
24
18
20
24
12
14
21
22
17
22
15
22
15
11
7
14
15
18
14
14
18
17
20
7
14
18
17
12
14
17
15
8
17
17
22
9
20
18
14
22
21
16
19
16
21
13
17
12
13
15
9
16
12
17
23
16
4
10
17
19
12
13
18
15
10
12
12
17
11
9
14
22
11
11
12
13
19
5
6
13
10
14
10
12
10
11
15
16
11
17
8
14
9
11
9
11
21
12
15
25
38
23
10
16
8
8
9
8
11
8
11
16
11
11
11
13
13
13
11
12
18
10
6
9
11
16
9
5
10
15
4
8
11
13
11
12
12
15
6
14
11
8
11
9
11
11
6
8
11
14
14
10
5
11
10
12
9
5
13
6
12
7
6
6
10
11
11
15
12
23
20
16
11
12
5
8
12
6
12
10
6
9
12
14
14
7
8
15
15
11
8
7
10
16
46
38
16
10
7
7
10
8
11
8
8
12
5
10
5
8
7
7
15
8
12
9
7
8
9
6
7
6
7
4
9
4
6
12
6
6
7
10
6
5
6
8
7
9
11
7
5
4
5
8
19
28
7
7
6
2
7
7
5
7
8
8
5
7
6
8
4
10
7
7
7
5
3
5
11
6
6
9
4
8
9
10
8
6
7
8
5
4
5
7
8
8
11
9
6
5
4
6
5
4
11
9
9
10
8
4
7
3
3
6
5
3
4
13
15
5
9
5
5
8
6
8
5
5
8
8
6
3
10
10
6
5
6
3
9
4
12
5
5
3
4
7
5
5
8
6
7
5
11
7
7
5
4
11
18
5
4
5
11
4
6
4
7
1
5
3
6
7
7
11
8
7
4
5
4
2
4
6
8
6
10
4
1
2
6
10
4
4
3
7
5
6
5
7
5
7
7
4
5
6
4
4
8
4
7
5
9
4
6
6
7
5
4
4
5
3
5
5
5
11
7
2
1
3
4
6
1
7
3
1
4
6
13
4
2
2
7
5
6
1
4
3
11
2
7
5
2
4
5
5
1
8
8
8
5
5
7
4
5
5
8
4
7
4
5
7
4
2
8
3
5
3
4
5
5
5
7
6
3
2
5
3
7
8
5
10
1
5
5
4
13
10
8
11
1
4
3
7
5
3
1
7
3
2
2
4
8
1
4
6
1
6
5
5
4
9
5
4
2
6
2
7
1
3
6
4
4
4
6
4
7
5
3
5
3
3
8
5
5
5
4
5
7
8
7
8
7
11
4
4
7
6
6
1
1
8
4
1
3
6
3
4
7
5
7
6
8
4
3
5
5
5
0
3
5
6
8
2
5
4
1
4
3
1
7
5
2
2
4
5
4
4
7
1
7
8
5
6
4
2
3
5
8
5
3
6
3
2
4
3
8
4
4
6
1
1
2
2
10
2
3
4
3
2
1
2062
208
