radiacao de fundo
0
0
0
0
0
0
0
0
0
0
1
0
0
0
12
271
155
101
119
157
146
139
126
101
103
102
97
130
117
103
107
103
113
97
89
90
109
108
91
91
108
104
101
102
77
83
90
92
83
96
118
98
92
98
110
129
92
109
135
139
106
129
130
145
124
154
136
140
152
145
179
158
174
172
163
177
185
173
162
183
200
205
214
217
190
192
193
202
194
202
227
180
219
207
209
229
196
225
255
217
227
218
217
234
237
217
240
237
202
204
213
258
219
224
218
212
197
209
213
200
201
206
231
232
179
218
228
218
203
180
190
188
204
197
208
198
200
196
216
197
191
188
174
159
187
183
162
168
189
145
176
170
162
171
175
189
162
159
153
156
156
151
150
168
143
159
147
147
168
138
167
123
128
142
145
130
128
137
114
106
135
111
148
130
107
115
129
143
165
118
129
107
102
125
122
123
130
117
111
102
94
125
122
112
102
93
71
90
91
85
104
91
89
71
88
94
90
76
92
69
92
95
63
70
64
85
93
70
77
68
84
75
64
75
66
72
75
63
137
84
62
88
74
48
64
63
46
53
56
73
57
55
56
58
51
52
49
66
55
47
47
56
70
50
53
44
42
52
58
48
50
54
42
49
48
51
42
51
42
48
37
53
50
40
52
37
45
41
54
40
42
53
66
43
50
43
53
42
57
41
38
28
29
45
29
38
35
36
39
41
35
40
36
39
36
31
27
30
35
28
42
35
31
32
29
24
20
39
35
22
45
33
37
44
38
31
43
15
22
27
36
27
30
26
34
69
52
27
25
22
23
26
20
18
33
20
30
24
25
21
21
20
25
26
22
26
35
23
34
18
32
17
27
16
18
32
25
26
28
19
25
23
18
19
23
18
23
21
26
28
30
22
22
25
21
17
27
22
14
24
30
24
19
20
11
19
22
19
28
21
25
20
21
23
16
27
12
19
22
20
16
28
20
18
13
17
20
20
15
25
16
17
18
16
9
10
18
21
15
11
22
15
21
17
18
17
12
15
22
17
13
27
10
19
14
12
16
16
9
15
19
13
13
14
13
12
14
11
11
14
13
18
17
9
17
13
18
18
15
10
14
10
13
15
17
16
7
13
16
7
16
13
21
12
13
22
42
31
17
17
12
12
19
12
9
13
7
12
13
10
8
11
14
5
17
8
18
10
10
10
6
9
12
13
14
14
8
10
12
16
11
9
11
5
9
17
13
15
9
12
9
13
10
11
7
9
14
10
10
11
11
9
16
13
14
16
12
10
9
14
13
8
15
17
17
39
14
10
16
7
14
10
14
9
9
7
8
10
10
12
5
13
12
14
10
12
4
10
17
27
55
30
7
10
10
6
10
12
16
7
3
7
7
13
16
4
15
7
8
7
10
9
8
8
10
6
13
9
10
9
11
7
10
8
6
8
10
6
8
9
8
13
10
5
11
15
10
10
14
24
20
7
9
4
11
4
5
6
4
10
8
9
9
9
9
13
5
4
7
11
4
6
12
2
9
7
11
10
7
12
9
8
6
12
9
2
5
7
4
3
5
10
5
5
11
9
7
9
6
5
6
6
7
4
9
10
6
4
7
7
14
3
12
11
9
6
8
4
8
7
5
5
13
8
9
9
4
5
9
8
6
4
8
6
1
5
4
6
11
4
9
3
8
6
11
3
5
14
5
11
6
16
3
3
6
8
8
7
2
10
8
5
9
9
6
7
9
8
6
7
8
11
8
10
3
9
10
7
11
10
5
7
7
4
9
7
7
7
5
4
7
5
4
2
6
6
3
3
2
3
7
2
5
9
8
1
7
4
6
7
5
8
9
5
5
5
3
4
7
5
4
9
4
4
3
5
4
2
6
3
5
3
6
6
5
4
8
5
9
4
8
6
9
4
1
9
5
6
6
9
5
7
5
4
13
1
4
2
3
2
1
2
3
7
5
4
8
9
5
2
4
7
6
4
6
7
6
5
8
8
2
4
5
7
7
10
10
26
8
10
6
4
6
11
4
9
8
3
8
10
5
4
10
6
4
2
4
9
10
10
4
4
6
3
8
4
6
8
7
4
6
3
5
6
6
3
6
3
8
5
7
3
4
5
7
3
6
8
12
7
7
13
7
6
8
6
3
8
6
5
4
4
7
2
8
8
7
2
5
7
2
1
2
1
6
3
3
7
7
6
7
4
5
4
4
8
7
6
2
4
8
7
6
3
6
5
2
4
4
4
5
10
4
4
4
3
5
6
7
5
1
8
3
6
5
4
2
10
5
3
5
7
4
6
2
5
4
3
4
2
3
5
2
3
4
4
2
3
2
3
1
4
1616
895
