radiacao de fundo
0
0
0
0
0
0
0
0
0
0
0
0
1
0
33
320
176
101
82
104
118
138
116
82
69
95
84
112
105
96
106
87
79
83
76
69
76
87
85
89
96
80
96
83
83
75
78
101
85
89
89
94
104
90
87
103
86
97
95
104
86
96
106
105
128
113
138
119
122
145
125
148
147
146
156
149
141
127
158
163
160
156
186
168
184
175
197
174
179
168
158
167
179
180
165
194
211
199
202
195
200
156
200
177
184
197
193
212
200
193
182
194
170
174
185
169
221
185
177
209
207
218
191
194
192
169
184
160
139
193
185
178
164
154
175
147
179
171
154
183
169
157
162
151
182
147
155
149
146
158
134
140
128
130
164
138
156
128
134
154
136
130
133
133
124
135
119
121
116
127
147
118
120
124
109
134
116
110
124
108
119
113
90
109
89
92
94
96
89
94
101
107
105
102
91
97
94
75
85
82
81
76
84
85
82
78
81
69
78
98
93
71
82
103
88
76
66
76
78
59
84
65
72
69
79
67
70
76
67
75
62
77
62
66
74
62
71
52
60
39
59
88
66
68
73
63
40
62
54
56
60
63
47
44
49
44
42
52
54
46
58
48
42
34
41
44
45
54
66
60
45
54
41
47
44
39
45
45
54
52
37
30
44
44
24
41
48
37
49
29
31
34
34
34
30
56
53
39
28
35
35
35
34
33
22
33
33
42
37
26
39
32
43
21
23
28
34
24
30
31
35
32
31
25
38
18
18
29
26
30
21
19
22
22
19
33
25
48
35
13
36
24
22
18
22
24
27
18
30
36
80
35
29
17
36
21
20
14
27
24
20
21
27
22
30
14
13
16
20
17
20
31
21
22
26
22
16
16
23
22
14
16
21
19
20
17
21
17
21
18
16
19
19
15
17
17
22
23
21
19
21
20
18
14
14
17
16
22
15
20
14
17
18
15
12
17
20
14
13
22
19
14
12
14
16
18
15
25
19
22
21
13
19
18
15
14
20
11
13
12
20
15
20
8
15
16
12
17
11
16
13
18
14
11
16
22
15
18
16
18
13
13
11
20
20
12
16
10
7
11
16
10
15
18
16
17
11
10
21
13
9
19
9
16
8
14
12
13
14
5
10
11
7
9
11
16
14
14
13
18
16
18
16
22
27
15
10
15
13
11
12
12
7
13
6
17
12
14
16
17
6
13
9
13
15
7
8
6
15
21
11
20
17
12
11
14
7
12
13
4
5
16
13
11
13
10
9
9
9
12
17
8
17
3
12
12
9
5
7
8
13
5
10
12
9
18
8
11
6
16
5
12
34
30
10
8
12
6
9
8
16
8
4
10
13
8
11
5
7
9
9
4
11
12
11
6
10
42
20
12
11
6
10
7
10
7
8
3
6
5
12
4
13
9
6
10
5
6
10
17
12
11
6
4
6
13
7
5
9
7
4
10
3
4
8
6
11
7
9
8
4
6
9
6
8
10
12
25
27
14
8
7
7
8
2
9
4
10
8
6
7
3
5
8
6
11
4
6
2
9
8
9
9
9
10
9
13
8
7
4
3
6
8
6
8
3
7
7
5
8
2
9
4
6
2
2
5
3
6
8
4
8
3
3
5
12
7
9
9
6
5
17
7
3
4
1
3
6
1
6
5
2
5
7
6
3
5
4
4
4
5
3
9
9
4
6
11
4
7
10
6
7
3
7
4
6
9
2
2
3
10
8
11
2
9
5
3
4
9
8
5
3
6
9
8
3
5
5
7
5
8
2
3
3
8
5
11
4
4
6
5
5
5
0
3
3
9
8
4
3
10
9
7
4
3
9
3
5
4
2
6
5
9
2
3
4
4
6
7
6
4
7
6
7
7
5
2
2
8
9
5
5
3
4
7
2
4
5
2
3
4
4
6
6
8
3
3
1
5
4
8
4
5
7
7
7
5
6
4
5
6
2
5
0
3
10
3
2
8
4
7
0
7
2
7
8
1
3
2
4
5
5
6
6
2
5
0
4
6
6
4
1
3
6
3
4
9
11
13
5
6
7
6
5
7
5
3
4
3
8
5
5
7
3
5
9
3
8
2
5
10
4
3
4
0
6
4
7
4
5
1
5
10
6
7
2
8
7
6
3
4
6
3
8
4
5
4
5
3
4
2
6
11
9
9
8
2
4
4
5
8
3
8
7
3
6
6
7
7
2
4
2
5
2
4
6
5
4
4
8
8
5
3
2
2
4
6
3
4
4
4
7
2
5
1
4
3
6
0
5
7
2
3
3
1
2
3
5
4
6
10
4
1
2
5
3
3
0
3
3
2
4
3
9
2
3
4
2
3
7
3
6
16
2299
