radiacao de fundo
0
0
0
0
0
0
0
0
0
0
0
0
0
0
34
260
121
103
87
102
129
118
101
80
81
92
92
62
98
86
82
91
56
91
88
61
83
66
79
86
67
73
93
83
71
60
76
58
77
66
80
67
74
75
79
84
83
106
95
79
89
98
96
105
98
100
112
104
124
118
108
113
128
141
128
129
140
132
156
140
136
138
155
165
152
126
166
164
153
157
171
152
149
158
152
181
178
189
193
165
166
164
162
164
181
171
166
170
138
149
182
163
181
166
184
170
171
160
162
170
160
154
182
164
159
161
163
161
172
189
146
155
159
154
169
153
163
140
162
161
160
145
145
160
138
145
132
119
133
135
154
131
157
122
137
145
122
141
119
126
128
116
118
125
131
105
123
111
105
122
98
113
114
112
94
94
101
108
108
106
107
88
107
95
89
99
73
89
81
81
99
99
76
76
72
98
90
69
93
80
83
61
89
59
77
76
59
78
92
61
56
80
68
62
81
78
66
67
63
68
57
52
78
63
60
72
47
78
60
56
58
53
55
59
57
57
50
61
61
61
68
96
71
54
61
46
41
52
52
45
41
41
49
41
54
35
37
47
52
46
49
44
51
43
32
35
41
30
30
37
41
38
41
30
28
43
34
43
41
30
37
38
37
39
36
36
37
27
24
28
35
33
35
25
47
42
44
30
29
28
34
28
27
28
33
30
32
31
27
27
27
24
19
30
35
25
21
32
19
27
37
23
26
24
19
16
21
25
20
25
24
24
34
22
26
25
25
25
28
18
18
22
29
29
27
25
21
19
23
34
69
29
19
19
12
22
21
17
9
16
18
16
25
17
11
19
18
20
11
18
23
16
13
20
19
13
16
18
19
17
14
19
13
20
16
16
11
8
13
19
14
11
17
18
16
17
20
15
24
14
17
13
12
13
15
14
25
8
14
8
23
16
10
11
13
11
11
11
15
15
14
14
12
14
17
9
16
15
18
13
11
15
11
14
13
11
16
16
15
11
11
14
10
21
11
13
14
18
9
21
11
15
13
9
12
12
7
15
16
10
13
13
9
13
9
11
11
16
20
8
10
15
10
22
8
9
11
9
15
17
12
9
16
10
11
11
7
11
15
11
9
8
11
8
9
11
10
6
16
9
14
16
20
22
16
11
13
12
10
11
15
8
12
10
19
6
7
12
14
12
9
4
9
9
8
5
7
10
8
9
8
3
9
4
10
14
10
6
11
11
9
8
12
6
10
6
11
4
10
4
12
11
9
6
5
6
6
11
3
15
10
7
13
7
4
9
9
9
8
10
4
12
27
24
8
5
8
8
8
5
8
3
10
4
10
8
9
12
6
6
7
9
9
7
9
9
13
25
39
19
3
5
7
3
5
6
7
4
4
6
6
3
6
6
9
11
6
8
8
4
9
5
3
6
7
12
7
9
9
8
5
5
5
9
6
8
7
9
9
8
9
11
4
8
12
10
9
13
22
13
6
6
8
3
8
11
6
7
6
4
7
8
5
10
4
5
8
2
8
5
5
8
7
5
3
5
5
8
5
7
8
5
2
5
11
5
6
7
6
9
4
3
3
4
4
6
4
9
4
3
7
9
5
8
6
6
7
5
2
3
7
2
3
9
3
8
7
8
6
6
4
3
5
8
6
4
5
3
7
2
5
3
7
6
8
4
12
2
4
3
4
7
4
3
10
8
3
2
7
8
7
8
3
7
7
10
8
1
5
9
7
7
4
7
3
6
3
7
5
4
3
3
2
8
4
7
8
10
2
4
1
4
7
4
4
8
6
4
1
5
2
2
7
6
4
8
6
2
3
4
3
1
5
3
8
2
10
5
4
6
0
2
11
5
4
5
4
11
7
11
4
5
2
2
3
5
10
5
3
3
7
4
5
4
3
6
6
4
1
8
8
5
2
9
7
4
6
1
2
2
6
3
3
12
7
4
2
5
3
2
1
4
2
5
5
6
5
6
3
4
0
3
4
4
3
4
6
3
0
6
4
5
2
5
7
9
6
11
14
13
6
4
4
4
4
7
3
2
4
9
3
2
7
2
6
6
2
2
5
5
3
2
5
4
5
5
2
4
2
7
5
5
3
6
4
4
2
4
1
1
2
7
3
2
6
5
4
4
9
5
5
4
12
5
8
1
8
5
9
7
2
5
2
3
3
6
3
5
4
3
2
4
3
3
0
4
3
3
1
5
1
4
6
3
5
3
7
1
7
1
0
2
4
2
2
3
3
4
4
1
3
3
5
8
4
0
5
2
2
4
5
5
2
4
3
1
0
1
3
3
5
2
3
2
6
0
4
2
2
1
3
5
2
1962
