radiacao de fundo
0
0
0
0
0
0
0
0
0
0
0
0
3
0
26
270
156
112
142
139
141
146
131
108
97
103
109
118
115
122
118
112
108
115
95
97
89
96
75
104
95
105
90
93
77
96
99
91
89
108
98
97
84
101
105
112
114
110
104
126
127
113
154
150
123
149
160
156
148
164
148
136
138
155
177
148
159
167
168
201
188
194
201
169
199
185
202
196
204
185
211
192
223
217
235
198
226
208
205
204
212
242
221
204
197
201
203
210
214
211
201
237
208
218
231
231
228
196
198
213
210
208
232
211
210
212
219
236
231
214
189
194
219
188
189
191
200
202
188
202
166
180
179
204
197
188
161
174
177
167
194
173
194
166
164
165
162
158
181
125
146
158
133
137
154
155
116
151
144
152
137
135
136
127
128
126
131
131
121
138
128
142
147
120
132
116
115
115
112
106
136
137
116
103
94
115
110
99
106
107
89
99
113
99
90
78
104
96
89
98
105
97
92
95
90
98
94
69
84
103
99
65
79
90
72
90
60
63
67
74
66
69
65
74
83
73
79
72
82
74
90
107
69
56
76
67
47
61
71
76
59
64
56
57
58
58
52
49
52
50
40
55
51
46
57
37
43
43
44
56
52
55
57
43
37
42
50
48
51
50
42
50
47
36
50
36
44
43
47
39
30
39
49
38
47
60
52
42
33
28
33
46
35
45
34
29
31
43
42
31
43
47
33
32
34
35
36
31
33
39
32
28
32
28
27
34
23
41
32
29
19
27
21
41
16
22
42
40
16
30
19
25
25
34
29
34
41
27
25
49
48
29
20
20
18
26
25
19
17
25
24
23
22
24
24
32
21
19
21
22
20
26
27
20
19
21
21
30
25
25
19
28
22
19
33
23
25
21
17
15
34
13
20
29
27
11
20
27
19
27
26
21
27
22
20
15
15
23
18
13
21
20
27
18
31
20
20
23
12
15
11
22
9
17
18
17
16
21
17
21
13
21
8
19
26
24
15
16
13
10
18
20
15
11
19
23
19
16
15
24
18
16
21
16
16
23
21
14
22
15
25
10
15
8
9
16
21
16
13
15
14
16
20
19
13
7
15
14
8
10
14
16
14
13
14
15
15
13
17
20
14
13
20
14
16
15
17
15
13
17
14
27
24
22
14
9
10
14
11
9
16
16
11
16
15
12
7
7
10
14
11
7
9
10
10
11
20
10
6
12
11
9
11
16
11
17
11
16
15
9
5
11
11
18
21
8
10
14
10
12
9
11
11
8
13
9
5
9
12
12
6
14
14
10
8
13
18
7
12
10
12
23
23
19
14
8
11
16
8
9
4
8
11
7
10
11
11
7
9
12
13
8
11
14
8
14
32
29
25
17
4
15
10
11
9
15
4
8
10
11
9
7
5
13
3
7
10
10
10
12
12
7
8
8
16
3
8
11
5
10
5
9
11
10
9
18
11
7
8
9
14
7
12
8
11
7
18
19
15
11
14
5
5
11
7
6
10
8
9
8
11
8
8
4
7
8
8
5
9
8
6
5
10
5
5
9
6
6
10
3
9
6
11
9
8
5
8
3
8
9
8
7
9
5
8
4
7
2
5
5
8
6
3
3
5
5
9
8
5
8
17
18
2
3
3
2
7
9
9
8
4
3
2
7
9
8
6
4
8
3
5
10
3
5
7
7
6
5
6
6
7
2
10
7
8
5
16
7
6
5
9
7
8
7
5
7
9
7
5
2
7
8
9
7
7
9
13
7
6
6
2
6
7
7
9
4
4
9
2
6
12
4
4
7
9
6
6
6
4
2
9
5
3
4
5
6
9
14
1
6
9
3
4
4
14
10
12
5
3
1
8
12
6
8
4
7
9
3
13
5
11
2
1
11
4
3
6
5
4
9
12
4
8
5
10
8
5
5
5
10
11
4
7
4
8
9
3
4
4
3
8
7
2
7
2
7
8
4
3
8
6
6
11
3
5
0
5
5
7
3
2
5
5
4
9
4
7
12
7
7
9
4
9
3
10
9
12
6
6
7
6
9
7
7
9
7
4
5
4
5
7
6
6
5
4
4
2
9
6
6
6
6
8
2
4
2
6
5
6
5
3
2
8
2
4
3
6
4
3
8
5
3
5
8
4
3
3
5
5
2
7
11
12
4
5
5
5
5
6
5
4
4
2
6
2
7
6
5
4
5
6
7
3
5
1
5
3
1
8
5
6
6
2
8
12
5
3
5
5
2
7
2
2
3
6
7
5
7
10
6
3
3
5
6
4
4
6
5
8
7
1
5
4
1
2
4
5
5
3
6
2
7
3
2
8
1
4
3
4
5
4
3
3
2526
