radiacao de fundo
0
0
0
0
0
0
0
0
0
0
0
0
1
1
29
210
171
101
102
143
122
151
109
98
81
96
86
112
119
85
88
85
82
105
72
80
82
81
85
86
94
84
89
100
86
82
87
94
91
95
97
76
85
89
100
92
76
108
113
117
108
110
116
120
118
135
114
142
146
139
132
155
142
152
156
170
170
172
152
153
180
177
155
173
184
190
192
180
179
195
190
189
200
178
170
186
184
206
227
195
195
208
197
181
176
191
191
214
210
209
188
201
200
216
204
171
217
206
199
173
181
218
228
202
199
200
197
188
186
210
207
200
201
171
207
197
199
154
206
180
168
152
176
188
172
160
162
187
162
144
141
130
152
155
168
158
160
150
174
151
148
137
161
134
141
137
157
130
141
131
109
144
133
130
120
118
135
122
131
109
112
125
128
106
106
133
131
108
108
98
121
113
86
102
86
105
87
101
95
96
89
94
96
87
71
86
81
79
81
81
83
69
91
98
84
71
78
74
74
79
77
82
77
75
67
80
82
54
74
64
60
66
69
77
89
56
57
68
71
53
50
120
91
64
71
68
56
60
54
57
46
54
59
51
47
52
53
54
60
43
47
38
44
45
60
51
41
42
40
46
43
51
57
41
50
49
38
35
50
44
35
57
37
50
49
32
39
31
44
43
42
33
39
32
39
56
59
35
39
40
42
32
29
42
44
30
44
24
47
31
35
33
24
38
34
29
28
25
20
32
24
25
40
28
28
22
27
36
28
31
37
29
27
30
21
28
29
41
40
21
23
30
21
28
20
34
34
32
32
54
79
35
24
21
21
29
27
19
26
27
26
25
20
17
20
20
26
24
15
20
17
21
12
21
14
20
21
22
20
19
21
23
27
24
19
15
21
17
18
28
17
22
24
13
20
14
24
22
18
18
19
15
13
14
15
20
9
12
21
16
17
15
15
21
21
20
12
24
16
23
14
23
13
12
23
18
13
19
21
16
17
20
24
13
19
16
24
14
18
19
20
15
13
15
11
20
12
13
21
15
20
14
18
14
17
16
21
19
9
12
12
9
11
10
11
13
8
16
14
15
14
17
18
9
7
13
9
10
8
19
18
9
20
7
10
15
15
16
9
8
10
9
13
12
15
6
15
15
12
14
12
20
25
34
25
19
10
9
13
12
16
7
12
6
10
5
10
14
12
9
18
10
10
9
12
8
13
5
14
5
11
12
4
7
7
12
9
10
15
9
14
9
16
16
15
7
13
11
11
9
6
12
11
8
13
7
17
13
9
11
10
12
13
13
17
14
9
10
12
8
9
12
28
21
9
9
11
7
5
6
10
13
11
11
4
14
10
9
12
6
7
9
9
6
11
12
21
38
29
21
5
10
8
5
6
9
7
10
7
10
6
3
10
7
5
3
9
11
6
2
4
4
5
13
13
5
11
4
8
7
9
8
13
8
6
13
8
14
5
10
11
6
11
8
12
6
10
29
29
15
7
4
7
8
7
6
4
13
8
3
8
9
13
10
9
9
9
11
4
6
6
9
6
3
6
7
6
1
6
9
9
6
11
5
8
6
9
7
5
4
6
7
4
8
6
5
5
10
6
7
5
10
6
1
9
7
6
9
10
7
9
14
3
2
1
4
5
9
4
5
4
6
11
6
10
5
9
7
2
10
1
10
4
5
4
9
5
4
6
5
6
9
4
5
5
6
7
7
6
7
7
19
9
4
6
6
4
3
7
5
4
5
2
2
4
4
4
7
6
15
0
5
7
4
3
9
4
8
1
5
3
4
6
4
8
3
5
6
1
4
3
2
7
4
5
1
6
4
4
3
8
3
8
5
5
8
7
6
4
7
5
1
8
5
7
6
8
9
8
7
4
7
7
2
6
3
5
5
3
4
7
3
3
3
3
1
5
4
6
2
5
10
7
3
4
6
5
3
7
7
5
2
7
1
5
7
3
12
4
8
7
3
8
6
4
6
9
10
5
9
7
3
6
8
5
4
4
5
5
5
3
1
4
12
6
5
8
15
20
7
8
4
9
5
6
4
4
7
3
2
4
5
11
6
4
3
3
4
2
2
4
5
6
5
0
2
8
4
5
5
1
5
6
5
5
5
0
1
4
3
4
4
3
3
4
2
4
6
8
6
8
4
3
9
15
9
6
2
1
2
7
7
2
2
7
8
7
2
5
5
3
5
3
7
4
1
3
4
1
6
6
5
6
7
3
2
3
1
4
3
3
2
3
9
6
5
2
5
10
5
5
5
5
4
3
1
3
5
3
4
4
7
5
4
7
5
2
3
3
6
8
7
7
4
6
7
4
4
4
7
2
2
2351
31
