radiacao de fundo
0
0
0
0
0
0
0
0
0
0
0
0
3
0
55
365
213
148
154
148
135
131
108
88
79
105
111
97
110
97
118
99
96
94
85
103
82
85
81
91
78
95
98
103
82
87
97
86
94
82
96
70
102
86
73
75
95
102
105
104
104
124
104
115
137
141
128
130
141
140
156
135
164
152
132
156
154
147
154
159
141
178
156
180
142
161
184
175
165
196
192
171
189
172
174
193
195
216
191
172
223
194
198
187
177
192
188
188
195
179
181
193
175
206
179
179
188
190
172
201
198
193
179
181
194
166
186
195
201
199
174
173
157
182
176
158
174
152
162
126
167
197
145
174
174
152
160
165
168
160
157
148
132
122
139
145
138
130
125
119
155
133
120
126
141
129
111
119
115
109
123
106
98
126
116
116
113
108
101
121
121
90
105
92
91
94
116
115
122
101
96
101
99
110
101
94
92
120
89
99
87
97
98
79
96
97
86
86
90
98
83
79
90
76
73
78
83
62
70
73
81
69
70
70
71
66
50
53
70
57
83
50
76
74
70
57
60
62
90
53
50
72
69
47
54
52
52
49
51
43
53
59
47
45
48
52
30
47
46
49
44
53
57
45
44
51
49
47
46
38
51
47
39
39
57
38
42
39
36
34
32
46
39
27
40
49
27
29
33
30
35
49
57
28
36
40
42
29
40
27
40
22
36
25
29
39
30
32
29
39
40
24
31
18
31
20
24
36
29
26
32
25
34
38
28
19
32
25
25
35
27
21
39
28
30
17
30
35
19
15
27
17
25
30
22
60
42
26
22
22
25
31
20
23
20
21
23
24
24
23
19
19
18
20
20
19
25
18
24
25
24
9
18
16
17
16
15
13
24
24
19
16
15
11
22
12
15
21
19
22
22
22
15
13
18
17
17
17
10
18
12
8
21
15
11
8
15
9
17
22
26
9
16
16
17
18
11
13
20
21
20
16
24
7
12
18
8
16
13
19
13
17
18
11
11
16
8
13
15
9
21
11
19
13
16
20
21
11
11
14
17
16
16
10
8
13
15
15
10
14
12
9
19
11
17
11
14
14
12
12
9
11
7
14
10
9
12
11
10
19
10
18
13
15
11
9
23
11
18
13
10
8
18
6
16
18
26
23
18
11
16
8
18
12
4
11
18
12
10
10
15
6
9
11
10
13
12
9
7
9
14
9
11
10
10
6
12
12
10
18
7
9
17
11
12
15
7
11
7
10
10
12
4
15
13
11
15
10
10
10
11
9
12
6
10
5
5
2
13
14
10
14
5
18
14
17
13
14
8
4
12
8
16
6
8
7
8
9
7
9
9
12
7
10
11
9
11
5
15
23
28
16
11
6
9
12
8
6
17
9
10
7
12
12
9
7
6
13
4
9
11
5
12
7
6
6
4
7
11
15
11
13
7
9
5
4
8
4
2
11
7
4
9
4
6
8
9
7
8
17
17
15
12
8
9
10
8
11
5
10
8
11
9
5
11
7
8
2
7
4
5
8
6
8
5
9
5
9
9
4
8
7
8
6
12
7
10
5
4
10
4
5
11
10
7
6
10
4
0
6
4
6
6
7
3
7
4
9
8
12
6
10
4
7
7
4
4
8
7
9
9
5
7
5
4
8
0
6
11
5
5
7
6
5
5
6
3
5
5
9
9
4
6
11
2
4
5
9
5
8
7
9
3
3
6
10
5
10
6
10
8
10
8
4
8
5
5
7
10
6
5
5
10
5
10
3
8
5
8
1
3
4
7
6
5
5
5
1
5
4
4
6
5
3
1
4
5
2
7
3
9
3
5
3
1
5
5
1
6
6
4
7
7
6
5
3
6
6
6
14
6
9
4
3
4
3
2
1
3
4
3
4
3
2
5
2
6
5
8
7
2
6
4
3
5
4
3
3
7
6
6
4
4
2
5
4
6
5
7
5
9
3
7
6
1
7
1
4
5
9
5
3
5
3
1
3
11
3
7
6
2
4
5
6
7
4
14
12
8
7
6
3
3
2
7
5
0
7
5
1
3
7
2
1
9
6
5
6
8
11
2
6
3
4
4
1
4
8
2
4
2
5
5
5
8
4
5
6
3
8
5
4
6
7
6
1
6
7
3
3
9
9
5
11
4
6
6
7
3
3
2
1
4
2
5
4
5
4
8
4
4
4
1
3
4
3
6
7
9
7
9
2
3
4
5
3
4
5
5
5
4
2
4
7
4
4
5
4
6
5
5
4
3
4
3
4
4
6
3
6
1
4
5
4
2
1
1
4
3
4
5
4
2
3
2
4
4
3
4
4
0
3
3
8
3
6
4
1
2
2
3
2
2
2006
