radiacao de fundo
0
0
0
0
0
0
0
0
0
0
0
0
1
2
44
438
149
116
112
133
149
141
135
110
99
129
177
131
127
92
117
108
120
100
79
91
88
105
95
100
109
106
101
93
93
87
79
95
92
74
84
101
92
102
120
84
120
115
122
125
115
120
116
117
140
151
138
149
153
178
142
158
161
154
164
170
147
174
166
184
182
179
184
181
175
171
192
175
208
200
206
196
213
219
186
214
213
223
217
214
186
226
215
214
196
211
214
208
182
203
208
187
176
224
205
197
200
208
207
200
193
203
207
212
195
185
185
214
188
205
194
190
182
193
199
178
194
180
207
199
176
168
169
185
198
182
160
144
177
178
185
163
176
177
170
168
158
186
141
153
165
157
135
142
139
127
129
129
142
139
139
150
116
129
137
145
131
112
129
127
121
112
132
103
118
103
112
82
106
106
109
118
113
101
113
106
102
105
91
108
96
98
107
82
83
107
99
94
78
92
90
89
83
80
92
87
73
96
102
81
80
82
92
64
83
74
83
73
68
67
73
70
65
76
66
66
83
77
77
64
65
103
77
59
71
65
60
64
50
59
59
55
51
58
60
62
55
48
46
67
49
64
41
52
60
51
55
53
38
62
42
47
55
38
42
56
56
53
53
39
51
37
48
52
49
32
34
50
31
39
42
39
40
28
42
51
70
37
45
32
31
37
33
30
20
44
27
27
39
32
47
34
44
30
29
29
36
44
27
29
33
40
41
35
40
31
30
41
21
35
32
28
26
27
19
29
37
45
26
31
29
22
25
32
25
32
26
25
25
35
65
37
19
25
27
25
21
29
23
25
25
25
30
26
19
15
26
12
24
32
24
19
26
20
17
12
27
17
22
16
24
24
20
32
20
26
23
15
21
21
19
26
22
21
17
17
22
12
17
20
33
18
20
24
18
19
10
10
15
19
27
16
14
24
18
23
9
14
15
10
21
17
22
15
15
15
13
20
13
15
13
15
15
15
11
14
8
19
11
15
25
18
10
14
20
11
14
21
10
17
8
10
10
17
8
20
18
16
13
15
15
18
15
17
19
9
14
13
14
14
12
10
18
19
12
19
14
10
7
14
17
12
12
13
5
8
11
12
14
11
7
8
12
15
17
12
3
14
12
12
17
17
24
35
20
14
10
14
12
13
20
10
5
8
14
10
7
15
13
8
9
11
9
10
7
9
8
15
14
12
13
14
10
11
13
13
5
11
10
3
13
8
11
8
6
9
10
10
15
12
11
8
8
8
15
15
10
13
2
5
8
9
8
7
15
8
11
9
7
11
13
18
30
22
11
10
9
6
11
11
11
8
8
9
19
13
11
8
9
10
9
5
10
6
9
9
18
42
35
15
13
4
10
9
11
17
11
5
5
1
6
9
9
10
5
9
7
10
8
3
9
9
6
14
7
6
6
6
10
7
10
4
7
9
11
7
9
4
5
6
11
8
6
7
9
5
11
20
33
13
6
5
9
1
9
11
13
5
8
3
7
9
9
8
9
7
7
7
5
6
6
6
7
8
8
8
5
6
3
13
8
5
11
8
6
4
5
12
7
10
7
9
10
2
9
8
7
9
6
10
7
3
9
5
7
2
8
10
3
9
10
10
7
10
10
5
2
3
6
6
4
5
10
9
3
5
9
10
6
4
11
7
7
5
4
8
11
3
8
10
5
4
4
8
4
7
3
8
8
4
8
10
4
7
4
3
8
5
4
4
8
5
6
5
4
8
8
4
3
10
5
8
6
5
7
3
12
4
11
2
6
6
2
7
13
3
8
5
7
4
10
1
6
5
5
4
5
8
4
8
5
3
1
8
4
6
8
3
5
6
5
7
6
6
6
4
6
9
3
10
3
5
9
3
4
6
4
6
3
8
7
3
5
2
10
4
3
1
6
11
7
6
7
6
1
5
6
6
5
4
8
4
2
3
6
4
2
5
6
3
4
4
5
3
3
8
3
6
10
3
5
7
7
3
5
6
6
6
3
3
6
3
4
4
4
5
14
9
18
13
7
1
7
3
2
6
7
4
7
8
7
5
5
10
4
2
8
4
4
6
7
10
5
6
6
8
5
3
6
2
4
5
10
1
2
2
7
2
3
4
4
3
9
7
5
7
6
5
5
5
8
6
7
13
9
2
8
4
3
4
3
1
8
2
6
6
4
6
2
6
7
5
4
2
4
3
4
3
7
3
2
3
6
5
3
5
7
5
4
3
1
7
6
5
9
5
3
7
4
4
6
8
3
5
5
3
4
5
6
7
4
6
3
4
4
2
2
6
2
1
2
5
5
3
6
9
5
1
3
7
7
5
4
2492
