radiacao de fundo
0
0
0
0
0
0
0
0
0
0
0
0
4
2
23
382
184
139
169
163
135
156
131
117
94
108
124
121
114
98
117
89
105
76
111
77
74
96
81
99
94
90
96
118
83
72
92
96
93
96
96
93
94
105
100
112
106
118
137
90
112
102
130
129
121
136
142
123
140
137
158
176
150
166
169
159
166
147
147
187
166
177
170
180
203
197
191
225
200
181
244
247
247
236
265
258
270
259
256
284
233
261
269
257
243
228
210
200
216
207
208
206
212
225
225
203
225
208
187
207
210
213
222
196
140
211
206
193
242
192
203
179
189
184
180
188
171
182
178
172
170
176
177
195
161
159
158
168
156
170
168
139
151
183
154
176
142
151
161
154
153
150
146
164
140
124
132
128
147
115
140
120
120
128
130
125
151
123
113
103
123
113
112
118
115
89
121
91
96
101
122
126
108
101
98
96
94
102
94
104
100
102
94
88
85
70
90
94
95
99
93
92
82
108
87
81
76
90
82
84
67
82
74
82
66
67
85
94
78
72
80
73
65
64
65
79
94
75
78
55
76
124
68
58
75
65
56
59
51
55
58
58
60
54
48
40
55
49
46
47
51
55
56
55
54
40
44
45
51
53
38
41
48
46
42
50
50
48
46
36
43
44
33
37
45
39
47
38
49
45
38
44
29
41
40
58
67
39
41
48
42
36
35
36
33
46
38
47
40
34
31
30
30
38
27
33
28
37
26
29
30
41
28
23
30
42
34
33
33
35
30
30
27
19
26
35
27
32
28
21
26
26
19
16
25
20
15
22
29
38
64
42
25
29
28
22
25
26
19
29
17
24
23
26
30
24
26
17
33
28
20
24
26
27
27
27
21
22
28
20
21
20
22
28
13
19
23
17
24
28
20
27
19
28
18
16
15
23
27
20
19
19
25
17
9
20
18
27
16
16
22
9
11
23
22
17
25
24
13
19
17
21
8
17
20
15
15
24
14
18
20
19
24
19
17
16
15
19
11
20
15
15
13
24
16
20
12
17
21
18
12
19
13
14
13
16
5
14
10
14
11
16
14
17
14
13
15
7
18
10
15
10
16
7
4
7
15
11
17
17
10
13
17
8
9
8
17
9
12
10
14
13
17
21
23
14
10
14
16
16
14
21
17
28
20
14
22
7
7
15
13
10
20
11
12
14
9
15
7
13
5
10
10
8
6
4
5
12
13
8
12
8
11
10
11
12
15
12
15
14
11
15
7
11
10
13
10
13
11
13
13
9
10
5
11
10
10
13
10
6
14
9
8
9
8
13
10
13
15
15
5
18
27
29
13
6
7
5
10
8
11
7
8
15
8
5
12
10
14
4
9
13
9
11
14
12
10
29
37
18
11
9
9
10
8
9
6
9
11
8
11
5
8
7
4
11
4
5
8
8
7
6
6
13
6
10
7
8
9
12
6
16
12
8
10
6
5
3
7
8
3
4
6
9
15
10
17
16
40
14
11
7
7
13
11
8
8
14
6
9
3
9
8
3
8
4
10
6
4
9
6
9
15
4
5
8
7
9
8
7
5
8
11
8
8
12
7
3
10
6
6
10
8
4
7
6
10
8
13
5
11
16
4
6
9
7
8
7
5
9
6
20
6
4
9
5
4
4
6
7
4
5
1
5
9
10
13
5
8
6
13
8
9
6
6
8
5
12
6
6
3
9
6
7
4
5
7
6
6
8
7
7
2
6
7
5
2
5
3
4
6
7
5
8
6
4
7
4
6
4
2
4
4
3
8
8
8
5
7
6
7
5
7
3
3
3
2
1
6
7
3
2
4
6
9
5
3
6
2
6
4
6
4
3
6
10
2
12
9
6
11
8
1
3
3
5
9
4
3
5
4
5
3
7
7
4
4
6
3
7
6
7
3
5
8
7
6
8
5
10
3
2
5
4
8
6
6
5
1
4
5
9
9
4
6
0
7
1
8
4
4
9
5
7
4
6
5
4
5
2
5
4
2
5
6
3
0
6
1
6
7
6
7
6
3
3
8
6
14
13
6
5
1
3
4
0
4
4
3
4
3
8
9
7
6
7
4
4
1
9
9
8
6
5
3
2
4
3
8
7
6
7
3
7
5
6
5
3
7
7
6
6
3
4
7
3
5
7
4
8
9
7
7
5
9
7
6
3
4
6
2
4
9
5
4
3
3
3
1
5
4
0
5
5
5
2
8
4
8
2
6
3
3
10
4
4
6
3
3
2
4
5
3
3
4
4
11
9
6
7
3
9
6
2
3
3
3
4
3
5
2
2
3
5
0
4
8
4
4
4
6
3
6
5
1
2
6
6
1
3
5
4
56
2334
