radiacao de fundo
0
0
0
0
0
0
0
0
0
0
0
0
0
0
49
385
127
90
79
94
133
108
110
57
81
90
84
72
111
87
103
77
78
73
78
67
72
71
72
71
75
72
70
107
81
64
88
83
65
61
89
81
80
70
83
98
85
78
104
107
91
74
108
82
106
112
97
106
115
116
126
141
106
134
143
125
129
133
162
131
140
136
163
151
174
154
180
147
151
162
150
170
158
161
161
178
160
153
148
158
181
165
165
162
168
177
192
171
167
177
181
193
142
172
153
172
152
150
175
163
156
155
182
148
149
157
157
163
178
152
172
152
172
143
158
147
159
126
145
140
155
139
139
141
131
127
149
135
134
122
140
145
119
134
131
118
144
121
140
137
111
135
114
106
105
110
110
99
103
93
94
80
99
108
106
101
101
122
93
100
88
100
75
91
95
91
94
83
85
90
98
109
96
88
66
89
83
97
73
89
83
89
67
62
81
73
81
68
61
82
78
71
62
70
59
54
87
85
70
79
55
80
59
55
65
54
72
60
44
59
54
58
62
63
53
51
58
57
68
56
40
90
65
55
57
60
46
46
43
39
44
42
36
49
48
44
63
55
40
47
50
35
41
46
34
45
38
42
30
32
38
45
48
38
30
45
32
28
27
39
42
29
35
38
25
28
33
40
42
30
35
30
35
27
27
32
53
33
30
25
26
32
19
22
24
26
29
33
24
28
27
25
24
24
28
20
21
27
31
28
24
15
30
17
28
30
18
31
21
26
27
24
23
36
35
27
27
32
29
28
21
18
20
20
22
16
23
22
16
18
58
30
19
20
18
20
21
22
12
17
26
18
19
11
13
16
19
23
12
21
17
17
13
11
18
16
19
14
16
19
18
19
25
15
17
17
16
19
15
15
20
18
16
16
18
13
14
27
12
12
22
14
15
14
21
16
19
19
18
21
15
20
16
14
16
11
19
15
13
25
12
6
19
11
14
14
19
11
15
10
22
8
13
19
12
9
19
11
12
14
11
11
6
13
21
16
18
15
8
9
13
11
16
8
8
8
15
18
18
15
18
7
12
9
16
8
19
12
14
16
13
11
12
10
11
8
10
17
10
10
12
11
11
9
11
10
11
11
14
15
8
10
10
8
6
6
10
11
11
10
13
14
24
17
26
15
11
15
12
6
8
14
7
12
5
14
16
13
8
11
10
10
8
7
6
10
7
6
8
8
11
8
12
10
9
6
8
12
9
6
11
7
5
8
5
8
5
12
5
9
8
13
6
8
10
6
10
8
18
10
3
6
10
8
17
15
12
4
8
12
12
11
20
13
12
9
8
4
8
10
11
7
10
7
6
7
7
6
9
6
9
5
7
6
5
7
5
30
33
15
10
4
4
6
6
4
10
2
1
6
4
7
8
8
9
5
4
7
6
8
6
7
3
9
7
5
7
8
8
8
9
6
4
8
7
6
8
8
8
5
3
4
6
4
4
9
14
11
34
15
14
2
8
3
8
4
4
1
9
3
6
4
6
3
8
6
4
8
4
7
4
7
10
5
5
5
2
8
4
7
11
6
5
10
8
7
7
8
8
4
5
4
7
7
4
5
5
3
2
3
8
3
8
4
6
8
2
3
7
8
3
10
4
5
11
6
2
3
6
3
5
5
5
4
2
2
3
5
4
4
4
6
2
6
4
5
9
5
5
0
1
4
4
8
5
1
2
5
3
1
3
9
6
3
7
5
2
4
4
2
6
9
4
2
5
5
3
9
10
2
3
6
3
3
7
7
7
9
5
7
4
3
4
6
6
4
3
3
4
2
6
6
3
6
4
2
2
4
3
4
2
6
4
2
3
6
7
1
1
7
7
4
4
1
5
8
2
8
3
3
1
3
1
4
3
7
8
0
6
2
2
5
3
2
4
5
6
6
8
3
10
9
3
2
3
0
3
2
6
2
4
4
7
6
4
6
7
4
1
2
5
5
1
4
4
6
5
5
4
4
5
2
3
6
1
2
4
2
7
2
4
2
6
4
0
6
6
8
9
15
7
3
5
5
7
7
3
4
5
2
9
5
3
4
3
3
6
3
2
3
0
5
5
3
0
2
4
6
2
7
5
1
6
4
9
4
1
6
3
6
3
4
6
3
7
3
4
3
4
5
11
7
6
8
6
5
4
4
4
5
4
5
2
8
6
3
5
1
2
7
3
5
3
5
2
2
9
2
5
3
3
6
3
2
1
1
3
0
6
7
5
3
5
2
0
0
4
5
2
4
4
4
4
5
2
6
0
1
2
1
2
1
4
2
4
1
6
1
1
3
2
4
1
4
7
4
3
2
6
5
10
4
1
1896
