radiacao de fundo
0
0
0
0
0
0
0
0
0
1
0
0
2
0
26
179
127
83
93
119
104
114
86
77
88
89
82
91
110
85
110
92
74
79
84
84
100
63
88
83
86
83
84
88
81
77
69
92
80
66
75
80
91
75
96
92
81
90
78
90
100
97
97
96
116
98
112
129
114
126
135
143
153
159
146
137
149
126
164
159
140
153
188
158
176
149
205
145
163
180
174
166
189
166
188
166
188
185
182
179
161
202
199
226
157
181
183
182
192
185
198
204
175
177
196
203
187
162
187
187
177
158
162
171
165
167
163
175
181
176
170
171
175
151
168
173
174
189
165
159
173
152
176
188
153
154
147
138
137
144
143
147
153
110
134
127
135
150
158
116
125
119
125
122
129
114
117
130
143
137
114
102
121
116
115
111
102
107
114
103
123
103
104
87
107
94
104
85
98
103
100
99
103
79
84
94
74
88
76
79
101
97
86
84
95
95
73
80
75
74
71
73
72
77
66
61
72
63
56
66
73
68
71
72
65
70
65
57
59
71
69
75
67
71
71
51
60
60
57
58
64
100
56
45
66
57
51
43
49
53
55
52
53
38
47
62
42
45
35
40
56
41
40
43
48
46
45
42
37
46
36
44
38
39
45
31
44
35
38
45
40
30
24
38
16
25
41
34
44
31
40
48
41
26
32
61
58
32
28
33
36
38
27
36
32
23
28
26
47
40
26
34
32
24
33
35
26
20
30
35
20
32
26
31
24
28
31
43
29
32
35
31
30
18
21
18
34
39
26
15
18
23
28
24
21
21
18
19
24
31
63
36
25
24
26
25
17
17
29
21
15
23
22
21
15
17
24
27
21
17
13
16
19
16
25
13
23
15
22
20
20
16
29
18
18
22
26
19
14
13
19
16
22
24
14
13
22
14
19
17
11
20
15
19
19
21
16
22
15
16
24
11
17
13
14
16
17
9
14
14
11
17
19
14
18
15
7
13
12
14
16
18
11
17
16
12
12
15
14
21
16
16
12
12
18
12
16
14
22
5
9
14
16
17
20
13
19
18
13
11
21
11
7
9
14
13
11
11
11
12
17
12
15
11
16
11
12
13
16
6
11
14
10
18
10
7
15
8
7
10
8
7
14
11
10
9
9
10
15
6
21
23
25
17
13
14
8
8
7
9
9
8
8
14
13
8
9
7
12
17
7
8
4
11
10
13
8
11
15
11
7
4
7
16
10
7
12
6
7
11
10
9
9
6
9
5
9
7
7
14
12
7
8
11
9
8
13
8
8
5
7
6
14
9
9
2
11
10
14
10
13
25
11
23
12
8
8
6
8
13
10
5
10
7
9
10
7
12
5
8
20
8
8
10
11
15
18
32
34
19
3
9
13
3
9
8
10
8
5
8
4
11
6
9
10
10
4
7
4
4
5
7
4
5
13
9
10
5
9
7
3
9
6
6
2
10
7
7
5
10
6
8
17
11
6
15
15
24
26
20
12
10
13
6
9
8
6
9
3
11
8
5
6
5
8
6
10
6
10
7
3
4
10
9
4
6
5
6
5
5
5
8
6
8
6
5
6
7
3
5
3
3
7
2
5
6
6
4
9
8
5
3
10
12
5
4
8
7
2
7
4
11
4
5
8
1
8
1
6
9
6
9
6
7
10
6
5
3
3
5
10
4
4
12
9
5
6
8
8
2
6
5
5
5
5
11
4
6
4
8
8
6
7
2
8
3
4
5
4
4
6
9
4
4
7
6
6
4
7
4
7
5
8
5
7
3
5
10
10
4
2
5
1
5
4
6
7
7
2
6
6
3
4
5
6
3
2
5
3
3
3
6
2
6
3
4
5
3
6
2
5
10
2
3
6
3
7
4
4
5
3
5
1
2
3
4
8
4
5
4
3
8
10
2
7
12
6
3
3
4
7
1
10
7
9
8
2
6
5
5
4
4
4
6
3
4
4
4
2
4
3
2
9
7
4
4
4
4
5
4
1
4
1
2
6
1
2
3
7
6
4
5
3
4
7
5
7
10
16
8
9
1
2
3
6
2
8
10
6
4
6
6
5
3
2
4
9
6
9
2
6
4
4
6
1
4
6
1
4
6
2
6
1
3
6
2
5
1
2
0
4
5
7
2
2
6
6
6
4
6
9
2
4
7
9
4
5
8
8
0
5
2
4
4
5
6
3
3
5
5
1
6
0
2
7
5
3
2
6
2
3
3
5
4
6
2
5
3
4
4
4
3
7
4
2
5
5
2
0
3
3
7
7
2
3
0
5
7
4
3
4
3
4
3
6
2
5
5
5
6
5
4
1
3
4
1
5
6
4
4
3
3
2
2123
