radiacao de fundo
0
0
0
0
0
0
0
0
0
0
0
0
0
0
10
215
132
78
97
102
134
115
108
70
72
103
99
97
91
108
82
97
96
93
80
81
78
63
85
83
94
83
77
100
85
81
76
89
70
91
88
95
88
101
85
96
100
107
102
101
97
116
128
114
123
106
140
121
135
121
150
147
140
131
163
161
152
147
165
157
163
160
161
184
170
187
170
193
190
163
161
160
171
172
177
185
168
197
170
173
210
197
209
180
202
176
204
183
179
159
196
186
177
195
208
196
188
195
190
208
186
155
196
177
179
200
189
181
200
168
195
183
162
178
171
175
154
161
183
155
186
138
174
155
158
162
152
153
143
158
151
140
141
148
151
121
128
139
141
133
141
142
125
137
117
118
122
106
129
133
98
97
119
107
97
114
90
120
115
94
102
99
121
96
107
103
120
93
125
101
102
91
109
83
81
83
76
90
85
93
68
77
85
71
96
94
82
95
86
84
92
78
71
76
80
73
99
90
63
55
69
63
54
60
69
72
81
73
78
70
64
83
76
60
62
65
55
65
111
64
58
66
52
43
61
61
46
53
42
51
63
40
47
42
52
43
49
56
51
43
41
50
31
53
45
60
40
49
44
43
40
49
43
29
42
22
35
36
39
32
32
43
34
33
34
28
53
32
36
40
33
39
68
22
41
38
35
38
28
36
37
41
36
23
36
36
22
32
32
30
43
35
24
31
29
26
25
29
28
24
26
24
28
29
30
28
27
35
29
21
21
37
31
28
23
22
27
21
24
24
22
19
23
25
28
57
55
27
21
29
16
26
17
17
25
16
21
23
20
17
20
26
24
24
29
16
10
25
23
17
25
21
15
17
27
21
17
30
19
20
17
17
20
19
24
17
15
16
12
15
17
21
20
12
23
14
23
18
11
18
24
19
16
15
16
16
14
14
18
11
25
12
17
16
21
25
10
16
24
14
14
14
13
11
18
14
9
15
20
11
14
18
14
15
13
14
17
13
14
23
26
8
14
11
11
13
14
14
7
15
13
12
17
13
19
18
13
14
17
17
14
15
17
16
15
15
8
17
12
12
11
10
13
11
9
17
9
13
13
12
9
18
7
10
14
14
9
11
11
16
14
15
15
17
14
19
26
31
16
9
9
7
10
8
16
9
8
12
10
10
11
8
9
11
8
8
8
13
12
7
12
8
9
7
6
11
14
8
6
7
12
10
10
15
10
13
14
12
8
8
7
11
9
4
8
8
7
12
10
9
10
12
6
7
6
9
7
10
7
9
9
11
9
14
26
23
12
8
10
8
11
3
4
9
13
4
7
10
6
9
6
11
5
12
10
3
7
6
20
33
37
22
9
7
6
10
3
7
7
6
9
6
3
7
14
9
2
3
6
6
8
7
10
7
4
6
5
6
7
3
6
3
5
7
11
9
4
5
6
6
6
7
9
6
10
2
9
6
6
23
18
11
6
6
5
6
8
9
8
1
11
5
8
5
4
4
6
9
7
1
7
9
8
6
5
5
10
8
6
4
9
5
2
8
12
11
7
7
3
4
13
9
4
4
5
4
5
7
6
6
7
3
8
5
6
7
7
8
3
3
5
6
8
3
5
3
3
7
7
4
4
5
2
10
8
5
7
4
5
4
4
8
0
9
9
4
6
8
10
1
3
6
3
3
4
6
4
0
7
7
6
4
5
8
4
5
9
2
2
4
6
2
5
9
3
6
7
8
9
8
5
5
3
8
8
5
5
5
3
4
4
5
5
8
4
1
6
6
5
9
5
5
5
6
6
6
5
3
5
4
3
7
8
4
7
7
6
5
11
8
3
5
6
6
4
3
4
1
6
2
0
5
1
1
7
6
2
3
8
7
6
4
7
2
4
3
3
8
5
9
5
3
5
7
3
6
7
1
8
1
6
1
6
8
9
3
4
11
3
6
6
4
3
3
4
9
0
7
5
5
3
1
10
6
2
3
4
3
4
3
4
6
3
3
6
7
14
8
4
5
8
7
5
3
3
3
5
2
5
7
6
2
5
4
7
2
3
6
5
5
5
3
2
2
5
4
5
5
7
6
2
5
4
2
1
4
7
5
5
5
7
5
5
3
4
6
5
2
6
12
13
8
3
7
1
2
5
1
5
6
3
4
5
5
4
3
3
2
3
6
3
2
3
5
3
5
3
5
3
6
4
7
3
3
4
8
1
4
3
4
4
5
4
7
5
4
4
8
3
1
6
6
8
2
5
3
5
4
5
3
4
5
5
4
5
0
7
7
4
3
3
3
4
3
7
6
5
2
3
4
5
2
4
6
6
3
9
7
5
3
3
8
1
2111
