radiacao de fundo
0
0
0
0
0
0
0
0
0
0
0
0
0
1
19
209
145
128
160
138
123
93
102
100
68
84
88
98
117
110
99
100
91
86
80
80
106
103
73
77
94
90
86
86
72
89
67
77
72
83
69
80
83
93
89
89
82
97
106
101
88
119
100
106
137
129
110
128
127
132
133
128
143
153
167
158
163
158
151
154
165
175
171
162
181
197
180
182
195
192
174
179
175
193
143
190
178
221
177
180
200
191
194
178
181
208
204
194
180
200
204
175
210
155
196
202
163
186
209
191
195
214
186
177
163
159
200
174
206
194
186
163
169
173
180
145
177
179
166
153
171
171
154
162
172
148
166
166
152
155
155
152
162
150
134
131
127
154
125
142
133
127
128
133
133
128
134
104
119
133
131
107
109
134
118
118
124
94
113
104
102
93
113
123
103
103
108
112
114
102
92
91
103
93
80
109
83
95
89
105
101
69
88
89
83
84
88
76
95
80
80
67
81
77
85
81
76
73
78
93
69
68
76
66
65
65
54
68
70
56
70
66
59
63
53
52
62
65
91
87
66
84
54
53
56
55
65
48
47
51
46
47
53
56
49
46
36
50
45
56
51
49
54
44
53
53
41
45
46
41
43
37
43
46
40
56
46
42
46
40
40
46
41
32
32
40
52
50
37
30
29
51
55
31
35
45
48
38
21
30
33
26
39
35
37
40
32
35
31
39
35
25
30
33
27
21
27
30
47
33
36
27
31
28
20
29
29
38
31
26
29
25
27
35
25
26
22
35
34
16
25
25
26
19
24
51
30
26
25
24
40
21
29
28
25
22
26
23
25
27
18
16
26
15
22
18
27
28
20
23
19
16
23
15
16
24
23
16
19
23
14
20
15
18
28
12
17
18
18
16
19
16
17
11
18
14
19
16
19
13
30
21
21
13
20
19
19
16
15
21
17
13
20
16
20
23
16
15
19
13
16
17
17
15
17
17
14
16
21
11
19
11
24
16
20
14
14
16
14
23
13
16
16
15
11
15
11
19
17
14
14
19
12
7
9
10
13
15
17
16
17
26
14
12
18
13
15
10
15
11
16
9
12
14
14
11
13
13
16
15
11
12
12
6
16
12
6
12
7
10
15
13
11
9
15
12
24
14
14
20
18
9
16
11
9
10
15
10
11
13
14
8
10
9
11
12
15
7
9
10
10
10
6
9
14
8
6
6
8
7
10
7
10
11
6
12
7
13
7
11
7
9
17
3
11
6
9
7
12
5
7
13
17
8
13
11
11
6
10
9
12
10
21
8
9
14
11
11
10
8
9
8
10
20
8
12
6
9
10
9
12
6
7
10
7
8
11
13
15
27
21
13
10
6
4
9
14
11
24
11
7
4
10
13
5
9
9
5
10
7
6
8
9
10
6
6
2
3
9
11
9
6
5
5
4
7
7
5
10
6
5
9
10
10
7
6
12
8
10
20
17
7
3
6
12
6
9
11
17
12
7
5
11
7
4
5
7
6
9
3
4
5
8
7
6
9
6
5
9
5
7
1
9
11
8
4
5
8
6
9
6
4
7
9
8
8
10
9
7
9
4
7
3
7
9
6
4
9
2
5
10
4
12
5
11
7
9
6
5
6
4
8
8
8
8
8
6
11
10
4
5
5
4
8
5
7
6
7
9
3
10
3
8
5
7
6
3
9
8
6
8
8
5
11
4
8
9
4
8
4
2
4
1
7
6
2
4
6
6
2
4
8
6
7
7
8
6
9
9
7
9
4
4
4
8
7
3
6
5
6
2
4
8
6
3
3
5
4
5
13
6
5
2
5
3
8
6
5
0
5
5
5
6
5
7
7
5
6
2
3
4
4
9
5
3
5
3
4
5
5
9
4
6
4
4
1
3
5
6
7
4
10
8
4
5
4
7
4
2
11
6
5
8
7
4
5
4
7
6
3
3
6
4
6
7
9
1
8
6
5
6
6
5
3
1
4
2
12
3
3
7
7
5
7
3
9
14
6
7
7
5
4
5
6
8
4
5
4
11
7
8
7
9
7
6
4
3
3
3
4
5
2
5
1
2
6
5
7
2
2
3
7
7
7
5
6
3
5
4
4
2
6
7
3
3
2
6
4
3
4
8
9
5
2
2
3
6
5
6
5
3
1
4
4
6
3
2
4
4
5
3
2
5
3
9
4
5
8
4
9
2
3
4
4
1
3
9
3
3
4
4
5
7
2
4
7
3
2
7
7
7
2
4
6
7
5
4
6
4
4
5
2
6
5
3
5
3
5
4
6
5
5
4
2
7
6
8
4
3
6
4
2
3
4
5
8
3
5
9
6
1
5
2
2282
