radiacao de fundo
0
0
0
0
0
0
0
0
0
0
0
0
1
0
13
227
152
108
121
133
162
150
137
111
104
103
100
117
107
124
99
101
93
108
91
97
104
107
101
90
94
109
101
90
92
86
103
97
103
101
94
93
121
90
101
131
110
127
134
118
133
125
135
143
147
130
141
161
171
131
152
163
157
160
181
162
173
164
185
191
180
191
199
193
175
219
217
191
197
193
203
202
225
209
212
235
243
231
195
208
229
233
215
218
212
218
231
229
177
220
210
235
218
226
223
212
205
222
232
179
215
235
210
206
235
170
214
216
198
204
190
195
202
187
206
190
187
167
184
202
173
190
212
179
191
201
177
196
195
177
164
160
167
179
150
146
157
163
165
164
132
165
149
140
147
146
121
136
150
131
134
145
135
139
124
119
136
138
131
114
140
127
132
138
130
117
89
114
129
129
114
102
117
109
122
115
102
87
106
111
104
97
108
107
87
95
94
87
92
87
103
99
96
86
86
93
77
89
80
70
87
80
66
69
84
86
80
92
73
83
90
72
59
72
71
75
74
67
141
80
74
83
71
55
58
78
50
60
63
61
55
60
61
46
56
48
50
53
65
44
48
58
49
68
54
58
52
54
61
51
42
47
47
46
56
40
52
52
38
48
48
46
41
29
43
29
45
38
37
47
44
53
74
45
29
54
41
55
33
32
45
32
41
37
38
45
31
30
31
24
42
34
35
33
32
28
40
32
42
31
32
31
41
39
33
30
22
25
34
34
31
37
40
22
27
36
23
28
28
19
26
32
19
27
30
64
74
25
24
25
30
20
21
26
23
24
29
21
31
12
20
30
28
21
29
21
19
23
30
24
24
17
21
33
22
25
26
18
27
27
24
23
26
22
18
18
30
24
20
20
28
20
21
21
19
27
18
20
21
15
29
19
21
14
22
25
24
16
21
17
26
28
22
15
19
9
7
15
26
23
17
15
27
16
25
11
15
19
14
22
11
18
13
18
12
24
16
13
13
14
11
15
18
13
21
20
18
12
20
19
18
20
14
22
14
16
21
12
15
14
18
10
16
12
17
14
9
17
18
13
17
21
7
16
21
15
15
17
11
10
10
8
18
16
11
12
12
12
14
18
15
15
14
13
15
15
30
26
10
6
7
18
20
14
13
15
16
9
13
17
10
13
17
11
9
16
7
8
15
14
11
10
11
6
6
14
6
14
19
15
13
11
9
14
12
10
14
9
13
11
9
18
8
15
13
13
10
16
11
12
8
17
16
15
6
10
9
4
8
12
4
7
10
10
17
27
15
15
9
13
12
13
8
10
13
9
13
14
8
9
8
6
5
11
8
7
11
11
18
21
44
19
8
15
7
8
14
11
9
7
11
5
9
10
9
9
9
6
5
11
9
11
2
10
8
4
13
7
15
7
6
5
3
12
10
6
5
8
8
5
9
11
6
9
9
10
12
9
6
33
24
16
7
12
6
8
11
5
8
7
9
7
8
11
5
11
4
8
11
4
3
7
6
10
8
7
3
5
6
7
7
6
8
8
5
8
12
3
7
9
9
6
5
14
8
9
5
4
8
7
8
6
9
5
7
7
3
13
4
5
9
8
10
13
4
7
8
9
4
7
11
11
7
5
5
4
5
10
5
9
4
8
5
7
7
6
10
9
8
10
5
7
7
6
9
4
10
6
10
6
7
8
4
9
6
8
4
11
10
3
3
2
5
5
6
3
10
9
12
6
5
7
6
9
8
7
2
9
5
3
3
9
5
2
9
9
2
10
10
6
2
8
7
8
4
6
8
5
6
6
8
3
4
2
1
5
8
0
8
4
7
5
6
9
4
5
3
8
6
3
4
2
5
7
3
7
6
8
4
4
6
7
5
2
4
7
7
9
10
5
8
8
8
3
5
7
6
4
10
6
3
6
4
3
5
3
5
6
7
5
9
6
2
3
6
4
2
10
1
1
6
4
2
5
5
4
8
7
4
4
3
3
4
3
7
15
20
13
6
3
1
5
5
4
2
8
4
5
3
5
3
5
1
3
6
6
5
5
6
4
6
11
2
8
4
5
4
6
4
3
6
2
6
6
6
6
6
6
4
7
5
5
6
5
10
2
12
7
8
5
10
12
8
8
4
4
3
5
7
7
2
1
12
3
7
5
2
2
15
6
5
1
2
7
3
3
5
7
4
4
5
4
6
4
3
3
3
5
5
3
4
4
4
1
1
4
3
0
5
3
6
5
8
3
5
4
4
3
3
5
5
3
3
5
3
2
8
2
3
5
5
2
4
7
4
2
5
2
2
3
2
5
5
4
5
5
1
3
7
4
4
5
2395
103
