radiacao de fundo
0
0
0
0
0
0
0
0
0
0
0
0
1
1
30
291
189
142
153
170
133
135
115
105
97
97
115
116
90
81
93
95
94
82
83
73
75
87
85
101
97
87
65
111
95
68
73
83
98
88
100
79
74
94
93
108
101
94
93
112
111
117
133
109
116
123
119
125
144
127
132
155
142
149
154
140
147
141
158
162
176
164
161
196
163
172
199
164
175
180
192
182
178
191
191
210
170
203
212
155
196
213
182
193
174
196
183
169
206
177
187
187
214
209
178
174
166
192
179
202
185
201
181
181
178
194
170
159
207
183
183
180
164
181
183
176
166
195
147
201
143
156
139
168
161
149
155
136
147
161
149
156
156
130
147
173
120
135
125
146
147
129
112
123
120
129
123
125
125
139
114
123
125
107
119
113
116
109
125
102
96
103
111
121
92
109
102
82
97
131
104
83
98
104
109
100
102
88
90
88
88
97
99
80
103
76
82
75
82
81
74
77
92
80
86
74
82
76
76
68
70
75
67
81
64
82
74
70
62
67
59
53
61
66
58
73
51
78
67
52
70
104
62
64
53
48
50
40
58
41
51
56
53
56
49
49
37
48
51
48
45
37
46
43
45
35
40
49
50
45
38
46
34
33
46
34
44
42
31
36
45
40
42
36
33
35
38
35
27
36
41
38
46
33
39
42
46
29
31
35
34
41
27
33
39
31
34
33
33
32
31
34
32
24
27
34
32
31
35
20
24
25
20
32
35
28
30
35
32
32
28
24
26
26
19
24
17
26
25
28
26
26
17
18
19
36
35
34
32
30
48
33
18
26
32
22
17
25
35
21
23
19
23
17
29
19
21
27
24
17
35
19
19
17
16
16
14
12
25
25
23
20
17
21
22
17
23
22
29
14
22
17
16
18
21
12
22
19
15
21
17
18
17
11
19
20
22
21
15
21
15
20
17
24
14
16
19
15
24
24
10
16
8
11
14
17
14
10
12
17
11
15
13
15
13
10
15
15
15
16
14
12
13
11
15
16
12
14
9
17
18
16
22
12
17
11
12
22
18
10
15
12
9
14
13
17
13
7
7
11
8
10
9
15
8
10
15
22
9
21
13
13
10
13
9
12
16
8
10
17
10
14
11
21
18
15
23
8
19
15
12
9
21
22
21
10
14
11
8
11
15
16
12
12
10
13
9
6
10
10
6
15
10
9
8
11
6
11
8
8
13
7
8
8
12
12
10
3
12
8
9
10
10
10
11
10
8
8
5
12
10
10
13
14
11
6
9
13
11
5
12
6
7
7
11
7
16
4
5
11
11
12
17
15
14
12
11
9
5
6
8
6
10
9
5
10
6
7
11
14
23
11
9
8
5
15
8
18
25
10
6
4
8
4
8
6
3
6
7
10
13
4
7
12
8
10
11
9
12
9
3
7
6
8
3
5
8
4
6
9
5
6
6
9
8
4
5
8
8
9
7
7
4
5
9
6
8
9
11
12
7
9
7
1
8
7
2
2
7
10
10
11
2
5
9
4
5
6
5
4
11
9
7
10
6
5
9
7
9
7
5
8
2
2
7
6
10
5
3
4
12
13
2
4
6
5
6
8
5
6
13
10
7
7
4
1
4
5
12
15
7
6
5
11
8
1
12
6
8
4
5
5
2
4
4
4
3
4
6
5
7
4
5
2
6
9
2
4
3
4
6
11
9
12
6
9
6
3
14
5
7
7
10
1
4
7
1
6
7
8
4
6
4
5
5
5
6
7
4
8
10
6
2
6
4
9
6
4
2
4
6
2
9
9
5
7
3
5
4
7
3
9
8
4
1
5
5
8
4
4
6
3
8
2
9
5
3
2
7
5
5
5
5
7
5
5
8
4
6
4
9
5
2
5
9
5
7
6
6
6
1
8
6
8
0
6
8
1
2
7
6
9
4
5
6
4
9
1
5
9
4
5
3
5
4
4
4
6
2
1
7
3
7
7
2
3
6
3
9
7
3
6
8
6
6
7
13
4
5
5
9
2
5
3
5
7
5
6
9
11
6
5
10
2
7
3
5
4
8
4
5
4
2
6
3
7
4
5
4
2
2
4
6
6
6
3
5
5
2
4
4
4
1
3
5
2
3
2
2
3
5
10
2
7
5
5
6
0
2
6
6
9
4
8
2
3
3
4
6
5
2
6
1
7
3
4
3
7
2
3
6
7
8
7
4
2
1
0
3
3
2
2
6
4
2
3
2
5
2
4
5
3
4
5
3
1
8
4
4
3
5
5
6
5
4
4
5
0
6
4
0
5
4
4
3
1
2
0
5
2
6
8
3
8
2
5
1
4
7
4
1
6
6
2192
