radiacao de fundo
0
0
0
0
0
0
0
0
0
0
0
0
3
0
37
269
127
88
103
123
116
129
80
70
86
81
72
89
99
108
79
95
82
61
67
77
76
79
76
89
81
73
59
88
77
73
82
76
89
67
85
69
68
89
104
68
89
107
99
104
107
99
98
107
113
110
87
101
118
117
129
130
139
126
133
127
141
135
150
132
156
125
145
173
163
153
168
147
184
158
171
166
189
172
177
159
166
171
185
166
170
193
187
194
158
156
165
188
147
164
184
176
153
173
170
164
165
163
169
194
168
162
154
166
162
176
175
164
184
178
171
151
164
159
148
171
167
183
138
146
145
141
168
120
131
142
130
128
149
103
143
121
130
140
148
119
132
156
125
128
115
129
120
114
120
116
104
103
105
118
118
101
106
113
108
134
96
104
99
101
99
109
111
105
95
78
91
100
95
99
90
112
94
96
91
72
78
78
91
76
90
80
90
73
91
70
69
87
69
80
73
68
75
74
71
56
70
81
66
74
69
67
71
66
61
64
55
55
60
55
59
60
63
61
50
57
53
52
59
61
56
119
71
58
67
56
63
38
39
41
54
55
40
57
34
51
40
51
48
40
46
50
41
46
51
38
34
49
31
38
36
49
32
38
25
26
41
34
45
42
34
30
27
27
40
35
29
30
24
29
54
41
32
32
39
47
48
35
33
22
31
33
30
38
41
31
34
32
27
29
26
23
31
28
24
26
24
38
16
41
28
27
22
26
21
30
23
26
28
32
26
34
32
20
30
24
27
36
25
25
25
18
19
21
21
25
19
24
25
36
64
29
19
24
21
23
17
24
11
27
18
15
19
25
16
24
15
21
22
18
22
20
20
22
22
22
17
14
17
16
18
15
12
21
19
13
16
14
22
17
12
25
20
16
21
14
17
14
17
19
22
13
19
23
20
17
17
15
20
18
14
14
13
17
16
15
19
21
13
15
17
11
20
17
14
15
20
11
15
10
15
15
10
15
12
13
17
16
11
13
8
15
16
8
10
13
14
7
12
15
20
14
9
14
13
18
7
18
10
12
11
10
8
10
12
18
12
9
7
18
17
11
13
15
13
16
10
10
14
11
14
12
10
13
8
10
9
7
8
11
6
6
9
9
9
11
18
11
14
8
12
20
14
22
23
14
13
11
12
13
10
12
10
12
10
6
5
11
11
10
9
9
16
9
10
12
7
11
13
8
6
8
9
10
9
10
9
3
6
8
10
10
7
8
9
5
10
9
11
7
9
6
9
11
9
8
10
7
7
9
9
6
5
10
5
4
10
9
11
9
9
11
14
20
18
6
5
10
11
10
13
10
9
12
6
7
10
6
6
5
9
9
8
11
8
12
13
34
48
17
6
11
8
4
8
4
11
10
7
6
3
8
11
9
5
7
8
11
11
9
9
8
3
8
10
3
16
3
5
8
5
5
4
6
9
7
7
5
7
5
4
7
11
11
2
13
4
13
22
7
14
6
9
6
6
7
6
6
8
9
5
3
6
6
5
4
6
5
7
7
5
7
10
5
5
9
5
7
5
5
3
5
7
5
8
7
6
6
4
9
6
1
4
9
4
5
7
8
6
4
5
4
2
5
2
9
8
4
5
4
11
11
5
8
8
5
6
11
4
13
4
4
7
6
5
6
3
7
7
5
11
7
3
6
8
3
10
6
3
8
9
6
6
4
8
2
8
7
6
2
5
9
3
5
4
4
4
4
7
6
6
5
5
8
3
6
5
7
5
5
5
3
2
1
4
7
6
6
6
7
5
4
2
6
5
5
5
5
7
6
4
2
3
3
10
5
5
5
4
4
8
4
7
6
4
7
2
6
5
4
4
6
0
4
1
4
5
5
3
7
3
10
8
2
1
3
4
3
8
9
6
4
2
0
5
8
5
8
7
7
8
4
7
6
2
3
2
4
2
2
5
0
4
4
5
5
8
2
4
6
2
6
2
5
3
7
3
7
1
5
5
6
6
6
1
4
7
4
6
5
5
5
3
9
6
5
7
5
22
8
8
3
2
6
5
2
4
2
4
9
0
5
5
4
4
3
8
6
4
7
8
2
0
7
7
4
3
3
2
3
1
2
10
4
3
5
2
1
5
4
3
2
4
10
7
6
3
7
2
7
4
5
3
13
9
5
7
2
2
4
8
4
5
2
3
2
7
3
2
2
3
7
3
8
4
4
3
2
4
5
3
3
7
3
3
2
6
2
3
9
7
3
4
5
4
8
3
3
5
1
2
2
4
4
4
5
2
3
5
3
3
6
5
10
1
4
5
6
5
2
5
6
2
5
2
3
0
6
7
3
4
7
4
2101
