radiacao de fundo
0
0
0
0
0
0
0
0
0
0
0
0
5
2
14
247
142
98
120
114
119
117
115
95
93
89
93
107
101
93
97
87
91
89
79
90
90
91
79
90
85
77
84
98
93
72
84
79
102
90
90
78
81
91
93
102
101
104
119
116
98
104
104
98
118
122
122
109
121
120
121
130
130
184
134
145
168
158
173
145
164
144
129
173
162
152
180
158
175
180
171
158
193
179
181
190
187
178
194
167
187
190
178
236
180
190
196
186
193
177
182
214
195
184
180
169
186
180
195
177
186
190
180
175
185
170
162
176
185
184
173
175
164
152
185
175
163
160
175
171
169
159
147
163
159
166
164
154
137
163
157
114
164
140
158
148
125
105
158
135
111
128
136
119
112
142
141
119
91
121
143
110
119
101
87
111
112
110
117
122
104
101
96
123
86
97
104
96
114
71
96
82
86
84
77
103
83
88
95
95
102
77
97
96
89
109
88
87
73
79
107
79
71
85
73
69
72
61
65
81
80
80
67
62
61
67
79
63
61
63
59
56
54
58
78
62
52
58
114
64
38
76
50
46
65
59
56
59
42
48
56
54
54
49
40
40
43
44
57
35
61
50
42
39
58
47
52
55
41
42
48
33
35
50
46
31
38
27
40
39
35
36
41
40
33
33
35
32
32
34
23
44
47
32
24
32
29
31
32
27
30
34
39
39
29
32
26
40
39
22
22
32
30
25
28
18
24
29
36
25
28
20
24
31
22
30
31
31
34
21
40
27
40
34
22
27
24
31
20
29
26
25
22
21
34
59
46
25
23
28
24
15
14
23
27
20
17
9
23
22
11
22
20
20
18
16
15
24
19
16
11
19
20
15
18
15
19
17
24
17
21
25
15
17
20
14
17
13
22
13
19
18
14
21
21
11
15
15
9
11
12
16
20
18
13
12
13
19
17
15
11
11
11
22
15
14
18
7
16
19
16
19
12
16
18
17
19
15
19
22
14
18
12
11
14
8
13
23
10
12
14
15
18
13
20
14
10
18
15
17
14
12
14
9
13
13
19
13
14
14
15
9
11
12
7
11
19
11
9
12
12
12
10
12
6
11
12
6
10
7
7
17
12
13
14
9
13
16
18
12
16
10
17
10
13
15
28
26
11
11
7
11
10
21
13
9
10
6
13
11
11
12
8
7
5
11
11
11
10
7
7
19
6
14
8
9
8
6
7
12
14
13
13
14
7
14
7
9
9
8
9
8
12
12
6
8
10
8
10
8
12
4
15
15
18
3
14
13
5
11
7
6
10
11
16
25
12
9
6
6
8
6
5
6
10
8
8
9
6
8
8
15
4
13
6
8
6
9
9
27
32
15
10
10
9
11
12
9
10
12
7
10
7
4
7
12
3
8
9
5
5
10
7
11
4
5
8
5
10
9
2
12
2
5
2
5
7
7
1
6
7
9
6
6
9
7
7
10
11
22
16
9
9
5
5
5
5
8
10
8
5
9
4
7
6
10
6
2
8
10
7
3
4
4
2
7
8
4
12
4
7
6
9
5
4
10
12
7
5
4
4
8
8
7
4
4
8
2
7
7
7
7
4
3
5
9
5
4
5
8
3
9
12
12
4
4
6
7
6
8
6
5
4
10
6
7
7
3
7
2
4
8
4
4
1
5
1
1
8
3
3
4
6
8
6
13
4
2
2
2
9
9
7
1
6
6
4
6
5
2
6
6
4
4
4
7
8
7
9
2
4
7
3
5
4
9
5
6
8
2
6
4
3
4
9
6
5
9
7
3
3
8
6
2
7
4
3
4
5
2
6
4
5
2
5
5
3
1
7
6
2
3
4
4
12
4
6
3
3
2
6
2
5
4
3
5
2
4
2
3
1
0
4
3
2
6
10
5
8
3
7
8
10
2
6
1
3
5
4
2
10
4
5
5
4
7
5
7
1
6
6
3
5
4
1
9
4
7
4
3
5
10
5
2
8
7
3
5
5
7
9
4
6
7
10
8
14
11
6
5
2
4
3
3
9
8
4
6
3
4
5
3
6
5
3
6
4
5
1
2
5
4
4
3
7
4
2
3
5
3
6
10
3
9
3
5
5
4
5
6
6
11
1
3
3
3
4
11
8
6
2
8
7
3
4
6
3
2
3
6
3
8
1
4
4
1
7
5
4
2
5
5
4
5
0
3
5
6
9
4
3
8
3
5
5
4
3
3
2
3
4
3
5
5
1
1
4
4
2
3
4
4
9
5
7
8
1
4
1
2
7
4
2
6
6
2
2
5
5
3
2
7
4
2
5
3
5
1
5
5
7
4
6
3
1
0
4
2
5
6
5
4
4
1989
