radiacao de fundo
0
0
0
0
0
0
0
0
0
0
0
0
0
0
17
236
133
87
106
144
155
132
102
76
91
75
84
86
112
103
86
112
89
92
87
88
97
78
89
84
101
88
95
105
72
86
88
101
75
93
79
96
77
86
113
103
98
94
108
105
94
131
118
107
128
125
147
133
138
159
145
156
176
142
146
153
138
162
163
155
165
183
180
210
176
198
173
179
189
180
188
169
211
172
185
202
209
200
189
197
184
206
164
213
200
211
199
195
179
209
206
196
209
196
199
186
201
191
196
180
194
184
205
198
200
183
177
182
206
174
203
180
193
199
201
160
178
193
153
162
146
171
161
174
148
173
192
158
166
167
158
151
149
144
139
149
117
119
135
124
145
110
151
121
134
126
138
128
126
127
131
116
122
120
115
132
108
111
136
112
95
119
100
105
98
100
90
91
108
107
85
89
95
83
97
101
109
88
103
91
89
93
88
83
82
82
86
108
75
78
80
82
82
86
73
83
72
67
90
74
76
69
69
61
80
67
60
76
72
74
58
82
56
79
60
67
60
62
123
62
70
73
64
70
51
59
50
48
47
54
46
54
50
50
56
47
40
64
50
50
49
52
48
46
32
43
39
47
42
39
39
49
39
39
46
48
39
42
27
35
38
50
50
37
31
38
26
35
34
29
44
51
60
36
34
33
41
33
40
46
30
42
30
39
33
25
37
25
41
25
29
32
21
26
32
23
25
32
28
35
31
25
39
29
28
29
27
31
21
33
26
21
41
40
27
26
27
22
29
29
29
20
17
32
29
59
56
26
20
22
23
20
21
23
29
16
13
21
24
20
20
26
35
21
23
19
22
14
21
18
16
19
13
18
24
24
17
16
21
20
15
16
18
21
27
21
23
14
15
21
16
17
14
12
12
24
21
18
16
18
25
11
16
16
22
17
16
13
27
24
18
16
16
17
16
11
9
13
15
15
19
12
16
8
21
20
17
21
18
20
14
12
20
13
15
18
22
22
15
13
16
20
12
14
20
18
13
11
13
8
17
15
16
17
14
15
13
13
14
10
14
13
16
14
9
10
5
22
16
12
10
20
11
17
13
14
13
17
14
9
18
10
8
16
12
9
12
9
13
13
7
10
16
14
14
21
34
20
13
13
17
15
13
16
12
13
5
7
15
12
7
12
9
13
13
11
12
14
13
10
9
5
12
4
12
13
14
10
9
13
9
12
9
10
10
9
11
7
11
3
12
10
9
8
16
5
12
9
11
9
10
14
10
11
10
12
4
7
11
13
11
13
13
12
19
28
15
15
10
6
8
13
9
10
12
14
9
10
8
11
3
11
7
5
10
5
15
8
13
32
49
14
10
8
7
13
3
5
7
9
9
5
10
14
11
9
10
5
8
3
6
10
7
10
8
8
5
9
6
5
7
7
6
5
11
8
7
7
8
8
4
6
8
11
6
9
10
13
22
27
27
12
6
10
9
5
5
8
9
12
12
9
7
6
7
8
15
6
3
8
6
6
7
7
7
9
6
6
9
11
14
5
2
11
9
6
9
1
6
7
5
7
4
11
4
6
10
11
8
15
7
10
8
10
5
7
2
5
4
4
8
4
15
8
5
9
7
4
9
3
8
6
8
8
9
6
6
9
6
8
9
6
5
6
7
4
6
5
9
5
8
4
8
8
9
6
5
5
2
8
4
5
7
5
7
4
7
7
4
6
8
5
3
9
7
5
6
4
5
11
7
3
6
4
5
5
6
5
8
2
3
6
5
2
7
4
3
6
6
3
5
3
7
4
2
4
5
7
4
6
3
6
3
6
5
5
3
4
5
6
2
4
8
0
5
7
7
6
5
5
6
5
9
6
8
5
10
4
8
2
4
7
4
7
7
4
8
4
9
2
10
1
6
6
7
3
7
3
7
4
4
5
4
4
3
3
4
5
6
3
5
10
4
5
2
8
7
5
13
2
9
6
4
5
5
7
5
6
4
4
7
2
10
9
2
9
12
12
5
5
2
4
3
1
5
7
7
6
10
5
6
6
7
4
4
6
6
2
2
8
5
2
6
5
2
7
4
4
5
1
3
2
4
7
6
3
2
6
4
1
6
2
7
4
4
5
5
5
9
4
5
13
12
5
3
5
5
1
3
4
9
3
3
7
4
6
3
4
4
3
2
6
4
2
2
3
7
6
1
4
1
5
6
3
5
10
1
5
2
5
2
1
4
1
3
10
3
6
4
5
4
2
6
2
6
4
5
7
7
4
8
3
4
6
1
3
6
2
2
5
6
3
3
4
2
6
6
5
1
1
3
3
1
4
5
5
2
8
5
4
3
5
4
2214
