radiacao de fundo
0
0
0
0
0
0
0
0
0
0
0
0
2
0
33
286
145
114
110
144
158
139
122
103
91
88
106
119
112
116
110
99
114
93
95
86
93
88
104
95
115
100
114
120
90
83
92
97
103
84
90
96
111
98
76
128
109
130
110
123
133
105
117
148
119
140
152
122
141
119
144
153
153
170
153
178
163
199
196
147
174
179
186
204
200
176
207
164
239
182
209
196
219
187
195
216
189
201
235
219
205
192
210
209
228
216
234
195
230
175
211
231
189
218
211
219
207
209
227
217
212
206
212
207
208
244
194
200
227
197
192
175
172
214
176
193
184
187
213
190
172
190
180
201
182
202
188
176
187
182
172
159
174
172
148
164
165
155
166
149
166
148
167
135
150
153
123
136
142
141
136
142
142
120
136
114
123
129
122
116
118
114
120
111
131
120
118
122
124
123
109
120
125
113
108
110
106
100
106
102
96
97
101
88
94
102
93
88
95
108
98
70
101
99
98
90
89
90
71
83
96
92
71
83
85
82
84
62
83
77
72
65
83
61
78
81
66
59
58
65
83
139
72
71
84
82
68
57
72
61
62
68
56
61
48
53
71
51
55
54
50
49
55
52
52
64
55
50
46
47
54
60
58
47
44
40
36
34
49
45
42
35
54
34
41
43
38
40
37
38
33
43
43
38
45
67
54
26
37
32
41
38
27
32
40
41
31
40
23
37
30
27
48
36
33
36
40
39
35
34
31
28
17
28
26
34
36
32
34
33
29
33
24
30
21
26
41
28
23
29
28
28
24
22
28
30
29
29
36
34
97
39
34
25
18
19
25
26
35
17
21
27
27
29
20
13
24
23
29
22
22
25
18
27
15
32
31
23
19
24
21
25
26
22
24
14
28
19
26
28
18
21
25
18
17
24
22
32
15
24
22
25
15
18
22
20
12
17
12
11
21
18
20
16
18
27
15
24
20
10
18
16
10
26
16
20
16
15
19
30
12
18
17
20
11
27
17
20
18
14
17
10
20
16
14
16
13
13
19
10
14
10
12
9
9
11
18
24
16
16
14
14
15
11
20
13
9
24
13
12
15
12
9
17
12
14
11
17
17
14
12
16
9
13
16
9
10
10
7
17
11
16
17
13
11
15
19
13
10
16
22
23
26
28
18
20
18
13
18
9
9
17
13
2
15
10
7
13
10
21
15
2
11
10
12
7
17
6
16
13
12
15
5
18
11
9
10
14
9
13
12
9
8
17
7
22
14
6
7
13
12
10
11
9
11
11
12
9
14
12
11
13
10
13
14
10
11
12
7
13
6
26
37
16
12
11
6
7
14
11
10
10
17
10
10
5
10
10
7
10
12
10
6
11
8
10
19
40
48
10
11
9
10
5
10
8
11
11
6
10
12
15
8
5
11
4
9
5
8
7
4
14
3
5
12
15
16
7
9
4
14
9
7
11
5
11
10
4
10
9
9
5
7
6
8
9
15
26
20
22
14
7
10
6
9
4
8
8
6
4
5
7
8
5
8
9
9
9
7
8
6
8
6
9
7
12
6
5
3
5
11
12
4
6
9
17
11
8
7
13
9
6
4
6
11
5
9
12
4
8
5
6
8
7
6
3
6
6
5
6
6
7
12
4
9
10
6
5
7
12
6
4
7
7
7
9
6
10
3
8
7
10
5
6
7
7
6
3
4
6
4
8
4
5
6
9
7
6
2
4
13
12
5
6
9
9
6
11
8
4
5
3
7
11
5
6
8
3
7
9
7
6
7
4
2
8
5
5
4
8
7
3
4
5
13
4
5
4
7
12
8
7
6
4
4
7
8
3
3
3
6
10
3
8
7
12
7
12
6
8
6
6
8
7
6
6
5
8
7
4
9
8
6
7
4
4
5
4
3
5
8
7
6
5
4
8
5
5
6
6
5
8
7
3
6
8
7
3
8
6
5
3
3
3
7
2
2
4
3
3
7
3
3
4
12
1
6
7
11
3
6
6
4
5
5
2
5
4
4
4
5
4
2
13
4
9
2
9
24
9
6
8
6
3
7
3
3
5
4
6
6
2
5
2
2
5
5
3
7
4
9
6
5
9
4
8
3
3
3
8
5
7
8
3
6
6
2
2
3
4
3
5
4
3
6
6
1
1
4
11
3
8
6
8
9
7
4
5
2
1
3
3
4
3
4
8
8
2
4
7
3
4
6
4
8
3
2
8
4
5
7
4
7
5
8
6
10
8
6
4
7
5
3
6
5
1
3
1
9
5
7
9
2
9
8
5
5
4
6
3
3
4
5
4
4
6
2
6
3
2
7
6
5
7
4
3
5
5
4
2
0
4
4
2462
