radiacao de fundo
0
0
0
0
0
0
0
0
0
1
0
0
0
1
21
231
158
111
124
110
153
120
109
111
83
92
109
91
101
110
91
91
92
100
89
75
99
93
89
93
89
91
95
119
87
68
79
105
90
81
113
87
100
118
74
108
111
113
114
102
116
118
116
126
116
144
135
142
137
148
135
157
133
144
163
143
158
158
166
168
170
167
169
174
186
208
176
196
210
179
191
188
214
184
205
213
198
173
216
193
228
180
193
214
191
190
170
186
214
183
198
184
201
212
222
205
219
181
179
177
200
189
176
215
187
201
198
182
203
180
210
184
179
172
179
175
192
172
157
180
185
177
175
160
171
171
174
178
151
159
148
158
141
151
146
139
140
139
145
130
136
142
156
114
131
117
133
139
115
131
124
139
128
123
130
104
127
124
112
101
126
119
118
118
121
98
111
121
132
129
135
104
93
120
79
106
94
90
75
94
104
112
104
93
84
94
97
98
93
95
80
75
69
77
74
85
89
80
80
66
80
87
84
72
72
65
75
63
86
67
74
67
63
69
78
67
71
73
109
67
77
56
68
67
49
61
53
62
48
48
53
55
43
68
77
52
45
45
48
47
46
52
56
65
44
42
43
46
43
42
46
42
46
43
46
49
50
42
49
36
43
34
43
47
40
37
53
58
38
43
43
48
67
35
34
39
39
33
39
30
36
33
44
35
42
34
30
36
29
38
37
41
38
36
34
19
33
36
24
33
35
31
28
25
28
28
43
27
35
29
28
23
42
39
18
21
25
30
33
31
33
22
26
23
35
60
64
25
19
22
25
34
28
23
16
16
27
20
22
23
21
23
26
24
21
23
24
26
30
20
30
19
14
27
23
16
22
12
16
18
17
22
20
23
16
18
22
15
15
17
21
18
12
16
22
12
9
16
19
13
17
21
15
22
22
26
18
13
14
24
19
19
18
13
16
19
19
17
13
17
16
14
18
19
23
13
12
23
17
19
10
18
14
11
18
14
13
10
13
12
11
16
15
13
17
13
13
12
11
11
17
17
24
13
15
18
11
20
10
14
17
17
28
16
7
13
11
12
18
14
18
17
20
15
10
9
10
12
15
13
20
10
7
17
19
7
17
8
16
8
7
13
10
21
19
26
31
29
12
15
11
12
8
9
6
8
10
11
17
12
15
8
11
9
13
13
7
12
6
7
11
15
10
10
7
12
5
13
13
10
11
8
5
23
8
7
8
17
6
8
5
10
15
13
12
9
16
11
13
11
13
8
9
12
17
10
13
10
10
9
10
10
17
10
15
29
10
9
5
7
6
4
10
11
5
7
8
10
9
12
9
8
9
8
12
9
11
12
10
38
37
14
10
4
8
9
6
10
10
6
3
9
4
11
11
9
9
3
11
5
10
7
5
5
9
6
6
6
14
3
5
4
11
9
7
12
8
6
9
9
6
13
4
9
5
9
9
7
13
29
22
7
5
7
10
7
8
10
8
7
6
4
6
7
3
4
7
7
10
3
3
13
9
10
10
2
10
8
4
4
9
7
5
7
8
4
7
7
12
8
7
7
9
2
6
11
5
8
6
10
9
5
4
8
8
8
9
8
8
10
5
13
9
6
7
6
9
11
8
7
5
5
4
1
3
1
5
4
4
7
6
8
6
4
5
8
3
5
7
8
8
3
8
7
6
5
7
9
6
7
11
9
17
6
4
8
6
5
1
4
6
8
7
5
7
6
4
13
7
3
5
2
3
8
9
3
11
8
5
4
4
3
6
6
4
7
11
5
6
7
3
6
7
3
1
0
8
5
3
5
8
4
8
5
7
6
10
5
5
7
5
3
6
3
7
5
6
8
9
5
9
4
4
4
5
5
8
7
6
5
7
3
4
8
3
6
3
3
8
7
5
10
3
5
5
6
7
4
11
1
4
7
2
1
1
3
12
5
5
8
5
6
9
2
2
3
5
4
7
5
9
6
6
4
4
5
7
7
5
5
6
5
1
5
7
8
13
22
4
3
2
6
8
1
4
6
6
3
7
1
2
7
4
3
4
1
7
5
8
7
6
4
5
5
3
5
2
3
8
4
7
5
4
5
4
6
8
8
11
2
3
6
5
4
3
4
1
3
11
2
9
17
10
3
5
5
3
0
4
4
2
8
1
1
4
5
4
8
5
2
4
2
4
6
4
5
2
2
1
7
6
7
3
4
2
2
7
8
3
5
0
5
6
7
2
1
2
1
6
4
8
4
4
7
2
4
7
3
6
3
4
6
4
8
6
4
1
4
2
4
3
6
7
5
6
3
4
4
1
6
3
5
5
5
7
5
6
0
4
7
7
2
2329
33
