radiacao de fundo
0
0
0
0
0
0
0
0
0
0
0
0
1
0
18
206
148
136
186
135
113
129
98
73
81
99
91
88
98
101
67
83
74
92
81
76
79
82
86
84
89
71
79
89
79
70
63
72
101
77
84
67
78
89
88
84
94
94
92
92
107
111
93
111
114
118
114
115
113
122
157
131
148
128
148
143
164
148
154
166
139
151
154
172
172
166
175
165
185
196
160
173
165
160
179
194
184
184
176
190
161
164
189
160
181
207
200
179
182
166
191
179
217
200
185
166
166
176
177
187
210
179
171
198
173
182
204
173
176
182
165
156
162
176
159
161
196
149
160
172
160
137
154
161
143
164
138
132
161
118
149
148
166
144
142
140
125
113
142
134
139
136
121
113
130
108
106
125
119
113
127
97
117
122
117
94
118
107
114
105
108
93
102
101
97
103
92
86
116
101
76
102
66
97
77
99
81
82
87
94
74
77
84
101
88
69
87
79
83
74
71
80
73
89
75
59
64
60
78
66
69
59
63
64
70
59
54
64
75
68
65
52
69
55
61
54
53
64
86
59
62
56
62
61
45
36
37
49
47
48
40
53
46
59
58
41
42
42
44
39
41
38
50
42
56
43
48
40
41
46
40
47
41
40
46
46
36
36
33
36
43
34
37
36
36
31
34
27
44
35
33
52
60
38
29
32
37
40
37
32
30
37
26
30
37
24
29
36
30
26
23
26
33
28
25
21
33
36
24
29
22
29
20
36
28
23
19
31
30
23
19
27
33
38
20
20
31
23
25
19
19
13
23
23
24
40
60
26
20
15
23
22
23
24
21
24
17
20
14
17
17
15
13
21
22
18
26
17
14
22
19
16
24
22
18
18
21
15
22
22
21
17
17
17
16
17
15
8
20
23
13
11
16
15
28
6
24
16
18
21
15
17
15
16
11
11
16
18
19
15
16
19
21
12
17
20
16
11
17
12
19
14
12
12
17
13
10
14
18
14
20
21
10
11
12
19
15
14
11
13
14
13
14
16
8
10
19
15
16
12
11
19
10
14
10
17
16
16
11
11
9
13
13
11
19
8
10
12
9
13
9
10
14
13
14
14
13
12
12
21
13
13
13
10
14
7
14
10
13
9
12
7
10
7
16
28
29
23
25
9
13
12
7
11
10
13
15
9
7
7
8
13
7
10
12
12
9
6
15
8
6
10
14
7
5
10
5
7
7
5
14
13
9
9
15
8
9
14
8
5
10
10
8
11
13
5
6
8
12
10
11
8
10
13
8
10
9
9
4
9
9
9
11
18
8
25
16
3
12
7
6
8
5
9
9
9
6
5
17
6
9
6
14
12
7
9
5
9
14
21
35
11
15
9
6
11
8
3
6
4
10
3
8
7
8
1
12
9
12
8
8
10
8
4
4
14
12
5
8
10
6
2
3
8
5
4
6
6
5
9
8
8
3
3
7
6
11
9
8
13
19
7
8
5
6
6
7
7
6
9
4
7
7
7
7
13
6
6
9
8
6
3
8
4
6
5
7
9
4
8
8
6
7
4
10
4
4
13
8
6
10
3
6
5
9
5
10
8
7
9
5
4
6
2
5
7
1
9
3
3
6
4
3
8
7
3
10
5
4
5
8
8
6
9
8
2
5
6
4
7
7
1
6
5
4
6
3
5
5
3
9
5
4
6
4
2
6
5
4
1
6
10
7
6
6
9
3
4
6
6
8
8
5
4
5
4
6
12
6
8
6
2
8
0
2
6
6
3
5
1
1
8
9
7
8
4
6
2
4
2
6
5
5
5
11
7
8
4
2
6
6
4
3
6
10
11
3
3
4
6
6
4
4
6
4
5
6
5
5
4
4
5
3
1
2
8
3
2
5
10
6
3
5
5
8
1
6
6
3
3
7
5
3
9
4
4
4
6
4
2
4
4
8
3
6
3
5
11
3
2
4
2
2
6
0
6
4
7
5
6
2
3
5
5
3
6
6
6
8
7
4
6
10
6
8
6
14
14
5
9
0
6
6
4
5
4
2
3
7
4
4
3
3
6
1
5
6
6
13
5
4
2
1
2
2
1
8
5
3
5
2
5
5
5
6
1
2
4
5
4
2
3
4
7
5
3
6
6
4
7
4
7
8
8
2
2
4
3
3
8
2
5
6
3
3
1
1
7
8
6
1
4
2
4
5
4
4
3
4
4
4
3
4
3
4
7
1
4
2
5
3
4
3
3
4
5
3
4
7
4
3
3
4
6
4
3
3
4
4
3
2
6
7
2
4
3
2
2
6
6
6
2
5
2
3
1
7
4
2
6
2
0
2
4
5
3
4
8
4
5
6
5
5
2101
