radiacao de fundo
0
0
0
0
0
0
0
0
0
0
0
0
0
1
36
220
153
103
122
148
145
135
119
96
82
76
79
102
102
95
122
93
71
92
84
65
84
90
78
94
89
85
103
79
89
70
81
84
74
68
72
94
88
90
99
91
97
92
108
115
105
101
123
129
119
118
109
123
121
141
144
135
130
154
132
131
175
146
150
171
162
198
163
173
142
192
191
176
188
153
190
183
180
189
171
185
202
173
166
200
174
173
203
187
201
207
190
176
173
187
225
205
169
172
179
176
201
193
198
183
209
188
196
189
180
170
178
200
188
154
192
170
186
167
193
174
164
162
168
169
165
147
154
139
162
161
143
149
139
143
133
148
141
172
160
142
128
130
135
146
128
147
137
131
120
120
127
128
117
134
120
110
136
116
124
102
123
103
100
109
107
94
112
97
109
100
108
88
103
102
99
106
94
81
101
106
79
95
102
75
91
92
96
89
92
73
85
68
68
100
95
76
79
76
87
71
91
83
76
84
71
72
83
69
66
91
60
63
87
65
64
74
63
55
53
59
62
45
114
69
61
70
50
44
53
60
53
44
48
43
44
53
45
50
52
60
49
47
45
40
38
34
48
48
40
48
42
46
35
50
37
42
30
36
40
37
45
36
37
30
48
30
35
36
39
38
37
33
38
45
33
39
61
38
31
30
60
31
32
31
25
34
36
30
31
28
22
36
23
26
29
31
35
24
20
31
27
40
29
31
22
24
29
31
33
34
27
27
20
25
21
32
34
33
35
25
29
29
16
24
23
25
21
25
27
57
67
16
18
15
12
27
19
31
27
16
21
21
12
19
15
22
23
18
23
19
31
9
16
22
12
19
19
21
18
17
13
20
16
22
17
20
20
22
19
19
24
12
16
18
15
13
18
15
16
24
25
17
14
21
19
22
17
15
22
20
21
19
13
13
17
18
17
17
19
22
19
9
10
22
20
13
23
13
14
10
17
10
22
17
16
9
14
12
9
16
15
15
19
19
13
19
12
16
9
19
13
11
17
17
13
20
10
11
15
9
12
7
10
7
6
6
7
16
12
9
20
6
12
8
11
9
20
15
15
7
7
18
15
15
8
14
19
7
8
7
6
9
5
15
11
12
18
10
17
17
28
27
18
11
9
14
9
11
14
15
14
11
11
13
5
9
11
16
11
13
6
12
12
9
8
13
10
8
8
9
6
8
12
11
12
8
10
9
7
5
10
13
8
14
4
13
9
13
14
12
9
10
7
3
5
11
6
9
10
5
12
14
7
16
10
8
17
4
16
26
12
6
4
11
9
6
5
5
6
8
3
6
6
10
14
7
5
10
6
11
6
12
8
24
37
11
10
6
6
3
11
5
7
12
1
8
8
8
5
10
9
8
10
9
7
8
9
11
11
8
7
2
5
7
9
7
7
10
9
5
10
3
12
10
6
14
7
3
7
9
9
7
13
28
23
7
11
3
11
10
7
6
9
9
8
3
6
11
5
3
3
3
2
6
6
9
6
10
8
6
7
3
10
7
5
2
2
8
10
3
1
6
6
14
4
1
7
3
9
5
5
3
4
8
1
12
11
4
5
12
7
6
4
3
8
8
5
8
4
9
7
1
10
9
4
4
6
6
6
6
4
4
4
4
5
4
6
7
2
6
7
9
6
8
7
8
9
5
7
9
9
5
8
1
9
9
7
4
5
5
4
4
6
5
7
6
9
6
0
1
5
7
7
2
4
2
7
5
7
5
5
8
4
5
7
9
10
8
1
7
3
10
3
6
0
5
6
7
5
1
3
7
6
4
2
3
6
6
5
5
4
3
4
4
1
2
5
3
3
6
6
7
3
8
4
5
5
3
8
6
6
6
8
4
7
2
5
3
5
4
1
6
8
7
7
6
5
7
4
1
5
3
3
4
6
3
2
8
6
5
5
8
5
7
8
2
2
7
3
6
5
6
2
7
6
5
5
2
3
5
3
3
8
4
5
3
5
1
6
11
13
16
7
8
4
1
4
2
3
3
5
6
6
8
4
9
7
4
9
5
4
5
5
4
4
4
6
4
5
4
4
5
3
4
1
1
7
6
4
5
2
2
7
5
6
1
5
4
4
1
6
8
5
5
10
5
11
4
4
8
6
2
2
4
5
4
2
2
7
5
7
4
6
2
1
5
2
2
5
8
1
4
1
4
4
9
6
1
6
2
2
8
3
6
3
5
2
5
8
5
2
5
6
5
1
3
4
2
6
3
3
1
4
4
4
6
4
6
8
4
5
2
4
5
6
3
4
0
5
3
4
5
3
2
2
2
2
4
4
4
2
4
6
3
1
1
4
2227
