radiacao de fundo
0
0
0
0
0
0
0
0
0
0
0
0
1
2
31
284
164
83
103
121
156
115
92
91
86
89
94
114
139
119
102
100
98
67
76
89
80
77
80
64
82
83
77
76
75
65
68
73
83
56
64
73
83
73
75
76
87
89
91
94
104
99
89
103
93
116
108
112
115
98
119
133
133
127
136
115
132
131
129
151
130
130
157
159
150
147
152
164
136
152
160
138
181
176
170
152
169
169
176
157
174
164
150
177
178
153
185
154
174
161
144
192
146
197
158
172
158
160
162
183
146
151
157
174
147
147
156
169
154
136
160
146
153
118
144
146
162
151
153
142
135
156
157
141
128
144
150
118
134
134
136
135
119
112
120
109
129
101
126
115
112
114
89
92
91
100
116
105
98
117
105
114
104
87
91
105
107
106
90
97
105
97
98
93
90
93
99
90
96
94
103
78
82
92
89
90
86
81
57
79
67
80
74
64
70
77
75
68
77
80
68
71
64
74
61
61
48
57
67
59
64
56
66
58
63
64
63
57
47
57
63
63
54
66
52
58
46
48
53
103
66
41
61
51
38
58
46
50
60
49
42
44
48
37
37
46
54
36
49
47
42
50
37
37
37
45
42
33
35
35
38
40
30
54
40
40
39
30
33
38
34
31
35
33
29
31
29
19
31
31
33
36
37
55
45
36
26
29
21
23
23
24
23
21
28
26
23
29
18
22
27
22
23
27
26
23
29
24
37
19
20
24
17
30
40
29
31
32
21
34
25
15
30
26
26
30
20
24
22
23
29
24
14
18
27
20
20
58
21
20
29
20
6
23
20
19
15
17
18
16
25
17
12
14
16
17
20
15
19
15
15
13
22
18
13
17
16
16
28
11
21
15
16
23
16
14
14
14
20
19
11
16
13
11
21
14
14
14
16
13
15
19
16
12
10
17
19
13
20
13
19
9
13
12
15
17
15
13
15
10
17
16
20
15
13
10
14
20
9
11
17
11
11
9
14
13
13
18
14
12
10
15
11
16
13
14
7
16
10
9
15
5
14
12
12
20
13
8
7
12
10
10
13
15
12
7
15
14
12
10
10
4
11
11
13
13
9
6
17
9
12
11
10
10
9
10
11
6
9
8
13
8
8
10
11
10
11
14
22
29
16
11
17
4
8
4
8
8
7
12
10
17
7
13
13
9
11
8
7
12
5
9
10
11
12
6
14
8
8
9
13
7
7
10
11
13
7
13
9
7
10
11
9
5
5
6
16
4
11
10
5
8
10
7
7
10
9
4
5
11
8
9
8
8
10
13
11
14
23
11
7
10
10
2
7
11
9
8
9
3
15
7
7
8
9
5
12
8
2
6
7
5
23
31
17
6
4
14
8
7
5
6
3
9
4
6
9
7
8
9
6
7
4
5
10
6
3
6
10
7
11
3
4
3
8
6
4
5
7
10
9
9
10
2
6
3
11
6
14
9
3
6
11
22
11
11
2
10
9
5
4
6
7
7
10
6
4
10
7
11
6
5
10
7
6
8
6
6
6
5
5
3
6
6
6
4
9
4
4
5
9
4
5
7
3
9
5
10
0
5
8
8
6
4
4
9
4
7
7
8
7
5
5
4
4
7
7
8
12
7
5
8
5
3
12
2
5
6
8
4
5
10
5
4
7
6
6
8
4
5
7
10
2
6
6
1
7
2
10
6
5
6
5
10
8
6
6
7
5
4
4
4
0
6
1
3
6
4
9
6
5
5
4
6
0
1
1
9
4
4
11
9
1
5
2
4
7
5
4
7
6
8
3
2
3
5
2
4
4
5
3
5
4
2
4
2
1
4
5
6
6
8
7
2
11
9
4
4
8
4
3
2
4
6
8
6
1
3
1
5
4
4
4
3
5
5
5
5
4
3
4
3
12
8
3
3
5
3
2
7
4
2
4
6
2
3
4
5
3
2
4
1
4
0
6
3
10
3
6
3
3
2
8
2
1
4
3
4
8
5
3
3
5
3
5
5
5
6
2
4
5
15
9
5
8
2
1
6
4
3
2
3
1
2
4
1
8
4
3
4
3
9
5
3
3
1
4
5
2
4
4
3
5
4
15
4
6
7
6
5
5
1
7
4
6
2
4
7
2
6
1
5
6
4
4
6
8
5
13
4
3
5
4
2
0
9
5
3
1
4
4
3
4
2
0
7
3
4
4
3
1
4
4
3
4
3
5
5
4
6
0
3
2
2
2
5
5
4
3
3
2
4
4
2
2
4
6
3
2
3
3
3
2
3
0
3
2
1
3
3
5
3
7
5
4
1
4
4
2
4
2
3
3
2
1
1
6
3
1
5
4
4
2
1900
