radiacao de fundo
0
0
0
0
0
0
1
0
0
0
0
1
2
3
69
407
249
133
139
132
137
128
116
119
100
101
109
106
96
86
98
97
84
65
108
93
90
106
91
91
74
92
76
91
66
56
79
73
64
75
79
86
77
72
87
94
88
101
87
95
104
88
110
105
111
124
102
115
128
139
130
123
109
143
123
124
143
123
145
166
144
149
138
152
157
167
176
152
161
177
179
140
157
150
183
204
190
177
176
168
156
171
194
189
205
168
200
183
186
172
192
174
149
176
176
168
144
171
179
170
185
177
141
183
173
191
188
167
151
145
178
148
149
151
172
155
147
170
142
150
139
151
157
162
150
147
156
155
145
133
120
133
122
137
132
125
130
131
125
126
132
128
131
107
123
117
116
121
129
130
106
106
109
110
113
122
100
99
107
115
106
98
101
80
96
109
78
92
99
91
92
94
97
103
90
91
75
105
85
79
71
77
71
85
79
87
65
77
83
71
75
63
64
78
69
83
68
81
64
67
61
66
59
60
62
59
77
59
69
68
59
63
56
60
56
60
72
63
64
52
86
66
60
56
52
41
59
53
42
46
59
53
54
56
52
55
42
60
43
48
39
33
34
42
51
46
38
46
46
49
51
41
44
37
28
42
34
37
42
39
44
43
42
33
32
37
33
43
34
23
33
38
26
34
54
45
34
27
36
36
28
36
34
39
29
21
34
22
26
22
25
18
36
37
32
18
35
33
32
30
32
29
27
31
35
22
24
32
39
33
26
29
22
29
29
27
29
30
29
21
17
19
25
23
28
20
29
25
36
44
32
23
28
20
20
18
27
20
19
15
15
25
20
25
26
18
25
27
15
19
25
18
19
21
14
17
15
14
17
22
15
20
22
17
17
18
18
15
18
17
14
17
14
17
20
21
24
17
13
18
9
9
13
12
11
16
14
10
13
22
23
18
15
14
13
17
10
21
13
17
14
14
12
18
13
11
17
7
15
18
18
10
24
9
12
14
7
18
16
12
14
15
16
13
13
13
10
12
14
13
11
19
7
17
9
15
13
17
11
8
11
12
9
12
10
17
11
23
8
12
6
18
13
11
14
10
9
12
16
9
14
11
11
19
11
8
5
9
16
15
12
19
12
9
14
10
9
10
9
4
24
27
29
11
8
7
9
11
7
10
9
8
15
6
8
14
10
13
6
12
12
10
9
11
11
10
6
7
17
11
8
8
6
6
7
9
12
8
8
2
10
7
10
11
8
7
9
10
11
9
12
11
8
9
9
6
12
4
9
7
10
10
8
13
10
15
9
5
10
11
22
15
9
11
5
7
4
6
3
12
10
10
2
6
10
7
11
13
5
7
13
10
10
7
11
31
21
11
12
5
5
10
8
11
10
7
4
8
12
5
10
5
6
7
8
9
4
11
1
7
2
18
5
7
6
9
7
12
8
8
4
10
10
3
7
8
5
8
5
8
5
7
4
8
8
18
25
7
7
8
10
5
7
6
12
4
7
7
8
4
2
8
8
3
7
11
4
5
9
9
3
3
5
4
6
4
7
0
6
8
9
7
6
6
4
4
7
4
7
2
9
5
3
7
3
6
10
4
4
4
4
4
4
9
9
2
5
6
6
6
9
10
7
4
4
4
4
7
7
6
3
5
5
7
4
4
4
2
7
3
5
9
6
4
6
8
3
5
3
7
9
3
8
4
8
5
8
11
7
6
7
5
9
5
6
7
4
2
7
7
2
7
2
4
8
4
6
4
7
3
6
3
9
8
7
8
7
8
6
5
5
5
6
2
4
3
4
7
5
6
3
3
2
4
2
5
5
6
4
3
0
10
9
4
5
5
3
1
3
4
4
8
3
1
8
4
6
5
3
2
4
2
7
3
3
1
4
3
6
6
3
8
6
1
4
3
7
5
3
4
1
8
5
5
5
3
4
3
5
3
4
4
8
3
2
6
5
2
5
6
4
8
6
7
2
3
5
4
3
2
1
3
8
1
6
7
3
3
10
3
4
6
3
6
8
9
8
6
5
6
7
7
2
6
2
3
2
3
1
6
3
4
2
4
7
9
3
11
4
5
1
3
6
3
9
7
2
5
4
6
7
3
7
2
4
2
4
8
5
4
6
8
4
1
2
6
4
1
5
11
3
4
5
6
5
4
5
4
4
5
5
2
4
5
6
3
6
2
5
4
5
2
6
1
4
0
2
3
3
3
4
3
7
5
4
3
1
6
2
7
1
3
2
3
2
4
2
10
3
7
2
2
1
6
2
6
5
3
2
1
6
4
2
5
6
3
7
2
2
5
6
2
4
3
0
5
4
4
4
5
3
9
2
2097
