radiacao de fundo
0
0
0
0
0
0
0
0
0
0
0
0
2
0
17
221
130
85
103
115
132
114
92
83
91
102
110
118
115
96
95
94
75
89
60
70
74
80
77
67
73
77
74
80
59
72
65
77
80
65
67
90
70
93
80
74
82
83
104
87
111
108
99
106
113
99
123
111
102
118
125
129
137
135
131
114
101
123
151
133
144
141
160
140
141
141
174
155
164
166
183
146
173
182
165
169
166
157
174
145
178
150
188
183
162
160
186
157
157
180
179
163
158
169
173
166
201
178
159
165
162
172
172
175
153
162
153
176
151
152
148
163
155
163
152
176
147
144
155
139
147
134
139
125
146
147
146
156
120
122
124
143
140
144
111
119
124
99
135
115
125
112
109
108
129
102
122
104
98
124
96
98
96
98
111
88
78
107
88
88
97
94
72
80
101
89
102
96
79
93
84
95
93
59
95
86
75
88
74
73
76
73
70
80
69
81
77
72
66
72
73
77
72
66
72
61
59
63
62
71
74
52
61
53
51
54
44
60
46
53
52
53
57
62
52
43
70
51
44
72
45
46
51
43
40
39
43
45
27
50
40
43
40
42
42
33
36
38
37
49
42
27
33
36
36
39
26
34
35
44
38
29
37
32
30
32
33
28
30
25
32
36
36
34
28
32
29
42
38
27
29
35
26
55
31
30
37
29
21
28
35
26
23
26
30
34
33
21
23
24
25
17
18
30
22
19
25
32
24
21
32
29
24
26
28
20
32
22
24
29
37
16
18
23
24
23
32
17
28
16
26
20
47
38
29
22
19
52
19
14
21
24
15
9
26
21
14
19
15
29
17
16
16
16
18
20
16
20
16
19
16
15
22
12
21
13
16
12
15
22
19
17
17
21
9
14
16
24
16
22
12
11
16
17
22
17
14
14
13
10
12
14
17
12
14
10
14
19
14
12
24
18
12
19
12
15
20
8
14
15
13
6
10
12
13
15
20
14
14
14
15
14
18
15
8
11
13
13
6
11
12
9
14
10
18
12
11
12
18
15
12
7
22
18
12
11
18
16
12
9
8
10
8
10
14
10
8
8
7
6
8
10
14
6
10
8
17
7
10
13
5
12
7
5
9
9
8
10
7
9
12
12
22
17
13
16
15
19
14
23
17
12
10
17
9
8
11
10
4
10
12
9
9
7
5
6
14
4
4
15
11
10
8
8
10
11
8
7
7
6
9
9
6
6
8
5
7
8
6
15
5
6
10
8
8
7
7
10
7
11
10
3
8
10
10
7
8
12
9
5
14
9
12
9
6
15
10
9
17
11
10
10
5
5
9
2
10
7
7
11
6
10
11
11
23
20
10
8
7
8
8
11
14
20
8
7
8
5
5
4
7
6
5
6
4
6
7
10
7
9
12
4
9
7
5
3
10
7
8
12
8
4
13
9
4
4
6
9
7
7
6
10
5
19
16
10
6
3
10
7
6
12
11
11
13
7
7
7
7
6
6
4
4
3
9
5
5
5
9
3
10
8
9
7
11
9
6
3
4
5
5
9
5
6
8
5
7
8
4
7
6
6
3
8
4
8
8
6
11
6
6
4
2
3
7
6
6
2
6
7
3
4
8
2
5
6
7
9
4
4
2
10
4
6
8
5
3
2
8
7
4
6
7
2
5
6
6
9
5
0
4
6
3
8
4
5
4
4
2
5
4
7
4
4
2
8
3
5
3
5
3
7
3
5
5
6
5
4
8
5
6
5
8
4
6
1
6
7
8
2
5
4
7
6
2
3
5
5
4
4
4
5
5
5
1
3
1
4
7
6
5
5
7
9
0
6
2
4
5
8
6
6
3
7
4
4
0
0
4
5
4
6
2
2
6
5
7
6
5
3
6
6
8
5
2
4
4
5
2
5
8
0
5
5
4
5
4
3
2
6
4
0
9
7
2
3
7
3
0
2
2
7
3
7
5
6
4
4
11
2
5
4
2
6
6
3
3
3
9
7
9
1
5
1
4
4
4
1
9
3
2
3
5
8
4
6
5
1
1
1
8
4
6
3
3
4
5
6
5
5
3
3
2
6
3
7
7
3
2
2
2
4
2
6
8
3
1
2
6
4
7
6
2
4
11
5
5
1
5
4
4
3
5
7
5
3
6
8
3
2
4
5
7
3
2
4
3
5
6
3
1
1
6
2
5
1
5
0
1
6
1
2
3
6
5
6
3
3
4
7
1
2
1
6
1
5
2
3
3
3
7
6
3
2
4
2
5
3
2
1
4
4
6
1
3
0
4
3
2
4
7
4
4
3
4
3
2
3
3
3
2
4
6
2
3
8
4
5
5
3
5
6
1
1886
