radiacao de fundo
0
0
0
0
0
0
0
0
0
0
0
0
2
0
44
263
137
127
191
151
177
134
128
116
84
94
95
93
121
101
103
96
83
85
83
63
60
78
80
68
87
68
72
87
66
62
65
57
76
72
83
64
81
78
72
71
89
85
101
85
109
98
97
100
116
113
106
97
103
129
124
119
121
151
120
152
154
118
133
116
159
160
150
143
147
174
165
142
169
152
154
142
174
143
170
185
169
169
152
171
188
174
172
160
161
200
174
174
176
163
176
165
185
179
157
168
169
184
174
159
159
186
163
185
160
172
172
164
156
183
175
141
165
144
161
150
151
166
161
155
158
155
140
117
157
140
143
137
141
138
146
153
118
119
119
103
127
150
131
132
111
105
113
114
94
100
112
101
110
98
115
103
96
115
111
89
94
79
97
113
96
100
96
109
83
76
93
87
88
95
95
77
89
80
77
89
88
63
84
91
79
74
76
65
56
78
69
68
78
65
61
68
71
80
63
64
58
69
75
69
63
55
64
79
61
60
66
49
51
51
60
59
70
67
56
73
50
35
54
94
64
63
47
61
44
44
58
50
54
51
53
53
38
46
52
49
48
41
34
41
40
43
41
35
39
35
38
33
46
50
32
39
35
25
38
29
38
40
27
38
34
34
29
31
34
29
39
30
31
38
22
35
39
47
33
28
26
22
31
19
26
25
20
27
26
32
28
23
17
21
26
29
27
25
26
23
31
26
25
38
32
20
26
21
27
21
24
27
25
23
26
28
21
37
26
27
21
23
20
26
21
15
20
25
17
24
26
70
31
16
16
15
23
13
16
19
16
20
19
13
17
25
17
14
18
22
19
23
19
16
16
15
18
11
16
12
14
11
22
15
16
13
20
15
13
16
13
17
9
13
14
17
11
20
16
20
18
15
18
14
22
14
20
12
15
18
12
14
14
13
19
17
6
14
12
22
21
10
16
21
12
17
15
18
15
18
15
13
14
7
11
14
10
13
11
12
14
11
15
11
18
12
13
9
8
9
13
11
11
16
12
9
17
15
9
8
6
9
9
13
11
8
13
8
14
14
13
18
12
13
12
13
13
13
7
19
8
8
7
16
12
9
19
11
17
14
6
10
9
10
11
12
12
4
15
9
11
13
15
15
22
11
11
13
9
9
11
10
10
5
12
14
7
11
12
14
13
3
9
12
11
7
9
5
13
12
11
4
9
8
10
12
7
13
5
10
9
4
8
7
7
12
5
11
6
8
7
8
10
10
9
4
4
8
4
8
9
10
4
9
10
13
6
9
5
9
8
19
20
11
6
8
5
5
5
7
5
9
0
13
7
1
6
7
12
8
5
10
10
6
9
7
16
38
16
6
7
8
4
4
6
4
7
11
5
11
5
5
7
5
1
9
12
8
7
11
9
9
6
10
7
8
9
6
6
4
7
11
4
7
10
6
4
6
9
6
7
6
11
5
11
7
20
30
19
6
4
8
6
8
11
6
7
3
3
10
9
6
5
8
8
8
10
5
7
3
5
5
5
7
8
5
8
6
5
4
3
3
7
5
6
5
5
5
4
6
3
5
6
6
9
11
6
4
2
4
5
4
8
1
5
3
6
7
6
7
4
5
5
6
1
7
4
4
6
5
3
3
4
7
4
1
6
6
5
10
8
4
4
7
5
7
6
5
3
3
5
5
5
1
6
4
11
8
10
9
8
4
3
8
4
4
4
5
2
1
2
5
1
4
8
2
5
7
7
7
6
2
7
2
5
3
5
5
4
3
6
4
3
3
4
3
6
3
4
3
2
5
4
3
5
2
4
2
7
3
6
2
3
8
10
4
4
4
4
7
6
4
0
6
4
6
5
5
4
2
5
4
4
3
2
4
4
1
3
8
4
6
3
5
3
6
3
11
5
13
4
1
5
5
4
5
6
5
5
3
4
5
4
7
3
4
2
3
7
3
5
6
1
1
6
5
5
3
5
7
2
4
1
7
1
3
5
6
8
2
3
4
5
5
14
8
8
8
4
4
3
8
2
1
2
4
1
5
2
6
3
4
4
2
2
4
4
4
5
1
3
4
5
2
4
2
3
3
4
4
8
2
3
5
6
3
4
0
4
2
2
3
3
5
12
6
1
5
6
6
7
9
3
5
5
1
2
1
3
5
2
3
3
3
1
5
5
7
8
4
7
4
2
2
5
1
5
5
5
4
2
3
1
3
3
2
3
6
3
9
3
3
1
6
3
3
4
3
0
0
6
4
8
4
6
4
3
4
7
5
3
5
2
4
5
3
3
8
4
1
3
6
5
2
3
6
2
2
4
5
6
3
2
4
6
1
1
1954
