radiacao de fundo
0
0
0
0
0
0
0
0
0
0
0
0
0
0
23
225
151
85
117
129
116
116
113
88
74
72
104
123
145
126
104
86
79
73
56
68
80
77
65
64
86
86
73
67
57
71
84
68
61
65
68
56
73
86
71
85
73
69
84
90
77
97
122
108
104
105
120
105
117
114
107
124
117
142
122
132
125
126
132
127
157
142
147
151
158
153
146
137
162
176
171
142
157
155
161
142
153
163
165
162
181
178
183
157
151
159
194
161
183
168
189
168
175
151
165
147
168
156
159
163
158
189
156
145
168
155
149
175
165
149
163
136
133
146
141
167
129
136
157
140
140
138
142
154
120
174
146
123
127
135
126
134
130
129
131
127
102
109
127
111
119
120
114
130
118
87
107
123
99
122
106
116
107
94
105
92
97
97
94
81
112
86
86
105
74
75
92
92
93
106
90
88
88
79
84
79
72
75
92
64
74
80
77
71
79
73
67
72
59
69
79
64
91
68
59
46
62
65
51
65
65
74
42
60
59
63
65
60
53
58
63
59
58
48
51
51
52
48
47
107
51
40
58
52
41
44
37
48
42
43
46
53
37
42
39
36
44
36
42
36
45
43
44
42
39
50
30
31
29
39
45
32
33
34
59
39
45
33
29
36
40
43
37
28
28
19
34
41
35
30
28
32
32
47
40
27
38
40
34
19
28
30
29
24
34
31
25
36
37
34
26
31
23
30
17
31
26
24
22
26
22
18
25
19
30
23
21
22
23
23
35
23
20
23
33
25
23
25
24
23
20
23
9
15
29
18
24
68
22
17
19
20
21
16
22
19
17
18
19
23
14
15
7
19
17
20
17
13
19
13
14
12
12
16
16
20
16
10
14
19
14
15
16
12
18
13
24
14
12
16
20
16
18
9
14
18
20
19
18
16
11
11
17
14
16
8
10
16
15
14
24
13
20
20
15
16
21
18
19
11
12
9
15
10
20
11
11
7
13
11
21
20
19
9
17
12
7
11
15
16
16
11
12
13
11
11
14
7
7
10
16
14
15
11
20
12
5
12
17
15
9
15
7
10
12
10
9
7
6
10
17
11
12
10
12
8
6
7
10
9
15
15
8
8
11
10
12
6
10
10
12
10
17
8
11
5
12
12
19
31
12
9
13
10
3
11
15
7
7
6
9
17
11
9
10
7
2
11
13
9
12
8
6
10
11
6
10
6
11
11
7
5
8
15
11
11
5
15
9
5
17
10
7
10
6
3
4
6
10
6
8
6
8
14
11
7
8
14
6
11
5
11
4
8
5
4
7
16
21
8
7
9
13
7
7
17
5
9
8
4
8
6
10
4
5
6
8
7
11
6
7
4
33
33
12
12
9
3
7
7
5
12
9
7
6
4
7
5
9
9
6
9
6
5
7
11
9
6
3
9
4
7
7
4
6
4
7
6
4
7
6
5
6
8
7
10
3
8
3
9
14
10
19
17
11
5
4
10
3
6
2
4
9
7
6
12
6
5
11
3
5
5
6
3
3
6
2
6
4
5
6
6
9
3
2
14
4
5
9
9
6
8
9
3
4
7
10
4
5
7
7
7
5
4
2
5
9
12
3
4
7
3
2
5
4
5
11
7
2
3
8
2
7
6
3
7
4
8
3
10
7
2
5
4
4
7
5
7
2
7
6
8
5
4
4
1
6
3
5
7
5
2
4
7
8
6
6
8
3
5
2
6
2
4
5
7
3
4
5
7
10
3
4
8
8
4
5
6
5
4
5
5
5
5
5
6
7
3
10
4
2
11
2
5
4
5
8
4
4
4
5
4
1
2
2
7
4
5
2
3
2
4
6
4
6
5
6
7
7
9
3
2
6
2
4
2
5
5
5
4
8
5
1
4
5
3
1
3
3
3
5
6
4
8
6
1
8
7
4
4
4
2
6
3
4
2
4
2
8
3
4
3
7
5
2
2
3
5
1
4
3
8
5
6
6
3
5
1
8
4
4
3
2
3
6
2
1
2
6
7
9
10
12
9
2
1
2
4
6
4
3
8
3
5
5
5
6
0
5
3
5
5
7
2
4
8
0
6
2
7
4
3
1
4
3
9
4
4
5
2
5
2
5
8
2
5
3
3
3
2
5
10
12
7
3
7
14
4
4
4
2
6
1
0
4
2
4
2
0
5
6
4
5
4
3
3
4
6
3
2
2
5
4
3
3
1
1
6
3
1
3
1
3
4
4
4
1
4
1
3
6
6
6
3
4
5
3
6
4
3
8
2
3
5
7
2
2
2
7
1
6
4
2
3
1
7
11
0
3
1
1
1
1
2
6
3
1
4
2
5
3
7
4
1881
