radiacao de fundo
0
0
0
0
0
0
0
0
0
0
0
0
2
2
33
254
182
112
200
127
160
141
99
136
136
94
120
89
116
107
131
205
222
261
226
221
205
132
131
117
91
88
88
92
70
72
70
85
74
81
70
80
82
68
98
103
83
103
87
89
80
99
110
100
112
99
112
119
151
110
122
130
116
145
127
140
156
140
154
136
148
159
116
150
160
152
165
131
167
178
172
180
149
161
173
172
180
168
170
165
159
170
183
180
152
194
189
191
180
202
172
194
187
162
169
170
182
202
165
174
158
154
168
186
135
163
157
147
159
180
166
164
143
134
130
172
144
164
170
158
155
159
168
150
172
148
127
151
131
150
141
145
144
127
152
138
146
99
146
129
142
120
102
115
127
104
113
103
113
106
88
105
114
80
95
88
101
101
93
90
110
95
86
98
114
102
118
85
86
100
113
91
90
99
81
76
89
85
92
106
95
79
80
75
82
84
87
88
65
76
72
79
62
61
67
85
65
82
68
71
68
70
85
70
68
66
64
68
61
58
64
57
64
58
59
56
54
53
64
53
110
65
76
52
59
48
44
51
60
53
60
41
30
49
36
32
51
58
41
43
46
43
46
49
50
38
42
36
39
47
48
44
32
42
43
30
41
26
39
36
41
25
40
40
40
39
22
33
38
37
41
35
37
29
41
41
35
31
37
39
33
29
22
31
20
30
37
21
34
31
22
30
30
26
30
26
29
34
31
27
25
22
31
24
27
33
32
20
26
24
20
23
31
29
22
31
41
21
29
25
26
22
23
19
22
28
24
35
53
47
18
20
17
22
25
24
20
12
23
22
17
18
20
25
15
19
16
20
18
12
17
22
20
13
27
13
20
19
21
16
18
18
24
17
16
17
15
15
15
16
23
16
16
13
18
17
21
26
21
20
17
13
17
13
20
9
19
18
18
16
16
12
14
9
11
16
19
9
18
12
13
17
16
16
17
18
14
11
18
16
12
16
12
15
12
15
14
7
13
17
11
18
14
16
18
12
15
23
18
12
13
9
15
8
20
18
19
13
7
20
7
15
16
13
13
10
12
10
15
12
9
11
16
10
9
14
8
12
13
17
12
10
12
13
14
12
8
11
18
13
13
12
9
11
11
13
15
5
9
18
25
32
17
18
14
10
14
11
8
7
11
12
13
6
14
16
8
5
5
8
10
5
7
15
8
12
7
8
3
8
8
10
9
7
12
8
13
2
10
19
9
7
11
8
11
7
7
6
12
15
9
4
12
8
10
7
3
12
4
12
9
3
8
7
6
7
6
10
8
11
25
18
12
8
10
11
7
3
10
3
7
5
8
4
6
10
11
11
4
12
10
14
9
14
18
43
14
12
2
4
8
5
4
2
6
5
6
6
8
12
9
8
8
5
8
8
3
8
4
7
4
9
4
7
9
9
7
7
6
6
4
4
9
6
10
6
9
5
5
7
8
5
4
7
11
18
11
7
8
4
7
8
6
6
2
5
7
9
5
9
5
7
11
9
10
8
11
9
6
6
5
8
6
4
2
9
8
4
7
7
4
7
5
3
7
3
8
5
8
8
6
6
3
4
6
5
5
3
4
7
3
4
11
5
5
3
7
8
7
5
7
5
9
6
9
1
8
6
4
4
2
7
3
6
3
3
5
3
5
7
7
7
5
3
5
4
3
2
7
6
4
10
5
3
7
6
8
7
8
8
3
5
3
5
4
1
3
8
5
2
5
5
2
5
7
3
7
8
9
4
6
5
8
11
9
5
8
3
10
3
5
5
7
4
5
5
4
5
5
6
9
8
7
4
3
5
4
6
4
4
3
2
5
8
7
5
4
3
5
1
6
12
9
5
7
5
6
8
2
6
6
6
4
4
4
3
7
2
7
9
6
2
4
3
8
1
8
2
5
3
5
5
1
3
4
8
7
8
5
6
10
4
4
4
4
5
3
3
3
3
3
6
3
1
4
2
4
5
3
1
4
6
5
2
3
5
3
8
7
8
4
2
9
10
4
11
8
9
10
4
4
2
4
3
4
3
1
4
6
6
3
7
5
4
3
5
6
3
5
1
4
2
1
2
7
4
1
7
3
2
6
6
1
1
4
8
5
3
4
7
2
10
8
4
6
6
3
5
2
8
8
2
7
1
3
6
2
8
8
3
2
4
3
7
4
6
3
3
1
3
1
2
1
4
2
2
2
2
5
3
6
2
4
3
4
5
2
2
5
4
1
1
2
3
1
3
5
4
1
5
1
1
6
2
3
2
1
5
1
4
5
2
0
6
1
1
0
3
3
6
3
2
5
1
3
7
5
6
2
7
3
6
1
2050
