radiacao de fundo
0
0
0
0
0
0
0
0
0
0
0
0
1
1
38
230
159
103
97
107
113
102
86
96
86
95
109
128
127
94
102
103
75
59
81
63
70
76
88
80
69
62
83
92
65
61
67
76
72
73
72
54
89
78
91
109
90
106
66
78
108
94
92
99
107
107
114
106
119
109
95
115
105
127
123
137
137
139
136
135
123
160
139
156
133
160
133
125
158
144
162
160
160
132
164
176
164
152
180
176
155
168
159
172
176
170
173
202
165
158
170
153
164
153
164
178
177
159
154
166
171
190
161
165
151
137
193
139
185
149
174
143
190
172
154
140
166
162
141
138
137
136
116
143
150
135
134
145
122
135
119
138
137
120
104
123
123
132
122
126
125
98
109
127
112
100
98
95
102
104
97
99
107
80
96
93
100
99
86
91
85
91
110
84
87
87
80
87
79
104
91
85
73
66
79
82
74
74
79
90
70
64
65
74
81
64
73
68
58
73
76
72
59
76
84
72
79
63
59
71
65
47
63
57
51
55
62
64
53
65
54
55
54
55
54
52
52
48
50
86
74
41
62
55
52
49
56
49
50
44
55
46
37
37
44
35
44
34
36
41
33
44
42
39
36
37
28
35
30
40
31
43
40
36
29
44
37
26
30
41
26
30
34
30
39
27
34
38
35
34
34
43
44
43
35
36
23
26
29
24
28
37
34
33
39
22
31
17
25
25
30
23
32
25
29
25
24
32
22
30
28
35
22
25
20
19
37
25
29
19
22
20
18
19
28
21
24
21
18
20
30
23
18
34
23
20
27
61
32
16
22
21
19
17
14
16
19
17
24
22
24
11
22
20
19
15
21
24
22
24
18
18
8
17
14
24
17
15
15
21
23
17
22
10
15
15
25
12
16
12
18
16
9
17
17
13
12
13
18
8
11
17
15
17
15
12
14
17
15
20
12
13
13
12
21
17
15
12
16
15
21
15
11
13
13
14
12
9
8
8
11
11
5
16
8
11
18
7
6
18
9
10
12
13
16
13
13
13
10
16
14
5
20
23
13
13
9
8
11
13
9
18
10
20
12
16
14
15
10
13
7
11
8
6
10
11
9
9
8
7
16
3
12
4
11
10
9
12
11
16
8
7
7
9
6
8
9
13
25
26
20
17
13
14
12
11
17
6
13
17
8
11
10
8
12
10
8
10
10
12
13
13
11
12
7
6
7
7
7
4
11
9
6
9
8
11
12
7
7
6
2
13
6
7
4
4
9
14
11
2
9
10
8
11
5
8
12
7
12
3
4
9
7
6
13
7
8
21
17
13
2
3
9
4
5
6
5
7
6
3
7
9
8
8
7
9
7
10
3
7
8
10
20
31
12
6
8
6
8
8
8
7
4
8
9
2
3
6
5
3
5
1
4
5
11
10
10
8
5
1
10
3
10
5
5
4
6
8
10
2
6
5
7
5
5
5
3
7
1
3
10
10
20
19
12
9
7
7
3
7
5
5
5
2
3
8
5
8
4
5
9
3
9
5
5
5
5
5
10
4
6
4
2
4
3
6
2
4
7
4
8
4
6
2
5
6
4
5
6
6
4
4
10
7
5
3
4
8
8
4
6
6
9
10
4
1
9
6
3
8
4
7
3
8
2
3
2
10
7
3
7
1
7
7
3
3
3
4
4
3
5
8
4
12
8
4
9
5
3
8
4
5
9
5
4
7
7
7
5
7
2
2
5
4
4
1
7
2
3
6
2
1
4
3
11
4
6
6
4
3
7
2
7
4
5
0
8
9
2
7
7
6
2
9
7
3
6
1
4
3
4
0
7
3
6
6
4
5
4
5
4
5
7
7
10
5
5
7
5
2
5
6
6
2
5
6
2
7
3
2
5
3
5
6
4
5
8
0
7
4
4
6
5
4
3
1
4
2
6
5
5
6
4
2
8
5
0
2
6
3
3
3
4
4
2
4
2
2
2
5
4
5
4
4
4
5
4
3
5
2
0
4
5
0
3
3
3
4
3
3
3
24
11
4
5
5
3
5
5
3
3
2
7
5
3
2
4
2
5
5
0
4
6
8
6
3
5
2
4
4
4
5
3
4
1
2
4
10
5
3
4
4
1
8
3
2
2
0
4
4
4
5
5
8
8
9
8
7
3
7
6
2
5
2
6
0
1
7
4
1
4
4
2
3
2
1
4
5
2
5
1
0
1
7
3
8
6
4
2
4
6
1
4
4
7
2
5
4
3
0
5
5
6
6
4
8
4
1
2
4
4
3
8
1
2
5
3
2
2
5
2
6
7
4
8
2
4
4
2
3
4
5
5
1
2
3
1
5
4
2
1
3
5
1929
