radiacao de fundo
0
0
0
0
0
0
0
0
0
0
0
0
6
1
44
309
223
107
126
152
146
138
105
102
90
86
108
109
130
129
128
101
112
102
105
93
92
87
91
97
88
65
92
112
102
84
111
101
109
73
92
109
83
97
115
128
96
123
110
133
112
128
116
129
127
128
131
146
165
144
162
153
148
171
167
171
180
173
175
179
177
194
174
178
207
189
237
221
176
198
208
200
199
201
204
184
211
228
193
235
220
227
206
202
221
183
208
216
191
219
214
222
211
216
203
204
194
228
196
227
192
194
214
203
201
186
213
203
228
209
200
167
195
191
171
189
197
164
172
187
211
169
193
188
177
174
187
162
171
154
168
161
149
178
154
153
145
161
173
153
151
147
145
171
134
116
137
134
119
134
127
133
143
119
126
128
111
122
124
124
107
123
108
131
122
94
115
98
114
112
133
103
116
119
104
95
101
106
97
90
88
114
81
101
115
103
96
105
95
94
86
98
79
83
102
86
104
87
72
70
65
83
80
68
75
83
81
72
64
60
61
70
65
71
74
77
77
71
80
84
113
51
66
66
65
45
52
63
46
71
70
43
51
65
56
47
66
59
49
56
55
35
49
55
40
40
39
51
44
55
64
50
58
44
41
33
39
40
45
39
57
29
47
38
39
37
45
37
50
46
35
39
36
35
61
57
27
41
43
32
47
32
31
42
35
38
30
34
39
29
39
26
30
33
44
30
35
35
27
28
33
32
25
35
22
33
33
26
35
26
31
27
24
27
37
23
30
33
28
25
27
18
26
30
31
25
29
28
75
48
18
27
29
25
20
24
23
23
20
22
24
28
31
36
21
21
22
26
21
15
28
23
29
11
24
21
20
26
32
30
30
26
26
28
21
30
25
18
21
29
15
23
18
14
17
23
19
20
17
20
29
15
27
14
20
19
16
22
20
16
20
22
21
21
24
18
17
15
18
19
22
15
8
14
18
25
22
16
19
25
24
23
13
17
15
19
18
15
13
24
10
15
12
18
18
14
20
16
11
17
26
15
15
22
22
15
15
13
17
16
15
13
12
19
18
13
16
13
13
19
12
21
16
16
17
19
9
15
7
22
13
14
18
15
18
18
14
15
15
12
13
15
13
15
16
13
17
12
12
18
29
27
10
10
13
14
9
13
12
13
14
19
15
14
8
7
14
15
15
18
11
7
11
13
9
12
13
10
9
9
9
12
10
13
12
15
16
15
12
5
16
14
9
13
12
8
6
10
5
10
12
9
15
6
7
12
8
7
14
11
9
13
8
5
13
15
15
13
15
36
35
21
8
10
7
5
4
8
15
9
11
8
6
11
5
12
6
20
17
11
12
9
11
16
30
40
19
12
11
13
2
9
6
10
17
9
10
11
11
7
6
7
8
11
9
12
8
8
10
6
7
9
5
12
5
7
11
12
16
7
8
7
5
10
5
11
7
6
11
3
10
11
6
7
23
19
13
14
9
11
4
10
12
5
9
12
13
7
6
5
7
6
7
12
10
10
7
8
5
5
11
6
12
6
5
8
3
6
7
8
10
5
4
8
8
4
9
7
12
6
8
5
12
7
5
6
3
6
15
4
10
9
11
6
6
7
14
10
9
4
8
6
6
6
4
5
9
2
9
11
6
6
3
7
4
5
8
7
5
2
3
4
3
10
6
9
8
10
9
9
9
7
7
11
4
10
8
11
10
11
7
6
3
5
6
5
6
10
5
7
7
8
5
8
4
3
6
8
6
4
6
8
6
8
14
6
8
5
5
5
2
3
4
5
1
8
7
10
6
3
2
8
9
5
4
4
7
9
6
8
2
4
5
6
8
9
7
9
4
8
1
10
4
7
4
6
4
4
4
8
9
6
6
5
6
5
4
8
3
7
5
7
5
4
5
5
5
5
3
9
4
8
4
5
3
4
6
3
8
4
11
8
8
5
5
10
4
2
9
8
4
3
7
5
3
4
3
2
11
4
6
8
8
2
5
6
6
2
5
4
2
8
5
12
14
5
7
7
3
5
4
3
3
4
6
3
5
5
6
10
9
2
6
9
3
5
3
4
3
11
1
4
5
5
6
7
7
6
3
1
5
3
4
7
8
6
2
8
2
6
7
5
5
5
5
6
10
4
7
8
4
13
8
4
6
5
4
0
6
6
1
1
4
3
3
8
5
6
6
4
7
4
3
6
0
2
5
3
8
7
5
8
3
6
4
4
2
5
4
5
2
10
4
2
4
7
6
1
5
1
8
2
5
2
6
6
4
0
3
0
9
2
2
6
4
4
7
3
5
2
3
7
5
6
4
1
4
6
8
7
9
7
4
2436
