radiacao de fundo
0
0
0
0
0
0
0
0
0
0
0
0
3
0
53
236
167
158
138
179
236
195
115
87
75
89
91
84
82
99
78
78
76
76
86
69
85
55
81
61
61
64
80
81
69
71
81
66
74
59
70
80
73
71
88
80
91
70
70
86
94
104
99
96
121
114
89
103
96
106
123
111
119
117
132
121
136
119
136
127
147
152
155
130
143
140
166
139
162
152
147
145
147
145
135
144
157
153
174
167
144
165
161
155
169
137
157
171
148
157
171
130
170
146
165
149
146
150
158
145
154
158
128
165
153
149
159
137
145
149
170
146
153
136
150
153
122
130
154
150
121
120
143
137
123
118
110
129
124
134
140
127
116
118
121
112
115
100
109
111
117
110
110
116
103
128
106
78
97
91
119
103
103
92
86
93
82
96
104
89
77
84
93
67
90
82
76
79
81
94
88
79
81
67
66
71
100
74
68
79
83
72
55
67
86
63
73
59
61
60
65
55
70
51
71
57
68
41
64
60
59
59
66
72
46
56
71
45
54
64
57
64
46
53
38
55
45
44
52
87
70
52
62
41
44
39
43
45
55
45
42
55
44
33
37
37
36
40
38
38
40
37
37
43
39
36
32
40
38
39
28
39
33
35
43
33
36
28
27
30
32
39
32
33
32
36
26
25
31
28
32
35
29
52
42
28
34
31
31
23
28
22
18
30
23
26
29
28
26
17
28
27
27
34
21
32
22
30
28
19
26
24
30
14
22
16
26
29
19
24
26
26
24
27
35
26
21
19
22
17
18
19
19
19
13
23
26
42
34
19
13
23
12
18
21
17
17
20
22
21
21
16
20
19
17
13
13
15
13
16
22
11
18
12
17
12
18
11
15
16
21
15
22
24
31
18
10
15
13
14
16
13
14
11
8
13
18
14
19
13
8
13
20
15
10
19
17
15
19
16
15
16
14
15
12
12
10
20
20
10
15
15
13
16
12
11
12
17
8
7
12
12
9
18
12
13
17
11
18
14
14
12
7
4
5
18
13
9
9
11
10
13
15
13
12
1
11
14
10
10
7
12
11
12
9
16
5
13
10
7
11
10
11
7
8
16
13
5
4
8
5
15
16
11
6
6
5
7
9
11
10
13
10
5
10
6
4
15
21
17
13
10
11
8
8
4
11
4
8
10
7
6
8
6
8
4
12
10
8
8
10
9
10
5
6
8
8
9
6
6
9
9
12
3
8
7
8
5
3
9
5
3
10
8
8
5
11
14
8
12
6
5
10
7
11
8
7
9
7
5
8
5
8
3
13
8
7
19
28
15
10
10
9
16
7
6
6
8
6
9
7
8
6
6
9
5
8
7
4
5
9
13
19
29
18
6
5
7
5
7
7
9
7
9
8
6
5
4
5
8
5
5
5
6
4
7
7
4
10
9
5
8
5
5
4
5
3
8
4
8
7
9
3
3
3
4
4
12
4
7
4
16
13
17
18
8
11
7
6
3
10
4
3
4
4
4
8
6
5
5
9
8
7
8
3
3
6
15
4
7
6
3
2
6
4
5
4
8
3
6
8
3
6
7
6
2
8
2
3
8
7
5
8
6
7
6
3
5
5
3
4
6
4
2
5
9
9
11
8
7
4
3
3
6
5
3
5
2
8
7
7
7
4
8
7
6
2
5
5
2
6
5
6
4
2
6
7
4
4
4
5
1
1
3
8
9
9
5
4
7
2
4
4
10
6
4
4
2
5
2
7
5
2
6
5
5
3
6
7
7
2
5
5
7
5
7
1
2
4
4
2
3
6
2
5
4
4
3
5
3
6
4
8
5
2
6
5
1
3
10
1
4
3
4
4
5
6
1
8
7
5
3
4
4
7
4
4
3
3
3
5
3
2
3
4
2
2
6
3
6
9
8
6
2
4
4
4
6
5
2
6
3
4
3
3
4
1
5
9
1
8
3
5
5
1
1
5
1
2
4
5
4
3
3
1
3
6
6
3
1
4
2
5
7
4
2
4
1
4
7
5
9
8
2
4
4
2
1
4
5
6
5
1
4
4
2
1
5
3
2
6
0
5
6
3
0
1
3
5
1
5
3
3
2
5
6
7
7
3
2
2
3
1
2
5
1
2
5
3
2
0
5
3
5
5
6
3
6
7
5
4
2
7
3
7
5
8
4
2
3
0
7
5
8
2
3
6
5
1
2
4
3
2
5
5
1
3
1
3
5
9
4
5
3
3
0
5
2
6
4
3
4
2
3
3
4
3
4
6
3
3
5
5
6
2
2
4
4
3
4
3
4
5
1
6
2
1
4
8
1
2
3
7
4
2
8
4
3
4
4
2
1
1790
0
