radiacao de fundo
0
0
0
0
0
0
0
0
0
0
0
0
0
0
50
317
239
156
149
131
119
143
107
86
85
79
114
126
130
138
110
108
102
86
82
75
90
91
83
83
91
69
75
109
87
66
76
74
92
88
75
73
98
73
92
108
108
93
90
101
116
86
123
133
130
121
122
136
112
165
123
125
129
148
128
155
172
164
156
132
156
187
161
160
181
178
170
149
182
164
173
186
199
167
181
182
152
191
175
172
169
206
184
183
190
161
211
195
206
193
202
207
179
196
209
172
177
169
182
188
196
191
181
155
172
181
181
165
177
179
202
167
192
162
174
165
205
164
169
143
166
153
162
165
154
160
182
140
154
156
147
125
114
129
134
135
136
141
144
138
146
140
126
128
135
139
131
113
114
116
114
131
105
119
129
110
98
97
112
98
123
90
100
101
93
109
100
103
94
93
99
90
97
87
74
80
80
94
95
90
92
63
78
86
95
57
80
87
78
84
81
71
76
68
72
75
74
83
65
64
66
82
71
75
63
69
70
66
66
73
56
72
49
56
72
54
55
69
58
88
74
72
75
67
56
55
56
54
49
58
58
50
58
53
59
41
52
38
44
43
48
33
49
40
54
51
39
45
45
45
27
46
43
34
42
46
36
34
45
45
48
30
31
36
30
43
38
39
39
35
33
34
36
58
45
38
37
40
26
29
30
36
39
30
29
31
30
30
36
33
32
27
26
31
29
26
31
24
28
19
25
26
22
30
28
32
25
27
17
29
24
28
28
28
27
23
30
24
25
26
26
22
22
20
27
20
36
59
28
25
24
25
21
17
20
19
20
20
23
26
19
20
12
12
23
22
17
19
22
15
17
14
17
19
26
24
11
15
20
19
20
21
22
19
14
22
22
17
20
19
21
19
13
18
14
19
19
11
14
21
16
22
16
13
12
26
20
11
16
15
20
20
18
20
15
14
14
14
16
16
16
17
19
10
20
10
13
12
21
15
18
12
22
12
16
13
7
13
10
14
11
18
12
15
13
15
12
12
12
18
11
14
14
13
5
14
16
15
17
16
8
16
13
10
7
8
12
16
15
13
12
16
19
17
17
11
11
14
13
9
9
8
14
6
12
9
9
3
8
15
6
8
15
9
19
14
12
14
14
27
18
12
7
6
3
12
11
14
11
10
14
8
9
10
7
11
13
15
10
11
13
6
5
10
10
7
12
4
7
16
7
6
8
9
15
10
13
10
9
9
4
12
7
9
7
13
9
17
8
4
10
13
7
10
7
7
5
7
10
12
8
14
7
5
6
10
5
13
34
11
10
8
13
8
12
12
8
10
7
9
8
10
8
9
8
6
11
8
6
4
10
12
28
30
15
16
5
4
9
4
4
5
11
8
7
14
6
8
11
8
4
6
10
7
6
9
15
12
8
9
1
8
10
5
4
5
7
8
5
10
7
9
9
7
4
6
7
12
10
8
2
17
26
26
10
8
5
8
9
2
9
6
5
5
5
2
15
5
8
4
2
8
15
6
5
12
9
10
5
2
4
5
4
11
5
8
6
6
6
3
6
3
8
7
10
5
5
5
2
8
7
5
6
8
6
8
6
7
7
9
4
6
9
4
9
12
6
7
6
7
6
9
6
3
6
6
5
5
4
5
8
7
6
5
3
9
7
6
2
6
3
3
10
6
3
4
2
7
4
4
5
4
8
6
3
6
9
6
4
7
4
4
3
2
2
5
0
8
6
10
4
4
7
4
3
7
3
6
7
9
3
2
4
6
4
5
6
6
5
8
3
6
5
3
1
9
3
5
9
2
7
1
9
5
3
8
3
5
4
2
5
8
6
4
1
3
4
8
9
4
3
6
4
5
6
5
2
5
5
4
6
4
4
6
3
4
3
5
10
8
8
5
8
5
5
3
3
7
6
6
3
4
6
8
4
5
7
1
9
3
6
5
7
4
5
4
8
8
4
6
5
4
6
4
7
5
2
8
5
7
3
4
10
7
7
1
8
5
6
3
10
12
11
5
4
2
4
6
3
2
8
9
7
8
3
6
10
2
5
5
3
5
8
9
6
3
3
5
7
4
3
7
3
2
3
3
8
7
5
6
4
3
4
4
4
3
5
6
5
5
4
2
7
6
5
5
10
8
3
4
5
5
4
4
7
3
0
3
2
4
4
2
1
3
1
3
3
5
8
4
2
1
2
4
1
3
6
6
3
4
2
8
6
6
2
3
6
7
3
4
1
2
2
5
3
5
4
4
3
1
5
1
3
6
3
1
2
2
6
4
1
1
5
5
1
2
5
2
4
1
2
6
5
4
5
9
2
0
6
2
2
7
68
2084
