radiacao de fundo
0
0
0
0
0
0
0
0
0
0
0
0
0
0
26
248
159
143
131
157
163
130
118
109
101
102
175
183
218
194
187
142
117
79
86
70
88
78
89
99
88
79
92
96
95
107
77
94
91
72
88
75
90
98
116
104
97
102
86
98
110
118
130
145
126
127
139
116
152
151
148
137
138
158
175
182
129
165
173
165
192
172
173
179
160
164
196
164
186
182
192
163
209
183
161
188
167
201
210
233
178
187
196
178
187
200
208
186
200
193
197
197
201
195
217
199
187
199
192
182
201
227
197
187
170
200
187
167
190
182
178
183
167
167
200
180
187
169
169
169
184
159
174
181
156
158
155
141
167
147
160
160
184
152
153
165
140
158
130
160
142
141
132
148
126
134
119
150
130
137
107
102
124
111
123
111
97
115
122
104
115
112
112
112
108
98
89
100
95
118
113
93
92
104
113
71
91
88
89
95
78
104
105
80
86
91
96
86
86
85
90
101
83
77
72
89
95
77
74
79
68
72
74
83
81
59
73
69
68
69
71
60
69
66
73
62
62
51
67
84
64
61
50
64
66
69
57
62
58
60
59
44
56
53
37
54
41
51
49
43
48
48
51
47
58
40
62
37
33
41
35
54
39
42
52
42
40
53
40
46
46
39
35
41
41
33
34
35
38
44
32
34
38
71
57
33
32
40
48
37
33
34
41
38
30
43
26
38
20
32
38
26
25
37
27
36
23
28
26
29
30
17
33
27
33
20
35
33
25
35
31
25
33
28
32
23
22
15
21
22
28
27
23
20
25
23
30
73
42
29
28
17
25
27
29
17
17
24
22
25
32
23
23
30
22
10
25
14
21
26
27
18
17
16
20
12
27
24
20
21
27
21
22
16
22
24
18
15
16
21
18
19
12
13
18
14
27
23
19
23
18
18
13
18
17
12
25
14
16
22
17
22
19
22
13
16
26
14
17
12
13
18
6
15
22
19
18
15
25
16
19
23
18
15
23
15
16
12
10
17
23
15
18
15
9
12
16
10
14
12
12
10
11
21
13
21
9
14
22
19
19
16
13
15
10
21
11
16
20
20
16
18
16
18
14
21
12
13
9
14
9
19
21
11
12
13
11
13
8
13
13
12
17
11
13
17
11
25
20
24
21
6
16
9
12
10
14
8
16
11
14
13
12
9
8
13
12
10
10
7
8
14
8
12
6
5
9
13
5
8
9
10
9
11
9
9
8
11
12
12
8
5
11
11
5
10
12
9
8
5
11
5
6
9
4
6
13
10
12
8
8
11
7
12
6
9
13
22
28
13
12
8
11
14
8
6
10
12
7
9
8
6
6
8
8
9
5
7
8
11
12
15
32
38
23
12
11
4
7
5
7
9
12
8
7
5
7
7
6
10
16
4
9
6
7
13
7
11
9
10
6
11
6
8
7
10
6
10
8
2
8
8
12
8
9
10
10
11
3
9
14
12
24
33
15
8
9
5
8
4
8
5
8
8
8
8
6
10
8
8
5
8
4
11
8
9
7
8
10
6
4
10
4
5
9
6
4
9
3
5
7
4
11
3
7
6
8
8
6
8
10
7
10
9
2
7
3
5
12
10
4
6
5
10
10
6
9
6
5
7
13
6
9
7
9
6
9
4
7
3
9
13
7
3
4
7
5
5
11
6
8
7
7
5
6
4
3
8
4
6
5
6
9
6
16
6
8
4
9
9
4
9
10
3
2
8
5
4
6
8
4
6
5
6
6
7
7
9
2
6
6
3
4
4
7
3
7
9
6
9
9
4
12
4
5
8
2
2
10
7
4
7
3
4
8
6
5
5
7
7
1
5
7
6
2
4
3
7
5
8
3
8
5
6
6
7
8
6
4
2
5
5
3
4
5
5
8
5
8
7
0
6
6
5
6
3
2
2
6
3
4
3
4
3
6
4
2
6
1
3
3
6
6
9
6
4
4
2
3
4
3
3
3
5
7
7
5
6
6
8
4
4
6
7
1
9
1
6
4
8
4
16
11
8
6
4
7
5
4
7
4
3
3
3
5
6
3
5
9
3
6
5
5
8
4
3
5
7
5
3
4
3
4
4
6
3
5
3
2
6
5
2
3
9
5
5
11
3
3
4
11
7
12
13
8
12
8
5
3
6
2
7
3
6
9
6
8
2
7
3
3
4
5
1
3
5
5
5
3
5
6
5
3
5
3
4
4
4
3
8
3
2
2
5
4
2
3
7
4
4
4
6
7
1
2
8
4
3
0
6
2
5
1
3
8
4
2
6
5
5
4
3
5
4
1
2
4
4
3
2
6
2
2
5
2
3
7
5
4
2
1
3
257
2079
