radiacao de fundo
0
0
0
0
1
1
0
0
0
0
0
1
4
0
20
178
157
85
93
99
112
106
105
73
86
89
104
89
92
91
99
105
118
107
115
119
100
120
90
99
77
62
73
88
84
62
62
71
51
77
70
87
71
74
78
87
79
76
106
80
96
108
118
119
110
83
96
95
109
100
134
132
123
116
141
113
127
131
136
141
137
139
134
173
170
164
170
143
120
154
165
147
177
149
174
169
161
141
167
150
173
169
174
166
153
171
161
187
159
172
164
161
158
169
175
142
163
153
180
146
158
188
173
181
158
156
157
169
143
142
154
149
159
159
136
164
140
130
164
147
146
124
143
129
134
152
134
125
123
121
146
115
121
150
146
122
120
120
120
103
122
105
126
110
99
121
88
110
112
105
116
104
103
85
103
74
108
112
91
96
80
92
80
91
98
90
84
100
90
72
78
96
78
81
83
84
74
70
80
79
85
77
78
78
65
87
54
72
76
68
83
64
71
68
70
66
60
68
65
90
71
62
58
61
48
45
57
70
62
48
54
61
43
68
61
47
51
55
53
101
76
65
52
59
50
44
39
64
45
46
53
40
43
42
56
44
36
41
56
36
40
36
50
43
48
37
39
37
31
43
33
34
37
38
34
37
27
36
34
37
37
28
29
33
30
34
29
34
26
33
33
32
34
55
38
24
22
29
41
22
26
25
31
34
25
24
39
20
28
26
27
21
23
32
37
33
29
31
25
25
24
22
23
24
29
28
16
19
28
18
18
29
17
23
30
30
17
28
19
22
16
28
26
29
26
28
29
61
37
17
32
19
14
22
23
22
18
15
16
20
24
21
17
18
21
15
21
27
15
18
21
17
16
20
20
15
12
15
21
17
22
21
18
19
19
16
16
9
16
21
20
17
19
20
10
13
13
16
26
12
22
15
26
12
14
19
15
10
12
9
13
23
15
9
9
12
8
11
15
10
12
12
12
19
15
12
12
9
19
15
16
14
15
6
18
8
17
10
20
10
10
8
14
4
18
15
14
11
18
22
20
16
21
13
20
8
9
9
10
14
7
10
19
15
12
9
15
7
6
11
7
9
10
11
11
6
13
11
8
11
7
12
7
10
8
8
15
12
10
4
7
13
11
13
10
14
7
11
16
24
13
13
9
14
3
11
6
11
6
10
14
6
13
13
6
8
7
7
15
6
12
8
7
8
9
7
10
9
6
10
8
9
11
7
8
11
4
9
10
10
7
11
10
10
10
10
8
13
7
7
9
10
6
6
8
7
10
7
12
8
7
7
6
6
5
10
14
11
15
10
10
7
4
8
7
11
6
10
5
9
11
6
9
10
5
6
7
4
6
2
8
12
10
43
10
10
7
9
5
13
7
7
3
3
5
5
8
5
4
7
2
10
5
12
7
7
7
4
10
6
6
6
4
9
10
2
6
6
4
8
5
10
7
3
9
6
5
6
4
3
6
9
11
21
8
11
6
6
8
3
5
5
7
11
3
9
4
3
9
8
3
5
8
12
7
3
7
2
6
8
5
3
4
6
2
1
5
3
5
6
6
14
8
3
5
7
6
8
8
3
9
1
6
7
5
7
5
8
7
3
2
4
4
5
4
4
9
5
3
4
6
3
6
4
8
2
4
6
8
9
7
13
8
5
8
1
3
3
8
6
2
5
7
3
3
4
7
0
5
4
4
5
6
3
2
7
7
6
3
5
7
5
4
4
6
3
4
8
5
3
2
9
8
7
3
2
4
5
6
9
3
10
7
6
2
3
5
7
3
6
3
8
3
6
2
6
8
4
3
5
4
5
3
4
4
6
6
6
5
9
3
7
5
4
5
1
7
3
5
2
6
4
1
7
3
1
1
3
6
4
4
3
5
6
5
8
2
4
2
3
4
4
6
9
7
8
7
6
2
3
2
3
6
2
3
5
5
3
4
0
4
2
1
7
4
5
6
3
4
4
1
5
6
7
4
3
2
1
2
0
1
6
2
5
5
3
2
5
1
7
6
11
12
12
3
4
7
3
6
5
4
5
3
5
5
3
2
4
3
4
5
7
6
4
3
4
6
0
2
5
5
8
6
4
3
5
4
5
10
7
4
2
1
3
6
5
5
5
3
6
3
5
6
7
3
10
12
5
4
5
4
3
3
4
6
5
8
4
5
4
3
3
3
3
3
7
2
3
3
4
4
2
2
4
3
4
1
2
5
2
3
2
3
2
6
1
6
2
4
2
2
1
5
2
3
0
4
7
4
6
1
7
4
2
3
5
2
4
4
5
3
9
4
4
4
8
4
2
4
2
2
4
5
1
3
5
4
7
4
1
6
2
2
1895
