radiacao de fundo
0
0
0
0
0
0
0
0
0
0
0
2
0
1
115
458
194
114
124
101
92
106
93
72
67
72
79
76
81
63
60
63
59
79
57
75
62
68
78
53
77
72
78
78
70
71
71
75
69
62
72
105
69
75
72
96
62
65
93
98
85
93
77
85
101
125
107
106
116
111
108
112
121
119
134
126
136
113
117
116
139
138
106
165
165
149
153
134
152
154
157
164
119
161
154
143
128
135
143
137
171
167
140
175
162
142
157
147
151
176
145
169
151
154
140
148
150
167
176
131
143
129
146
122
176
152
163
167
186
146
134
126
132
143
144
126
140
130
121
132
123
130
153
134
131
104
123
125
128
104
133
130
126
113
122
130
91
119
129
106
111
99
120
110
98
101
109
108
107
114
115
95
91
85
98
110
122
78
98
80
95
85
88
93
87
82
116
96
75
96
82
82
85
74
70
73
68
72
75
75
72
66
59
68
64
63
68
71
79
68
65
52
71
65
63
73
52
56
69
58
64
64
66
55
57
55
50
61
71
55
54
41
57
54
46
49
54
58
41
63
77
58
45
60
48
45
38
35
38
39
50
52
49
45
44
37
46
38
39
31
50
44
46
39
43
35
32
34
37
37
37
40
30
35
34
44
38
45
28
36
26
40
31
26
38
33
33
32
35
29
33
24
29
34
47
23
32
30
36
18
33
25
30
26
27
25
25
32
38
25
23
24
27
28
21
29
31
22
27
27
18
30
22
23
26
33
25
21
15
22
28
26
19
35
21
29
20
25
24
17
20
18
28
23
20
20
20
35
40
25
21
7
18
23
13
15
12
15
17
21
17
17
14
18
10
17
13
18
8
13
15
22
22
15
14
18
18
17
14
17
18
17
14
16
15
10
18
9
9
20
17
14
19
10
15
13
20
14
16
19
13
14
16
22
19
12
10
9
16
14
15
8
16
16
16
14
19
11
9
17
13
14
11
13
14
12
9
11
9
8
12
15
14
9
16
13
14
11
8
14
9
11
14
11
9
8
9
10
16
12
11
13
12
11
7
8
13
12
10
9
10
14
8
10
11
9
15
5
14
10
11
7
9
10
9
8
13
4
10
10
8
6
6
11
19
6
11
10
15
21
10
9
8
11
7
11
6
14
19
16
20
13
6
13
8
9
13
9
9
12
5
7
11
10
14
12
13
12
7
7
11
4
10
5
5
8
8
11
4
10
15
12
7
10
8
6
5
6
7
7
9
3
9
10
4
4
6
6
4
10
10
9
10
7
8
9
12
8
3
3
6
10
11
8
9
5
8
9
10
17
8
7
8
9
8
9
14
11
6
10
8
6
6
9
9
9
13
5
4
8
3
13
7
21
31
9
9
6
3
3
1
7
4
4
8
5
3
12
10
6
6
4
9
10
5
8
4
6
8
6
14
6
5
4
5
3
10
2
4
6
5
13
4
6
6
3
6
5
4
5
13
3
7
11
11
12
5
4
9
6
4
8
1
8
8
8
3
5
6
6
5
10
3
11
2
7
5
2
5
6
8
5
3
5
4
7
3
3
6
2
3
2
6
5
4
6
10
5
4
7
10
3
6
4
6
6
4
2
8
3
1
6
4
4
1
9
13
9
5
4
6
3
7
6
3
2
3
5
9
4
4
8
8
5
2
6
7
5
6
3
3
10
3
3
3
4
2
11
3
7
5
2
6
5
7
4
6
8
7
8
1
5
2
3
4
4
4
5
3
5
1
5
6
5
7
4
5
3
4
7
5
8
1
7
2
7
4
2
4
7
7
5
3
5
2
5
5
4
7
2
2
4
4
3
9
6
3
3
5
4
3
3
4
3
4
5
6
6
7
2
6
2
5
4
4
2
3
2
5
4
5
5
4
5
4
4
4
6
2
3
3
5
4
10
6
2
7
3
6
4
2
2
1
3
4
3
9
5
3
2
1
5
8
4
5
5
4
2
7
4
2
5
8
2
8
3
10
6
4
3
7
6
4
3
5
5
9
2
4
3
3
5
7
9
7
5
3
3
5
1
3
2
6
5
2
2
1
3
3
2
2
4
3
3
5
3
3
2
5
2
5
0
7
2
3
4
5
2
2
0
5
3
2
3
3
2
3
1
7
3
3
3
4
6
5
4
6
10
9
7
5
4
4
1
1
2
4
2
3
2
6
3
2
3
4
4
8
2
6
1
4
1
2
3
1
0
5
4
4
4
4
2
4
4
2
4
4
3
5
4
4
5
1
6
1
5
2
4
4
6
2
3
2
2
1
2
5
2
2
6
2
5
2
4
3
5
5
2
4
5
3
0
2
3
3
5
2
3
1
3
4
4
1734
0
