radiacao de fundo
0
0
0
0
0
0
0
0
0
0
0
0
10
4
42
197
158
145
217
178
125
108
84
67
82
80
81
80
81
68
90
87
83
69
76
61
55
52
67
89
74
82
70
93
65
64
54
84
61
63
69
74
54
74
67
74
77
74
90
90
108
84
105
103
105
102
118
130
98
103
114
107
127
131
95
117
137
133
141
151
140
124
142
135
144
130
159
143
143
134
183
125
149
129
165
184
153
154
157
146
146
145
144
153
137
164
134
185
169
172
156
169
169
178
157
135
161
137
167
175
153
170
151
159
155
152
138
151
168
139
140
127
177
155
164
149
148
141
124
149
120
147
118
126
135
143
116
126
125
134
122
120
119
125
128
115
109
114
114
124
87
117
107
103
116
104
109
104
105
103
114
101
105
98
91
100
98
109
99
83
93
102
100
89
84
87
70
86
93
87
88
94
75
75
84
69
90
75
66
58
82
71
70
69
67
57
60
72
71
58
63
71
61
59
63
65
60
79
44
60
70
52
46
51
77
58
62
57
53
49
51
57
55
57
60
45
42
66
54
76
68
39
52
61
62
50
43
41
41
34
37
37
34
31
41
37
34
45
29
29
34
33
43
35
32
49
32
38
46
35
45
33
39
34
40
30
30
35
34
35
23
28
38
35
26
49
26
30
35
24
27
17
35
47
53
33
27
29
27
31
29
18
32
23
23
25
31
18
25
21
28
27
20
23
20
15
26
14
20
15
21
31
24
25
28
25
29
29
22
22
20
14
20
25
30
16
22
21
20
13
25
18
11
22
11
15
30
44
38
21
14
16
22
15
16
15
17
18
18
20
12
14
12
19
21
22
17
18
13
12
19
15
22
14
24
18
21
15
12
20
13
13
15
16
12
13
14
12
14
9
14
6
16
13
17
10
16
15
9
17
9
21
20
14
15
18
16
22
22
23
20
16
15
15
17
10
13
10
15
17
10
16
10
14
10
18
13
11
19
7
11
12
21
11
12
16
13
8
15
15
10
12
14
9
12
20
17
10
13
9
18
10
14
19
13
11
5
3
17
10
11
9
14
18
15
5
6
12
7
8
18
7
8
9
5
11
4
8
19
9
8
6
10
13
7
8
11
16
12
8
6
2
10
10
13
9
13
13
18
20
24
14
7
8
4
9
8
6
8
7
9
8
4
7
7
11
7
9
8
7
10
9
9
9
4
13
7
10
7
7
2
7
5
7
2
7
10
8
7
12
8
4
7
9
8
11
9
8
10
12
8
4
5
12
13
3
13
11
11
4
9
9
13
10
2
3
12
14
18
15
12
9
10
9
7
11
6
4
10
5
4
10
7
9
11
4
6
9
7
6
8
6
14
30
24
8
4
9
3
8
6
6
5
6
2
4
5
7
5
6
7
5
7
7
5
6
5
2
3
5
4
3
3
12
7
5
6
10
1
7
6
9
3
7
5
5
6
4
6
3
8
6
9
24
22
11
5
7
4
8
2
6
5
5
4
5
4
2
8
6
7
10
11
1
6
3
5
7
2
6
7
5
7
8
9
5
8
3
5
7
4
9
6
4
5
4
7
7
7
2
12
8
10
8
6
4
5
5
3
7
5
6
6
9
10
9
9
7
3
2
9
5
8
2
9
7
3
4
3
3
3
1
3
5
7
8
2
5
4
3
5
5
3
4
3
5
7
2
5
4
6
3
6
6
2
9
3
2
5
10
6
5
7
3
2
3
8
3
11
4
5
3
7
2
0
4
1
5
5
3
6
8
7
3
4
3
3
4
5
3
3
6
8
7
4
5
3
5
6
1
6
6
5
2
2
4
4
5
1
1
9
7
2
7
5
4
6
1
4
5
5
3
7
8
2
5
3
4
4
1
7
5
0
4
4
3
1
5
3
8
5
7
4
5
10
8
7
3
2
3
3
3
5
4
5
5
5
3
4
5
5
2
3
5
6
2
5
2
7
3
4
2
9
6
5
7
4
2
0
5
7
4
3
5
0
5
3
2
7
5
9
4
8
8
6
3
2
4
5
5
4
6
3
7
3
2
5
4
2
5
2
5
6
2
7
4
8
3
3
3
5
2
6
2
3
5
2
3
5
6
2
8
5
4
6
3
2
9
6
4
6
2
5
4
5
4
4
11
4
2
2
2
4
3
2
5
5
6
1
3
8
2
6
3
2
4
2
4
8
4
2
0
0
3
5
5
5
3
6
4
9
4
5
3
3
4
4
5
2
4
0
4
2
3
5
5
3
2
2
2
4
1
2
2
2
4
4
1
2
4
3
6
2
3
1
3
4
1
1
3
3
3
5
0
5
1
4
8
4
6
2
0
1743
0
