radiacao de fundo
0
0
0
0
0
0
0
0
0
0
0
0
5
1
41
261
241
182
162
159
152
126
104
118
147
154
168
149
144
129
108
72
111
93
108
103
79
72
100
82
91
92
82
82
83
88
83
75
74
90
94
87
95
90
82
86
113
99
113
120
111
99
128
119
121
127
101
122
123
119
140
145
157
129
167
141
151
146
153
164
142
158
160
174
187
165
185
180
180
175
185
155
176
182
199
220
185
175
192
182
188
184
180
189
197
172
201
198
189
175
171
186
188
203
192
192
195
164
193
185
184
153
174
188
189
156
194
181
162
192
183
169
178
166
183
159
159
185
181
156
183
184
158
180
162
176
149
158
160
157
168
154
167
136
135
124
118
138
102
125
144
141
132
127
147
114
115
112
115
107
132
118
102
123
104
114
104
102
102
122
114
109
118
101
101
108
105
100
121
124
99
96
99
95
109
84
92
95
88
101
87
72
94
77
85
70
76
85
79
80
71
68
77
70
84
59
74
70
66
73
87
80
61
68
55
59
69
71
66
63
49
59
65
62
69
57
54
73
57
112
77
59
66
45
54
68
50
56
49
57
35
54
48
55
57
42
51
37
47
51
44
48
58
47
43
47
50
40
42
51
30
47
50
33
36
48
36
46
27
39
44
36
43
27
35
35
29
34
38
36
32
34
45
50
48
21
38
43
39
37
23
28
30
30
28
22
34
25
26
25
40
37
33
28
37
24
13
33
21
23
27
20
36
23
27
35
35
19
32
25
24
27
24
33
33
28
25
26
26
27
39
28
28
24
20
27
42
73
19
23
21
26
17
20
23
25
20
23
26
26
25
15
21
25
25
24
17
27
17
18
25
19
17
21
20
22
13
16
14
20
22
10
16
15
14
13
22
13
19
19
13
15
19
26
14
17
22
14
18
19
14
11
18
20
11
20
19
16
28
28
17
16
13
14
20
7
11
21
20
13
20
20
12
8
19
17
16
15
12
14
26
26
12
15
16
20
14
8
13
17
10
16
13
22
14
15
17
18
14
13
12
6
15
24
12
19
13
10
13
15
14
17
12
12
12
10
11
16
19
12
11
15
5
9
11
16
13
16
16
14
14
11
17
9
9
17
16
18
13
8
9
7
6
8
19
13
7
17
23
26
23
19
12
9
12
10
9
15
9
5
5
11
9
11
9
14
7
16
15
11
12
16
9
13
9
5
14
12
5
8
6
7
17
10
12
9
7
8
11
5
10
7
6
13
10
11
12
10
11
5
10
7
10
5
11
8
10
7
6
5
9
9
5
12
8
12
19
21
18
12
13
12
6
9
9
7
11
9
8
1
4
7
5
8
9
5
4
4
5
7
9
13
40
26
13
11
6
11
3
13
11
10
8
9
7
9
9
5
5
7
9
14
8
7
9
7
5
5
8
10
7
6
9
6
7
5
7
6
9
7
7
13
10
10
9
7
4
10
6
9
11
17
26
17
12
6
3
12
10
3
7
10
10
9
11
5
8
6
5
6
4
9
7
8
6
8
5
8
5
7
7
6
9
5
2
10
7
10
8
8
4
7
6
6
6
4
5
3
4
5
9
8
9
6
4
4
8
3
7
5
4
2
3
4
13
7
5
5
5
6
12
1
5
4
4
5
7
9
5
3
7
4
4
3
5
1
3
6
7
15
8
9
7
6
5
1
5
7
4
6
4
7
9
10
10
4
6
4
2
4
2
4
0
2
4
6
5
1
2
3
7
9
6
5
4
5
3
7
5
5
2
5
9
7
6
7
5
7
7
7
5
2
5
8
6
1
7
8
2
2
0
4
5
4
10
7
4
11
6
4
3
5
6
4
5
1
7
4
3
6
5
2
5
4
6
6
2
5
9
6
6
4
5
7
5
3
3
3
6
4
4
6
10
9
4
4
6
3
9
7
1
1
8
4
10
3
4
4
3
6
4
7
10
9
5
7
7
2
6
10
3
8
3
7
5
0
5
3
7
0
8
7
7
4
4
0
6
8
11
12
10
7
4
6
4
5
4
2
4
3
4
2
4
4
5
7
6
5
5
4
7
1
3
3
3
5
1
9
4
3
5
4
6
3
5
4
6
6
7
5
4
3
9
0
4
7
4
7
11
6
11
4
8
3
9
6
8
5
2
5
6
8
7
1
9
5
5
1
1
4
2
4
6
1
4
3
7
4
6
2
2
3
5
5
1
4
7
4
0
2
6
1
3
8
3
6
2
3
3
3
4
6
4
4
2
4
7
2
5
5
4
4
1
0
3
3
5
3
6
3
6
5
3
3
6
4
3
4
3
3
6
2
4
5
5
2
5
2
2
5
4
4
1333
864
