radiacao de fundo
0
0
0
0
0
0
0
0
0
0
0
0
3
4
61
304
176
171
321
330
212
117
100
90
93
84
90
97
105
96
89
82
79
75
69
69
87
85
70
71
77
85
84
89
75
62
72
76
78
74
86
69
69
82
81
79
78
76
97
90
70
97
82
102
104
112
112
106
94
119
127
122
141
129
151
111
150
129
131
148
154
152
137
128
134
149
145
143
140
134
143
158
170
163
161
184
157
177
172
166
176
196
185
208
181
183
195
185
175
158
197
150
170
171
145
171
176
152
168
150
141
176
172
141
139
133
167
126
179
182
165
127
141
152
128
132
141
146
128
101
127
120
113
113
132
130
121
127
129
119
106
132
139
111
119
104
115
116
108
101
104
114
101
99
79
100
103
108
101
98
118
98
87
105
90
83
100
90
91
92
75
97
95
81
80
86
98
64
93
82
82
75
86
74
67
79
82
82
81
75
74
64
66
69
73
68
65
55
63
62
83
70
59
53
57
68
72
68
62
45
58
64
69
54
66
60
69
61
46
52
49
63
57
46
47
51
54
53
66
95
76
48
58
45
50
33
37
45
44
45
40
40
44
41
26
28
45
38
36
31
35
45
36
33
36
28
36
40
37
33
38
38
34
36
37
35
38
37
34
22
30
26
31
32
31
36
29
30
30
29
31
26
39
43
41
35
30
29
29
22
22
23
24
37
26
33
35
17
19
33
23
26
32
20
25
19
17
27
28
32
24
29
21
24
12
29
25
19
24
21
24
18
23
25
26
25
33
20
20
18
18
24
22
19
24
27
29
35
33
13
22
17
21
22
17
14
16
18
14
23
19
19
18
15
12
13
18
12
17
22
16
13
17
9
10
16
12
15
20
18
18
11
15
17
10
16
11
13
14
14
10
7
19
16
17
18
7
21
12
17
17
17
7
8
19
13
13
13
13
10
10
11
12
8
14
7
12
17
11
10
18
15
9
15
11
10
19
14
17
14
11
13
9
12
12
7
12
7
8
11
6
19
12
11
16
9
6
5
14
10
10
13
9
13
15
14
13
10
9
16
12
10
7
17
13
13
13
9
15
7
14
7
9
9
11
9
12
14
9
10
11
16
13
10
8
6
9
7
9
5
6
2
8
13
10
17
14
11
14
23
22
12
13
5
6
6
7
10
6
9
14
5
6
10
11
16
10
13
7
9
15
11
6
9
3
8
11
9
11
8
5
9
12
12
9
7
14
7
14
8
10
10
7
10
9
11
6
8
13
11
7
10
12
9
9
11
14
8
5
8
5
4
11
6
5
10
8
11
15
19
5
7
9
11
8
7
9
2
7
6
1
10
7
10
6
3
9
8
9
14
15
10
20
30
17
8
11
3
7
6
11
8
3
4
5
7
6
5
6
13
4
4
2
14
4
4
3
4
8
4
8
7
3
7
9
9
6
5
4
7
7
10
2
6
7
4
9
7
7
5
8
8
10
15
16
14
2
7
1
5
1
10
7
3
9
8
4
1
5
2
6
7
5
5
6
5
4
11
5
3
4
2
5
10
6
6
6
7
3
11
7
4
6
4
5
8
7
5
9
5
6
9
6
4
3
4
3
5
6
6
6
9
8
5
3
6
7
7
6
7
1
2
5
4
5
4
5
3
4
10
9
5
1
3
4
8
8
2
2
6
5
5
7
8
6
7
5
2
2
6
6
3
6
3
7
6
6
3
1
5
7
6
7
5
7
2
2
5
2
1
4
3
2
7
5
6
4
3
8
6
5
3
5
3
5
5
6
4
5
1
4
6
4
9
4
4
2
4
12
4
8
3
6
2
9
5
4
6
4
4
1
8
9
2
2
3
5
8
4
3
1
1
5
4
2
2
4
2
6
7
4
5
5
7
3
2
1
2
6
7
5
6
7
6
7
7
4
2
4
4
2
5
5
4
1
3
2
5
6
5
7
10
8
6
8
7
6
4
1
0
3
7
3
2
2
5
4
1
1
2
12
3
3
3
2
2
8
7
3
1
6
10
8
7
2
3
4
3
1
4
2
7
1
6
5
3
4
6
1
2
4
5
2
4
9
3
2
3
1
6
3
6
8
3
3
7
3
3
5
6
1
4
5
4
3
3
1
2
3
9
4
7
6
1
4
7
3
10
4
7
4
0
5
3
2
4
3
2
5
5
0
2
4
3
1
2
3
5
2
2
2
5
3
4
1
3
6
2
2
6
6
6
2
0
5
5
6
5
2
5
4
2
1
3
0
4
5
1
5
5
2
0
7
3
2
2
3
4
4
3
2
4
2
2
0
6
1
1
3
1
3
4
6
8
3
2
4
2
1
3
5
4
1717
0
