radiacao de fundo
0
0
0
0
0
0
0
0
0
0
0
0
0
1
21
212
141
120
122
147
155
149
102
96
91
77
84
102
116
103
104
98
85
65
64
65
75
73
75
82
65
83
85
106
82
71
63
67
96
70
82
74
71
78
85
83
106
96
70
69
93
98
113
105
103
108
106
120
119
117
115
130
122
126
135
127
126
146
146
127
145
134
158
151
168
160
176
146
143
156
141
146
150
171
142
189
166
136
165
164
152
148
171
158
186
156
148
174
150
165
166
154
164
168
173
138
161
157
173
155
134
146
182
156
186
155
161
150
174
182
154
140
142
168
146
157
142
160
149
123
148
127
134
135
135
126
131
142
119
131
137
134
146
116
126
135
117
108
128
125
108
117
107
116
119
103
98
118
104
101
101
113
98
103
125
109
103
79
111
112
111
98
89
85
82
111
88
95
94
85
80
90
88
71
72
71
88
72
84
84
76
81
80
71
64
69
61
72
76
55
60
61
71
61
54
58
65
67
55
61
58
70
56
52
46
53
52
66
66
46
57
46
59
64
55
60
53
66
51
65
79
47
68
54
44
46
58
51
45
46
51
50
33
41
34
31
32
51
36
43
43
43
53
34
34
50
35
43
52
41
42
41
29
29
43
24
38
35
30
53
37
23
35
28
34
39
34
27
27
31
35
25
33
46
51
21
21
35
37
29
30
29
28
23
25
32
22
27
18
30
24
22
27
20
26
26
24
20
26
28
21
27
25
22
26
29
27
18
24
19
16
28
25
15
27
30
27
21
32
20
26
19
20
17
23
24
29
52
47
20
24
15
21
19
15
25
14
25
14
13
13
31
20
16
18
12
15
16
18
12
15
11
30
16
25
20
15
16
14
13
20
12
11
23
24
20
24
14
17
18
21
17
9
22
10
13
8
8
15
14
13
15
14
19
18
12
11
13
11
20
8
15
20
16
17
18
7
12
12
16
14
12
19
14
15
15
11
9
12
16
13
18
14
14
7
19
8
6
13
8
19
13
13
13
9
9
15
10
11
11
8
9
17
13
11
17
14
9
8
11
11
11
7
13
10
8
9
10
5
12
14
12
17
6
12
10
9
14
10
18
16
9
12
18
11
15
7
13
14
10
7
15
10
12
14
8
16
6
17
22
30
19
11
7
8
20
11
12
10
10
7
10
7
8
8
15
12
11
11
5
18
14
17
9
19
14
5
4
8
10
5
8
9
7
12
12
12
12
8
7
9
12
7
7
8
4
7
6
10
6
5
10
7
5
8
7
11
6
7
8
7
12
6
10
12
15
12
16
17
21
17
14
4
5
9
1
5
7
6
8
9
4
10
8
6
7
8
10
10
8
10
8
22
30
19
16
7
9
6
2
3
4
11
6
9
9
10
7
9
4
4
6
5
9
10
3
9
9
4
7
4
8
11
6
3
5
7
6
9
1
3
5
6
7
8
5
3
7
6
10
5
6
14
15
13
12
6
5
6
3
8
14
5
6
6
5
7
6
7
5
8
2
2
3
12
4
6
9
7
7
7
4
5
6
4
7
6
5
7
7
4
3
6
9
7
6
6
4
5
5
1
7
6
0
9
7
6
3
4
7
3
4
6
11
4
5
11
8
6
6
10
6
4
5
4
6
5
8
7
6
3
8
1
6
4
7
4
5
15
5
4
3
1
2
4
6
4
1
8
7
2
9
2
4
7
7
7
7
6
4
6
4
2
3
4
3
3
7
6
8
4
2
8
2
4
5
2
3
2
4
6
6
3
6
5
3
4
4
5
6
5
6
3
6
3
4
4
3
10
6
4
2
0
3
6
4
3
3
7
3
4
4
4
2
4
1
6
6
5
5
5
12
3
3
7
3
3
10
4
3
1
4
2
9
5
1
1
6
2
1
6
5
5
6
4
4
8
3
3
7
2
3
2
4
5
4
6
10
5
4
3
4
7
8
4
3
5
2
6
3
7
2
3
2
5
6
10
4
7
6
6
9
2
1
5
4
3
2
6
3
3
14
3
9
7
4
6
3
7
1
3
2
6
6
3
5
5
2
4
7
1
4
3
5
7
3
1
4
7
2
5
4
7
3
5
8
3
3
2
6
4
8
0
4
0
6
0
6
5
7
3
1
2
8
2
4
4
6
5
7
2
8
4
3
0
2
7
3
2
0
3
4
4
2
2
2
7
6
6
0
3
3
3
5
3
5
3
2
5
2
6
2
0
2
5
6
1
7
6
4
8
3
4
4
7
3
2
2
5
6
5
0
9
4
4
2
7
5
4
4
2
3
1
5
3
4
2
4
2
5
5
1
4
2
2
2
1
4
2
5
4
4
5
1934
