radiacao de fundo
0
0
0
0
0
0
0
0
0
0
0
0
6
6
39
262
183
142
98
91
108
90
87
89
83
67
86
87
106
80
93
72
72
74
64
70
77
65
69
68
67
70
80
59
60
59
60
74
57
67
71
73
73
76
74
81
95
78
71
88
65
71
104
92
110
100
95
113
92
118
85
103
103
123
118
117
110
116
155
124
139
152
148
146
146
133
156
146
141
132
147
140
147
160
143
169
159
138
169
156
154
151
153
141
165
176
171
162
173
150
176
125
149
147
169
154
147
131
130
164
133
147
144
155
151
139
132
149
165
128
151
158
155
142
131
159
130
151
153
137
116
135
119
138
129
122
126
109
120
104
123
129
129
110
128
125
103
128
130
107
109
104
109
87
97
112
94
108
92
97
110
92
106
94
98
85
89
94
74
88
100
92
105
91
77
101
80
82
97
100
92
94
66
79
77
71
69
80
78
66
64
72
76
67
78
71
59
58
76
57
63
81
62
69
60
53
57
63
57
51
80
55
55
42
68
39
54
53
61
58
52
41
45
57
68
57
46
58
48
94
60
41
53
55
43
40
53
47
36
53
42
54
49
37
43
33
28
46
46
36
46
25
37
36
34
29
44
30
32
38
36
44
25
40
34
39
29
38
28
30
30
35
29
17
35
26
36
35
22
20
25
29
31
44
36
31
33
25
39
33
27
25
28
27
29
23
24
15
16
26
28
26
24
28
23
18
18
25
19
26
15
29
28
23
23
18
26
26
26
21
23
21
21
27
25
20
23
17
20
22
25
17
10
21
28
15
33
35
37
12
13
23
12
21
20
16
18
24
16
19
12
12
12
18
17
19
12
16
16
14
17
17
23
18
18
11
15
15
17
13
9
10
13
16
18
14
8
12
19
14
21
16
12
11
20
16
9
17
13
15
12
17
14
12
15
6
7
16
17
17
13
10
18
12
7
14
11
10
10
9
13
14
15
15
10
18
12
14
7
18
12
11
11
7
10
15
16
13
8
9
9
8
8
11
14
9
12
10
10
13
8
8
8
7
20
11
8
9
8
8
15
14
12
9
16
8
6
11
9
15
8
13
13
16
8
15
12
7
12
5
10
5
12
9
13
18
9
8
12
9
11
12
13
12
8
14
12
13
24
26
14
12
9
12
9
7
6
4
11
13
9
12
7
6
13
7
6
13
6
7
16
6
8
7
8
6
11
11
4
11
14
13
6
10
9
6
12
10
8
11
7
10
5
14
9
6
7
11
8
9
6
6
8
5
12
7
4
7
1
9
5
11
9
7
4
11
5
11
19
14
5
5
8
10
10
7
11
11
6
8
7
8
5
9
10
8
7
10
5
6
11
8
15
25
13
12
6
4
5
7
4
8
7
9
5
4
13
5
5
7
9
6
6
3
7
3
8
6
8
8
5
3
4
7
4
4
8
5
2
6
4
6
6
3
4
8
10
5
4
5
5
5
11
23
13
6
7
6
5
6
7
6
4
6
2
1
7
4
3
4
3
9
7
6
4
4
9
7
6
4
8
1
7
3
3
2
4
5
5
6
4
4
10
3
1
4
5
8
1
7
4
8
5
6
11
3
7
5
6
5
9
5
6
5
6
6
6
4
4
8
3
4
3
2
1
5
4
5
3
9
2
4
2
6
5
6
4
6
5
3
4
1
8
7
2
5
5
7
5
5
10
4
8
5
8
10
4
5
5
5
8
2
4
3
4
4
6
5
10
7
1
2
5
4
4
6
2
7
2
7
2
5
7
4
9
1
3
2
3
6
6
5
6
7
6
2
5
5
7
6
5
3
3
6
3
4
5
6
2
2
2
7
2
2
7
6
3
2
3
1
5
3
4
5
4
4
0
7
2
6
1
2
5
2
8
2
2
2
5
5
7
7
3
3
6
3
5
2
6
7
4
2
8
8
10
3
5
1
2
2
2
6
3
3
4
3
3
7
5
4
2
6
3
6
3
2
3
3
3
3
3
3
2
4
2
5
2
5
2
2
3
11
16
2
3
6
2
2
1
2
4
3
7
6
3
5
12
2
5
3
2
2
2
3
3
2
3
4
3
1
4
2
3
5
3
6
5
3
3
1
4
6
3
6
8
3
4
2
4
2
2
2
13
6
6
6
9
7
8
1
2
2
2
1
6
4
2
2
5
2
3
5
6
4
1
2
0
1
5
5
1
5
5
3
1
2
2
2
8
4
3
7
1
3
2
2
3
2
3
6
1
5
0
4
3
5
3
4
5
3
4
5
4
3
1
2
3
1
0
3
5
2
2
5
2
3
5
2
2
2
3
2
1
5
4
6
1
1
3
5
0
2
1828
0
