radiacao de fundo
0
0
0
0
0
0
0
0
0
0
0
0
0
1
44
218
155
106
91
113
118
74
86
72
58
74
86
66
73
84
97
85
54
76
58
81
73
63
96
78
81
80
91
75
53
72
71
72
60
70
62
76
94
84
69
63
80
75
78
65
87
97
85
103
91
104
85
98
116
97
116
119
91
126
130
118
123
108
148
127
141
145
155
124
139
141
158
142
153
143
153
142
136
161
145
158
149
175
154
135
145
156
154
158
154
158
132
151
172
155
146
138
158
148
154
175
163
172
159
170
158
166
160
159
136
156
155
158
169
125
142
146
151
119
128
130
142
143
137
150
119
144
163
129
125
110
132
120
119
117
133
116
114
129
100
127
137
112
119
101
121
100
122
106
85
104
98
102
102
99
95
82
92
101
92
88
91
86
83
84
92
95
66
102
76
88
97
73
104
85
95
79
74
93
72
60
80
77
72
59
80
67
74
73
69
89
59
79
62
72
74
53
59
62
51
65
67
55
66
50
52
64
50
55
58
68
66
55
64
54
40
40
53
68
53
45
52
56
44
96
66
51
51
52
43
32
45
38
35
38
45
41
40
39
28
44
50
47
33
36
38
31
37
32
37
36
39
35
47
44
40
35
38
31
40
34
48
32
34
39
30
35
33
33
40
22
25
24
33
33
29
36
36
40
27
35
22
20
32
15
23
24
25
36
38
23
28
20
16
20
30
24
17
21
25
18
22
20
25
18
26
23
26
25
14
22
19
19
30
17
19
19
16
13
29
33
19
24
21
21
28
22
16
19
20
24
20
47
40
22
17
17
18
17
17
23
15
11
20
10
18
16
18
11
13
13
16
11
19
20
18
15
13
14
17
15
21
18
16
23
15
15
21
11
13
20
13
13
18
19
10
16
29
16
18
16
14
18
18
16
6
14
11
13
11
12
6
8
9
9
21
8
13
11
21
15
8
9
19
14
15
10
14
12
16
11
9
14
13
7
11
11
13
7
9
16
12
18
7
9
15
3
13
7
20
14
11
7
14
10
9
7
10
14
16
10
14
13
9
10
8
6
8
8
14
17
18
11
5
15
14
8
11
13
10
10
8
13
7
8
8
10
10
13
12
4
7
9
6
10
7
11
8
7
10
8
6
14
13
20
12
13
13
6
7
6
6
7
12
10
1
8
11
8
9
8
4
6
7
9
10
10
8
10
4
5
10
6
7
6
4
5
10
13
10
10
6
4
10
8
12
8
9
14
11
5
9
11
8
12
12
5
15
10
11
7
6
6
12
10
8
7
7
3
12
8
11
11
20
19
10
5
4
9
13
10
4
9
9
5
7
6
8
9
10
9
8
6
9
13
5
9
13
36
19
8
5
4
7
6
8
5
4
7
3
5
6
8
4
6
5
8
4
9
5
9
8
4
5
4
7
7
4
12
6
6
5
7
9
4
7
6
12
4
3
4
4
6
4
4
2
4
14
20
12
3
7
5
6
7
4
4
8
7
5
5
5
6
6
3
2
2
5
3
7
4
3
4
6
8
7
2
6
3
4
7
5
9
6
5
8
5
5
2
4
6
2
7
4
4
6
6
6
5
5
5
5
5
6
8
5
5
5
6
5
8
11
2
4
5
2
1
2
6
3
9
2
4
2
5
5
4
5
2
5
8
6
9
0
5
9
5
5
5
2
7
5
5
4
5
3
5
6
2
7
3
7
8
6
6
4
3
3
7
9
8
7
5
7
7
5
6
2
5
2
3
2
4
7
7
10
7
4
5
3
5
3
3
3
1
4
4
0
3
4
5
3
1
4
4
4
1
2
3
6
7
3
4
4
3
4
2
3
4
8
8
2
8
5
8
3
7
4
3
3
8
3
4
5
2
3
2
4
4
8
2
5
3
8
4
3
5
3
7
4
2
3
4
2
0
4
5
6
4
5
4
5
7
8
5
4
4
4
3
4
2
3
3
6
1
1
1
5
3
3
4
2
4
3
3
5
4
4
5
4
1
1
1
7
2
3
7
3
5
4
3
4
5
4
7
0
2
5
3
6
3
2
4
3
3
3
6
5
6
2
3
5
1
0
2
6
1
4
3
3
6
4
5
2
4
4
6
0
0
3
5
4
6
4
1
4
1
5
6
8
4
4
5
4
5
4
2
4
4
2
7
2
3
3
3
1
1
5
2
5
7
3
4
3
0
2
4
1
1
3
3
5
3
5
2
4
5
3
3
5
4
3
2
4
1
4
2
4
1
3
4
1
3
0
4
4
2
4
5
4
2
4
3
5
2
1
4
3
3
4
3
3
7
4
3
1
4
5
2
5
4
2
4
3
4
5
3
1811
0
