radiacao de fundo
0
0
0
0
0
0
0
0
0
0
0
0
3
3
33
247
136
122
106
127
138
130
108
78
85
77
72
90
100
121
98
107
113
111
87
87
88
95
80
69
85
66
81
76
76
92
69
88
91
77
78
81
70
78
84
81
102
93
106
102
111
100
109
111
105
95
134
119
117
102
127
124
127
123
122
135
126
145
139
125
141
141
139
155
170
157
156
134
152
148
153
152
157
161
188
163
180
159
169
165
166
152
172
149
176
185
193
163
161
161
170
175
185
167
169
179
185
175
150
164
159
158
164
155
162
167
171
176
147
160
168
150
154
146
147
143
163
143
138
133
129
148
152
134
119
153
146
157
152
137
136
123
118
128
137
108
110
110
128
116
128
133
100
107
103
107
115
100
121
100
101
107
92
97
100
126
105
89
94
87
106
73
92
110
75
94
101
83
100
101
127
87
84
90
83
83
71
71
89
64
88
78
72
73
65
73
80
90
58
73
63
81
80
48
53
68
59
70
62
57
66
59
67
61
56
61
62
41
70
51
65
60
47
59
60
51
59
54
50
82
71
52
61
52
51
43
45
44
46
57
48
48
44
34
40
41
39
42
52
41
45
45
45
35
43
38
42
37
30
46
40
35
35
43
36
35
39
27
34
35
34
38
35
31
35
32
26
31
40
36
32
31
34
49
48
25
33
25
24
30
27
38
19
28
23
30
24
31
29
23
25
34
37
25
15
26
19
23
25
29
37
23
21
26
27
29
26
26
35
25
26
22
21
23
25
31
29
24
21
23
18
19
25
24
24
20
19
42
28
33
16
12
25
23
21
16
28
16
24
16
16
12
17
18
19
14
13
29
15
21
19
22
15
16
11
26
19
17
15
22
16
15
14
19
14
18
12
20
9
13
12
12
18
14
15
12
12
16
16
17
12
13
13
15
14
10
20
15
14
10
13
15
14
18
19
11
12
13
13
15
8
12
15
9
13
12
4
17
14
11
13
16
10
10
16
14
11
13
10
18
16
11
17
17
9
10
9
11
14
16
8
6
13
15
16
10
23
11
14
13
8
12
13
8
10
8
14
9
13
18
10
14
12
6
14
12
11
12
11
9
9
10
9
11
9
18
10
9
10
12
10
16
20
18
11
11
10
12
20
21
16
7
7
9
11
14
7
6
8
6
7
6
10
5
7
13
11
6
12
9
4
12
10
7
8
8
6
8
4
10
14
9
14
8
13
7
6
7
6
5
14
5
6
6
8
6
8
16
10
8
3
6
14
7
7
6
6
7
10
10
9
9
9
9
11
10
7
11
15
15
9
10
8
8
8
10
15
16
3
4
7
4
13
9
21
15
6
5
7
7
8
8
16
23
11
13
12
8
5
9
4
5
8
7
8
2
4
10
9
1
8
5
6
8
4
3
6
5
9
5
9
7
8
3
11
9
7
5
13
7
6
4
5
4
8
9
5
4
11
11
4
7
8
10
13
17
6
10
9
7
5
6
6
7
13
5
9
4
2
2
13
7
3
6
5
10
4
10
5
1
9
5
5
6
4
6
6
8
9
3
5
6
5
4
3
3
7
2
3
6
10
6
4
10
9
3
11
2
4
8
8
9
9
9
3
14
5
8
3
3
5
5
1
10
7
2
4
8
3
4
9
8
7
5
4
5
3
5
5
3
7
4
5
4
5
5
4
9
4
6
5
3
4
10
11
6
11
2
4
4
1
3
1
8
5
3
5
5
2
7
5
10
3
6
3
5
4
4
5
2
4
7
7
4
8
8
2
3
7
3
3
9
7
5
5
5
6
5
7
4
4
2
5
3
3
4
4
6
5
5
3
1
4
2
6
2
2
2
2
4
5
7
7
4
5
5
2
3
7
5
5
5
3
7
1
3
3
5
9
1
4
3
3
4
4
5
6
4
5
5
7
5
3
9
4
6
3
9
8
3
5
5
5
4
4
4
3
6
3
3
5
6
3
2
0
6
5
2
5
8
6
3
2
4
4
4
9
4
6
2
7
14
11
5
14
2
7
3
2
7
6
5
7
4
3
5
2
4
5
0
5
3
7
1
5
3
3
2
4
4
3
5
5
4
5
5
2
2
8
3
4
5
2
3
3
4
3
6
4
5
7
5
6
4
6
0
3
8
3
1
8
1
5
6
3
4
5
3
4
5
3
7
3
1
4
3
2
1
3
6
2
5
5
2
5
2
3
7
2
4
4
2
3
2
5
3
1
3
3
5
5
9
1
4
6
3
7
5
5
4
3
1
2
4
3
5
5
2
7
2
7
4
4
7
7
5
4
4
5
3
6
4
3
2
5
4
5
11
4
8
4
2
6
1951
