radiacao de fundo
0
0
0
0
0
0
0
0
0
0
0
0
2
1
25
191
134
97
87
127
131
130
104
112
91
99
102
118
123
118
141
144
123
91
77
73
68
63
82
82
75
82
78
71
76
62
85
80
71
90
70
80
83
77
73
84
82
81
82
106
88
98
97
102
115
108
108
110
86
118
119
114
127
120
114
138
128
153
150
151
134
141
142
171
152
137
140
155
160
149
152
152
146
158
154
195
148
177
183
149
148
145
157
154
165
156
176
184
134
175
180
152
180
161
158
151
162
162
157
171
145
147
147
162
151
163
157
166
159
159
143
156
131
155
146
165
155
135
126
157
127
133
147
143
162
129
125
124
128
140
136
114
135
127
135
118
124
120
118
124
102
101
116
90
105
112
110
109
105
99
93
116
101
95
87
97
86
105
92
86
79
86
91
100
107
113
90
93
76
97
91
83
99
82
82
75
78
106
79
85
85
76
65
64
62
76
70
55
64
71
76
67
58
51
67
62
60
65
61
59
55
73
51
62
63
78
52
42
51
50
54
56
45
58
61
47
47
52
52
106
65
39
47
75
43
51
42
35
36
44
52
56
49
43
30
52
47
46
43
39
37
47
43
24
38
33
45
46
36
41
41
41
32
33
51
30
30
24
37
40
32
29
33
34
35
33
30
31
34
31
32
32
36
50
36
21
32
29
32
33
20
23
30
34
21
16
18
37
38
25
26
22
17
23
36
30
21
13
17
28
22
26
30
23
21
31
25
17
22
18
24
26
24
20
31
24
24
28
17
23
23
20
27
18
8
27
24
61
43
18
16
13
24
24
16
23
11
15
21
11
14
13
8
17
22
14
17
23
14
22
15
20
13
24
21
19
17
22
15
20
17
16
18
15
14
15
19
19
18
14
14
12
15
15
16
10
11
13
15
15
12
12
22
10
15
13
17
7
11
15
14
13
15
14
12
9
12
12
13
11
6
11
14
7
18
15
19
11
7
19
12
8
11
12
9
12
5
11
18
8
9
14
10
10
10
10
9
11
11
15
19
16
10
23
11
11
7
11
10
7
7
12
12
11
16
5
11
10
10
8
9
16
11
7
7
9
6
15
12
10
14
14
11
11
11
8
11
5
16
8
6
11
15
11
11
10
12
13
17
19
16
12
7
9
7
8
12
5
9
12
13
9
13
7
8
4
11
8
8
11
4
2
5
5
10
5
9
8
11
15
6
9
8
10
7
11
6
10
9
10
10
11
10
9
14
9
6
12
10
6
9
9
11
10
11
6
11
5
5
4
9
7
6
8
12
8
7
14
25
9
12
7
8
6
10
8
8
7
8
6
6
9
2
8
10
9
6
9
8
10
13
14
12
36
25
16
8
10
7
8
6
8
8
4
9
5
8
4
6
5
4
6
2
2
9
4
7
2
7
13
6
9
5
3
5
3
6
4
8
8
7
6
2
10
11
7
6
13
8
8
7
10
11
30
16
14
4
7
5
7
8
8
11
7
7
4
11
12
2
5
3
2
8
6
5
5
1
8
6
3
4
5
6
5
6
8
6
4
5
6
3
5
6
6
5
9
6
4
5
6
7
2
4
5
10
4
4
6
5
7
2
6
5
7
10
10
5
5
7
5
6
6
7
3
9
8
9
6
4
5
6
10
5
5
7
4
7
7
3
2
3
5
2
5
10
11
1
2
3
0
7
4
4
4
7
9
6
6
6
5
6
6
3
4
1
8
3
3
5
8
5
6
9
3
4
3
5
3
5
10
7
4
7
2
2
4
1
7
4
7
3
1
6
4
4
6
9
7
4
6
0
1
4
1
5
5
4
5
4
4
3
0
3
5
3
6
6
1
5
8
2
1
2
4
8
4
3
2
3
2
2
2
7
4
1
2
7
1
4
6
3
6
1
3
8
6
7
4
4
3
1
3
2
3
4
5
1
2
3
2
5
2
4
5
4
8
4
5
7
3
4
6
4
1
4
2
4
3
5
1
4
4
3
1
3
5
4
4
5
5
6
11
10
7
10
9
2
4
3
2
7
4
8
7
2
4
1
3
6
4
3
4
5
6
10
2
4
4
4
5
5
7
1
4
9
2
9
5
3
5
3
8
8
3
5
4
5
6
4
4
0
7
6
4
3
6
11
6
3
5
3
4
0
2
3
2
7
4
1
5
4
4
2
5
3
2
5
4
3
6
6
1
6
3
3
4
2
5
7
2
7
3
4
6
3
2
3
4
4
2
3
6
5
3
4
3
3
7
5
4
7
3
4
1
6
2
6
3
3
4
5
7
6
2
8
3
4
2
2
2
8
0
3
3
7
3
3
5
3
4
4
5
1
1917
