radiacao de fundo
0
0
0
0
0
0
0
0
0
0
0
0
6
1
34
283
222
143
99
105
125
95
128
104
105
88
77
95
104
121
123
146
128
124
125
118
114
96
85
75
75
76
71
78
71
79
72
72
92
81
77
70
79
70
70
83
72
94
91
78
97
88
88
86
100
88
107
108
114
136
137
112
131
109
148
145
127
138
136
140
134
145
138
150
154
150
170
188
140
160
144
157
166
137
157
173
139
120
185
164
137
138
167
155
176
163
159
161
177
166
163
173
176
159
155
168
169
157
174
152
146
166
158
177
160
176
149
151
155
142
152
158
153
127
144
183
143
164
133
127
125
142
130
127
129
139
150
120
132
141
142
136
152
139
126
127
110
138
107
118
120
134
98
99
112
123
120
105
114
105
95
95
109
110
104
92
102
95
100
99
78
94
89
92
80
89
88
84
77
97
93
98
98
81
64
86
81
86
93
76
87
73
73
64
80
58
85
46
71
72
63
66
67
76
65
59
76
58
56
71
48
68
47
54
69
67
61
55
62
61
65
58
55
51
52
46
45
40
65
67
86
49
56
62
44
40
58
52
38
39
42
46
35
52
45
41
50
34
32
38
31
39
43
42
33
43
31
36
26
46
30
28
50
45
40
30
55
48
41
24
43
42
41
46
33
26
24
40
33
36
37
30
43
40
49
23
24
26
33
36
30
23
34
30
33
36
24
27
33
15
27
26
34
32
30
21
18
21
28
25
30
29
27
19
28
27
21
27
22
22
28
23
18
20
24
40
16
17
25
21
22
17
21
15
24
21
22
36
45
29
19
16
23
26
11
17
24
16
21
25
17
19
19
22
10
22
22
27
11
20
15
22
12
25
22
19
17
15
14
21
18
13
19
15
14
17
18
9
17
19
16
16
13
20
15
15
14
20
10
20
14
19
17
24
19
11
22
10
21
17
17
17
9
9
13
9
15
11
13
11
16
14
15
13
13
13
18
16
12
12
12
17
17
12
19
11
16
11
5
13
13
12
13
15
9
12
7
14
15
10
13
20
11
9
10
19
8
11
9
15
13
6
18
15
17
13
12
11
10
9
9
13
12
5
9
8
8
14
9
7
9
14
14
10
8
12
8
14
9
12
8
6
13
8
8
5
8
9
20
30
30
6
15
10
8
13
12
14
11
8
7
10
9
11
6
9
6
5
12
9
4
11
9
7
7
14
11
11
11
9
8
10
10
6
5
11
8
14
9
5
7
12
8
7
6
7
8
12
7
15
10
15
6
8
6
2
8
5
7
9
14
10
7
11
13
5
9
9
20
23
15
10
11
8
10
8
11
4
7
10
9
2
11
8
7
9
6
9
5
8
8
9
7
17
39
13
8
8
8
5
5
9
8
8
3
6
4
9
6
11
7
5
6
12
8
6
3
10
6
6
6
4
2
8
8
6
7
8
2
4
8
7
8
5
6
7
4
6
9
6
11
3
15
9
25
13
12
9
6
8
4
4
7
4
4
6
8
4
5
6
4
4
9
7
5
6
8
4
9
4
5
4
7
7
7
9
10
11
5
9
3
6
8
8
10
12
6
5
7
5
6
6
6
5
2
4
10
10
8
2
6
8
3
8
11
5
15
8
4
7
2
3
5
3
3
3
5
3
4
6
7
4
2
6
4
8
5
6
8
4
5
5
3
2
8
4
3
4
2
4
5
2
5
9
5
5
3
5
8
11
2
10
5
11
1
3
5
3
5
4
3
6
3
4
9
2
9
8
3
4
5
2
3
8
7
1
4
3
5
5
5
5
1
3
5
2
4
5
6
3
2
1
5
2
5
9
2
8
7
6
3
5
9
2
2
7
5
8
3
5
5
6
7
2
8
3
5
5
3
2
1
6
3
0
5
4
2
2
4
3
3
2
6
7
0
4
5
4
5
5
1
6
7
3
3
3
6
4
8
6
5
2
2
2
6
10
5
4
4
2
4
5
4
4
3
4
6
6
3
2
3
2
9
1
9
8
1
3
1
6
4
8
20
17
1
4
5
5
5
7
1
3
4
4
4
5
3
7
5
5
5
2
3
5
7
7
6
8
2
5
2
7
3
2
3
4
4
4
3
1
3
3
7
1
5
7
4
3
3
5
5
2
5
4
5
5
1
5
8
6
5
5
4
2
0
2
9
5
5
3
6
6
2
6
5
3
6
1
2
2
4
2
1
1
1
2
2
3
2
1
9
5
3
9
3
5
7
4
1
7
2
2
1
0
5
6
3
4
2
6
5
2
6
3
5
3
1
2
3
0
5
4
4
2
1
3
3
5
3
5
3
3
6
4
4
5
3
4
6
2
8
4
2
1876
