radiacao de fundo
0
0
0
0
0
0
0
0
0
0
0
0
1
0
47
214
127
105
93
87
98
109
81
61
71
76
77
76
108
90
75
92
88
66
84
71
64
85
79
84
71
72
75
71
69
55
64
88
79
86
72
71
79
72
83
69
59
82
88
85
90
94
88
94
84
103
109
130
99
115
111
114
120
121
125
124
137
133
151
135
119
157
143
155
141
153
153
136
157
150
157
140
139
134
159
170
171
156
151
144
172
132
169
145
145
150
163
167
166
153
162
138
159
154
153
146
156
135
170
151
139
135
167
158
139
162
137
137
153
136
156
156
144
159
162
154
138
141
130
127
148
151
154
144
118
124
126
97
137
138
120
122
115
126
115
132
124
106
94
97
121
79
87
111
138
95
99
100
93
105
82
102
93
97
89
95
71
94
87
85
96
86
73
93
99
91
98
80
89
104
86
85
90
62
73
67
85
77
85
75
72
76
74
53
71
76
70
64
70
46
64
57
60
56
45
63
54
53
66
64
66
62
56
60
43
54
59
54
49
53
65
51
50
49
41
46
52
53
65
101
55
39
58
44
41
37
50
46
53
31
51
44
28
43
39
48
41
35
49
31
41
39
48
33
35
34
33
40
42
42
28
37
41
36
28
32
32
32
35
29
38
32
36
28
33
30
37
31
27
16
30
35
38
42
25
25
17
27
33
20
35
23
19
27
27
24
35
21
19
33
23
28
28
31
30
26
25
25
23
23
20
29
21
26
24
30
21
24
23
23
25
25
25
23
23
23
20
16
17
28
26
28
28
23
23
11
27
29
28
24
25
13
23
22
24
15
17
24
18
18
16
21
14
17
28
20
13
20
16
16
22
18
10
19
13
12
18
18
13
9
12
18
18
16
13
19
9
19
16
19
7
15
23
10
17
13
10
17
21
14
9
25
20
15
22
10
16
9
13
14
16
19
4
21
8
17
9
12
18
9
12
18
15
13
9
13
15
9
10
12
15
21
14
11
16
10
8
9
19
10
12
8
14
10
17
7
17
12
15
12
11
13
10
15
13
12
8
13
11
11
9
6
10
11
11
10
7
8
13
7
12
7
12
11
15
9
4
12
17
12
11
9
15
16
4
9
13
7
14
10
15
9
10
12
6
17
14
18
30
20
9
6
10
4
8
10
19
10
3
6
9
9
10
8
6
11
6
13
9
6
9
7
13
9
6
10
13
12
12
10
13
10
11
6
11
7
7
10
8
4
6
6
5
6
9
9
8
5
8
9
10
6
11
5
10
6
10
7
8
10
8
7
2
8
7
10
12
18
17
11
6
10
14
7
9
5
7
7
5
6
9
6
8
7
10
4
6
6
5
7
10
10
22
25
9
10
10
9
8
6
8
6
10
5
9
11
7
17
8
4
7
2
7
7
8
2
6
6
8
2
5
8
3
6
8
4
8
6
5
7
8
2
6
4
4
8
7
11
4
8
7
12
16
11
5
11
8
12
9
3
6
8
9
3
8
7
5
6
2
13
9
5
6
1
6
10
4
5
12
6
3
7
4
5
1
2
5
6
3
8
4
3
3
4
1
3
3
6
8
6
6
6
7
5
4
8
4
7
8
5
3
7
8
3
7
6
11
2
5
4
8
6
8
8
7
7
3
3
3
2
4
5
8
9
6
5
5
8
2
3
4
2
8
5
8
5
4
5
5
1
3
1
7
8
6
5
2
4
7
2
2
5
2
11
8
2
4
7
7
8
3
11
4
5
6
4
10
0
8
4
9
9
6
2
5
8
6
4
5
9
7
6
7
0
8
4
4
4
3
3
6
4
3
6
2
1
4
2
4
2
2
5
8
4
0
3
7
5
5
4
6
3
3
7
5
4
7
2
7
2
6
5
3
5
5
8
3
2
2
3
6
6
1
4
7
2
3
1
6
3
3
4
6
1
2
3
5
5
3
3
5
3
4
5
7
9
2
3
5
2
1
9
2
2
3
6
4
7
6
2
3
3
2
8
3
5
2
3
8
6
8
16
9
4
5
3
6
4
4
8
4
3
4
4
4
5
0
2
8
5
4
6
2
0
1
1
5
3
2
8
4
4
7
5
2
2
4
2
4
4
4
4
4
0
6
4
3
0
1
3
4
5
4
4
6
11
10
10
3
6
2
3
2
5
4
4
4
2
2
3
2
5
4
4
2
3
5
5
4
5
4
3
0
3
5
1
2
6
7
5
7
1
3
1
4
2
2
3
3
4
2
2
2
4
3
3
1
2
3
10
2
7
4
3
3
1
3
6
3
2
3
4
4
6
6
1
3
4
5
4
2
1
3
6
6
11
3
4
0
3
3
3
1824
0
