radiacao de fundo
0
0
0
0
0
0
0
0
0
0
0
0
2
0
20
216
162
114
98
111
120
117
127
98
98
86
85
107
107
118
134
115
123
119
104
94
79
70
72
92
74
86
85
87
80
69
75
84
85
66
76
83
60
79
89
86
74
84
88
119
84
99
103
87
83
119
119
113
97
107
112
132
115
121
136
133
137
138
129
129
133
148
150
140
142
158
148
144
171
162
144
160
171
178
158
181
174
157
152
146
171
149
157
164
176
180
138
184
159
159
190
159
160
141
157
165
181
149
171
161
154
140
137
153
145
158
137
158
146
183
151
140
148
138
162
177
162
134
151
164
153
146
159
146
133
126
110
124
132
144
114
113
132
119
123
107
133
134
120
119
99
130
104
127
114
118
107
100
110
125
94
114
95
101
98
83
107
95
88
95
99
97
94
97
88
66
96
92
96
85
84
85
99
100
69
74
67
84
72
63
91
66
65
71
88
71
68
69
73
67
68
55
74
68
82
66
64
56
66
72
55
65
60
45
43
60
50
57
71
55
74
53
54
53
51
47
62
43
44
81
73
50
56
55
49
48
39
60
52
64
53
46
47
50
42
40
48
39
47
43
48
32
47
44
30
32
30
32
27
46
40
41
32
41
43
40
40
33
36
43
29
30
35
32
32
37
43
27
19
32
43
28
30
49
44
32
31
37
34
31
36
20
43
32
25
27
21
31
37
33
25
23
37
28
27
18
21
25
25
25
12
21
20
27
26
24
31
27
21
33
25
11
26
24
31
32
39
24
15
27
20
24
20
18
21
18
25
51
55
26
23
16
18
22
15
17
17
22
16
9
22
26
15
12
16
21
16
14
30
23
16
24
22
12
23
17
16
15
15
15
12
19
12
25
11
10
25
13
17
16
14
21
14
25
18
20
14
25
16
18
12
17
20
17
20
16
17
13
18
12
22
21
12
13
18
10
18
12
21
19
8
18
10
18
15
5
12
18
12
6
14
17
14
14
19
17
17
6
15
11
15
8
16
13
13
18
17
8
14
12
17
11
17
9
12
14
9
9
9
16
14
13
11
8
9
16
12
9
8
13
13
14
10
14
6
10
12
7
13
12
15
17
9
8
16
9
12
11
7
11
10
9
10
8
9
9
12
14
14
27
22
20
9
13
14
9
5
11
10
13
12
10
7
7
12
10
9
10
14
10
11
13
14
7
9
6
7
11
5
15
9
8
8
5
14
12
14
5
10
5
10
9
10
8
9
8
11
11
12
7
13
10
5
6
4
11
9
6
11
5
5
13
8
9
6
8
9
11
23
21
12
4
8
5
3
7
8
8
8
10
11
9
7
9
7
6
7
4
5
6
10
9
9
27
31
15
9
8
3
3
5
11
9
7
4
8
7
7
5
7
11
7
6
6
8
9
6
10
8
10
9
5
10
5
10
9
10
5
7
4
11
4
10
9
2
7
5
7
6
5
7
7
9
16
25
8
10
9
5
4
5
3
6
12
9
7
4
6
5
9
3
12
2
6
3
7
6
11
9
5
3
6
8
6
6
10
11
8
6
4
8
3
8
6
5
2
5
6
9
5
4
5
6
8
3
9
2
4
7
5
9
6
7
8
6
5
5
3
7
6
4
8
3
7
8
7
4
4
7
1
4
4
4
2
4
7
1
5
8
4
4
5
5
7
7
4
8
4
1
3
4
5
6
5
4
7
3
7
2
4
2
5
6
3
7
7
6
5
11
6
5
6
9
6
9
3
4
3
6
7
6
4
7
5
6
4
6
9
3
3
2
6
6
6
1
6
3
6
7
6
4
7
3
5
5
8
3
7
4
5
4
1
5
2
7
7
4
1
4
3
5
1
2
6
5
5
3
6
3
2
4
4
0
1
1
4
2
4
2
3
3
2
6
5
3
1
2
4
2
3
4
2
6
5
6
2
8
0
1
0
2
4
2
4
4
1
3
5
5
5
7
7
3
3
3
4
4
2
5
5
4
9
3
6
4
3
5
5
5
5
3
11
14
10
7
3
4
4
5
5
3
3
2
4
7
4
3
7
6
1
7
2
3
8
7
3
6
2
5
3
3
1
3
4
7
5
5
5
3
7
8
3
4
3
0
7
5
5
0
3
1
4
7
7
6
3
5
8
9
4
6
7
3
3
3
4
5
3
6
3
2
5
4
4
1
3
3
5
2
8
3
6
4
5
2
5
4
2
3
1
8
1
1
4
4
4
3
1
5
9
6
5
5
3
2
3
4
6
3
2
2
3
6
2
6
2
5
3
5
3
5
2
6
5
7
3
5
4
1
3
8
4
5
3
4
3
2
3
4
3
0
3
5
1934
