radiacao de fundo
0
0
0
0
0
0
0
0
0
0
2
0
1
1
32
205
142
77
102
108
135
97
85
99
94
94
92
84
105
77
85
86
101
121
129
108
125
102
108
88
65
80
78
85
62
72
58
48
74
68
82
82
79
74
73
72
106
98
86
85
98
105
83
110
123
100
113
121
104
111
126
124
138
141
152
104
127
137
133
121
151
158
121
149
180
136
140
169
138
176
160
159
153
156
149
170
141
165
171
135
178
161
157
170
157
159
168
142
149
162
170
155
169
133
152
161
175
173
146
172
172
164
153
169
165
155
123
157
153
180
160
140
144
156
157
143
162
151
127
150
165
123
151
124
134
138
146
130
131
124
129
135
126
118
113
107
120
125
117
130
97
130
108
127
121
115
114
110
108
91
101
108
114
98
89
93
104
98
95
88
99
91
101
80
94
101
105
78
88
106
102
89
89
78
83
80
90
90
76
82
62
86
93
81
76
69
92
45
60
69
80
60
80
73
63
56
71
62
58
55
61
62
61
54
56
66
65
65
62
56
57
51
48
48
65
63
60
50
60
93
72
69
56
40
42
47
51
41
33
42
47
36
56
43
44
45
41
37
43
45
38
46
46
40
46
47
34
41
39
42
29
43
30
39
28
31
35
30
31
41
38
25
39
30
23
36
35
33
40
23
22
27
29
43
40
29
23
37
39
23
34
22
22
34
39
25
34
25
29
32
19
30
20
21
33
25
28
23
24
15
22
29
28
15
36
20
28
22
24
24
31
34
20
16
21
23
26
22
17
17
20
30
12
23
22
19
37
44
42
20
19
13
20
17
19
26
22
22
21
15
15
13
24
26
21
21
27
15
23
11
15
17
18
12
19
19
15
15
14
7
11
27
20
18
10
13
23
18
13
12
19
22
20
9
8
23
18
12
14
19
17
14
16
18
17
21
11
17
11
18
12
14
14
11
21
16
10
12
18
16
9
11
19
9
14
19
11
12
9
8
23
15
12
12
9
14
7
15
13
9
15
8
16
15
11
12
7
13
11
14
18
8
11
16
18
5
11
7
9
11
13
13
10
11
7
16
11
9
7
11
10
10
15
11
15
14
6
7
9
10
11
7
8
10
9
10
8
3
9
8
9
9
11
9
5
5
14
12
10
31
21
10
8
13
9
8
11
10
5
11
11
6
12
9
10
4
8
3
5
11
8
6
12
10
7
8
7
7
6
6
3
7
6
5
6
6
5
8
11
8
6
12
6
7
5
8
8
11
10
9
7
9
10
5
13
7
10
4
13
8
9
6
9
12
9
8
8
14
21
19
15
6
4
17
7
8
8
3
8
13
7
16
9
9
6
8
8
9
7
2
12
9
16
21
35
19
11
4
4
11
6
8
4
5
3
4
11
5
9
10
6
8
3
10
4
9
4
5
3
4
4
8
8
3
6
4
5
9
8
10
2
9
9
2
7
5
6
7
11
5
5
10
12
13
16
10
5
10
6
2
5
7
8
7
3
3
2
6
4
6
5
7
8
7
4
2
6
9
6
9
5
4
11
1
8
7
9
6
5
5
8
6
5
4
9
8
11
8
6
5
10
6
5
5
6
6
4
4
4
12
4
7
10
7
4
5
4
8
3
4
4
7
5
2
5
1
6
4
5
3
7
4
4
5
8
5
6
6
5
4
3
7
2
8
4
6
1
4
3
5
5
6
7
9
5
4
9
4
2
5
2
7
5
4
7
7
7
3
5
11
7
6
4
3
8
5
3
4
3
4
2
8
6
4
0
5
5
3
9
4
1
5
5
6
2
5
7
4
1
6
5
6
2
10
3
2
4
2
6
3
0
5
5
5
3
2
4
5
5
4
6
3
5
4
7
5
5
4
3
3
4
6
3
2
6
6
5
5
5
7
6
5
8
4
7
6
6
1
3
2
5
4
4
0
11
8
4
4
4
5
5
2
2
4
1
4
9
3
3
7
2
5
3
5
1
5
4
4
8
4
6
2
6
5
6
2
3
5
6
7
13
8
10
6
5
7
8
3
3
3
4
4
5
6
3
2
2
4
2
6
7
4
2
2
7
4
3
2
2
3
4
4
3
5
4
0
3
4
6
6
1
9
6
2
6
2
3
3
4
4
3
3
3
3
4
3
10
13
9
1
3
1
4
3
6
4
1
2
1
6
3
5
6
6
2
4
2
2
12
5
5
4
1
2
3
3
3
8
4
1
2
8
2
7
5
2
2
4
2
6
3
2
2
1
7
4
4
4
5
2
6
5
2
2
3
3
5
4
4
3
3
3
3
2
5
2
4
0
7
6
3
1
5
1
4
3
2
5
5
6
1
3
2
1960
