radiacao de fundo
0
0
0
0
0
0
0
0
0
0
0
0
4
4
38
206
147
90
86
127
110
104
94
72
68
77
82
75
73
69
80
76
67
81
68
66
66
78
60
66
75
54
71
75
70
63
75
76
74
62
66
76
92
74
70
80
84
105
83
86
101
84
92
98
100
99
98
110
96
103
118
116
134
121
114
147
135
130
131
125
139
152
126
162
129
146
153
150
149
135
136
159
158
157
162
148
154
155
159
147
184
155
150
163
140
154
148
167
154
155
131
134
158
158
171
148
167
171
137
182
168
163
169
142
150
158
153
148
125
154
150
133
136
151
140
138
144
127
149
123
134
110
138
118
134
111
139
127
109
134
134
113
125
117
108
117
126
113
104
104
108
119
111
101
99
118
107
97
87
109
92
96
93
98
83
92
83
97
89
71
97
79
72
110
87
78
99
94
77
75
80
83
83
89
60
73
60
76
76
64
62
74
68
69
66
77
66
64
59
74
67
64
67
53
56
57
60
52
52
48
67
54
58
68
62
79
47
55
52
58
61
45
47
52
44
46
92
59
44
46
55
51
43
43
45
38
39
51
32
46
43
40
33
39
42
38
37
38
48
36
37
43
47
37
31
33
37
37
31
44
33
33
44
43
33
27
36
36
29
41
30
26
27
31
29
26
33
28
24
45
45
28
22
32
29
27
26
17
30
24
31
17
26
20
20
28
19
32
30
34
25
27
18
28
25
19
25
24
28
24
24
23
27
22
19
27
22
25
26
20
37
16
22
23
28
13
14
19
13
25
24
16
37
60
20
23
20
25
20
20
18
18
19
18
15
20
12
13
20
16
18
15
18
12
12
16
13
14
15
16
8
12
24
8
19
18
21
13
21
24
10
17
14
18
13
19
19
14
13
15
20
17
13
12
17
9
10
15
21
14
14
12
16
10
13
15
11
18
18
17
12
9
14
10
7
11
11
18
10
11
16
22
15
11
15
14
6
7
8
12
13
7
11
8
16
11
10
19
10
13
7
13
12
16
12
9
16
6
10
13
10
18
13
8
10
9
7
12
9
11
10
14
16
9
11
6
14
11
16
7
14
9
7
8
4
11
8
13
5
14
14
4
8
17
10
8
7
10
5
10
10
22
23
18
18
12
12
12
8
6
9
9
11
6
3
12
13
13
8
10
8
7
8
3
9
9
12
14
11
4
10
8
9
6
9
11
10
7
4
5
6
11
12
5
5
5
5
13
8
11
9
9
6
4
9
10
12
11
8
9
10
4
4
8
12
11
11
5
9
15
17
22
13
11
11
10
7
5
7
7
7
4
10
3
6
7
6
5
7
7
8
3
8
6
16
34
15
14
5
8
4
9
6
4
5
7
10
11
5
6
5
9
7
5
2
6
13
6
15
5
4
8
10
5
12
7
8
2
3
6
4
3
4
5
7
9
10
2
9
6
8
5
5
7
28
17
9
8
7
8
5
4
4
4
6
11
11
5
9
2
5
6
4
12
4
5
2
7
1
2
9
4
7
6
11
4
9
7
4
5
3
6
4
6
9
5
7
4
5
6
5
6
5
4
5
4
5
4
8
6
3
3
4
6
6
5
5
9
5
5
2
3
3
10
3
4
4
1
3
3
3
7
4
5
5
7
7
5
3
2
4
2
6
6
3
2
4
8
5
6
7
3
5
9
6
8
2
6
6
5
1
3
5
10
2
6
8
4
5
4
5
5
5
1
5
3
6
2
5
4
8
6
5
2
4
2
7
4
3
3
4
6
7
3
5
5
5
2
4
6
4
3
5
3
4
0
4
1
1
3
5
4
10
5
2
5
5
2
4
5
6
5
2
6
6
0
3
7
3
3
4
5
3
1
4
6
7
3
1
8
8
8
7
7
3
6
4
6
6
3
2
2
2
6
5
5
5
4
7
8
5
3
4
5
7
1
5
3
5
3
4
2
6
4
4
6
6
6
3
6
8
4
3
7
2
1
5
5
5
8
6
8
3
3
6
2
4
1
5
4
4
2
4
7
3
1
3
3
5
1
8
6
4
4
6
3
14
1
3
4
3
3
5
3
3
5
0
2
4
4
3
3
3
1
2
4
2
4
1
2
5
7
4
5
3
4
4
7
9
0
5
0
1
8
2
2
3
4
2
1
3
2
4
3
2
4
5
3
1
4
2
3
8
1
5
3
2
6
5
1
4
6
4
7
1
5
7
2
2
4
4
2
1
2
4
3
6
5
2
2
2
2
5
2
2
3
3
2
2
4
5
3
0
4
3
3
6
2
5
4
5
1
3
1
1
5
3
2
3
1
0
1
3
2
4
4
5
3
4
5
1
2
1700
0
