radiacao de fundo
0
0
0
0
0
0
0
0
0
0
0
0
2
1
1
195
110
73
84
113
108
117
101
83
63
64
95
121
90
90
78
70
67
65
61
66
486
94
98
146
114
86
82
76
68
85
60
65
85
72
63
69
76
83
75
80
112
99
113
103
100
114
120
111
131
108
104
108
114
130
111
129
148
133
119
132
146
154
155
142
166
148
149
151
174
181
158
151
128
154
157
187
169
151
179
176
166
186
169
172
167
168
154
161
169
160
166
147
158
179
174
151
163
166
163
171
173
170
173
161
177
153
176
163
160
185
159
167
170
163
152
136
143
148
164
140
147
153
147
120
140
169
147
135
135
130
126
131
132
127
109
131
127
125
137
132
115
126
112
125
133
461
187
94
135
107
105
102
104
115
100
94
113
112
89
110
85
90
101
104
99
82
78
97
120
108
94
104
95
88
75
80
87
81
93
79
79
82
70
84
58
73
74
83
77
81
65
73
70
71
73
53
61
64
62
48
67
70
79
51
71
60
62
54
53
61
68
65
50
69
60
48
77
48
46
52
87
73
45
72
59
46
60
43
53
38
53
43
51
36
32
41
36
31
39
52
37
34
37
52
29
47
46
35
38
46
51
43
35
49
34
32
43
42
37
41
42
39
36
35
34
23
30
33
36
27
25
33
24
44
48
32
31
22
25
31
26
21
27
27
26
33
20
32
31
26
32
22
24
30
29
18
25
29
29
22
18
23
34
25
35
27
27
22
24
22
19
17
22
24
34
26
26
25
26
18
31
20
18
20
25
24
29
58
27
21
18
18
24
18
22
16
15
26
13
24
16
38
20
22
21
27
16
15
15
20
21
20
16
19
19
20
27
16
23
11
20
17
13
11
15
13
17
12
15
16
18
23
13
6
12
12
15
20
9
15
20
12
19
14
12
16
21
17
18
17
18
10
18
25
15
15
10
13
7
15
13
14
17
13
13
16
15
19
15
10
17
18
18
20
12
11
16
12
13
12
2
18
12
12
7
13
11
16
13
12
14
13
17
16
14
12
12
13
14
9
13
8
6
10
13
9
10
11
14
11
9
10
11
18
15
11
7
6
15
17
15
11
9
12
6
11
7
6
8
10
13
11
19
11
9
18
21
19
17
11
4
8
14
9
15
6
8
9
9
9
5
8
10
11
6
4
12
9
13
10
11
15
9
7
9
5
11
4
4
4
15
9
6
15
5
5
13
14
9
4
6
11
8
13
8
2
10
3
9
6
11
11
9
5
7
12
12
9
10
7
11
9
9
12
21
24
11
13
2
4
9
7
5
7
8
9
4
3
9
14
14
6
6
8
9
9
5
9
19
34
24
11
8
4
8
7
9
10
9
7
8
4
8
4
5
12
4
4
9
7
2
8
5
2
6
8
5
3
8
9
8
6
7
6
5
3
7
10
8
7
6
4
9
7
3
5
10
14
20
19
13
7
3
5
6
8
6
7
7
4
9
1
8
7
6
9
5
7
4
6
3
5
7
10
5
3
4
4
8
8
5
6
8
9
7
7
3
4
5
7
8
8
7
8
9
8
5
8
3
6
4
6
4
7
6
5
9
1
4
6
3
4
3
6
7
11
5
5
4
6
7
4
6
5
5
5
6
5
8
4
9
3
7
2
7
6
5
10
4
3
4
7
7
4
3
6
6
2
4
10
10
6
1
3
2
3
3
5
7
6
5
4
7
7
9
6
6
6
7
7
4
2
8
4
2
5
1
7
5
3
11
2
3
5
3
2
2
7
6
8
5
5
6
3
5
4
5
7
5
5
5
6
4
3
8
3
5
6
3
2
7
2
6
6
6
6
8
3
6
5
6
2
2
4
3
4
3
5
2
5
6
7
1
2
1
4
6
2
4
2
3
6
3
5
3
5
3
2
5
6
2
3
8
1
5
6
4
4
5
5
1
5
6
8
4
6
2
3
2
8
5
3
4
2
5
5
7
6
6
4
6
3
9
10
12
9
5
6
4
1
2
6
5
3
7
6
5
3
5
1
1
6
5
3
2
5
6
5
4
3
2
0
2
6
2
2
4
5
1
8
5
2
5
5
2
3
0
2
9
2
2
0
7
2
4
4
6
10
5
8
4
5
5
2
2
4
2
4
6
10
2
1
5
4
1
3
4
2
4
5
3
8
7
2
3
4
2
6
4
4
4
4
4
5
5
4
2
1
4
2
2
3
3
4
5
5
6
4
3
2
3
2
6
4
4
5
4
5
1
4
5
7
3
1
1
5
4
3
0
5
9
1
2
2
3
6
6
1
5
4
4
4
3
8
5
4
3
4
1
3
2
5
6
1
1
3
2
1901
