radiacao de fundo
0
0
0
0
0
0
0
0
0
0
0
0
0
1
1
194
125
84
96
120
122
135
100
88
88
105
130
287
97
103
138
105
98
91
100
118
2714
564
103
520
398
93
87
110
81
69
92
86
80
73
82
86
97
92
94
93
101
106
116
111
153
99
120
132
107
122
128
139
129
121
123
123
129
146
135
130
157
152
126
140
153
146
131
138
150
145
182
147
138
148
162
162
161
160
188
169
159
185
156
175
147
148
178
192
191
180
176
162
183
154
196
176
169
186
173
166
174
178
164
173
174
138
156
154
144
140
172
155
183
135
147
153
166
149
150
155
155
167
145
163
136
132
134
147
149
149
152
149
140
131
121
136
121
145
142
127
138
110
117
125
105
125
2086
1386
100
113
104
94
114
95
104
86
86
100
95
108
119
101
99
94
80
89
98
95
97
95
359
117
94
116
94
85
91
75
82
64
85
81
66
63
75
73
76
74
68
81
79
65
73
61
65
82
53
68
65
57
51
72
52
59
68
62
70
44
55
56
65
49
60
55
56
45
58
55
60
51
57
62
96
61
43
56
55
50
45
51
35
47
38
34
46
43
46
36
41
48
38
50
38
37
38
42
39
39
42
29
39
42
32
44
38
50
33
27
36
44
16
28
28
44
41
42
39
31
36
39
27
27
31
34
30
29
47
33
29
33
33
25
31
32
25
30
32
29
32
23
32
29
22
26
20
18
16
22
25
28
25
23
25
23
19
25
30
22
31
32
22
20
27
27
26
27
31
36
26
20
22
23
25
16
23
23
19
24
26
32
65
23
17
23
18
21
19
28
17
21
12
18
19
15
22
22
21
18
25
21
21
26
14
17
17
24
21
14
19
17
16
24
18
17
26
15
18
15
9
17
15
20
20
16
15
15
11
23
10
15
14
23
15
17
17
14
15
14
12
13
14
19
14
14
16
14
13
13
13
13
18
15
10
19
14
13
7
7
12
21
13
12
17
14
11
14
11
10
11
12
7
14
10
11
14
12
16
12
16
8
12
26
13
16
18
15
12
9
14
15
13
14
11
6
14
11
8
11
11
18
10
9
6
12
10
4
12
11
18
10
13
15
10
6
8
8
7
9
8
10
13
13
15
10
8
8
11
16
19
30
44
37
27
17
9
11
10
6
13
13
4
13
10
11
8
8
8
11
11
12
8
9
8
8
11
10
9
14
8
12
8
9
9
15
6
7
8
10
9
12
11
6
5
8
8
8
10
14
11
11
3
10
4
8
10
8
10
9
8
12
8
8
7
7
8
8
9
11
10
21
9
5
2
8
9
7
6
7
8
6
3
9
4
8
16
3
5
10
9
4
8
9
9
13
30
18
9
5
11
12
7
2
9
7
5
2
4
5
9
4
4
4
3
5
5
7
3
8
15
3
9
5
8
7
5
5
8
3
1
6
7
6
8
7
8
6
8
7
5
9
11
3
12
14
21
13
7
2
6
7
4
7
8
8
6
1
2
4
2
9
4
5
5
8
1
3
6
6
2
2
5
5
6
4
6
5
3
4
6
4
5
5
6
6
2
7
5
5
7
5
5
7
1
3
6
4
3
4
4
5
4
2
1
8
2
7
8
7
5
5
8
5
8
13
5
5
5
4
4
4
4
6
4
3
5
10
7
4
4
6
2
2
8
7
7
2
2
3
3
4
2
6
6
2
5
4
7
3
8
4
8
4
5
5
5
2
5
3
3
9
6
5
3
4
3
2
10
3
9
7
9
8
3
4
7
4
8
2
0
5
4
8
8
3
7
6
4
4
3
6
3
6
4
3
5
6
2
9
4
4
6
3
7
3
3
2
2
1
6
5
4
7
5
4
7
8
9
3
5
2
7
5
4
8
3
2
6
1
6
5
4
5
6
4
4
5
5
6
1
5
7
8
8
5
4
4
2
3
2
4
4
1
7
6
4
4
7
2
1
5
4
5
3
2
7
3
4
4
2
4
4
4
3
4
6
5
2
4
5
6
6
14
7
3
5
7
4
4
5
2
7
5
3
4
3
3
2
2
6
2
10
5
5
5
11
7
4
2
4
5
3
1
8
5
5
5
4
5
3
13
2
2
4
1
2
3
7
6
3
2
3
5
8
4
2
5
11
4
1
3
1
5
1
8
3
4
5
6
5
8
2
2
6
3
4
4
5
4
9
4
4
5
6
3
5
6
6
6
4
6
3
2
7
3
5
2
3
4
4
3
1
1
2
3
1
0
1
7
5
3
3
2
5
4
6
2
4
2
5
7
6
2
4
6
4
2
2
4
0
4
6
7
3
4
6
5
3
7
2
4
3
3
1
3
0
3
4
1
