radiacao de fundo
0
0
0
0
0
0
0
0
0
0
0
0
0
0
3
194
132
82
124
132
116
104
96
83
81
72
80
102
94
95
104
88
72
81
78
69
92
75
71
81
73
94
81
73
77
56
75
82
58
78
78
84
73
78
82
91
88
93
87
96
82
105
113
88
102
108
114
109
141
109
103
134
145
138
129
125
135
149
139
155
134
167
167
164
163
162
152
161
153
171
170
172
144
174
164
167
179
170
180
158
144
175
157
184
168
165
166
158
185
180
196
161
193
180
179
162
178
152
164
160
172
186
171
174
171
168
159
159
160
170
156
156
164
186
146
171
175
136
150
159
154
156
141
148
151
163
157
143
129
130
131
155
123
147
125
142
134
118
132
122
135
124
132
107
111
106
116
110
91
112
97
101
101
100
87
99
122
116
83
103
106
85
103
103
99
92
90
88
99
93
74
91
74
77
93
85
73
70
86
66
80
65
72
87
71
56
65
86
71
82
82
80
80
82
81
66
66
63
92
64
78
81
65
61
54
64
79
44
57
55
68
52
55
73
49
65
66
54
97
66
58
67
59
49
51
44
37
64
52
53
51
41
48
48
56
44
47
46
37
38
36
55
37
48
43
49
45
40
44
46
39
26
37
35
34
35
32
37
38
30
35
42
35
38
31
33
35
37
23
38
36
46
63
24
25
33
31
25
17
25
31
30
27
23
31
24
34
32
28
33
32
42
22
32
27
27
16
24
35
32
25
27
36
21
21
21
26
24
23
36
25
20
27
40
26
17
22
21
15
18
23
17
16
24
22
45
44
29
18
18
23
19
13
16
22
26
25
24
20
22
22
19
20
18
18
18
10
24
20
19
15
12
23
25
19
15
23
25
15
16
24
10
16
21
18
17
22
14
20
12
18
21
18
19
15
16
11
16
21
17
11
17
20
16
8
21
16
10
9
8
17
17
17
15
15
18
11
18
17
13
14
9
14
7
21
17
14
13
11
11
13
12
15
13
9
12
19
20
17
11
13
9
14
16
13
11
16
15
8
15
26
12
7
7
10
11
17
12
18
11
14
15
12
12
9
13
10
14
13
11
7
10
10
7
6
10
9
19
15
9
11
10
9
15
19
13
16
11
7
10
12
10
10
7
17
12
33
25
16
15
5
7
15
8
6
13
12
7
9
8
8
14
3
10
11
5
13
10
8
10
12
8
10
10
9
13
9
10
5
15
7
9
9
10
12
11
11
17
10
9
9
5
11
10
8
9
9
7
11
14
8
7
7
12
3
5
4
11
9
9
12
11
6
11
10
25
9
12
5
8
9
11
7
10
7
8
8
6
15
6
2
9
9
5
7
10
14
11
11
27
45
14
9
5
3
5
6
8
3
9
7
4
9
8
5
3
7
11
9
6
6
8
5
5
10
5
10
4
5
10
9
5
11
10
8
4
8
3
6
9
9
4
9
7
4
9
5
10
14
19
23
12
5
6
6
8
1
7
4
9
7
5
5
4
10
6
7
9
4
9
6
6
2
9
1
3
8
3
1
4
3
4
8
4
5
6
9
7
3
9
10
4
5
5
6
4
6
4
5
6
7
5
6
4
8
7
11
3
6
6
11
8
11
4
5
4
4
5
7
8
9
3
6
6
7
8
5
3
2
5
4
8
6
6
7
2
8
4
10
5
9
6
5
0
2
4
6
5
4
6
10
7
5
6
10
6
2
4
3
6
7
3
4
5
7
10
3
5
3
7
0
7
3
10
5
8
3
10
3
8
8
6
1
5
5
4
5
5
5
2
4
3
2
13
5
4
3
3
2
5
5
5
3
7
8
1
5
2
4
5
9
4
7
4
5
1
6
6
5
7
8
2
6
2
3
2
4
1
3
5
3
7
5
5
4
4
4
8
7
7
6
4
5
4
4
3
2
3
7
6
5
9
2
3
6
5
5
3
4
5
7
0
4
3
1
9
2
5
4
5
4
8
3
3
9
8
4
6
7
5
6
3
6
6
4
8
7
9
12
5
7
2
7
2
1
6
6
6
3
0
7
3
1
3
2
4
5
4
5
2
4
2
1
1
2
4
6
5
1
3
2
5
4
3
3
4
4
0
4
8
3
3
4
1
5
5
4
3
6
9
8
14
16
5
3
2
6
4
6
9
3
3
3
1
5
4
3
3
1
6
6
6
3
3
4
5
3
2
5
4
3
4
3
3
4
4
3
2
1
2
4
3
4
1
5
3
5
3
5
7
5
4
5
6
5
4
3
3
2
0
2
5
4
8
4
3
2
4
4
2
5
1
2
4
5
1
4
2
2
5
3
2
2
4
5
3
5
4
2
4
8
5
1
2002
