radiacao de fundo
0
0
0
0
0
0
0
0
0
0
0
0
6
3
4
209
124
78
88
96
110
99
96
80
79
72
78
142
116
94
89
68
75
91
83
91
697
159
88
183
134
72
75
94
92
95
93
76
86
76
83
74
73
74
91
78
84
99
81
97
107
100
93
132
97
98
125
107
130
127
137
133
125
140
139
124
148
140
161
129
157
144
143
152
141
153
160
176
171
192
153
156
168
136
147
179
171
156
177
163
180
184
192
167
167
180
187
176
186
163
170
179
178
164
160
193
160
157
196
146
167
185
169
159
156
163
162
169
166
162
164
133
159
154
131
146
148
148
140
132
119
151
131
157
146
146
133
120
132
119
147
127
120
120
123
108
118
123
119
127
129
292
416
371
124
117
123
106
95
99
103
83
115
103
97
92
94
99
113
104
119
82
99
95
106
103
121
106
100
80
92
100
60
80
70
75
77
74
81
83
72
68
82
66
77
81
71
79
86
64
85
65
75
58
61
73
68
46
70
61
66
60
59
61
52
59
54
60
50
53
54
59
56
80
72
50
48
67
82
82
56
66
60
51
53
47
48
34
38
45
44
29
43
51
43
44
39
53
40
45
39
34
40
52
38
38
53
38
31
35
35
33
50
40
36
29
37
37
35
26
39
37
41
33
26
29
23
44
26
29
39
35
34
41
30
28
28
22
39
34
33
32
27
25
30
38
19
34
24
35
27
27
30
25
24
28
19
27
27
36
28
23
28
24
28
25
30
16
27
17
27
35
25
30
25
24
24
19
26
17
17
18
17
23
31
28
47
20
17
17
21
19
16
17
21
19
19
15
21
18
16
10
24
17
25
18
19
16
16
16
28
18
13
16
20
24
15
19
16
12
21
15
20
20
16
16
10
12
21
21
15
14
18
11
13
16
14
10
19
10
19
11
12
9
23
17
16
13
16
13
15
13
11
13
18
15
26
10
16
14
18
11
11
8
10
16
13
10
11
16
10
8
11
8
13
12
18
9
16
10
13
16
12
12
13
8
12
10
12
15
16
13
12
13
12
16
19
6
14
8
14
14
12
12
11
17
8
16
13
9
13
12
11
10
14
12
12
8
7
8
5
10
11
6
8
14
11
12
17
10
18
6
22
22
17
13
18
22
16
9
6
12
11
12
12
14
19
7
9
7
8
4
8
10
9
9
11
4
16
13
11
13
8
8
9
11
11
8
8
11
9
8
8
6
7
9
11
5
9
5
6
6
8
12
7
6
4
8
6
8
10
9
5
9
5
10
10
14
9
9
15
11
17
12
11
19
10
9
11
9
7
6
6
6
6
9
9
7
9
12
6
10
8
11
8
11
19
19
13
13
22
23
15
5
5
7
10
6
3
6
6
13
9
6
9
4
9
10
6
6
10
7
6
2
8
8
4
10
0
4
8
9
7
5
11
5
5
5
6
3
5
3
4
7
9
14
16
13
10
6
15
21
8
9
5
7
12
7
4
5
6
7
6
7
11
6
8
5
8
8
4
5
6
6
6
4
10
4
5
8
7
6
8
1
5
8
6
11
7
10
3
7
8
5
9
7
4
8
3
4
6
4
2
7
3
5
5
12
8
5
1
10
6
7
7
4
5
3
4
5
6
2
6
3
6
4
6
7
4
7
8
3
2
9
5
3
6
9
7
2
6
3
6
5
4
4
7
3
4
2
6
7
10
7
5
1
4
2
4
7
6
9
10
4
7
3
3
4
4
4
4
6
2
7
4
4
3
5
1
4
8
6
4
5
7
11
2
7
3
3
6
6
3
2
6
5
1
1
4
4
4
8
3
4
5
2
5
3
4
3
5
4
2
2
3
4
8
3
3
2
4
4
4
5
9
4
3
6
3
1
11
2
1
3
4
1
5
8
5
4
10
3
2
3
2
4
6
3
2
5
2
4
7
6
4
1
0
2
1
4
5
6
3
7
5
6
2
4
5
4
7
1
7
2
0
2
6
2
2
3
6
6
9
5
5
6
5
5
9
7
7
6
6
2
3
3
3
5
7
3
1
3
1
4
6
6
3
4
7
7
1
5
2
3
0
2
6
4
5
3
2
4
2
2
3
8
4
2
2
1
3
4
5
6
4
2
5
5
6
4
5
4
1
9
3
4
3
4
3
5
5
5
4
6
2
4
5
2
2
3
5
3
5
6
3
2
4
4
4
0
3
4
1
2
2
4
7
4
0
3
2
5
2
5
7
4
2
4
3
2
2
8
4
3
2
3
2
2
4
5
3
3
4
0
3
4
1
3
4
2
3
4
3
2
3
2
3
3
3
2
1
4
5
7
3
7
3
7
3
3
4
2
6
1975
