radiacao de fundo
0
0
0
0
0
0
0
0
0
0
0
0
4
2
3
205
142
96
109
132
111
116
109
93
81
86
107
215
97
89
112
97
79
77
71
102
1605
446
77
318
264
82
91
75
84
71
85
74
67
84
80
75
67
82
80
86
87
86
82
87
120
100
123
106
110
121
117
107
111
125
123
128
142
133
146
147
139
134
110
146
140
155
153
177
156
161
146
134
142
165
158
133
170
166
159
171
147
151
154
175
175
156
167
155
171
169
169
180
178
184
179
160
181
174
159
172
173
177
167
157
170
171
156
175
154
167
155
167
192
166
162
141
158
145
135
149
137
156
151
132
148
140
139
140
121
136
123
124
161
130
122
149
129
131
125
144
103
135
127
134
114
105
1029
1101
106
103
123
84
104
92
88
98
105
100
97
86
102
118
96
96
104
101
87
89
92
104
218
126
90
108
90
91
91
101
80
78
65
89
88
68
64
77
82
61
76
76
67
55
61
78
60
66
65
70
68
63
62
54
66
68
73
66
68
63
63
60
57
53
54
54
55
73
60
63
50
42
53
44
96
61
55
56
63
62
37
37
38
42
49
47
40
34
43
45
41
44
42
35
53
36
40
52
43
39
45
43
45
35
40
47
34
29
28
35
44
33
39
35
37
45
40
34
27
33
36
30
32
29
33
29
39
40
41
33
26
29
24
44
45
26
25
27
26
31
26
44
26
28
27
32
31
22
39
26
26
28
17
10
19
33
31
21
28
25
32
27
18
28
27
26
26
29
29
26
25
24
22
16
27
16
31
13
22
12
20
38
56
25
28
25
14
23
15
24
22
19
24
24
17
12
20
15
18
18
20
15
17
17
17
15
16
17
22
20
16
15
14
17
20
22
19
11
26
22
15
16
17
23
20
10
19
12
15
23
15
11
12
14
16
16
16
15
20
10
21
20
14
10
16
12
18
11
13
13
13
20
23
14
14
11
17
12
12
14
14
17
14
19
21
23
20
10
22
11
12
18
17
14
13
18
18
14
8
18
11
15
16
15
14
9
9
9
12
15
13
10
11
14
11
10
9
15
10
8
13
13
10
9
10
4
13
6
10
12
8
9
18
8
8
18
7
6
12
9
9
12
13
10
10
13
5
13
10
14
10
21
25
43
25
8
9
7
12
10
11
7
14
14
10
12
5
5
10
13
20
7
5
7
12
5
15
8
11
7
8
6
10
14
8
7
17
4
11
16
5
4
9
7
8
11
11
7
7
8
10
10
8
9
7
5
7
8
7
11
10
9
8
9
6
8
7
6
8
10
23
15
18
11
10
6
8
7
6
4
7
3
5
11
9
7
10
6
6
10
6
8
7
6
10
13
26
32
14
7
6
4
7
8
6
5
8
11
8
7
3
7
6
6
5
8
6
4
8
9
5
7
8
11
6
9
2
7
3
3
2
6
4
5
3
4
6
6
7
2
11
5
7
10
5
9
18
14
10
13
5
6
11
7
7
7
9
8
8
5
8
7
7
5
8
6
7
3
6
3
5
9
5
12
2
6
7
2
3
6
4
6
2
2
7
7
5
3
5
11
2
11
7
1
6
2
6
8
5
2
4
8
4
8
5
8
3
9
6
8
13
8
3
7
3
5
4
3
7
4
4
4
5
7
10
5
5
8
4
3
6
4
2
4
5
5
8
3
8
6
7
3
7
8
5
7
5
2
8
3
10
10
7
7
6
7
6
8
5
9
8
11
8
8
5
6
2
8
8
6
8
5
6
8
2
5
5
3
2
7
4
2
3
9
6
4
4
3
9
2
2
6
4
2
7
4
3
7
3
4
4
3
4
3
5
4
4
4
5
3
7
5
2
5
4
6
5
3
6
5
5
10
2
3
3
9
5
5
3
4
3
5
3
4
7
5
9
5
1
0
6
5
4
6
2
7
6
2
1
7
4
3
6
3
7
3
2
3
3
5
4
7
5
0
5
5
4
7
3
3
3
6
7
1
7
5
3
4
4
3
5
2
10
11
13
3
9
1
2
5
4
2
1
10
2
6
4
4
3
8
1
4
8
6
5
1
5
2
10
1
5
5
1
3
7
5
5
6
1
10
4
3
6
4
3
5
4
3
1
3
1
1
2
4
7
2
7
5
7
10
4
3
3
4
4
5
3
8
2
2
2
2
2
9
2
3
5
4
3
0
4
5
2
2
5
3
4
1
5
7
6
2
4
3
3
2
2
2
2
8
1
2
4
3
7
3
8
4
4
4
3
3
8
1
1
1
4
5
2
2
3
3
0
1
7
1
5
5
4
3
7
3
4
3
2
3
4
5
4
5
6
3
2
3
6
5
3
3
3
85
