radiacao de fundo
0
0
0
0
0
0
0
0
0
0
0
1
0
1
5
203
143
83
106
108
124
121
92
90
70
59
70
97
92
112
88
100
79
85
67
93
104
74
92
82
81
77
101
84
71
67
79
64
87
88
83
66
74
86
79
87
86
91
101
97
99
102
105
110
104
118
114
110
107
113
131
148
138
161
165
136
143
148
152
147
155
152
160
169
153
176
187
152
169
132
170
166
153
166
178
169
151
169
188
182
164
175
176
166
185
171
177
159
165
171
185
154
160
174
177
179
180
145
198
183
173
184
159
164
152
190
159
174
146
148
178
169
170
153
150
160
160
143
155
160
174
128
160
162
149
147
138
142
133
134
132
141
125
133
147
121
128
123
122
103
135
141
119
122
121
115
112
120
108
108
127
112
111
100
108
90
122
88
98
110
104
82
90
85
98
89
100
97
93
95
90
76
71
96
85
87
76
77
70
89
76
71
76
89
73
70
84
86
68
87
62
59
62
65
64
62
66
81
74
61
60
69
70
63
51
71
55
59
69
51
59
63
55
69
67
56
82
71
60
64
54
56
60
57
49
54
53
60
40
46
51
55
40
52
47
43
51
42
37
39
39
42
31
45
43
41
37
41
46
40
30
28
52
30
36
37
40
34
35
30
40
32
36
27
30
28
36
29
29
29
47
31
27
24
31
26
28
33
36
29
23
30
26
22
21
20
34
20
16
29
18
29
26
25
11
24
35
21
26
30
28
23
37
27
29
21
24
29
29
21
32
27
26
23
29
27
21
24
22
19
22
18
37
75
37
13
22
15
13
27
24
19
22
33
16
16
12
15
21
14
12
24
18
13
17
17
24
14
14
16
18
12
22
19
15
18
18
18
17
17
13
19
15
9
28
17
13
14
18
17
11
10
18
16
21
23
12
14
19
20
15
23
18
17
17
16
30
12
15
19
15
11
12
15
17
16
16
20
17
15
12
16
18
16
18
12
13
7
20
18
14
19
10
13
14
7
13
10
15
16
13
13
8
10
11
16
15
20
18
14
10
7
14
6
16
16
18
9
15
9
11
13
15
12
13
9
8
10
12
12
15
10
11
9
12
12
11
15
1
18
7
7
12
6
14
8
14
11
8
6
12
22
21
26
13
17
18
6
12
11
8
8
9
10
7
8
10
12
8
10
9
4
12
15
7
4
7
8
13
12
8
9
11
12
7
11
6
9
8
8
7
8
10
8
10
6
10
8
10
6
2
9
12
14
9
4
9
8
9
5
6
6
8
10
7
9
5
8
9
10
18
27
15
7
9
8
6
9
5
11
11
10
11
3
5
6
6
10
8
5
11
10
10
12
15
28
39
19
11
8
10
8
3
11
8
13
10
5
8
6
7
8
10
5
9
4
10
2
9
7
9
7
5
9
10
5
9
5
5
6
3
6
3
14
6
0
7
8
14
5
8
6
4
10
12
31
6
7
6
3
11
7
8
3
8
8
6
2
3
9
3
3
7
7
7
9
6
4
5
8
6
6
5
5
6
6
4
7
7
10
7
4
8
9
12
4
9
12
4
5
9
12
9
8
3
8
11
7
5
0
1
6
13
3
4
5
7
7
5
1
4
7
4
3
6
8
3
5
5
5
8
9
2
7
10
3
16
10
5
6
4
4
0
5
5
11
6
6
2
9
4
2
9
4
6
8
10
7
7
7
5
4
7
9
4
6
8
5
5
4
5
9
5
2
5
2
7
2
4
6
4
6
5
5
6
6
6
1
4
8
3
5
4
2
3
2
3
7
2
8
5
2
4
3
5
3
3
7
5
7
1
4
7
4
3
8
6
4
6
4
5
11
7
7
3
4
6
6
3
5
4
4
7
4
5
3
5
5
3
1
3
7
2
5
8
1
6
7
2
2
7
6
4
3
4
5
4
4
2
5
3
7
7
4
3
1
5
8
4
6
7
2
2
8
6
5
4
4
4
3
4
4
3
4
6
5
4
6
7
12
20
12
10
8
5
4
3
6
5
4
6
6
4
5
3
9
4
7
7
9
1
6
5
4
5
6
5
3
3
4
5
4
6
5
4
4
3
8
2
6
5
5
5
7
2
6
3
2
5
3
4
9
4
5
5
8
3
0
4
4
4
6
3
2
3
4
2
6
4
3
3
3
6
5
0
6
4
1
4
2
2
7
6
8
7
5
3
3
3
2
2
3
3
5
2
4
3
5
4
1
9
3
3
6
4
5
6
3
5
5
6
6
2
2
3
7
5
4
5
2
3
3
3
2
4
2
3
2
4
3
4
2
7
2
1
4
3
3
0
3
1
2
3
2
5
3
4
2
4
3
3
6
5
1970
