radiacao de fundo
0
0
0
0
0
0
0
0
0
0
0
0
1
0
16
795
313
160
127
114
129
119
93
74
75
94
92
85
100
80
100
98
83
80
83
72
191
67
91
106
77
90
89
76
75
68
92
88
84
77
73
79
91
86
92
88
105
118
103
95
107
105
127
143
139
139
128
107
105
115
122
126
116
131
161
124
148
139
141
138
165
117
149
148
148
148
181
165
169
168
183
179
158
178
154
173
167
190
175
165
188
173
165
172
178
169
181
151
153
174
171
166
165
160
174
168
214
141
193
162
176
171
165
150
150
142
172
162
172
152
163
156
134
144
166
138
152
176
152
155
126
149
132
138
129
143
115
141
131
139
136
142
113
124
126
128
109
115
124
127
126
195
144
115
127
109
121
109
107
112
102
119
118
106
101
88
90
110
100
107
75
108
85
85
92
102
84
95
84
84
75
73
80
88
89
66
96
83
87
81
73
87
80
70
78
92
69
80
70
72
81
62
62
63
74
73
72
75
60
55
56
59
78
65
65
68
53
47
54
45
56
56
55
56
50
52
111
85
62
56
52
59
47
45
40
36
51
48
54
43
51
45
41
44
53
36
49
42
35
47
35
39
43
46
35
40
48
40
42
38
36
35
33
46
28
40
40
37
42
26
46
36
36
34
36
30
32
29
31
46
54
38
27
29
33
30
33
28
24
38
28
25
21
27
34
32
25
31
21
27
27
29
34
27
27
31
31
24
22
29
21
27
25
23
27
14
32
33
15
26
28
21
16
20
25
25
19
25
17
28
27
16
35
68
32
21
21
23
15
19
22
11
24
23
21
14
19
12
12
8
25
21
18
20
10
16
11
13
21
23
17
13
16
18
17
22
22
17
19
12
19
18
15
13
18
17
16
19
12
15
18
18
16
22
12
20
13
15
21
14
15
14
18
20
11
23
11
16
10
14
13
12
13
20
10
16
16
11
17
12
12
16
23
13
17
15
13
13
13
13
13
12
20
12
13
26
13
8
24
14
16
14
7
10
8
10
8
10
17
12
9
7
14
13
11
19
12
11
14
10
9
14
11
12
7
7
17
10
10
12
13
13
16
12
8
10
7
10
12
11
10
10
13
8
17
12
17
9
10
11
13
18
30
26
18
14
12
15
11
6
10
4
10
11
13
13
10
14
6
7
9
10
8
7
7
7
6
8
9
8
7
9
7
13
11
10
9
7
9
11
6
8
7
18
9
10
7
18
7
7
14
9
10
8
9
9
6
11
4
8
13
6
8
8
10
12
9
9
11
13
23
21
14
7
6
7
11
13
8
7
8
4
5
4
9
5
10
4
11
9
6
8
13
7
12
37
22
11
4
9
8
12
8
9
13
6
3
9
3
5
3
11
9
10
8
5
8
9
3
8
7
11
12
6
3
13
10
5
4
6
9
8
7
8
4
6
5
6
6
8
8
6
9
5
16
24
11
4
7
14
7
9
5
8
3
3
6
1
7
8
7
11
6
4
3
5
6
5
4
10
5
1
3
7
5
7
4
5
5
5
7
4
3
1
7
6
2
1
5
6
6
9
3
5
9
10
2
6
4
6
9
4
3
3
9
13
9
9
4
5
6
4
5
5
3
10
8
5
7
7
7
4
9
5
8
7
6
5
6
4
6
2
5
3
5
2
5
4
4
5
4
4
9
5
9
9
11
7
5
2
3
2
6
6
6
5
4
6
6
6
2
7
3
6
0
4
5
6
4
5
7
11
3
3
7
7
2
8
6
4
7
3
4
4
2
3
9
7
4
8
4
6
3
4
3
6
8
4
5
2
4
6
5
3
9
5
2
10
7
6
2
5
4
7
9
5
7
3
4
3
1
5
1
1
5
6
2
4
5
4
3
7
6
6
2
1
7
2
3
3
1
6
3
3
4
4
3
5
10
11
2
2
5
2
3
3
3
5
2
2
2
4
5
4
4
3
2
3
5
4
4
5
5
6
8
5
6
6
11
9
13
9
6
0
2
5
3
4
3
7
2
8
3
7
1
6
4
5
6
1
4
4
2
4
2
4
3
3
3
1
2
3
2
4
6
5
1
2
3
2
3
0
3
6
12
5
2
3
3
2
8
8
1
10
6
3
8
6
2
4
1
2
4
6
2
3
0
2
7
2
7
1
7
4
4
5
1
3
5
1
7
3
2
1
5
4
3
8
6
5
3
9
6
1
1
4
3
6
1
5
4
3
2
4
4
3
5
4
4
4
1
5
2
5
4
5
3
0
4
1
4
2
6
3
10
6
3
0
4
2
4
7
1
8
5
3
3
4
2
6
1
5
5
1
3
6
4
2
2
2
2
1
13
1864
