radiacao de fundo
0
0
0
0
0
0
0
0
0
0
0
0
1
0
0
177
113
87
93
114
128
88
80
59
46
86
96
99
86
103
77
62
71
70
67
75
382
105
79
129
97
81
80
74
57
65
78
79
79
76
77
90
71
104
93
78
83
97
92
98
116
77
103
109
119
114
122
139
121
111
116
119
115
138
116
127
130
141
152
138
142
142
152
161
181
155
147
156
160
140
171
165
149
165
164
155
198
156
169
151
172
164
163
195
181
176
172
164
163
144
180
178
166
170
193
154
174
153
165
171
173
165
184
142
174
171
175
165
187
170
158
150
148
154
171
157
138
158
158
136
140
148
154
149
141
130
122
107
131
123
126
140
123
117
113
139
124
112
112
118
112
393
198
97
101
104
111
103
104
98
108
123
107
106
96
104
106
89
90
93
103
94
92
83
95
112
109
118
114
87
80
91
73
66
85
84
72
86
86
79
74
74
80
77
78
69
64
72
60
86
70
73
55
74
55
58
74
64
69
66
61
51
53
64
48
60
56
54
52
40
52
60
61
57
59
64
88
78
56
66
64
50
56
44
39
37
45
46
54
42
53
51
47
40
42
44
42
45
32
40
36
32
42
45
51
46
48
51
33
33
37
45
55
39
50
44
35
32
32
38
38
35
29
40
39
48
38
37
23
40
56
18
34
29
23
25
28
26
35
31
30
20
25
31
23
26
35
22
20
27
30
32
16
19
26
27
22
15
22
17
29
22
23
24
19
25
25
18
24
26
42
22
20
25
21
19
24
23
27
29
32
28
28
60
27
24
16
20
21
21
25
22
16
19
20
24
18
19
16
22
17
21
25
11
20
15
22
20
21
10
15
16
18
18
19
11
17
21
18
18
14
20
18
20
20
20
19
15
26
17
21
15
10
16
16
7
26
17
23
19
17
14
14
8
12
15
17
13
18
10
20
5
20
19
12
10
10
18
16
17
16
11
11
12
19
15
12
15
14
21
14
13
10
15
12
12
17
13
10
9
15
15
11
14
5
13
8
12
11
13
8
13
12
15
8
10
13
10
10
11
9
7
9
7
14
15
12
12
15
9
10
7
6
10
7
12
16
17
7
13
8
8
8
13
10
17
12
13
7
14
12
8
30
19
27
20
8
11
9
20
6
6
13
6
8
7
5
7
5
11
11
10
11
10
10
7
13
7
7
11
8
8
7
7
7
9
8
10
6
6
6
8
14
8
10
12
11
9
9
6
9
7
10
6
11
11
11
6
5
8
10
5
4
6
9
10
8
5
9
7
16
19
12
8
5
4
3
8
5
9
6
9
6
6
6
12
10
8
8
11
7
5
7
13
13
32
30
17
2
11
9
7
15
11
10
7
3
4
4
8
11
8
4
9
12
9
9
6
5
13
8
4
4
4
8
9
6
13
4
6
7
4
8
6
10
5
6
10
9
7
8
10
8
14
9
21
12
3
4
7
3
3
4
6
3
0
6
1
6
11
8
9
2
6
4
8
7
4
8
8
9
6
4
4
8
8
5
7
8
4
6
6
8
8
4
3
8
7
6
3
5
2
6
3
10
6
4
10
11
8
7
3
5
11
6
6
2
13
6
3
9
10
6
4
5
5
6
10
5
5
3
0
3
6
4
5
3
8
10
3
5
6
4
4
4
3
3
7
8
4
5
4
4
2
4
3
6
4
6
4
8
6
4
3
6
8
2
4
7
4
6
7
4
2
4
7
6
5
6
5
5
6
3
4
3
5
3
6
3
6
4
8
4
7
5
2
5
6
2
4
3
11
8
1
8
4
5
10
4
4
1
8
4
4
5
8
4
5
4
5
7
2
9
7
2
5
3
4
6
1
4
4
3
6
3
4
7
5
5
6
6
3
6
3
3
4
8
3
3
3
3
4
2
7
4
2
7
3
5
9
4
6
2
4
2
5
3
3
4
1
2
6
3
2
5
2
3
6
2
7
7
5
3
6
4
6
5
4
7
8
15
6
1
7
3
3
1
4
3
4
4
4
2
0
2
7
3
4
1
5
6
5
5
7
3
7
7
2
3
7
8
2
3
5
3
4
10
3
6
5
2
5
1
4
3
8
3
3
5
5
3
6
5
2
10
4
2
4
3
0
6
1
9
4
5
1
3
1
1
1
1
7
5
5
5
5
3
3
4
1
5
3
1
1
3
1
6
2
4
5
3
2
8
4
6
6
2
7
6
1
2
4
3
2
2
4
5
1
5
6
5
3
0
0
1
7
4
1
3
2
5
5
6
3
6
4
5
3
5
4
4
9
2
4
3
3
4
7
3
3
2
2
3
4
2
6
1
1
1
4
1
5
2
1901
