radiacao de fundo
0
0
0
0
0
0
0
0
0
0
0
0
3
1
3
175
132
65
110
114
128
108
100
92
82
84
107
107
102
91
106
85
79
75
89
86
690
251
79
175
174
83
77
83
67
61
83
62
77
77
71
65
79
80
70
104
79
84
94
100
108
89
87
111
122
116
132
124
116
116
119
110
144
134
115
138
162
131
152
155
163
128
162
145
151
166
148
143
138
176
142
155
156
172
186
172
138
161
162
166
177
173
164
159
171
141
165
169
180
182
190
151
158
179
191
194
171
162
167
178
147
153
176
154
156
176
175
119
158
163
152
176
160
138
154
170
140
146
151
148
165
146
122
146
136
144
141
137
127
136
130
143
143
124
127
111
131
132
141
132
141
123
461
568
127
105
89
112
128
107
113
100
98
92
110
95
93
109
98
64
104
104
92
81
96
86
130
107
105
124
95
90
87
94
67
69
89
75
84
75
68
71
72
82
80
70
52
59
68
61
62
66
76
45
75
52
55
67
58
61
82
50
63
61
67
70
58
53
65
56
62
55
61
58
48
48
45
47
109
74
54
67
55
48
39
41
60
39
35
59
50
44
52
54
48
55
47
39
49
49
36
45
49
36
45
28
42
35
41
41
27
33
34
39
32
43
30
28
38
34
38
32
33
40
33
26
29
35
28
31
30
39
44
48
29
30
37
35
29
36
30
29
29
24
43
33
28
26
23
29
30
26
24
27
35
25
31
26
22
27
21
21
26
22
24
26
17
18
23
27
33
17
21
35
23
26
17
19
27
28
16
28
17
21
19
39
66
35
24
18
23
18
21
27
18
21
25
20
20
12
15
21
15
27
22
21
16
20
12
18
13
18
16
8
13
25
22
17
25
15
20
25
17
14
19
16
9
12
25
24
16
17
7
16
11
9
16
12
23
21
15
11
12
14
11
13
26
13
14
20
16
11
17
12
17
13
17
17
19
9
16
12
21
17
10
13
15
20
9
14
16
14
11
16
15
19
16
15
13
21
14
15
16
10
14
13
10
17
11
20
20
14
13
15
10
20
17
10
11
10
7
7
12
12
19
17
12
10
16
14
16
7
12
13
9
14
3
12
6
9
10
7
11
12
10
9
12
7
16
14
8
11
15
13
15
19
25
30
21
10
10
9
14
11
9
5
11
7
10
13
6
11
4
10
11
8
8
14
9
9
12
14
7
7
9
12
11
7
8
15
11
15
11
7
11
6
13
17
6
7
7
11
3
10
7
3
10
6
8
5
8
10
5
6
10
10
11
4
3
6
15
7
10
10
10
19
21
11
8
5
8
11
9
10
5
9
7
6
5
7
5
14
1
6
8
5
12
2
9
11
32
32
10
7
6
7
7
6
7
4
7
3
9
7
10
8
5
10
8
9
4
7
3
9
5
4
3
3
9
7
14
3
8
7
4
12
6
4
6
4
10
5
13
11
4
6
11
7
10
17
25
15
8
5
4
4
6
4
9
6
7
5
9
2
6
10
3
3
4
5
3
4
3
6
6
7
0
4
4
5
5
9
8
5
12
10
5
4
10
6
5
7
9
4
6
8
8
6
5
6
8
5
7
3
2
8
5
4
7
7
4
5
8
9
8
6
10
4
7
2
8
8
3
2
4
2
7
4
8
4
6
12
4
5
7
8
5
5
4
8
7
2
5
8
3
8
5
5
4
9
10
7
5
6
5
5
7
6
5
4
5
8
2
2
3
3
3
4
7
8
1
7
6
3
4
8
7
6
0
5
0
7
5
8
11
4
4
9
3
6
7
6
4
6
8
3
2
4
12
4
4
3
1
5
7
5
5
3
8
2
3
8
3
7
6
5
9
9
1
2
9
4
4
4
7
8
7
7
2
4
4
2
4
5
10
6
5
11
2
7
10
5
3
6
2
4
7
6
2
3
2
4
3
3
4
5
3
0
1
3
2
6
2
10
5
10
5
3
5
7
7
4
6
3
6
3
3
4
2
7
4
6
6
5
6
3
2
7
10
6
3
7
2
4
5
2
4
5
6
3
0
0
3
2
3
5
7
4
2
8
3
2
4
3
3
1
6
2
7
5
4
2
4
5
6
2
2
3
4
4
5
3
1
3
2
3
5
3
3
7
3
7
13
2
8
6
3
7
3
6
6
3
5
3
1
5
3
3
3
1
6
5
1
2
2
4
4
3
8
7
4
4
2
4
8
2
7
3
9
5
6
1
5
2
2
6
5
3
5
3
4
3
5
3
3
3
3
5
3
6
4
4
7
4
6
4
3
1
6
2
2
5
1
5
4
5
3
2
3
6
0
1
8
1
3
5
5
2
3
5
3
5
1
1901
