radiacao de fundo
0
0
0
0
0
0
0
0
0
0
1
0
3
1
6
167
143
90
93
96
139
115
109
91
88
69
78
96
67
83
95
89
80
74
78
83
105
84
69
66
95
57
90
88
82
71
76
80
68
76
76
81
74
72
87
86
92
84
87
98
130
113
116
111
128
114
113
121
119
113
126
150
158
143
150
133
122
142
137
155
145
161
145
168
164
157
168
165
152
172
158
166
162
167
125
181
165
188
154
184
174
179
166
184
182
171
205
166
193
163
166
176
192
181
164
163
189
177
161
173
150
177
170
179
179
154
147
183
185
156
168
167
160
156
141
159
136
158
174
135
154
163
136
133
129
159
131
154
150
129
113
123
130
121
152
134
141
126
121
126
110
140
152
139
116
124
116
116
125
112
103
112
99
112
111
107
101
91
91
89
119
94
104
92
96
91
91
104
97
125
76
79
75
94
78
76
89
81
77
76
75
81
76
75
74
71
66
73
74
84
78
79
62
74
64
67
68
63
57
59
63
49
67
62
50
72
56
63
60
59
64
59
63
63
60
58
48
58
94
56
57
72
52
45
49
48
45
50
67
60
53
46
47
40
43
43
53
39
50
42
44
36
39
40
32
32
37
43
40
46
40
37
41
37
34
38
44
37
36
25
39
32
38
31
32
25
34
37
32
28
27
38
57
36
31
25
32
37
31
24
24
18
31
33
26
38
26
31
28
31
24
32
19
25
30
23
25
18
31
31
31
20
23
19
33
21
21
26
38
25
21
19
19
39
24
14
30
23
17
27
25
23
21
17
25
43
50
30
20
26
19
13
24
20
18
25
23
12
15
21
20
20
19
10
19
23
24
17
17
22
20
13
20
13
12
15
17
19
16
13
17
21
23
26
14
19
19
16
22
17
14
17
19
14
21
19
13
14
10
10
19
15
13
17
13
30
12
22
17
11
24
10
17
14
18
13
11
13
21
9
16
13
15
5
15
9
9
17
17
13
17
7
16
8
14
9
12
13
9
21
11
13
16
13
14
11
13
15
14
13
17
16
11
12
14
11
9
10
8
12
11
11
21
8
14
18
6
8
11
11
11
12
12
11
14
11
9
11
11
12
19
9
8
17
9
10
9
20
10
11
11
6
12
12
7
15
33
29
30
18
13
9
8
11
7
12
11
2
10
6
8
8
5
14
4
15
10
8
15
13
14
9
7
12
7
9
10
13
15
11
10
12
13
11
5
6
8
9
7
7
15
10
9
5
6
10
6
4
10
7
8
8
9
14
7
7
16
6
6
9
10
15
7
8
9
27
20
10
11
7
15
3
10
8
10
13
9
4
5
5
8
3
7
4
6
10
7
13
5
17
42
28
13
8
15
7
7
11
8
9
6
6
9
8
8
9
9
6
7
6
7
5
9
10
6
6
7
5
7
5
8
5
5
5
5
11
10
9
11
4
5
4
4
7
8
14
9
5
14
9
31
15
3
10
7
7
8
10
10
3
2
5
7
8
5
5
6
4
4
7
4
6
7
11
8
5
6
5
7
4
6
11
6
6
7
7
5
4
5
5
9
5
5
6
6
8
3
11
3
11
5
3
7
5
7
5
4
7
4
5
9
9
8
5
7
3
4
7
3
7
5
5
4
9
5
4
2
4
8
9
1
0
5
5
6
1
3
5
2
5
2
4
3
6
8
4
4
2
6
10
6
8
8
5
3
7
4
2
2
7
6
5
5
3
5
7
7
4
3
6
5
3
6
7
3
2
11
4
5
7
5
3
4
3
2
4
4
5
6
3
3
5
4
1
7
2
7
3
2
5
2
7
9
2
4
6
4
9
1
10
6
5
3
0
2
7
7
4
2
3
8
4
2
8
6
2
6
5
5
5
7
3
11
5
4
3
3
4
5
5
8
6
2
4
4
4
6
3
7
3
8
8
7
4
2
1
5
6
5
4
8
5
6
4
4
3
12
5
2
1
4
4
1
3
5
3
3
2
3
4
5
5
1
6
1
7
10
17
12
5
5
3
2
2
7
2
4
7
5
4
6
5
5
3
4
7
8
3
5
3
5
3
6
3
5
3
3
5
4
4
2
6
6
3
5
4
3
3
6
4
5
3
5
4
1
3
5
5
5
6
4
4
7
4
13
3
7
4
4
1
3
3
6
5
4
2
4
2
4
0
2
6
3
4
4
5
3
5
4
6
5
4
2
8
7
4
2
3
6
6
2
2
5
2
4
2
4
4
5
6
3
5
4
4
1
3
2
2
5
5
7
4
4
7
1
3
7
2
7
5
2
8
3
5
4
8
3
6
4
4
2
2
4
4
3
4
5
5
5
6
7
6
2
1960
