radiacao de fundo
0
0
0
0
0
0
0
0
0
0
0
0
7
5
0
188
139
89
87
111
132
115
84
99
71
89
99
86
92
95
90
80
78
73
58
95
118
83
63
83
83
80
99
89
82
70
90
81
82
62
70
73
88
83
85
83
107
92
107
89
93
92
111
122
117
95
119
111
129
123
143
124
138
138
127
130
137
136
145
155
147
154
150
162
168
169
176
153
194
183
171
176
175
162
173
203
159
167
200
185
184
155
157
168
203
198
185
189
181
173
181
167
197
185
171
172
167
149
161
148
165
190
168
159
167
148
184
156
161
167
170
152
172
162
166
164
150
158
169
120
152
136
132
142
154
152
148
137
129
131
135
142
121
117
112
114
132
127
122
117
133
142
148
139
114
110
138
116
136
109
103
97
96
96
107
104
105
92
87
90
95
86
97
92
88
101
97
96
107
102
85
102
86
94
92
78
71
79
81
69
69
83
92
74
75
66
72
62
74
85
76
70
67
84
55
62
61
76
77
58
65
55
86
59
58
50
69
60
59
57
55
68
62
49
42
57
69
84
90
61
55
64
57
47
56
48
36
51
36
32
48
39
43
56
44
43
43
44
45
43
41
46
43
46
38
40
47
42
53
33
45
39
54
45
38
43
32
29
42
29
37
35
42
29
34
29
30
46
32
37
42
40
49
43
30
32
39
27
29
28
30
30
34
19
30
26
30
22
25
23
29
26
24
20
25
21
15
24
26
37
24
23
26
29
18
23
24
21
21
23
23
27
30
32
28
29
22
22
27
15
17
26
22
32
32
30
51
30
24
21
24
18
29
23
20
20
12
19
20
20
19
27
18
18
19
20
20
23
13
12
18
13
21
18
23
26
14
17
13
21
20
18
21
19
21
16
15
17
18
26
22
14
14
16
17
19
23
10
13
18
26
14
17
12
10
19
13
9
19
11
15
19
14
25
17
20
14
16
14
18
10
8
13
15
16
17
17
12
14
17
15
8
13
21
23
15
18
15
12
5
15
13
12
11
10
6
13
11
19
10
19
10
16
14
9
14
10
15
10
17
14
10
8
14
9
16
12
8
12
9
13
4
8
16
9
12
6
7
12
7
8
10
15
9
11
6
8
9
16
12
11
10
11
11
16
11
12
21
13
10
10
5
6
8
5
8
11
7
7
10
12
9
6
6
6
7
11
9
9
9
11
7
8
7
16
4
16
9
8
8
6
5
6
6
7
14
5
11
6
9
9
6
6
5
14
8
5
7
15
7
9
5
12
9
5
5
7
7
8
7
10
12
10
10
13
12
13
13
8
4
6
4
5
4
5
13
8
3
12
13
8
9
4
7
10
18
20
19
9
10
24
19
12
7
5
6
8
7
6
5
8
5
6
11
3
7
7
9
5
4
3
8
6
11
7
11
5
6
2
7
7
6
8
6
7
9
4
8
9
7
7
6
3
7
8
22
12
3
10
13
17
8
5
10
10
3
6
6
6
4
11
6
6
6
4
4
3
6
2
4
6
8
6
7
10
5
3
6
4
9
8
3
0
6
3
10
7
5
5
6
11
2
4
5
4
3
7
7
10
13
3
8
7
6
5
7
7
5
8
7
2
4
5
7
11
4
5
2
6
3
3
8
5
0
3
9
9
3
9
6
7
3
6
6
9
5
7
5
8
4
8
4
8
9
4
10
7
3
5
5
4
6
9
5
4
6
8
4
6
4
4
5
6
6
4
8
7
7
1
5
4
7
6
2
6
4
5
6
8
5
2
6
3
9
4
7
6
7
7
4
4
6
3
5
4
3
2
2
7
7
5
1
4
3
3
1
2
7
4
6
4
2
3
3
4
4
2
2
5
6
4
3
3
4
3
5
6
6
2
4
5
4
5
6
3
3
0
6
6
11
6
6
5
6
5
6
7
3
3
5
4
5
2
7
4
4
3
4
5
6
4
5
3
5
5
4
6
2
1
3
6
7
4
5
2
5
4
5
5
6
15
9
7
3
3
5
5
15
6
4
5
2
5
4
2
2
5
4
7
5
6
5
9
1
13
4
3
6
4
3
5
4
2
1
6
5
6
4
5
9
2
8
1
3
4
3
2
3
4
8
4
5
3
2
8
2
4
1
5
3
7
6
7
5
4
3
4
3
4
3
1
7
4
1
3
4
4
2
6
5
5
5
4
4
0
3
5
2
5
4
3
4
5
9
6
3
1
2
3
4
1
1
1
3
4
6
7
3
6
4
2
5
5
4
1
4
3
3
7
6
2
5
4
4
7
3
5
6
5
5
1
4
9
1
6
1
5
2
3
5
2
1
0
3
4
7
2
3
4
6
1
1
2
1967
