radiacao de fundo
0
0
0
0
0
0
0
0
0
0
0
0
3
4
1
198
118
100
75
118
107
130
95
86
61
78
101
142
86
105
97
89
67
82
69
86
848
284
100
209
180
77
81
85
80
64
66
88
81
76
84
91
88
86
88
111
73
89
111
102
122
100
118
141
92
112
100
117
139
118
133
110
129
136
151
121
136
136
148
126
163
160
173
156
168
172
163
160
149
165
161
165
170
148
160
167
165
190
175
146
182
143
163
169
169
167
196
181
153
197
162
202
163
175
155
171
161
165
137
162
196
166
176
151
161
152
157
145
177
161
166
147
165
155
139
147
169
140
144
161
152
145
148
142
141
128
143
123
125
135
143
128
127
139
98
121
123
131
113
114
131
135
577
606
139
100
114
118
107
100
121
102
91
99
95
108
97
97
107
98
92
103
92
75
105
91
160
106
99
112
96
89
91
71
88
76
91
81
92
78
74
91
79
68
70
70
66
61
67
73
64
65
71
67
71
69
55
69
57
61
68
55
53
60
55
60
60
61
52
49
52
55
46
52
53
62
66
63
92
76
48
58
54
53
42
53
47
45
43
44
39
39
51
53
49
37
52
38
36
45
36
38
47
30
47
39
36
33
44
42
40
33
43
43
47
32
38
21
46
32
29
34
34
37
31
17
32
38
29
30
22
39
58
33
41
36
32
35
32
38
28
38
15
26
36
30
26
30
27
25
26
24
25
25
33
16
28
29
37
20
23
34
29
23
30
28
21
26
19
17
24
31
17
26
24
24
18
14
22
25
19
20
27
26
24
28
68
24
23
16
19
24
25
14
20
20
18
11
17
21
10
17
15
18
28
16
17
15
24
17
22
20
20
23
22
23
17
15
18
24
16
17
10
22
21
17
15
15
13
15
17
13
11
19
11
20
21
17
17
10
12
15
16
14
16
17
15
12
13
9
20
17
14
14
11
14
13
10
10
17
11
14
15
10
13
16
14
12
16
12
9
20
13
19
15
14
7
13
16
9
11
14
11
16
10
6
7
17
10
12
14
11
10
15
11
13
15
6
10
14
9
11
12
10
11
13
14
13
12
10
16
9
9
14
12
9
10
13
11
10
14
12
14
9
13
8
16
12
11
6
9
5
10
6
15
22
23
34
21
21
13
12
7
13
13
6
9
8
12
9
10
10
8
9
15
8
4
3
9
10
9
10
8
15
11
9
7
7
4
9
11
5
11
10
6
8
7
12
8
8
6
8
9
11
4
7
13
7
4
11
9
9
9
11
9
6
6
8
7
5
14
7
7
9
14
16
20
5
6
4
6
8
8
9
11
10
6
5
10
11
5
2
10
5
14
8
8
10
12
17
24
32
5
3
9
7
7
9
7
4
7
3
10
6
9
9
5
7
8
6
5
10
5
8
5
6
5
7
12
9
6
3
4
4
11
3
3
9
3
4
7
5
4
7
3
5
5
9
10
12
16
16
6
9
2
10
3
11
3
8
4
7
4
6
7
8
5
7
8
10
3
8
5
6
4
4
11
4
6
3
6
9
9
8
9
5
8
7
12
7
2
5
5
7
13
9
8
6
4
3
3
4
2
5
6
5
8
4
8
3
8
3
5
6
6
3
2
7
4
5
7
4
4
4
8
8
3
6
5
3
6
8
6
4
8
6
4
5
8
10
1
0
4
3
4
5
2
3
5
8
7
6
3
8
6
6
6
7
4
5
3
5
2
6
1
5
6
3
4
6
5
7
2
10
4
3
6
5
10
5
6
7
3
1
5
6
3
6
3
10
2
3
7
4
5
6
5
8
6
7
6
3
9
5
6
8
5
6
4
4
6
4
6
4
4
3
3
4
8
2
7
6
4
4
2
2
5
4
10
5
4
4
5
4
5
5
6
2
8
9
3
1
6
3
5
6
3
5
3
3
6
3
2
5
6
4
5
1
2
7
6
5
3
0
4
5
4
6
2
4
2
4
4
2
6
4
7
6
6
4
4
7
6
2
8
13
2
15
7
3
4
2
5
4
4
2
6
6
4
4
4
5
3
2
8
3
3
4
7
6
5
3
5
6
5
3
4
3
5
1
2
3
3
3
4
3
4
5
3
0
4
4
8
7
1
7
8
6
4
5
10
9
11
8
6
2
9
2
4
2
2
5
0
4
1
4
2
2
2
1
6
8
5
5
3
3
1
3
7
2
3
4
3
0
3
3
4
3
2
1
5
4
3
5
2
3
2
10
1
3
3
2
2
5
5
2
5
2
6
1
3
1
7
4
2
4
5
6
7
1
5
1
2
4
5
4
2
4
4
5
2
8
3
3
3
4
1
3
2
4
2
6
4
1936
