radiacao de fundo
0
0
0
0
0
0
0
0
0
0
0
0
1
0
1
183
124
66
83
95
138
90
110
77
94
78
87
119
93
94
74
92
69
101
70
75
420
104
71
149
81
82
92
84
76
66
76
65
53
73
88
78
82
109
84
95
95
92
100
92
107
94
99
100
119
107
108
116
132
104
109
132
147
131
150
132
144
111
145
156
134
153
131
167
163
164
166
138
155
172
161
142
146
151
185
123
166
166
170
168
176
161
177
173
181
158
161
175
172
169
168
192
166
158
163
155
169
145
156
174
195
165
160
169
146
145
160
164
162
159
167
148
158
157
174
156
146
163
177
142
147
125
128
138
141
117
123
134
136
124
129
109
116
114
126
120
124
115
100
109
114
398
205
110
108
120
123
99
104
119
102
100
107
109
106
99
95
104
88
92
89
111
86
101
86
126
96
105
93
71
81
88
83
76
69
76
74
85
71
86
92
86
69
61
72
58
58
66
81
72
71
61
57
58
58
59
60
87
49
66
58
60
69
52
65
78
57
50
65
56
49
71
59
57
44
50
95
87
78
55
47
46
37
43
45
42
48
47
47
45
46
50
39
36
48
37
44
39
35
35
40
32
36
39
35
40
28
36
36
48
43
38
42
38
24
28
30
45
40
37
26
24
34
35
35
32
37
26
24
44
56
41
43
30
45
34
35
25
31
23
39
20
23
42
27
24
26
23
21
28
32
16
27
37
24
23
32
27
32
28
23
34
28
30
15
25
29
24
17
24
28
25
21
27
16
22
24
26
18
25
24
10
25
55
41
17
20
18
27
23
11
23
12
17
16
18
17
21
24
29
13
16
17
14
9
18
16
14
12
23
25
11
17
15
11
20
13
20
13
20
13
16
21
21
15
13
18
19
21
13
25
13
13
16
24
18
25
19
16
14
12
20
19
16
20
14
9
23
18
13
11
16
14
16
13
10
12
9
16
11
11
18
10
19
20
20
17
9
19
16
14
17
12
16
13
15
9
20
6
15
13
13
15
6
13
12
13
13
21
7
8
8
12
11
11
10
9
11
13
11
11
14
9
11
8
10
6
8
13
12
6
15
9
11
12
11
9
21
7
8
16
7
5
14
13
11
12
10
8
9
12
23
22
31
22
14
10
12
8
10
8
3
5
10
12
3
7
5
6
7
5
7
6
9
11
7
6
11
10
10
13
13
11
6
7
7
10
8
4
9
4
7
13
8
5
11
8
9
4
9
11
9
7
8
11
6
9
4
11
11
6
8
8
7
8
7
8
3
11
16
12
22
18
10
11
6
10
10
12
11
4
6
5
9
15
11
11
5
11
5
7
9
16
5
14
23
35
14
7
3
2
8
2
3
2
2
4
3
4
10
6
2
11
6
7
7
4
11
5
7
2
2
8
8
7
5
7
9
6
2
7
6
4
9
7
6
6
4
5
10
6
7
5
5
14
16
18
8
5
6
5
5
4
7
4
2
6
6
5
6
5
4
7
6
10
5
5
7
7
4
6
12
5
6
7
12
4
1
5
3
8
2
4
9
5
3
8
5
7
9
7
10
5
2
8
8
5
8
5
4
2
6
6
5
5
4
9
8
9
7
7
4
1
3
6
6
4
3
5
5
5
10
7
3
1
2
3
5
4
1
5
8
7
7
9
8
3
3
7
5
4
7
3
8
12
3
9
7
6
6
12
5
4
2
8
9
5
3
10
5
4
5
7
5
4
7
3
8
3
2
7
9
4
5
2
4
9
4
5
3
4
7
5
6
7
5
5
9
3
3
4
1
9
5
7
5
0
3
6
5
4
2
6
4
2
6
6
8
2
2
5
6
1
5
8
4
5
3
4
4
5
4
7
4
5
3
7
5
3
3
9
4
3
8
3
0
0
8
5
2
7
6
1
3
1
2
2
4
3
2
6
2
7
5
1
2
4
7
9
3
4
5
5
4
3
5
1
9
3
5
3
2
3
5
4
3
8
6
3
5
16
11
6
3
4
5
3
3
2
4
2
6
4
4
2
7
6
2
3
3
3
5
7
4
5
2
2
3
3
4
4
6
4
5
4
4
7
7
6
4
0
3
3
3
7
2
5
5
4
5
2
0
8
6
7
12
9
3
6
6
4
5
3
3
0
7
2
1
3
4
4
5
3
1
2
1
2
3
0
4
2
5
4
2
2
2
2
6
3
4
4
5
8
3
5
2
1
2
6
1
2
6
5
3
5
5
8
2
2
5
6
1
1
5
2
2
7
9
2
4
1
3
9
2
5
6
6
1
3
3
3
1
3
3
2
7
3
5
3
5
6
3
1
2
8
4
5
5
2
4
2
4
2
1842
