radiacao de fundo
0
0
0
0
0
0
0
0
0
0
1
0
0
0
2
228
154
99
85
106
110
128
101
90
88
85
112
200
101
82
116
86
84
86
81
112
1683
462
97
355
287
90
66
98
85
65
87
88
69
86
72
84
70
91
82
97
79
104
102
92
122
113
118
110
125
109
135
120
124
125
154
137
103
138
121
139
141
152
131
125
151
130
121
162
145
191
155
137
129
134
164
174
160
167
137
145
162
161
152
134
189
159
170
170
160
202
181
178
188
156
171
148
163
172
178
148
176
151
160
177
176
159
171
160
164
149
169
169
160
170
150
146
152
147
137
140
146
132
122
141
134
150
143
154
120
140
142
132
118
125
125
131
132
130
131
150
104
118
131
116
125
117
1075
1082
118
120
114
108
113
102
99
102
123
121
94
87
87
129
96
89
91
88
70
88
105
101
222
118
101
107
113
81
78
75
78
81
80
66
73
67
78
80
60
71
67
85
74
86
77
93
73
68
58
65
52
65
51
58
60
60
62
52
78
71
62
57
61
58
69
56
64
49
57
51
52
54
54
44
89
62
54
62
52
38
50
52
43
56
51
52
35
35
46
48
41
40
43
48
34
33
36
32
38
41
40
40
33
34
59
35
43
41
44
41
42
35
42
34
44
31
33
33
33
28
33
41
29
28
23
28
34
25
53
37
27
24
37
31
29
26
31
22
19
28
32
33
23
27
32
23
19
31
26
22
24
19
19
16
35
29
26
28
18
21
15
30
26
28
26
13
26
31
31
21
25
26
24
31
27
24
34
19
25
16
24
32
65
18
15
18
22
19
20
18
21
21
27
18
16
22
13
22
22
18
18
20
28
13
18
13
22
17
19
24
11
14
14
13
17
18
14
19
12
18
12
19
20
27
12
11
10
12
19
22
16
12
20
18
18
17
23
15
10
13
10
14
13
17
11
16
12
13
17
15
11
14
16
18
22
14
22
5
12
21
13
9
18
21
15
16
10
14
16
11
13
13
18
11
13
18
14
10
7
12
13
7
12
16
11
8
17
10
12
13
10
13
8
16
7
10
14
6
13
13
13
8
12
7
8
13
8
10
12
8
11
6
9
8
12
18
14
14
9
8
11
8
4
7
15
14
9
7
9
7
9
19
25
39
25
11
7
13
11
9
7
4
11
12
7
10
8
6
9
7
9
15
13
7
17
7
5
6
7
6
17
9
13
10
8
8
3
7
11
5
9
14
8
10
9
10
14
8
8
13
15
7
5
4
7
9
9
9
7
6
7
9
10
14
9
9
8
4
7
8
10
19
24
12
6
6
13
7
12
10
6
6
8
5
6
7
8
3
7
7
14
7
7
8
2
10
35
28
9
4
3
6
13
8
6
10
6
8
10
8
2
3
8
8
7
4
9
5
5
9
6
6
8
5
6
6
10
8
2
4
3
4
6
4
10
6
9
4
10
9
5
8
5
3
6
18
23
18
5
8
8
8
5
7
5
7
11
6
5
9
4
7
6
8
7
8
2
8
5
1
10
7
6
5
8
4
6
3
3
6
5
4
5
11
4
2
5
4
7
7
4
7
8
5
8
7
3
3
9
6
7
5
8
5
6
7
4
7
5
12
3
2
6
1
9
4
4
1
3
8
1
7
4
3
6
5
4
2
5
2
4
4
5
8
3
9
4
9
7
3
2
4
8
3
7
7
4
4
9
6
5
6
7
5
5
7
5
4
3
9
6
6
2
10
7
6
4
3
3
5
1
3
4
9
3
4
3
4
4
6
6
3
9
6
7
3
3
1
6
9
3
2
2
5
5
3
4
7
8
4
5
3
2
4
5
7
2
6
8
4
7
3
4
5
3
7
9
5
3
1
2
3
7
6
5
4
1
2
6
7
3
5
4
5
3
9
5
3
9
6
1
5
6
4
5
7
4
4
6
4
6
2
5
1
6
4
5
2
3
5
2
4
7
1
1
7
2
5
2
3
0
11
12
5
3
2
7
2
6
4
3
8
5
13
10
7
6
5
2
4
4
6
0
3
2
4
3
3
7
2
3
2
2
5
4
6
4
4
5
3
5
5
3
2
5
4
6
7
10
4
2
5
9
5
6
2
3
7
5
5
4
3
6
7
7
5
8
4
9
3
7
4
4
4
1
1
1
4
3
7
5
3
5
3
7
4
5
6
2
2
4
5
5
4
3
1
1
1
3
3
3
1
4
4
4
3
3
2
3
4
2
4
1
3
3
2
3
2
4
2
2
7
3
3
5
6
5
4
5
2
3
1
3
0
3
2
3
5
4
6
3
4
4
6
4
1
8
1
3
2
3
4
3
3
0
3
3
7
2
9
