radiacao de fundo
0
0
0
0
0
0
0
0
0
0
0
1
0
1
3
182
125
94
83
109
105
105
83
78
80
68
85
80
85
85
87
84
82
84
79
81
263
95
76
119
86
87
90
77
75
62
78
81
85
73
79
82
61
75
79
89
81
74
107
110
88
106
109
117
101
102
116
104
116
105
131
133
132
133
150
138
132
134
133
147
139
117
171
162
154
166
163
155
151
143
174
161
179
155
157
157
191
160
167
181
202
180
178
176
168
205
157
166
151
160
170
169
173
155
168
178
182
152
164
171
141
173
150
155
171
160
165
165
165
149
158
161
151
137
152
148
140
127
142
148
155
144
132
153
148
161
142
126
153
126
142
133
137
125
150
126
131
112
107
125
109
270
155
84
112
118
101
98
95
110
115
105
94
114
87
101
84
102
94
101
94
90
94
96
95
122
85
105
95
70
85
72
76
89
75
74
79
84
93
75
77
91
74
57
61
64
77
67
68
76
65
58
74
72
70
75
73
71
69
44
64
68
57
59
51
57
57
46
61
60
55
49
58
39
67
59
78
96
54
47
60
39
64
40
48
40
53
42
45
52
49
38
45
36
42
49
38
36
53
45
38
30
45
38
30
37
35
35
30
38
36
34
40
38
47
40
28
34
31
33
50
31
37
31
40
40
39
34
39
35
42
34
28
23
31
27
32
33
36
26
31
21
29
19
31
29
24
23
36
30
32
30
42
24
28
21
29
28
29
21
26
15
23
25
12
18
22
19
27
31
21
26
16
27
25
27
21
22
16
27
17
21
20
61
29
24
22
22
17
15
11
20
20
20
15
22
26
19
18
13
13
14
17
23
13
16
15
14
16
21
13
26
16
20
18
19
12
14
14
14
18
16
13
14
12
20
17
11
14
19
18
16
16
14
21
7
14
12
25
16
11
18
23
21
19
14
17
10
15
9
15
13
17
18
10
24
9
19
19
8
12
23
16
17
8
15
9
8
15
12
13
14
4
19
7
9
13
14
15
9
12
15
11
12
7
7
15
11
19
8
18
14
18
14
10
14
15
16
10
15
8
10
12
10
11
13
11
10
7
11
12
13
10
11
16
12
9
7
13
6
8
3
10
11
8
10
14
14
5
13
18
12
19
17
21
10
17
9
7
6
5
8
5
8
5
6
7
13
9
7
5
14
3
4
7
8
14
6
7
10
11
4
4
6
12
6
4
10
7
16
7
10
2
4
9
12
7
12
10
5
10
4
9
11
12
5
12
8
7
10
9
4
2
6
6
11
8
9
12
7
14
17
9
9
3
6
11
11
4
6
7
11
7
9
4
6
13
7
7
4
8
9
10
13
12
32
29
17
10
6
4
7
6
6
12
7
9
5
8
7
7
9
5
10
4
8
4
4
9
7
5
6
5
10
3
6
3
9
10
5
6
3
3
11
8
6
6
7
6
7
7
4
6
11
14
19
11
6
6
8
2
9
5
8
7
2
8
9
7
9
6
7
8
6
8
7
5
7
4
8
7
3
8
1
7
10
3
2
7
4
4
6
9
6
3
4
2
7
3
9
9
7
7
9
6
11
7
3
6
5
8
5
4
4
5
5
6
9
4
3
2
2
2
3
12
5
1
12
6
10
3
6
8
4
3
5
4
6
6
3
4
4
8
3
5
6
5
6
5
6
5
1
3
5
4
13
5
9
6
6
5
2
4
3
8
6
3
2
8
4
3
5
5
6
3
5
7
4
5
8
5
10
5
2
3
8
5
7
3
7
3
6
9
7
0
6
2
3
4
5
4
4
1
6
1
8
3
3
6
7
5
7
4
3
9
3
7
5
4
5
3
2
7
7
2
4
5
1
7
7
2
3
5
3
5
6
2
5
7
2
4
3
8
5
1
7
5
6
1
2
3
4
5
10
3
2
3
2
4
0
3
11
3
3
1
3
7
6
4
5
5
2
3
2
8
2
0
8
5
2
3
3
3
7
3
4
4
5
5
15
11
4
8
6
7
3
6
5
5
7
4
3
2
4
3
1
3
2
9
4
3
6
11
7
2
4
2
7
4
6
4
6
6
2
4
5
3
3
4
3
2
3
5
6
5
4
4
4
6
6
5
5
4
5
6
11
15
3
2
3
4
3
3
3
5
3
3
3
7
3
2
5
1
2
5
5
6
3
7
3
2
2
2
1
5
1
3
4
2
3
1
2
3
4
12
2
3
5
2
5
5
4
4
2
1
2
3
6
1
3
2
1
5
5
4
4
3
5
6
6
3
4
3
5
5
1
2
7
1
6
6
2
2
5
3
1
4
2
1
4
10
3
3
3
2
3
1
5
3
5
2
3
42
1787
