radiacao de fundo
0
0
0
0
0
0
0
0
0
0
0
1
1
1
1
178
127
84
99
107
124
101
96
69
80
80
79
92
84
91
94
75
80
71
82
75
262
77
71
102
93
76
85
74
64
71
52
70
84
67
76
70
71
64
85
73
90
87
115
87
101
112
101
83
106
116
117
114
125
108
128
123
127
123
127
134
129
119
137
151
162
160
144
159
143
164
148
166
159
152
207
142
173
142
161
159
161
165
174
175
174
178
165
166
152
159
183
187
154
201
181
178
147
162
163
180
177
163
147
172
158
162
173
162
151
144
181
163
165
160
172
170
167
128
162
172
136
158
136
165
156
126
106
137
140
152
111
121
137
139
125
129
133
118
109
116
127
114
114
113
105
264
134
96
107
120
111
114
95
103
116
108
84
95
118
92
101
110
85
94
92
84
79
93
84
92
85
103
83
80
78
73
75
92
72
97
89
71
78
77
79
82
77
94
65
77
79
87
71
66
59
65
72
56
65
67
55
69
63
63
54
63
65
53
57
68
63
39
76
59
62
70
56
59
47
48
80
68
58
58
47
49
43
45
43
49
33
49
52
63
57
48
48
26
48
51
48
39
42
42
45
37
43
44
30
58
38
45
43
32
34
25
35
41
32
39
27
38
37
35
24
32
39
30
26
22
37
34
30
48
52
37
23
29
34
35
26
43
24
28
33
29
35
25
28
28
23
23
20
31
15
32
32
24
26
24
23
21
21
21
27
36
28
32
24
22
12
20
22
21
39
31
23
21
27
24
24
26
19
20
28
18
23
51
25
17
18
22
20
20
23
16
19
21
19
19
19
29
16
11
17
12
17
21
12
18
22
13
14
13
14
17
21
21
18
22
18
15
17
11
15
17
12
11
12
10
19
17
13
17
18
19
15
18
18
19
18
18
16
13
20
12
11
12
19
18
16
18
16
13
15
12
12
8
22
13
17
26
13
9
12
12
9
10
14
18
9
14
16
14
14
9
12
15
12
13
8
13
13
8
21
20
14
12
10
7
6
14
18
17
14
11
14
15
14
9
11
5
13
12
14
10
14
11
8
12
7
15
17
7
13
10
11
6
9
11
13
9
13
8
11
10
11
13
14
12
10
8
7
15
15
11
22
16
24
17
9
11
11
6
5
7
8
10
11
11
6
12
7
9
7
11
3
9
12
8
7
9
14
11
11
5
5
8
6
7
7
11
11
8
13
9
11
9
9
7
6
3
5
6
8
8
11
6
13
9
9
12
11
0
8
12
5
8
6
7
9
12
6
13
16
16
13
6
7
8
11
9
5
7
11
9
8
7
6
9
4
7
9
7
9
3
11
14
9
30
34
9
9
7
6
11
6
8
6
11
4
11
6
7
10
8
8
4
10
2
7
5
2
8
6
8
4
5
4
5
4
6
2
5
7
4
8
7
6
3
6
4
7
1
11
8
6
9
17
30
10
6
3
6
7
3
9
4
4
4
8
7
6
7
7
6
6
7
1
4
8
7
5
7
3
9
8
3
4
5
7
7
6
5
6
7
14
7
8
5
5
8
3
2
5
1
4
7
2
10
6
9
5
8
5
7
5
4
8
2
4
7
4
5
7
9
13
4
2
3
9
4
6
2
9
4
6
8
6
9
8
7
5
4
6
5
3
1
4
4
5
9
6
6
4
6
13
3
5
7
11
8
9
1
7
3
6
4
6
4
5
2
5
3
4
5
7
2
4
2
5
8
2
6
4
3
7
5
4
7
4
5
5
3
6
3
5
4
5
6
1
3
9
5
10
8
5
6
6
1
3
2
5
6
5
5
7
2
10
3
5
4
7
9
3
2
0
3
2
4
2
1
5
8
5
4
6
0
2
3
2
2
3
3
5
2
1
2
3
2
5
5
5
3
6
2
6
5
2
3
6
1
5
7
3
7
2
4
5
3
2
4
5
8
1
2
5
2
3
2
4
2
4
7
7
5
2
5
4
7
0
8
5
8
16
10
4
3
5
8
4
6
4
5
1
2
4
4
3
5
4
2
1
4
3
5
2
2
3
1
0
5
8
4
5
2
7
2
3
5
3
3
6
3
4
1
2
2
5
4
1
5
4
5
9
5
1
5
15
12
7
4
4
2
5
1
3
3
2
5
2
2
6
3
2
7
4
2
4
3
4
5
6
1
5
5
1
6
2
7
2
3
0
5
1
2
3
5
6
3
1
5
5
4
2
2
3
8
4
5
3
4
6
2
4
3
2
3
2
0
6
6
4
5
2
5
1
2
3
7
2
2
6
4
5
6
9
5
2
6
1
4
5
5
6
3
2
8
2
2
5
3
1
3
3
1
23
1894
