radiacao de fundo
0
0
0
0
0
0
0
0
0
0
0
0
3
0
58
3139
1718
1289
886
587
375
202
174
133
119
122
142
243
111
122
118
87
84
87
104
309
1819
408
116
408
243
103
95
80
79
88
85
87
87
87
88
94
85
79
91
92
97
119
91
125
132
114
127
134
116
134
135
111
133
129
128
133
128
170
142
140
140
138
148
155
137
154
164
155
143
150
153
147
177
146
166
182
174
170
183
181
177
178
154
169
166
165
178
175
177
182
199
202
170
178
188
153
165
197
180
167
201
155
160
178
173
166
194
156
180
174
187
162
179
154
160
161
146
151
133
169
158
135
158
139
129
161
143
156
133
131
143
138
138
131
131
126
136
147
135
133
110
130
560
401
129
137
770
1004
114
117
127
106
103
105
104
100
112
89
98
106
89
101
109
112
99
137
116
103
106
98
203
120
106
103
91
84
81
64
85
85
69
71
71
92
84
75
77
89
73
66
62
64
75
77
74
73
61
71
68
71
65
82
53
55
59
65
62
69
83
65
66
61
50
52
54
60
74
63
64
55
46
59
85
68
51
55
42
61
53
61
46
47
41
47
51
52
37
31
40
33
44
38
47
32
35
45
42
34
31
45
46
36
38
39
36
48
34
43
31
23
37
37
37
43
37
29
33
33
37
32
35
32
28
38
36
33
57
33
30
24
30
30
27
20
29
24
27
30
25
25
32
29
33
24
27
27
25
23
31
23
28
25
31
27
23
29
36
35
31
25
29
27
21
18
19
23
23
33
27
28
24
29
22
21
23
19
19
25
23
32
50
24
22
14
14
25
18
15
22
13
24
18
24
16
23
18
16
13
10
15
20
19
23
14
14
16
16
12
20
22
15
14
19
17
11
14
23
24
18
22
13
16
10
15
22
14
15
17
18
18
13
14
12
15
11
11
12
16
15
5
13
14
15
13
13
15
20
9
15
12
13
12
16
14
13
16
8
14
12
14
15
13
19
13
10
15
13
14
12
16
16
11
18
22
14
12
13
7
12
16
14
11
14
16
13
19
13
20
13
16
9
13
15
12
11
14
11
13
17
7
15
16
11
16
17
14
8
11
11
9
5
15
15
16
16
10
13
21
13
13
20
12
12
11
15
12
12
14
10
18
31
37
32
16
15
12
14
10
11
14
4
6
14
10
7
8
10
14
10
9
4
12
4
8
9
7
12
10
13
10
9
13
10
7
13
14
7
11
6
12
11
7
7
8
6
6
3
6
10
8
8
8
9
13
13
9
8
3
12
14
6
13
3
4
13
7
7
10
8
18
17
16
5
9
7
7
9
12
9
10
4
6
9
5
3
6
8
8
11
9
5
9
7
10
18
19
9
6
11
8
8
13
7
8
8
4
8
6
12
6
8
1
6
5
8
4
6
8
6
11
6
9
4
8
8
5
9
6
6
9
6
3
9
6
15
10
4
5
12
11
3
9
8
9
21
11
11
8
8
3
9
6
6
6
3
3
6
8
3
4
3
9
10
7
10
10
6
8
5
7
11
7
11
7
11
9
7
4
7
0
13
8
7
5
8
7
9
4
8
3
9
7
3
1
6
4
5
4
3
5
6
8
4
2
7
9
11
6
7
0
4
4
5
5
8
5
3
5
8
4
3
7
8
6
6
9
3
6
2
10
4
5
9
6
3
4
8
3
7
6
4
5
5
8
7
6
4
7
7
5
8
5
5
6
7
7
2
7
6
7
9
5
4
2
1
2
9
2
3
5
3
4
3
4
3
6
8
6
5
4
3
2
5
8
7
4
7
10
4
5
4
5
4
3
6
5
6
9
4
4
2
1
8
7
7
5
5
4
2
3
8
5
3
5
6
5
3
7
2
4
5
8
5
1
5
3
5
4
3
2
3
6
5
8
2
5
1
6
7
7
1
3
6
5
4
5
5
7
7
3
6
2
3
2
2
3
4
8
5
4
11
1
4
4
3
6
6
1
1
3
7
4
6
4
3
3
4
5
2
6
7
11
8
4
5
4
3
7
2
4
2
4
7
5
6
4
4
3
5
3
2
4
6
1
7
2
1
5
5
4
9
5
5
5
6
3
1
4
5
4
1
4
10
2
5
3
4
4
4
3
6
3
5
2
2
2
4
3
5
1
2
3
4
2
3
2
4
0
4
3
4
4
2
5
4
4
4
2
1
4
1
6
5
2
2
5
4
5
4
3
5
3
3
5
4
3
4
6
1
4
1
6
2
4
6
5
5
3
5
4
3
3
5
6
3
3
3
7
1
3
2
4
5
3
4
4
2
5
8
1
4
5
3
3
2
1
2
6
7
3
2
4
5
0
5
2
8
1
