radiacao de fundo
0
0
0
0
0
0
0
0
0
0
0
0
1
0
1
178
119
97
95
97
117
99
109
71
74
78
76
104
107
84
82
105
74
71
84
67
441
88
80
142
114
78
97
78
64
89
90
74
78
82
75
91
85
79
76
88
88
85
107
85
83
92
117
110
109
116
107
115
111
141
116
114
107
127
115
128
140
144
144
131
124
162
160
150
134
167
140
162
155
149
171
185
147
152
161
143
194
179
171
185
191
162
172
176
189
161
161
162
176
164
163
185
171
174
157
163
170
172
172
170
162
162
182
165
153
176
171
179
164
175
149
156
142
174
169
145
136
161
154
123
143
131
142
115
154
149
123
150
131
133
130
127
145
144
119
116
105
125
119
107
115
435
205
107
97
112
112
115
122
101
97
107
104
107
115
105
99
107
89
97
81
85
105
96
116
122
84
96
92
82
81
84
83
87
76
80
82
89
72
73
87
86
69
76
71
67
60
74
72
81
57
62
62
56
75
71
70
59
65
60
51
51
60
53
66
55
55
62
64
51
57
45
62
48
32
47
71
72
63
42
52
38
58
38
57
42
59
48
58
37
39
44
41
39
41
27
37
55
48
32
36
44
49
51
39
52
45
38
41
37
26
35
28
31
34
35
34
28
38
32
40
38
37
25
42
34
31
34
38
40
65
21
32
38
27
34
26
25
29
40
29
24
34
26
33
17
27
29
25
26
27
35
20
27
26
20
37
18
24
37
26
26
21
24
24
20
38
21
28
27
33
24
21
19
21
32
20
17
21
31
15
17
24
53
25
24
19
18
15
20
16
13
26
16
26
18
24
14
22
17
20
19
16
19
16
14
19
22
15
16
19
17
17
18
16
25
16
18
15
15
14
14
15
18
19
15
16
20
19
15
15
12
13
15
10
17
17
13
14
12
16
16
11
11
17
21
10
11
14
14
16
12
17
7
16
14
17
15
18
19
13
15
14
18
10
16
14
16
10
11
17
18
8
8
14
16
13
9
16
14
13
21
11
17
12
16
13
11
18
8
13
10
6
12
9
17
14
13
11
9
12
17
10
12
8
14
13
14
10
16
14
10
10
8
10
8
9
8
7
10
15
8
12
11
14
12
7
10
11
8
9
18
18
32
22
9
9
8
9
9
11
14
7
16
16
7
12
10
9
8
8
12
10
6
9
6
8
9
9
6
12
8
12
13
11
10
3
6
6
10
13
8
9
10
6
9
11
8
4
8
6
7
12
12
5
8
10
11
7
7
7
6
5
8
5
10
10
7
7
13
19
19
18
6
2
9
5
12
11
9
11
13
7
3
8
6
9
12
10
5
10
7
7
10
9
29
30
14
9
4
8
11
5
5
9
7
8
3
5
8
7
8
7
7
7
8
14
6
6
8
8
8
6
4
6
6
4
5
9
7
9
5
6
4
3
9
5
8
9
5
5
9
7
8
10
15
14
10
6
8
4
3
3
8
4
3
7
6
8
6
5
2
3
6
7
5
7
6
7
8
5
9
5
4
5
3
4
8
6
8
8
6
3
5
8
6
7
3
4
2
9
8
4
10
8
3
3
8
3
7
6
8
6
8
7
4
9
5
6
6
3
3
10
6
6
8
1
4
2
4
5
5
3
5
8
6
5
6
6
8
7
10
7
7
7
8
7
11
5
5
2
3
2
4
8
3
8
7
7
3
3
2
4
5
6
1
6
6
6
7
4
7
6
5
6
3
4
5
4
7
2
7
8
2
2
6
4
2
9
5
4
2
7
4
5
5
8
8
1
3
6
7
2
4
5
5
2
7
3
9
6
6
6
5
4
3
5
3
7
3
2
1
8
6
2
6
4
6
2
2
3
4
5
2
6
6
6
2
4
6
7
1
7
5
4
4
6
3
0
5
3
3
6
5
5
2
4
6
5
3
5
2
1
2
3
3
4
4
8
5
8
5
7
3
7
4
7
3
6
9
3
3
7
1
2
3
3
4
9
9
5
10
13
6
6
5
1
2
2
0
6
5
3
7
2
3
3
1
8
6
4
2
3
2
3
3
2
2
5
3
4
3
7
3
4
7
9
3
11
3
4
4
2
2
5
1
6
6
3
12
6
10
6
4
9
11
9
4
5
3
5
5
5
4
3
1
5
4
1
3
4
1
5
3
3
3
2
4
3
4
6
6
7
2
1
2
2
1
5
4
1
6
5
4
1
1
4
3
2
3
3
2
4
2
1
7
3
2
4
2
1
3
3
3
4
5
1
3
9
5
4
4
4
6
4
3
4
0
4
2
3
4
4
3
6
0
5
7
3
4
4
1
3
2
2
5
3
10
2
2
3
2
1
1860
