radiacao de fundo
0
0
0
0
0
0
0
0
0
0
0
0
1
0
3
246
155
100
105
128
139
129
115
81
82
80
118
157
106
109
102
92
82
73
76
98
1226
317
85
258
207
72
80
81
55
69
85
88
92
62
72
69
85
66
76
91
82
88
96
92
104
95
91
117
93
124
118
129
122
118
122
131
122
129
141
121
132
134
135
142
134
158
147
158
176
169
142
167
169
194
153
152
179
146
163
185
170
165
140
162
175
175
177
171
161
181
166
189
177
181
173
177
175
176
163
170
155
180
155
171
166
171
170
175
168
146
176
159
168
170
177
167
140
153
144
154
176
141
149
161
146
169
142
123
129
133
152
134
155
143
117
148
131
138
122
115
150
126
126
127
123
121
812
821
122
100
115
113
124
113
103
108
99
112
101
87
112
98
100
108
91
87
80
99
93
100
192
118
97
112
90
80
89
89
74
85
82
91
82
76
71
93
88
73
56
70
49
70
74
68
73
67
86
55
71
70
53
76
56
58
66
71
66
61
65
52
61
60
54
68
50
61
56
52
51
50
48
58
87
79
53
49
68
43
55
41
49
23
46
41
41
46
47
36
46
36
48
45
37
41
59
42
49
40
38
39
39
53
37
44
40
44
40
35
40
36
29
41
33
32
36
48
43
41
31
36
34
39
27
20
31
42
58
30
30
34
26
35
27
33
24
25
25
40
34
27
36
22
26
24
25
32
29
27
32
25
36
21
21
29
20
26
32
22
33
28
33
27
18
29
31
18
26
28
25
20
21
19
18
17
21
20
23
19
23
31
55
26
14
19
12
22
18
24
17
20
16
15
16
22
16
16
19
12
15
18
17
16
20
15
10
15
21
18
15
15
18
21
23
13
18
14
16
17
20
14
13
20
7
15
7
14
10
21
12
23
20
12
13
8
14
21
14
12
19
15
19
12
17
13
12
18
12
18
16
20
11
13
17
15
16
13
10
10
14
10
13
22
11
19
18
9
16
11
11
16
26
16
10
12
9
11
19
14
17
17
11
10
12
11
12
20
18
8
11
11
10
11
15
9
10
8
9
7
12
12
11
9
12
10
7
10
12
9
13
8
5
9
12
10
17
12
12
13
8
16
11
13
13
11
13
10
8
15
14
16
29
38
28
19
8
6
8
15
6
11
15
6
9
11
13
10
6
5
8
11
7
7
6
7
13
10
11
11
6
6
8
8
8
6
9
13
5
5
9
12
13
12
10
6
11
6
3
5
7
9
6
9
3
11
8
6
5
4
9
8
9
5
7
13
5
3
10
11
11
15
20
7
8
10
3
8
8
6
8
8
6
8
7
7
9
8
7
8
7
2
9
4
11
11
45
27
9
9
13
3
12
6
12
8
4
10
5
10
5
8
4
4
3
11
3
8
8
10
7
7
6
7
7
8
3
7
10
5
3
5
3
7
10
7
9
8
8
7
4
9
2
3
11
7
21
18
9
6
7
9
5
4
9
6
6
7
10
3
10
5
8
5
3
2
5
5
8
9
3
6
4
9
5
7
8
6
5
5
4
9
5
9
6
6
7
6
5
6
7
5
1
2
9
4
9
5
6
7
4
0
6
7
6
3
5
7
8
8
8
9
4
7
5
4
2
4
7
8
6
7
6
4
5
10
5
7
9
7
8
5
5
4
1
9
6
5
6
7
9
6
1
8
5
4
8
6
7
9
3
6
3
3
5
5
7
9
7
7
3
4
5
5
6
6
1
6
6
7
4
5
7
8
6
3
8
6
2
7
5
7
6
3
6
2
7
4
8
11
4
5
1
8
10
2
2
3
5
8
5
2
3
5
2
6
6
6
7
3
4
3
4
6
3
2
2
2
6
2
4
7
3
5
4
2
6
4
3
5
3
1
6
3
4
4
3
3
5
3
4
5
6
3
5
5
6
7
4
3
4
3
7
9
5
7
7
7
8
8
6
3
1
5
4
2
7
5
2
5
1
4
6
3
1
6
1
4
3
1
4
6
5
20
5
5
2
7
2
3
3
4
3
9
3
3
5
7
3
1
2
6
3
4
5
6
5
2
5
4
6
6
4
2
6
2
4
4
3
8
4
6
3
5
6
9
6
2
8
2
2
3
6
4
4
2
2
9
9
6
9
3
3
3
3
2
6
4
3
6
1
7
4
2
7
5
6
1
3
4
7
4
3
3
4
6
2
4
5
3
2
6
2
5
2
3
4
4
9
3
1
4
5
1
1
7
3
2
4
5
4
1
6
1
9
4
2
3
5
5
7
3
3
3
11
3
1
3
2
2
2
5
5
3
1
3
1
5
4
8
6
5
2
5
4
3
3
2
3
1809
