radiacao de fundo
0
0
0
0
0
0
0
0
0
0
0
0
5
2
26
362
129
89
89
143
107
121
117
83
74
80
79
86
88
74
92
85
63
99
68
63
75
74
77
84
79
78
63
72
79
71
80
65
75
63
78
74
76
87
81
89
84
88
119
104
104
113
103
119
112
106
109
103
110
122
137
139
140
105
137
130
152
154
136
127
136
162
141
161
127
196
161
160
158
173
155
159
180
153
154
162
159
178
175
150
177
171
165
183
159
179
174
161
163
166
156
168
150
171
140
170
158
162
181
179
173
146
170
172
166
156
156
154
187
147
180
165
158
147
143
169
146
155
148
149
164
135
145
133
165
147
153
120
150
139
138
131
132
127
132
137
131
122
123
133
104
130
101
119
113
96
123
106
116
105
99
98
98
99
84
107
101
102
92
111
104
88
94
92
90
104
92
89
83
89
100
86
94
79
74
90
77
72
65
86
73
69
74
62
63
63
73
96
69
75
82
66
69
66
75
74
48
63
68
71
65
57
56
58
69
59
81
62
71
57
63
59
66
64
62
59
42
60
93
64
62
58
57
44
32
38
37
42
56
56
52
55
44
37
43
50
50
44
43
40
54
39
49
39
47
52
29
30
40
48
36
40
28
35
34
34
33
37
33
40
38
22
33
36
32
39
33
21
26
30
29
36
62
38
33
29
35
29
31
26
30
26
31
22
22
23
37
26
38
23
33
23
28
22
23
22
28
34
27
20
28
27
22
16
23
26
32
26
23
23
27
28
23
28
22
25
28
19
29
21
24
23
26
21
19
39
60
29
24
17
12
12
15
28
21
18
16
20
16
26
21
14
19
24
17
25
19
24
12
26
15
15
15
20
13
12
18
10
21
17
10
21
17
18
12
22
13
23
18
12
19
17
13
17
8
13
14
10
16
17
22
16
12
18
13
14
13
14
23
16
21
21
15
17
7
22
11
18
19
18
13
13
15
12
13
16
12
21
10
22
5
14
18
11
11
9
12
14
15
9
10
16
14
18
11
17
10
11
15
9
16
12
11
16
15
19
18
17
14
6
19
14
4
16
9
16
9
12
9
7
7
7
7
15
12
14
9
17
8
13
9
16
15
9
15
9
8
12
7
9
11
15
8
9
9
11
26
30
25
9
7
8
12
10
8
11
15
7
12
10
7
8
11
4
13
6
16
7
9
7
6
5
8
8
7
8
15
6
12
10
19
6
6
8
8
11
6
8
13
9
12
12
8
10
5
6
6
7
8
10
9
9
6
9
8
8
11
6
7
8
6
7
6
6
16
22
29
9
8
2
7
6
11
4
16
1
8
7
11
6
7
7
7
7
4
9
11
6
11
15
39
28
13
11
8
5
8
7
11
5
5
7
5
3
7
6
1
6
6
6
4
8
5
3
5
3
4
3
6
13
3
6
3
8
8
10
6
4
5
6
10
8
11
4
5
10
4
12
7
5
19
16
7
5
8
9
7
8
6
7
8
2
4
5
6
7
5
8
7
7
3
5
3
8
3
5
6
4
3
6
2
5
6
6
5
11
7
4
5
7
8
4
4
10
6
14
4
5
5
4
5
9
7
7
6
9
5
5
5
5
5
7
12
12
4
6
7
5
4
3
4
7
6
5
5
15
4
4
5
5
4
2
3
10
2
8
7
5
9
8
5
5
8
8
4
7
5
4
7
9
6
6
5
6
5
6
5
3
6
8
3
5
4
4
4
2
3
4
6
9
7
5
5
6
8
6
6
8
5
5
3
2
5
2
4
4
1
4
5
4
3
6
3
7
10
4
1
3
5
3
4
5
3
3
2
6
9
4
5
7
7
4
5
2
6
6
8
6
6
6
3
5
4
2
3
3
6
5
2
3
3
6
9
7
7
5
3
8
5
6
7
5
2
4
0
6
5
5
2
6
6
4
5
3
4
5
4
7
4
9
4
2
2
2
1
9
3
3
1
4
7
1
2
5
4
8
0
3
5
3
1
5
3
3
8
3
6
9
12
8
2
4
3
4
4
1
7
7
2
4
3
3
5
4
4
3
7
6
4
6
5
0
3
4
4
4
6
1
2
5
4
2
5
4
7
1
4
1
2
2
3
3
8
6
7
2
4
8
7
11
6
6
16
10
3
6
7
1
2
4
7
4
4
4
2
1
5
5
7
0
3
4
2
3
3
3
6
5
4
1
2
4
3
6
0
2
2
1
7
6
1
2
4
1
7
4
6
2
3
8
4
6
0
4
5
4
7
2
6
6
6
4
3
4
3
8
4
4
3
7
1
2
1
4
4
4
5
5
5
0
5
5
3
1
9
2
5
5
3
4
2
10
4
1980
