radiacao de fundo
0
0
0
0
0
0
0
0
0
0
0
0
3
2
31
354
257
159
126
142
132
144
128
87
101
105
100
106
105
114
124
95
107
100
106
87
86
88
105
103
83
93
96
102
83
77
76
103
85
93
91
89
105
91
97
88
94
117
147
128
127
104
131
118
121
162
123
143
149
139
145
176
149
151
182
168
184
176
180
171
186
204
196
182
208
190
216
186
191
204
185
221
230
195
184
251
204
228
204
194
221
224
216
226
185
216
238
214
219
208
220
216
225
219
197
201
204
194
216
206
223
214
222
222
213
188
209
211
210
206
195
182
187
175
216
229
212
179
178
183
181
164
189
147
170
169
177
180
178
152
180
158
162
172
176
162
170
145
164
151
157
141
149
155
116
124
139
144
136
144
152
129
115
125
128
106
117
114
116
110
119
115
119
107
147
136
104
108
118
119
115
92
102
81
110
114
98
95
105
105
90
83
98
87
79
98
81
85
96
98
94
83
97
94
80
92
74
84
108
78
80
84
91
56
85
76
74
63
75
74
72
80
72
68
75
79
75
62
132
65
74
69
58
40
60
69
64
57
62
45
55
44
41
46
51
66
48
69
59
56
38
57
45
38
55
39
47
47
58
48
50
51
51
46
42
36
55
43
38
47
38
41
32
38
50
41
36
41
36
38
28
53
86
50
36
34
29
45
35
44
40
25
34
38
41
38
30
30
41
35
26
37
33
35
34
32
26
30
31
30
31
28
29
36
31
38
26
30
32
37
30
30
33
35
28
32
30
32
28
23
25
35
24
26
29
63
65
25
32
13
24
34
17
23
28
27
20
24
21
24
22
24
25
17
26
25
21
24
25
19
17
18
20
19
23
20
17
26
20
24
21
23
25
22
20
23
19
20
17
12
16
17
21
24
20
22
14
21
16
19
17
22
26
9
17
18
17
20
20
29
19
19
18
16
20
15
15
17
17
16
20
18
17
21
13
17
14
17
19
15
18
15
14
20
16
10
10
14
23
13
13
19
20
6
17
11
20
21
13
13
17
17
16
16
22
17
11
10
16
6
15
12
23
11
14
14
16
14
14
12
13
18
17
18
13
14
16
15
13
15
14
10
18
7
11
12
16
4
7
12
9
10
21
15
20
32
20
33
24
18
13
15
9
7
14
18
15
12
11
10
7
11
18
11
4
8
10
18
12
12
12
9
6
10
18
11
6
6
15
8
11
11
10
7
10
7
6
10
10
7
8
14
10
7
10
15
10
7
8
10
11
8
11
11
13
6
11
7
5
7
9
11
10
8
21
24
22
9
11
8
8
6
13
9
8
4
7
6
7
8
12
6
8
13
9
9
9
12
11
27
44
26
11
10
10
7
6
7
7
10
5
13
6
8
9
7
5
8
6
8
12
7
11
10
9
10
9
15
8
7
7
6
6
9
7
7
6
2
12
9
10
6
10
10
11
10
4
7
14
24
28
17
17
10
7
14
7
8
6
9
10
10
5
5
2
2
6
3
7
7
5
10
12
5
5
4
8
8
8
8
9
4
8
3
3
6
7
9
4
7
6
8
8
6
7
7
7
7
6
7
6
6
9
11
6
9
7
4
11
9
8
3
15
4
8
10
8
3
5
10
4
5
6
10
5
6
2
7
5
6
3
2
7
7
5
7
0
9
4
10
3
8
4
2
4
6
7
5
13
6
8
9
8
5
5
12
4
10
10
3
6
5
2
12
8
3
6
3
3
6
15
1
6
5
3
3
10
6
3
3
4
7
8
5
1
9
11
8
7
4
5
8
4
4
4
10
6
5
8
4
4
7
3
7
8
6
8
5
8
9
6
9
8
5
5
3
2
10
4
5
7
7
9
4
4
1
7
4
6
2
4
5
4
7
9
3
5
3
7
4
3
11
3
3
2
4
8
8
4
8
4
3
7
5
7
3
9
6
7
1
2
9
6
7
4
7
7
7
5
5
4
7
8
7
2
3
9
5
5
2
6
5
5
4
4
10
14
16
14
9
3
3
5
4
4
2
5
3
5
4
7
6
4
8
5
7
4
5
8
7
8
5
4
4
7
7
5
3
2
5
9
7
5
3
3
7
4
1
6
3
8
7
10
4
4
9
7
6
7
6
7
10
8
3
3
7
4
4
3
2
5
4
4
6
3
2
7
5
5
3
11
4
2
4
1
7
5
9
2
9
1
3
3
1
1
2
3
10
4
3
8
9
5
4
7
6
2
4
4
3
3
3
8
4
2
10
3
3
6
4
6
4
7
4
3
6
4
5
2
7
4
7
4
7
7
4
5
5
5
5
9
6
2
3
6
5
6
5
4
4
8
8
2411
3
