radiacao de fundo
0
0
0
0
0
0
0
0
0
0
0
0
5
6
23
299
213
126
131
175
137
131
120
106
101
112
101
113
109
106
126
107
96
105
101
114
134
146
132
129
135
117
114
104
107
67
98
74
87
95
91
64
89
110
108
101
87
102
131
118
123
99
101
135
142
136
118
136
136
130
138
175
141
128
151
150
174
158
168
188
180
176
175
166
177
185
181
152
185
211
163
158
183
168
179
191
179
155
194
182
198
197
238
241
239
237
254
260
239
243
280
244
255
263
264
238
214
185
210
208
193
200
151
178
192
137
176
186
165
204
184
148
163
173
174
157
164
167
183
152
164
141
152
180
153
161
158
150
139
120
127
148
138
160
133
130
140
121
138
132
118
134
125
114
131
124
114
112
118
133
127
109
108
98
101
97
122
117
118
73
99
118
87
110
98
92
83
83
109
99
119
93
123
87
92
78
102
86
112
113
76
90
98
79
78
73
66
64
72
83
77
73
72
87
75
66
74
72
77
61
65
62
70
67
79
68
64
59
71
58
58
54
59
60
61
59
60
59
89
72
66
62
61
51
55
58
54
45
56
61
39
55
50
34
54
43
40
56
33
37
46
47
52
48
59
50
49
39
42
38
54
30
36
29
36
36
40
31
31
31
39
28
32
34
43
32
28
44
28
39
40
44
46
34
25
38
32
28
33
18
38
28
31
27
32
34
32
35
28
18
31
30
26
26
34
30
22
35
23
32
23
24
29
35
24
26
23
18
19
23
18
16
32
26
21
22
18
31
23
30
28
27
23
31
34
38
54
20
19
15
19
22
16
16
17
23
30
22
22
23
21
20
16
17
17
22
21
22
9
23
23
18
29
25
20
21
20
18
19
15
20
23
16
26
18
11
18
20
17
19
14
17
21
17
17
19
13
18
20
20
10
10
13
14
14
12
12
11
22
22
15
25
20
12
11
19
16
20
15
15
11
17
11
12
14
14
14
14
15
11
18
12
11
11
17
18
16
12
6
14
10
14
19
6
8
13
12
14
21
13
14
18
12
12
12
17
13
13
13
9
13
10
8
5
14
12
13
4
13
11
10
11
10
13
14
12
12
13
13
10
13
11
11
10
13
14
15
11
11
11
16
11
15
10
16
16
14
26
17
19
14
9
11
14
9
11
11
7
9
16
10
10
8
7
6
14
11
8
7
14
14
14
6
10
10
7
6
4
7
11
12
6
12
10
9
10
11
12
12
13
7
7
10
10
13
5
8
10
13
8
17
2
10
4
6
0
7
14
8
9
9
7
7
6
6
19
19
11
5
7
10
7
7
3
14
4
7
7
10
8
8
8
7
12
9
10
15
14
11
15
31
24
9
6
7
6
6
6
7
7
4
12
5
9
5
10
6
6
7
11
9
7
9
8
5
7
7
9
6
3
6
6
7
8
3
6
8
5
8
12
11
9
3
9
8
12
12
11
10
11
23
10
8
1
5
4
9
7
7
5
8
9
9
6
4
5
9
8
5
10
5
7
12
4
7
5
7
4
12
6
5
12
5
4
3
5
3
7
5
4
4
6
9
5
7
8
6
2
6
6
3
2
7
5
4
7
9
8
5
3
4
4
10
8
8
5
10
2
5
5
2
4
8
6
8
6
11
7
4
8
2
5
7
7
3
3
4
4
5
3
11
6
6
8
4
8
8
8
9
3
5
3
8
2
4
6
6
5
5
8
3
3
10
4
7
4
10
5
3
5
6
4
4
6
5
9
7
5
6
3
5
6
6
6
4
6
6
10
5
0
3
9
10
2
5
9
3
5
3
10
5
6
2
3
5
4
5
5
7
5
6
5
6
10
8
4
3
2
5
0
6
2
1
3
4
3
2
8
2
4
5
5
3
8
1
4
2
1
7
3
5
6
9
6
5
6
4
3
7
7
4
3
3
5
9
7
8
3
7
3
9
0
3
4
2
7
6
4
3
6
5
4
5
3
4
5
4
4
2
4
6
6
4
2
5
3
8
10
12
7
6
2
3
7
6
4
7
4
3
1
3
4
8
5
1
4
5
8
4
3
7
3
4
8
4
4
2
1
3
9
2
4
2
6
4
6
3
2
5
5
5
2
4
1
5
6
4
6
2
6
5
6
11
5
3
6
4
2
11
3
7
5
3
6
5
6
3
1
6
3
5
8
5
3
5
3
5
6
1
8
4
1
6
5
4
3
8
6
6
2
4
6
2
2
6
3
2
3
1
2
0
2
3
8
5
2
3
2
4
2
4
3
6
4
7
6
6
2
5
8
3
4
4
2
3
6
0
3
8
7
3
8
5
7
2
5
4
4
5
4
3
3
2005
0
