radiacao de fundo
0
0
0
0
0
0
0
0
0
0
0
0
4
2
13
179
118
103
140
132
113
113
113
74
95
81
88
109
91
102
85
87
100
81
73
74
86
72
80
87
87
85
99
79
82
78
75
85
75
89
81
85
81
75
86
100
86
94
108
105
101
122
94
111
109
128
115
127
119
112
131
133
159
132
161
135
150
133
156
167
151
162
162
163
174
186
159
185
163
173
157
155
187
196
186
205
195
174
192
182
185
193
197
181
179
193
181
189
217
169
192
190
210
181
186
184
199
184
164
206
155
174
194
163
168
159
178
181
185
159
173
174
162
148
162
182
149
169
145
153
165
157
162
157
145
173
176
133
153
115
139
147
154
133
138
148
131
129
124
117
142
131
128
125
102
116
92
119
108
117
115
93
115
112
119
108
103
103
95
92
82
100
108
107
91
104
93
106
98
120
106
87
97
91
75
93
99
80
91
80
84
81
71
86
70
64
72
90
77
70
78
74
63
61
70
63
67
82
74
68
66
56
67
64
68
79
60
68
59
55
63
68
60
78
54
58
47
59
108
60
64
64
67
58
46
56
56
54
51
40
46
42
43
41
56
51
40
47
55
43
42
54
51
62
46
35
45
39
45
40
42
40
43
44
43
33
41
34
40
38
30
31
44
34
24
33
46
27
39
19
33
45
47
44
29
41
31
31
38
36
42
26
38
26
28
30
29
25
31
29
27
15
32
26
30
26
31
31
31
31
37
26
24
29
28
20
24
26
30
25
27
30
32
28
29
16
25
21
26
21
26
19
21
20
18
45
59
35
19
25
22
29
30
25
26
17
19
27
18
11
26
15
14
14
24
29
16
14
17
18
17
17
26
9
18
17
27
13
14
18
16
25
16
17
21
13
11
9
27
16
16
21
19
22
15
20
18
20
20
16
16
14
27
17
16
16
29
20
24
16
8
20
29
20
17
10
20
14
10
16
13
16
21
13
11
8
18
12
9
18
18
11
10
12
10
13
9
16
11
19
12
18
4
11
9
14
14
14
8
15
10
17
8
13
11
17
11
9
18
12
10
8
10
14
13
12
18
18
10
16
12
12
10
8
12
3
16
9
11
13
12
8
13
11
8
8
13
15
13
13
8
10
9
8
12
21
24
27
9
8
17
7
10
13
11
7
10
11
14
10
9
11
7
14
10
16
7
12
6
12
8
10
13
11
6
8
8
10
5
13
12
11
4
14
11
9
10
9
7
11
5
9
10
9
7
8
6
4
8
6
7
6
10
5
6
6
4
11
6
8
11
11
6
12
14
27
20
12
9
7
7
9
13
7
4
11
8
11
6
7
7
4
4
5
7
13
3
7
13
16
54
14
10
10
8
11
7
6
7
10
10
6
4
7
9
11
3
7
8
3
11
10
9
3
2
9
4
6
11
7
5
5
5
8
10
9
6
9
5
5
5
3
8
12
9
6
11
8
11
26
19
13
7
10
6
9
3
4
3
5
7
10
5
10
9
3
6
3
8
9
5
7
10
14
5
8
6
9
8
5
6
1
4
10
4
6
5
6
6
9
7
9
9
3
4
4
4
7
7
7
7
3
8
10
4
2
7
5
7
9
1
5
10
12
4
6
4
1
7
10
6
2
10
10
8
5
2
2
7
5
1
6
3
5
7
3
6
5
7
5
6
5
2
3
2
10
4
6
8
5
10
11
3
4
4
8
5
3
6
5
7
5
7
7
6
7
5
10
6
7
4
7
7
3
6
7
5
9
3
4
6
4
4
6
4
8
7
3
2
2
6
1
4
5
8
7
3
3
5
3
4
6
8
5
2
7
5
8
4
3
5
1
9
7
6
7
2
4
2
7
5
3
1
6
4
10
4
10
5
4
4
13
3
2
5
9
1
5
4
8
3
10
4
6
2
3
2
4
8
6
5
5
8
3
3
3
2
3
5
4
2
4
2
3
0
3
1
7
3
6
3
2
4
1
5
6
5
3
6
5
5
3
7
6
13
5
13
10
11
4
3
4
1
5
4
3
4
2
7
0
1
2
5
7
6
5
5
5
11
5
5
3
6
2
4
6
5
1
2
4
4
3
6
4
3
6
3
3
4
3
2
4
2
2
3
5
5
3
8
4
5
9
4
5
4
3
7
2
4
3
3
5
5
2
1
8
2
5
4
5
4
5
5
4
2
5
6
6
3
1
1
3
1
3
2
2
4
2
4
3
5
7
5
4
1
3
4
5
5
7
3
3
4
2
8
3
4
3
2
3
2
3
6
3
6
3
2
1
5
6
6
5
6
4
3
2
5
4
2
3
1
4
4
7
6
7
3
3
6
4
5
2
2054
10
