radiacao de fundo
0
0
0
0
0
0
0
0
0
0
0
0
0
1
13
283
125
88
107
140
110
104
92
94
62
94
88
79
99
99
90
90
81
72
68
84
74
84
75
89
81
69
88
85
75
84
80
87
78
75
76
71
79
92
77
92
88
85
90
83
93
96
97
98
100
111
108
97
132
103
116
124
118
136
114
140
151
137
149
174
146
149
147
154
146
156
179
152
171
178
166
156
172
159
185
162
172
190
174
171
166
189
171
188
162
172
169
182
144
166
171
182
178
159
178
168
179
176
153
190
151
188
189
191
164
183
189
152
164
194
195
162
171
147
148
181
166
147
169
126
152
159
133
142
136
150
134
137
130
153
144
138
142
125
139
115
136
114
127
133
130
119
113
127
122
101
120
110
114
107
131
92
111
132
119
113
112
101
101
119
95
96
96
79
89
88
97
94
109
101
97
81
85
85
70
99
67
93
70
87
77
77
88
71
78
71
79
78
58
67
67
86
81
77
65
56
58
61
58
59
67
81
65
72
54
62
57
74
69
55
56
56
64
49
63
52
61
60
85
83
59
69
68
36
49
59
46
49
43
56
36
49
43
50
39
49
52
51
43
52
38
46
53
44
46
44
37
38
59
45
42
44
26
33
44
30
35
33
36
46
42
34
40
41
33
37
28
38
37
38
39
39
65
32
33
25
39
26
26
28
26
43
45
27
33
30
21
29
23
30
19
30
28
35
30
25
29
34
25
21
21
20
25
33
27
19
27
30
26
19
23
21
27
27
26
23
20
20
25
28
25
29
24
22
24
31
53
23
15
18
18
27
24
21
22
17
21
27
25
12
17
16
19
8
15
14
21
22
19
15
16
11
18
11
12
19
21
19
16
9
22
20
18
26
12
16
19
17
9
21
20
11
22
17
22
16
14
23
24
15
12
10
11
14
12
14
12
13
11
19
14
18
13
11
12
15
12
12
12
15
6
21
12
12
12
6
13
10
18
8
12
15
17
17
15
8
12
22
17
21
12
11
13
11
9
11
10
14
11
11
16
13
10
15
9
17
9
17
10
9
15
10
13
14
16
12
14
8
14
6
9
9
11
12
8
17
5
8
15
7
8
7
10
15
8
11
6
11
9
14
12
7
10
12
17
21
26
32
22
15
8
6
16
12
9
11
8
10
16
11
15
10
7
8
12
7
8
16
10
17
9
6
7
10
7
10
5
11
2
18
4
9
10
8
9
10
10
9
5
8
12
4
15
7
10
10
5
10
7
7
11
3
12
13
6
9
7
7
8
9
10
14
10
13
15
18
13
18
7
11
8
11
3
7
6
7
7
4
13
5
8
10
5
7
6
9
6
5
8
19
41
27
13
7
8
6
11
12
8
6
3
4
7
8
6
10
5
11
12
9
5
6
8
4
11
7
5
9
6
7
6
8
5
9
1
7
6
9
5
9
10
1
11
11
5
8
6
4
6
12
26
16
7
7
5
11
6
12
3
11
5
11
6
8
6
3
8
10
2
7
4
2
11
12
8
5
7
5
4
7
5
9
4
4
7
10
4
5
3
9
2
6
5
10
6
8
4
8
6
10
7
4
7
6
2
9
6
7
5
2
5
8
9
10
3
5
3
4
9
5
6
3
5
5
8
4
4
2
2
4
4
7
7
6
4
4
6
9
2
5
7
7
6
4
6
4
5
7
7
2
5
7
7
5
6
3
5
5
3
4
5
5
1
3
4
7
2
6
6
6
5
1
1
7
3
4
8
7
7
5
4
7
1
5
4
5
5
1
7
4
7
5
7
8
5
3
8
11
6
3
2
8
3
5
2
4
3
1
2
4
6
2
4
3
2
5
7
2
5
4
5
2
3
5
10
4
3
4
3
2
6
3
4
6
4
2
4
7
4
3
6
7
5
4
6
5
1
1
4
2
5
6
7
5
2
1
3
4
4
2
4
3
5
2
5
1
5
2
6
5
4
7
2
4
3
1
4
1
3
4
4
5
5
4
6
0
8
14
17
8
5
4
5
1
0
5
2
5
5
4
6
3
4
6
4
3
2
9
2
10
4
6
5
6
6
3
5
2
2
5
2
4
3
3
7
6
7
5
2
2
3
5
7
5
5
5
5
6
11
4
6
5
13
9
5
4
6
5
6
5
4
5
6
4
9
4
3
2
4
3
3
2
7
4
1
1
2
1
5
6
4
2
0
5
4
3
4
6
4
4
3
4
11
4
6
5
6
3
1
2
2
4
5
3
4
4
5
2
4
1
3
1
4
8
3
7
3
0
3
0
4
3
4
1
0
3
4
2
3
3
1
6
3
3
5
6
3
3
7
4
2
2
2
1972
