radiacao de fundo
0
0
0
0
0
0
0
0
0
0
1
0
90
390
48
1367
585
418
383
305
311
345
296
205
138
147
108
116
126
122
117
116
118
100
102
106
103
96
128
123
131
149
159
213
240
242
244
226
230
233
208
192
194
139
174
165
141
139
120
138
151
129
135
134
129
118
163
160
157
151
126
174
154
173
169
154
158
173
144
198
185
189
169
196
148
179
178
163
181
191
194
173
186
148
199
189
176
199
208
167
211
161
183
199
183
190
202
179
155
189
179
177
203
175
192
176
187
167
184
169
165
191
162
161
162
152
167
174
148
158
155
136
141
136
150
162
166
145
168
134
154
151
150
155
150
146
127
122
129
128
131
126
136
141
119
106
109
104
120
107
132
112
97
94
112
103
127
109
81
95
85
79
88
115
96
81
83
95
86
89
89
88
86
82
83
92
105
72
81
78
75
91
101
75
89
70
70
83
79
83
76
66
75
64
92
54
74
75
74
55
64
55
68
71
62
66
65
68
56
71
59
78
55
56
78
87
69
65
47
42
46
66
62
42
51
57
48
48
44
44
44
43
41
36
43
51
49
38
46
54
39
61
53
54
53
47
65
41
55
39
50
41
41
41
62
42
38
39
48
32
37
39
34
45
41
49
34
38
40
23
33
30
18
31
42
38
31
26
37
29
21
30
30
27
28
32
31
31
34
28
35
29
39
31
34
39
25
28
33
44
27
37
26
25
36
36
34
39
26
32
38
36
31
29
42
38
37
38
22
30
30
18
24
22
15
32
39
28
18
22
20
11
19
19
17
12
15
23
15
16
24
17
25
20
25
17
19
14
16
20
11
28
20
15
18
15
19
18
15
17
20
14
13
13
25
19
14
20
14
23
22
20
28
10
18
16
20
24
24
20
16
17
12
15
17
13
15
22
22
23
18
27
9
14
24
13
14
23
17
15
16
14
18
13
14
19
13
20
17
16
20
25
18
11
16
21
11
15
9
10
14
10
17
23
3
19
10
16
6
10
13
11
11
10
15
14
12
15
13
12
16
12
15
8
9
7
13
11
14
11
8
6
8
14
11
14
9
16
16
21
20
14
16
12
10
9
14
7
10
6
11
7
9
15
14
10
13
7
14
7
6
8
8
11
15
10
7
8
12
8
4
14
14
11
8
9
8
12
6
8
5
8
4
5
6
9
11
11
17
6
16
9
11
10
9
7
8
11
11
10
8
12
12
14
8
13
8
13
12
8
9
10
7
6
8
8
6
9
8
8
8
11
12
8
11
24
21
16
13
9
13
8
3
7
5
4
9
10
13
10
4
7
10
13
9
19
6
9
5
11
6
0
7
4
3
7
7
5
11
14
4
4
5
6
10
7
15
12
4
12
11
6
6
11
13
10
6
13
4
3
8
4
10
9
13
9
4
2
12
7
10
5
14
11
8
9
3
6
9
4
7
4
5
8
9
4
6
4
8
5
3
4
9
10
6
5
7
6
4
3
9
3
6
5
7
10
4
5
6
6
4
7
6
7
4
10
6
3
1
8
6
7
4
3
7
4
6
7
5
5
3
6
7
10
5
5
6
7
7
11
4
7
6
4
3
5
6
5
5
2
5
6
2
5
4
8
4
3
2
10
6
7
10
9
8
7
7
5
2
4
5
6
6
5
7
5
2
3
2
8
3
6
2
5
5
5
5
4
4
6
2
4
6
8
7
4
3
1
2
2
2
3
9
3
2
5
6
9
4
5
2
5
6
3
2
4
7
2
3
4
6
3
2
7
8
5
2
6
7
0
7
7
7
6
8
4
4
4
3
5
1
3
0
5
6
3
2
2
6
8
2
5
3
5
5
7
2
2
1
6
6
2
4
4
1
2
5
1
3
3
10
4
8
2
7
5
7
11
1
6
3
5
4
6
4
2
1
5
4
5
4
6
3
2
3
4
5
2
3
3
7
6
2
5
8
4
6
1
8
4
6
6
4
3
8
2
6
1
1
4
4
3
7
3
6
3
7
5
5
5
6
6
6
2
3
3
3
4
5
4
2
1
3
8
4
1
5
4
2
8
4
6
3
3
4
1
8
7
3
3
3
3
6
9
7
5
10
5
3
4
2
3
5
2
1
5
1
5
4
3
6
4
3
2
4
2
0
6
1
3
5
8
6
6
3
6
4
3
4
2
3
3
3
4
4
5
2
3
2
5
2
8
0
9
2
3
4
5
5
4
3
2
3
4
7
2
2
7
2
2
3
4
7
3
6
2
4
5
2
3
1
1
5
4
4
2
2
6
3
11
0
4
6
4
6
1
8
3
2
2
7
3
5
6
3
4
9
5
1
6
1
1
5
1735
