radiacao de fundo
0
0
0
0
0
0
0
0
0
1
1
0
0
0
51
655
219
104
118
127
113
133
94
76
73
85
80
102
79
89
81
86
73
72
63
66
90
77
77
78
78
81
81
72
64
79
76
75
58
90
72
76
87
97
76
84
83
98
83
90
98
110
85
90
107
110
127
115
125
127
106
126
114
133
138
113
117
119
127
132
159
158
139
141
146
150
179
165
151
156
170
148
165
164
160
152
179
152
175
179
179
181
154
168
157
164
175
166
151
157
148
185
195
152
171
154
152
167
155
187
150
161
154
151
180
171
177
157
168
173
149
148
162
169
164
180
131
149
161
153
132
155
150
121
143
129
145
150
135
119
109
117
117
123
140
139
122
141
132
120
111
103
119
127
82
97
116
93
97
109
93
113
100
103
107
114
88
74
105
87
95
92
74
102
70
77
96
77
114
91
98
73
82
73
98
65
69
71
98
75
80
91
83
80
67
89
77
76
73
67
62
76
60
66
71
71
71
56
53
66
69
64
58
69
69
66
59
72
60
40
63
51
56
60
58
60
62
53
102
58
48
57
56
48
49
41
56
43
47
50
46
42
53
45
47
48
42
53
33
44
45
35
33
35
32
34
44
49
44
36
29
35
41
35
37
19
28
35
30
44
40
31
30
34
33
34
38
36
28
31
45
27
58
38
17
33
25
23
26
40
23
29
29
24
27
22
30
27
27
28
29
27
23
38
24
25
31
25
28
27
23
25
24
25
17
26
22
9
16
25
28
25
26
29
21
27
22
15
27
21
23
20
16
19
29
49
51
18
21
14
20
21
13
24
25
8
25
21
23
21
12
18
23
19
9
20
18
11
20
18
13
10
14
15
19
17
18
22
10
24
21
14
18
17
15
18
19
12
17
16
17
12
17
15
16
16
15
17
19
19
15
18
14
16
18
13
17
10
14
15
12
12
22
17
18
22
16
8
12
19
17
10
14
18
16
19
19
17
11
14
13
10
14
13
13
15
13
15
11
14
19
16
20
14
10
15
15
14
12
14
12
14
17
12
17
13
10
9
7
12
11
11
11
8
8
17
10
11
18
12
7
8
15
3
11
10
18
17
12
8
8
11
8
6
15
9
13
12
16
15
8
6
10
13
14
11
19
27
15
10
7
8
14
7
9
9
8
16
6
9
13
14
6
7
3
12
10
6
6
7
7
9
7
12
8
10
9
13
6
5
13
4
11
5
10
7
12
6
9
10
11
6
9
12
9
9
10
5
10
8
8
14
18
6
5
11
7
5
9
6
11
3
5
6
13
22
21
15
6
3
9
6
7
7
7
11
8
6
9
8
6
5
3
8
5
6
7
8
8
19
28
23
4
6
4
10
5
7
8
9
4
6
8
7
5
5
8
7
11
4
4
5
5
10
5
8
4
8
8
6
5
5
8
5
4
8
6
11
6
9
4
11
5
6
2
2
5
6
15
23
30
9
7
8
5
3
6
10
5
8
5
2
4
2
6
4
4
8
6
8
2
6
8
9
5
6
7
6
4
4
7
7
3
4
4
4
3
2
6
6
5
12
5
5
7
7
10
8
6
4
6
11
6
5
7
6
6
6
4
8
11
12
6
3
8
2
4
5
5
4
4
5
5
7
3
2
6
6
5
7
6
2
6
2
3
5
8
4
2
5
6
7
11
6
7
6
3
6
5
7
4
1
7
6
6
2
9
6
7
3
7
2
4
6
10
8
8
5
9
7
4
5
4
3
2
9
5
6
3
5
7
5
4
5
8
2
4
3
5
8
7
6
7
3
0
6
7
6
3
3
2
3
3
2
5
8
2
3
2
9
8
6
4
4
4
3
4
7
5
6
4
5
5
8
4
4
4
5
4
6
4
3
4
6
4
2
3
5
4
5
4
7
1
4
6
5
4
5
3
5
6
2
3
2
4
6
3
1
2
3
3
5
1
1
2
6
6
5
5
4
2
2
3
3
3
2
5
3
2
4
7
1
3
4
4
3
11
10
10
7
2
7
6
5
2
6
4
7
5
4
4
1
6
4
3
2
6
4
8
5
4
3
2
4
0
2
4
2
1
0
3
3
4
1
1
4
7
0
2
7
3
3
2
4
4
5
4
7
4
4
7
10
6
4
7
4
2
6
1
5
9
2
2
2
3
6
6
2
5
3
4
3
3
4
5
3
4
3
0
4
1
2
6
7
6
1
3
0
3
5
2
2
4
2
8
2
2
5
0
3
3
5
5
2
5
3
2
3
4
5
2
3
3
6
2
7
4
5
3
5
6
4
2
3
1
0
3
3
5
6
6
2
1
1
4
3
5
4
1
3
7
7
2
1865
