radiacao de fundo
0
0
0
0
0
0
0
0
0
0
0
0
1
0
24
250
175
142
123
129
116
113
107
90
77
79
94
108
93
93
112
85
65
77
77
62
101
82
78
85
98
98
75
82
78
68
69
78
87
81
82
88
94
73
95
102
93
85
103
96
117
104
101
132
125
139
132
116
111
128
110
130
142
140
161
146
152
165
154
145
143
181
169
166
160
183
163
181
143
163
143
159
182
173
189
183
197
175
181
182
194
171
210
162
197
179
200
165
197
189
178
182
189
206
179
182
191
169
171
161
166
208
173
177
181
157
167
187
174
196
178
163
172
177
166
165
173
177
180
163
156
161
140
145
117
142
166
146
145
148
160
150
142
134
128
133
137
128
141
132
129
155
121
120
125
107
126
109
131
121
121
105
85
99
113
111
115
100
91
102
94
109
99
104
105
89
96
98
113
89
91
84
89
81
85
80
78
77
77
100
89
89
88
66
84
76
78
72
80
73
78
71
67
71
69
81
61
76
65
61
70
61
66
72
47
60
65
62
67
70
71
53
48
58
64
61
56
58
102
82
57
65
46
48
54
49
42
50
58
48
45
49
26
48
38
53
49
58
45
37
41
42
52
48
41
40
60
39
40
56
38
45
37
42
48
36
29
36
40
43
31
32
43
42
37
40
29
33
38
35
32
34
53
32
29
31
42
33
34
24
26
23
38
23
28
20
50
36
26
24
24
17
27
26
26
27
37
27
26
27
24
17
26
19
25
32
26
28
32
26
19
21
26
26
25
24
15
26
21
23
22
18
28
31
23
40
57
31
20
29
21
36
19
16
21
19
17
30
23
20
14
25
18
21
13
19
24
19
21
22
31
14
25
21
19
22
18
14
19
23
21
19
12
14
19
17
14
15
7
18
26
11
20
23
12
23
13
13
17
11
13
19
15
15
15
18
10
19
17
16
13
17
18
10
13
24
16
19
16
17
19
20
19
18
13
12
19
9
14
13
14
18
13
8
12
16
7
12
14
14
7
11
6
17
13
15
10
20
15
11
18
21
31
10
11
13
13
21
17
13
21
7
11
10
6
15
10
14
10
13
6
17
12
19
9
9
10
6
18
13
3
10
15
8
6
13
12
10
14
7
11
21
14
16
22
13
22
17
13
16
13
10
9
5
5
14
7
10
14
7
8
11
11
7
14
8
9
7
10
5
9
9
11
11
7
8
10
12
10
9
14
3
13
11
10
10
15
17
13
15
12
9
3
7
10
7
11
8
11
10
10
4
7
7
13
7
11
11
8
7
7
8
14
13
21
20
24
7
8
7
6
12
2
12
6
13
10
4
16
9
7
10
10
4
8
11
10
12
7
21
46
26
11
11
10
4
11
14
7
7
6
7
6
12
8
8
10
5
6
10
3
10
9
4
8
7
7
12
6
3
6
2
9
9
9
8
14
7
11
3
8
8
2
8
8
10
7
5
11
11
26
20
10
8
7
5
11
2
5
3
5
7
10
6
5
4
8
3
9
6
5
5
7
5
7
6
3
3
4
9
8
5
7
10
10
1
0
7
4
4
9
6
4
7
7
3
13
2
8
3
9
8
4
3
7
5
3
6
7
7
10
3
11
7
12
8
15
3
3
8
8
7
3
4
4
6
5
6
4
7
11
7
5
9
7
5
7
9
4
6
10
4
7
5
7
7
6
6
7
4
6
9
8
6
13
14
7
8
1
4
4
8
6
3
3
9
6
2
3
6
8
6
5
9
3
6
6
8
9
5
4
8
7
5
6
3
3
7
6
10
9
2
4
1
7
3
9
8
4
5
3
3
9
5
3
3
3
6
8
5
4
3
4
4
7
7
5
3
4
2
5
8
6
6
3
3
7
5
10
5
2
4
6
3
3
4
6
7
7
6
3
5
7
5
3
4
3
2
2
5
6
4
2
5
1
3
1
4
3
1
4
3
4
5
3
0
5
4
6
3
7
5
6
2
6
3
6
2
3
5
4
4
4
1
6
11
12
11
11
4
4
4
2
3
5
4
6
3
6
4
7
1
4
5
5
5
4
4
6
3
6
3
6
3
5
2
3
6
10
3
6
4
5
1
8
2
5
6
5
3
3
2
2
2
5
4
8
3
5
2
5
6
10
11
5
5
4
3
3
1
6
2
5
5
1
5
5
3
2
6
2
9
2
2
5
6
4
8
10
3
3
2
9
4
2
4
1
1
9
5
1
5
2
2
4
4
5
5
4
4
5
2
5
4
7
4
3
2
8
3
3
1
6
4
4
7
5
3
2
4
2
4
7
3
3
2
4
8
3
6
5
4
2
3
3
5
1
6
2
2
3
3
2055
0
