radiacao de fundo
0
0
0
0
0
0
0
0
0
0
0
0
0
0
25
345
220
75
112
122
117
122
109
76
73
76
75
94
81
79
77
83
70
82
76
61
87
75
79
83
75
70
74
91
68
74
61
83
58
78
67
64
80
88
78
87
88
82
112
91
77
100
102
104
96
105
117
124
128
124
121
120
127
138
146
131
121
143
151
138
137
174
138
145
132
139
142
149
150
150
165
152
186
169
176
186
163
162
187
160
187
160
169
167
180
169
171
174
153
166
175
157
162
153
170
165
151
136
154
189
183
170
181
174
183
170
168
154
176
171
145
148
143
127
162
125
135
151
164
138
135
123
137
162
132
126
118
127
146
126
144
137
139
135
102
115
111
142
106
144
123
123
138
115
127
108
122
93
117
110
95
102
94
112
103
117
103
90
91
121
83
99
90
97
102
114
93
73
101
83
93
90
75
84
75
63
76
68
70
80
78
67
97
88
80
73
80
82
51
73
71
63
62
66
70
66
58
77
62
57
62
60
72
57
65
66
55
61
57
55
57
56
44
57
61
46
58
56
80
55
50
64
49
40
47
43
51
31
51
51
48
37
44
47
43
42
46
37
54
31
34
47
42
47
32
40
39
44
35
32
37
45
29
43
32
43
33
24
42
43
33
28
29
29
35
37
40
29
39
38
23
33
46
32
25
35
38
32
22
27
27
34
24
20
24
29
25
22
32
31
25
26
21
24
27
22
23
33
25
21
26
18
21
30
26
18
19
19
23
20
14
21
18
25
34
30
28
20
26
20
29
28
19
21
23
36
50
20
28
31
17
21
17
28
18
26
19
21
20
14
10
20
20
19
15
11
16
21
20
10
17
26
15
11
19
15
17
22
22
25
21
17
14
15
12
16
14
15
16
16
17
19
16
19
18
19
16
16
19
23
13
19
13
10
18
13
12
14
13
19
9
24
14
11
14
16
22
17
12
15
15
22
10
13
15
19
13
10
18
16
18
16
13
20
11
15
13
13
21
13
12
13
15
14
14
9
17
16
16
17
20
17
11
11
13
15
10
10
8
14
14
7
11
10
15
13
10
10
13
13
10
6
10
10
19
17
12
8
14
11
7
10
12
12
14
16
13
14
16
9
11
8
13
17
7
13
22
34
20
12
18
8
15
10
6
12
12
8
5
9
7
7
5
8
5
9
8
9
9
11
7
8
4
8
7
8
9
11
9
8
7
10
9
9
12
9
13
7
6
8
14
11
8
10
8
10
8
9
8
8
13
10
9
7
9
8
11
7
5
11
9
6
9
12
13
23
19
14
8
9
10
8
11
6
4
10
11
11
3
9
6
8
6
12
1
7
8
6
12
13
25
24
0
5
7
5
7
6
10
6
7
5
10
2
14
4
6
4
6
9
4
11
8
4
2
9
7
3
3
4
6
4
6
4
5
7
3
6
3
5
4
3
7
6
7
9
2
7
8
17
25
7
5
2
10
7
8
10
5
8
6
1
6
1
7
9
5
4
6
11
10
8
4
6
4
9
5
7
5
3
4
8
6
5
8
2
6
6
8
7
5
3
5
1
3
5
2
9
3
5
6
7
2
7
12
8
10
6
6
4
5
4
13
12
11
5
5
8
7
3
6
2
4
5
5
8
6
9
4
7
2
8
6
11
0
0
8
9
4
1
5
5
10
4
4
3
4
4
8
6
10
6
4
3
7
6
5
3
9
4
2
5
3
3
3
6
6
6
4
3
4
4
8
4
0
6
3
3
2
7
9
3
5
7
7
4
4
3
7
3
2
4
6
2
3
4
8
3
4
4
4
6
3
1
8
4
3
5
4
5
8
3
1
4
3
1
4
3
6
2
3
5
5
2
6
2
3
3
8
7
4
5
6
2
6
5
2
5
8
9
4
8
6
4
2
4
7
1
6
4
6
3
4
5
5
7
5
6
2
2
8
3
6
5
3
2
6
5
2
2
3
6
4
4
2
2
6
6
5
1
7
6
4
5
2
8
8
10
6
3
4
4
6
4
2
2
9
1
3
2
4
8
6
0
4
5
5
5
3
3
5
7
1
3
9
2
4
2
3
7
5
7
4
7
1
1
4
3
3
2
7
4
5
2
2
3
7
2
16
2
7
6
11
8
4
6
6
2
2
4
2
3
4
4
4
4
4
2
4
2
2
10
3
3
2
6
5
1
2
2
5
3
0
2
2
3
2
4
1
4
6
4
2
3
4
4
5
3
5
7
3
3
2
7
3
3
3
3
3
1
6
4
1
1
4
1
2
4
4
3
3
4
3
5
5
1
1
1
6
4
2
5
3
3
5
4
6
6
5
8
2
2
2
1969
