radiacao de fundo
0
0
0
0
0
0
0
0
0
0
0
0
1
0
20
339
166
98
77
127
83
100
107
90
86
82
89
81
77
69
91
82
78
69
79
76
77
68
76
74
71
72
71
68
68
87
65
75
85
66
78
66
77
87
99
95
88
86
85
89
108
101
90
96
103
117
104
102
129
116
126
108
126
155
152
146
141
136
135
146
168
156
165
154
162
159
177
176
175
172
140
162
146
167
173
177
177
181
189
165
175
178
168
152
152
168
180
185
185
165
170
157
163
182
186
171
159
196
170
178
179
165
169
161
185
133
153
174
169
160
176
147
162
152
163
138
141
139
138
167
140
140
140
142
135
140
126
155
146
132
118
143
138
122
109
113
123
126
133
120
102
120
110
102
127
102
100
108
115
120
124
113
100
90
91
102
101
89
112
91
91
107
99
100
92
80
92
87
106
82
95
88
83
96
87
73
89
81
71
70
75
74
73
58
66
73
82
72
75
71
71
60
75
60
78
51
55
72
65
67
71
65
68
61
70
69
55
79
59
58
59
60
49
55
48
52
55
54
97
69
49
63
45
40
46
43
50
38
41
47
45
46
46
36
42
34
41
48
36
48
36
41
43
37
36
38
31
37
49
26
29
35
41
41
46
52
18
37
39
40
34
29
33
32
28
30
35
26
36
36
36
33
49
33
43
26
36
27
33
23
28
41
21
25
35
37
20
32
27
22
27
20
32
16
21
40
29
31
22
19
24
19
25
29
28
26
20
27
18
20
22
24
19
31
22
25
23
24
27
17
24
24
25
27
17
45
56
24
16
17
19
9
20
19
19
21
18
13
25
22
17
24
21
17
11
23
16
22
16
14
25
27
14
12
20
23
12
24
9
24
10
27
15
16
16
16
16
14
20
15
21
19
14
20
25
21
14
13
16
12
16
11
12
9
16
17
10
22
14
16
8
14
19
7
17
15
18
11
14
15
14
20
14
14
11
16
8
11
10
18
14
11
7
13
18
12
7
12
8
9
19
11
10
17
16
9
20
14
19
10
8
14
11
9
13
6
9
11
10
12
9
10
18
12
9
13
9
11
8
11
14
12
9
10
7
13
12
15
13
13
12
17
10
6
8
16
9
14
12
4
7
10
9
12
19
13
26
14
14
7
9
12
11
4
4
10
15
12
9
10
11
9
10
11
7
8
9
2
8
4
5
3
9
14
5
11
17
8
10
9
7
12
6
7
7
11
10
12
10
8
14
11
10
8
8
9
6
6
15
10
11
8
7
6
9
7
9
10
10
14
12
4
13
10
6
23
19
9
8
11
6
12
11
7
12
9
5
14
12
4
5
2
8
5
8
10
9
9
14
10
39
26
14
6
8
3
7
6
7
9
7
3
10
10
7
11
6
6
14
8
9
7
5
10
5
7
6
7
5
4
4
11
8
13
6
8
10
2
6
7
6
9
7
8
2
3
5
6
9
12
20
11
9
3
6
6
4
9
6
2
4
7
14
7
7
4
11
5
2
9
5
10
11
3
5
3
8
9
4
6
6
1
3
5
6
8
7
7
5
11
5
6
1
4
9
4
7
5
3
3
6
2
8
4
6
3
2
4
8
6
8
5
9
10
8
6
3
2
6
2
5
7
6
8
10
10
7
8
2
4
3
8
8
5
2
8
4
4
3
3
4
7
7
10
7
3
3
6
4
2
6
6
8
0
5
6
5
6
7
6
3
4
2
4
2
6
2
6
7
4
4
3
1
3
6
3
6
10
5
5
10
4
4
5
6
3
3
5
5
4
4
2
2
11
5
6
5
6
8
6
3
4
2
4
4
5
2
2
2
4
4
1
2
4
4
11
6
2
5
7
5
7
6
4
6
6
5
4
3
1
3
5
8
3
4
5
5
6
7
6
4
11
1
6
7
5
6
6
9
5
1
2
8
6
1
3
3
6
2
6
2
8
2
2
5
2
3
7
3
4
5
7
5
1
5
3
3
3
4
0
6
4
2
6
6
1
6
16
17
5
3
3
2
4
5
5
5
5
2
2
5
2
6
6
1
6
5
5
5
7
6
2
4
9
5
3
3
3
7
3
3
7
3
8
9
4
1
5
5
4
4
5
9
3
3
5
6
5
5
4
8
7
11
9
5
4
5
4
3
3
3
5
2
5
6
4
5
4
2
2
4
4
5
6
6
6
3
6
5
3
4
4
4
5
3
7
2
4
5
4
4
3
4
2
1
3
1
4
3
4
2
2
4
4
7
4
5
7
7
5
1
2
2
4
3
4
4
1
5
2
3
5
3
2
7
1
5
1
3
3
3
5
4
6
4
2
4
5
5
6
4
2
2
1920
