radiacao de fundo
0
0
0
0
0
0
0
0
1
0
0
0
211
401
27
1018
623
316
216
164
138
155
129
107
70
91
103
99
115
107
92
108
85
77
93
98
95
92
114
117
99
118
112
123
129
150
126
140
150
115
147
138
129
122
126
117
114
117
97
98
128
127
118
133
138
143
134
135
119
145
152
149
152
151
143
181
172
171
161
161
181
170
175
157
165
172
154
172
153
234
194
189
198
164
170
205
193
199
176
183
204
183
170
199
183
186
160
181
190
173
159
184
175
194
195
178
184
157
204
191
180
163
165
160
157
200
144
180
159
158
152
178
162
181
149
152
151
142
145
143
130
149
144
142
152
149
152
135
151
140
129
143
134
124
145
132
135
105
123
101
127
122
124
112
96
131
98
118
112
115
91
105
101
98
90
106
89
85
86
95
89
93
93
103
89
99
92
85
74
86
86
79
74
75
76
87
74
62
67
83
85
75
79
64
82
77
73
68
66
90
66
78
71
68
79
80
64
65
68
61
74
64
54
73
63
90
80
64
67
46
52
85
65
64
53
63
40
49
43
68
47
67
52
46
50
50
50
74
42
44
54
56
59
61
71
70
61
58
86
64
69
63
55
46
56
42
53
55
39
33
45
43
46
50
36
48
49
25
39
42
36
31
33
40
32
42
30
36
31
29
28
33
40
32
39
38
37
49
43
53
43
50
52
58
69
49
46
54
54
61
43
48
55
45
44
37
26
40
30
24
29
27
26
24
21
27
50
19
21
26
25
24
22
20
30
34
30
14
18
14
23
21
26
25
22
23
24
18
17
23
22
22
16
21
22
11
25
12
18
14
16
18
32
16
27
18
14
16
16
20
16
23
19
32
21
18
16
14
24
22
19
21
17
23
9
5
25
27
20
26
26
22
27
26
24
22
24
22
15
24
23
23
23
19
21
20
19
18
15
20
16
12
8
14
13
9
16
13
14
10
13
14
12
10
7
16
17
8
18
11
11
14
16
12
12
8
16
11
18
11
8
14
13
16
7
5
14
5
10
3
12
21
14
7
12
16
12
10
10
12
12
7
10
14
13
10
10
16
23
19
7
15
9
10
14
7
14
9
23
16
8
13
17
17
11
12
9
6
6
14
14
8
10
12
12
12
10
8
8
15
8
13
12
10
7
11
13
9
9
9
10
12
17
15
13
12
10
5
14
11
5
10
6
10
9
14
8
5
12
11
15
10
15
20
14
8
3
11
6
6
13
8
9
11
10
7
14
9
19
13
10
11
7
6
10
14
20
26
14
8
12
4
7
7
5
5
8
6
8
11
4
8
19
11
5
6
7
8
18
5
4
7
6
11
10
7
8
11
3
6
8
14
7
7
10
9
5
5
9
6
10
9
12
9
15
7
6
2
4
11
4
4
4
16
7
7
4
5
6
3
13
8
6
8
5
4
7
8
5
7
6
4
4
5
7
8
5
9
7
8
6
7
5
4
13
2
6
5
5
1
8
7
15
5
8
9
9
8
5
8
5
10
3
7
5
7
8
7
7
6
9
11
6
10
4
3
5
5
8
6
6
10
2
5
5
5
3
6
4
2
8
10
4
8
3
3
2
4
8
6
6
7
4
3
7
6
9
3
5
1
6
6
4
2
4
11
5
2
7
7
6
3
8
4
8
6
2
9
2
3
7
6
4
3
7
2
6
8
4
5
8
4
2
4
6
6
6
2
5
4
8
6
7
5
1
5
1
6
4
5
4
3
4
4
2
6
4
4
4
5
1
6
2
5
2
12
6
3
8
6
2
7
7
1
4
5
5
6
4
2
7
5
0
1
3
8
6
5
7
5
4
2
6
10
5
4
4
4
4
4
4
4
2
5
3
5
4
3
8
2
2
2
3
4
3
5
10
12
7
6
3
3
3
4
4
4
4
4
5
5
4
5
3
3
2
3
8
2
3
7
9
5
7
3
4
4
7
3
4
2
1
1
2
5
6
2
8
4
5
6
6
0
5
2
3
1
3
5
6
8
8
4
1
4
3
4
5
6
2
2
7
5
7
4
4
5
4
4
3
4
2
4
4
2
13
6
2
2
4
3
5
6
5
2
2
8
5
3
2
6
1
5
4
3
2
6
4
3
0
4
4
5
6
1
3
3
6
2
2
1
4
7
2
5
6
6
3
2
4
1
3
3
5
3
4
4
4
6
1
2
8
0
5
5
2
2
7
6
5
5
4
6
6
7
2
1
5
5
2
5
2
1
0
6
8
6
7
7
1
5
2
3
3
4
3
5
5
5
2
6
4
2
1
4
4
0
7
4
3
6
4
7
3
6
8
5
4
4
3
4
1
2
5
1842
