radiacao de fundo
0
0
0
0
0
0
0
0
0
0
0
0
0
0
50
392
170
81
100
113
116
107
106
97
80
74
115
101
81
109
87
84
85
91
60
77
82
88
84
106
80
71
97
69
81
73
80
76
83
92
94
97
77
98
102
92
106
94
108
112
96
119
115
123
121
111
107
135
124
127
111
126
151
143
154
137
138
156
143
172
124
150
157
178
162
192
170
194
182
167
169
209
171
178
198
201
174
175
174
190
185
198
200
206
198
190
180
189
178
195
172
207
185
204
202
175
170
183
181
175
169
184
188
184
167
156
177
175
196
184
162
177
171
185
165
175
164
168
155
139
135
156
160
160
166
154
149
145
136
155
155
152
127
156
128
139
142
141
138
151
136
144
114
124
126
133
124
107
121
131
106
115
112
117
102
114
110
97
123
104
103
108
97
85
89
91
119
103
108
95
88
105
91
96
95
107
89
93
89
78
78
76
87
78
87
83
78
78
87
93
86
73
71
76
73
62
70
89
76
68
62
73
82
66
72
52
73
57
61
71
67
77
49
60
72
60
50
63
113
74
57
70
49
59
51
43
54
52
52
54
51
50
55
34
46
35
56
49
51
55
33
42
28
39
52
42
44
36
44
50
49
35
44
31
39
43
42
41
47
49
43
49
46
37
30
35
32
25
38
40
31
45
52
45
34
24
33
36
46
33
38
26
22
41
33
32
28
26
28
25
31
29
29
32
22
41
28
37
31
23
22
36
24
31
30
26
27
29
25
22
36
26
31
33
36
24
28
34
22
28
16
25
22
21
27
57
53
25
19
23
25
22
19
22
23
16
24
25
14
18
22
17
25
25
21
13
23
13
18
27
13
18
21
19
15
18
20
17
17
21
21
22
21
22
12
18
16
21
18
13
15
19
22
17
19
16
21
20
20
22
17
14
23
16
15
17
9
14
24
24
11
17
12
15
9
17
23
13
15
16
13
16
10
14
10
14
8
14
13
19
11
22
10
20
13
10
19
13
11
16
11
13
12
6
18
17
15
8
13
5
11
19
14
12
14
9
11
9
18
10
14
15
10
17
10
4
12
16
18
16
9
14
14
13
11
17
16
10
14
8
12
20
14
5
10
4
15
17
13
18
11
13
7
8
15
24
21
26
16
19
14
6
8
10
8
13
12
10
8
12
7
14
10
7
16
9
8
7
9
4
5
11
8
8
11
13
15
10
8
7
11
14
11
12
7
10
11
10
10
6
8
10
9
10
5
17
5
10
4
8
13
9
8
10
6
13
7
14
8
10
12
7
10
11
7
30
19
10
7
9
7
9
10
9
10
4
9
9
12
8
16
6
10
6
4
12
9
7
11
28
44
21
13
5
15
7
5
9
5
3
9
9
10
6
9
3
8
5
8
8
4
8
7
6
10
6
6
13
2
4
4
13
8
3
12
7
12
8
8
10
7
4
7
4
10
6
6
10
10
17
24
9
8
3
6
5
10
7
5
3
6
5
4
2
2
4
1
5
8
1
6
4
11
7
5
6
7
9
11
4
5
1
2
6
11
7
7
9
6
5
6
5
7
2
10
7
5
5
4
5
8
6
10
6
1
12
9
5
8
6
6
7
5
6
8
5
3
9
9
4
12
8
11
7
5
3
4
5
1
7
6
5
5
2
4
6
4
6
3
6
5
5
8
3
3
6
7
7
4
5
7
5
6
5
2
5
8
7
4
6
3
1
5
2
5
6
5
7
4
5
3
4
6
6
4
3
5
7
5
3
9
3
3
5
7
3
3
9
2
3
3
7
3
5
5
4
1
4
3
8
3
2
4
6
4
8
5
3
4
5
1
7
7
4
4
8
5
7
8
4
9
6
6
1
2
3
8
6
3
7
7
8
10
4
2
2
6
4
5
1
6
4
3
4
2
9
5
6
6
2
2
6
4
3
3
3
7
5
6
4
4
5
3
2
5
4
6
6
8
3
9
6
6
6
4
6
7
3
2
5
6
6
7
4
5
8
11
16
7
7
4
10
3
6
1
2
2
6
0
5
7
4
8
3
8
1
3
5
5
6
6
5
3
7
1
3
5
3
1
8
4
3
5
2
3
5
7
3
5
3
4
0
3
4
3
1
5
12
4
7
4
9
8
5
2
4
3
9
5
4
5
4
3
2
4
3
6
4
2
7
6
4
9
5
4
4
3
8
9
6
6
5
6
5
8
6
3
7
3
3
3
6
6
1
6
6
1
1
3
6
4
2
3
2
4
4
7
2
6
4
7
7
5
1
3
4
5
5
4
10
3
7
7
3
6
6
1
1
5
8
7
2
5
2
3
10
5
7
2
8
7
0
2
2090
