radiacao de fundo
0
0
0
0
0
0
0
0
0
0
0
0
0
0
41
1250
469
254
150
115
118
109
86
94
86
57
90
101
83
116
77
95
73
93
69
81
99
82
88
80
86
93
83
97
90
88
83
78
69
97
65
84
89
73
93
108
90
94
88
96
92
104
106
112
104
89
121
124
157
187
202
193
162
138
153
117
131
148
145
145
164
169
148
177
133
155
173
177
156
175
159
162
169
159
173
171
184
167
175
168
190
161
163
187
176
169
173
167
167
173
170
166
199
186
169
174
182
162
153
187
173
156
179
155
183
163
181
143
182
181
142
148
157
152
159
147
168
133
155
140
153
160
154
156
130
145
126
118
140
125
137
115
124
153
117
122
120
120
126
117
111
110
141
121
113
112
131
133
113
121
128
96
102
102
99
109
107
119
103
107
101
101
91
119
79
99
110
89
111
102
95
104
95
89
83
63
90
68
80
79
85
76
76
68
84
67
90
76
56
82
76
81
65
74
54
68
64
65
60
67
65
61
50
66
51
61
54
68
64
57
61
66
51
59
66
52
55
50
100
54
51
65
60
43
45
56
50
55
35
45
41
52
41
36
47
41
46
43
53
43
43
40
47
32
35
35
40
34
44
41
47
33
37
28
41
40
35
23
43
35
32
29
29
28
33
26
38
36
29
28
33
37
68
25
27
21
38
30
28
23
38
25
29
30
28
43
32
21
24
28
26
23
24
33
22
16
38
22
21
33
30
21
22
28
32
15
35
24
23
30
25
24
27
40
25
28
20
19
32
30
28
25
28
30
32
30
47
29
28
14
22
19
21
22
29
15
17
17
28
27
25
22
17
14
17
21
12
16
18
19
23
21
15
22
11
16
14
18
11
25
25
20
15
21
16
19
14
17
17
17
9
20
23
8
21
20
12
21
18
19
15
22
16
15
14
19
18
12
23
15
20
10
16
10
20
18
13
16
18
18
11
11
11
10
11
16
13
11
16
11
13
4
14
11
10
17
13
17
10
7
12
15
5
8
7
10
11
13
10
17
14
11
18
9
9
9
11
9
15
13
11
11
18
13
10
16
12
15
6
15
12
13
10
6
13
9
16
15
20
15
10
11
7
13
15
6
13
15
11
11
17
17
14
12
11
11
20
21
24
13
12
10
10
12
6
9
4
10
11
11
8
5
8
8
7
4
14
11
10
11
5
6
4
10
5
13
8
6
7
6
7
10
11
6
11
11
15
8
9
11
3
5
4
8
7
9
11
11
6
14
10
12
8
8
10
7
8
5
8
9
8
7
12
7
9
25
16
12
10
6
9
11
7
8
5
6
6
8
13
9
10
14
4
14
10
13
3
5
5
7
29
23
10
12
12
5
6
8
5
10
6
10
8
7
6
8
17
9
6
8
2
5
9
13
8
9
9
4
10
6
8
4
9
6
7
7
5
7
10
8
5
6
8
10
11
1
9
7
10
14
25
18
7
10
9
11
7
11
6
8
4
9
4
5
5
5
4
7
7
7
7
4
3
7
2
7
5
8
5
6
3
2
5
5
5
8
7
11
8
4
7
4
6
3
5
4
3
4
9
6
3
3
6
3
6
7
7
5
6
4
5
7
10
7
7
3
6
5
5
4
7
2
6
1
4
13
7
4
8
5
10
3
6
6
9
5
4
6
7
7
7
6
5
6
5
8
6
2
5
5
6
4
6
4
8
10
2
11
5
11
3
4
5
7
4
4
6
4
13
6
12
3
5
5
3
9
3
7
5
5
6
1
1
7
1
5
2
4
8
5
9
4
5
7
7
4
5
4
1
2
2
5
3
6
5
6
0
7
3
7
3
0
7
5
4
4
7
10
9
4
4
3
2
3
10
4
8
4
0
3
2
4
4
5
11
7
3
1
4
6
7
5
5
6
6
1
4
3
8
2
4
6
4
8
4
5
4
7
4
5
6
5
5
4
4
4
6
7
3
3
6
6
7
5
5
1
2
3
2
6
7
3
5
4
3
4
16
19
10
10
4
5
2
2
2
6
2
4
4
2
4
5
5
3
2
2
4
6
4
9
9
3
3
3
2
1
4
3
5
7
5
6
0
5
4
6
7
7
6
2
1
7
3
6
3
6
3
6
9
9
8
9
7
4
2
7
2
5
3
1
7
10
1
5
1
2
1
3
2
1
1
7
4
5
3
1
0
2
3
3
6
2
2
4
6
2
6
6
5
5
7
3
5
4
5
1
4
2
3
2
1
4
4
8
4
2
4
1
5
1
7
5
8
11
4
4
9
2
2
3
1
7
3
4
4
3
4
4
2
5
2
5
6
5
1
4
4
2
8
8
6
6
3
1964
