radiacao de fundo
0
0
0
0
0
0
0
0
0
0
0
0
0
0
17
260
151
84
101
102
134
94
107
85
89
87
79
76
81
99
98
84
79
86
68
65
85
93
67
89
86
85
88
97
66
99
61
83
85
68
82
74
76
75
86
89
97
86
109
91
103
100
122
102
129
123
151
110
129
132
137
132
131
136
132
147
134
144
160
143
165
176
149
177
155
198
159
145
165
164
176
170
155
174
166
200
175
169
183
182
202
172
177
198
169
166
159
199
170
171
179
172
177
165
172
156
171
163
181
173
186
173
175
176
166
163
175
140
181
169
166
158
164
163
163
207
173
153
159
148
148
140
149
145
144
139
155
156
141
156
123
144
123
138
141
123
138
128
149
131
139
118
146
122
126
113
118
111
118
106
123
102
133
107
122
96
109
121
95
99
103
99
101
98
86
110
73
85
110
89
97
98
87
86
85
113
81
79
66
90
90
65
70
82
72
80
75
90
96
71
93
80
80
65
71
78
76
80
69
56
68
77
60
53
68
75
67
63
52
65
68
65
62
72
57
45
50
62
92
67
47
66
64
41
47
52
43
44
50
50
50
35
40
31
43
46
47
47
46
51
35
44
45
36
42
41
41
52
44
28
47
42
37
42
43
48
41
42
30
34
40
32
30
26
26
29
39
35
34
42
35
35
57
22
36
23
39
34
26
30
27
34
29
27
25
30
31
32
30
17
19
37
33
33
30
29
25
35
21
21
21
36
31
26
24
21
23
32
21
30
20
14
23
30
29
26
30
27
36
14
19
21
18
29
25
59
54
24
27
14
20
21
14
20
21
18
16
14
27
25
20
20
16
22
28
20
17
16
20
18
8
16
10
21
23
16
19
22
14
20
14
20
16
19
18
17
21
17
21
17
25
15
15
19
22
16
14
18
7
18
15
12
16
29
18
16
14
17
18
18
17
17
11
15
17
15
17
8
13
13
12
16
11
12
14
14
21
14
12
11
15
12
11
13
15
17
11
12
11
13
13
14
11
11
6
15
10
7
14
15
19
15
9
5
8
18
6
12
15
15
15
13
12
13
13
13
14
15
20
15
17
16
9
9
13
13
11
3
19
7
13
11
11
9
15
14
9
8
7
14
13
14
12
11
11
16
23
20
10
15
12
12
14
12
9
13
9
13
8
7
7
7
13
11
8
7
8
8
4
4
8
11
11
12
6
17
8
5
5
7
10
7
7
7
10
11
8
10
5
10
9
6
6
12
5
12
7
8
9
7
9
9
8
14
6
11
9
7
8
6
9
6
5
8
5
26
10
9
15
6
5
4
9
10
12
8
9
10
9
14
7
8
14
8
8
6
12
13
11
32
40
16
9
6
7
10
7
7
4
8
8
8
9
7
5
9
7
7
11
11
7
4
6
9
7
6
5
10
7
12
3
4
11
10
4
7
5
6
6
6
7
8
12
6
6
3
6
10
12
15
14
10
8
10
2
3
4
7
3
5
4
2
6
8
10
5
11
7
4
3
10
9
8
7
5
4
3
7
5
7
3
3
6
6
8
7
3
11
14
3
7
8
1
6
7
0
8
10
7
6
4
1
7
4
7
2
6
11
5
5
7
5
6
6
2
3
5
9
5
9
4
1
4
8
7
5
9
5
7
3
7
5
7
2
6
3
7
4
5
8
2
9
5
5
5
8
7
7
1
7
12
11
3
7
7
7
4
4
4
1
3
5
7
8
8
3
8
6
6
7
5
3
8
4
7
7
6
3
10
4
6
3
4
2
7
4
4
6
5
5
3
8
6
5
7
3
5
4
5
2
3
5
4
6
6
3
7
4
6
3
4
6
3
4
4
5
7
5
3
7
6
8
1
3
3
5
7
4
4
4
5
8
5
4
6
5
6
4
8
12
9
7
2
4
4
3
4
8
2
4
11
4
3
8
5
3
1
7
4
2
2
3
6
2
5
2
11
1
4
6
5
3
5
7
3
3
3
5
3
8
2
7
6
1
7
3
8
10
9
4
7
6
3
3
8
4
2
4
6
8
4
6
2
4
2
3
4
3
4
5
4
6
2
6
2
5
3
7
4
1
1
3
4
2
4
3
5
4
4
9
1
0
2
2
1
2
4
8
7
4
6
7
6
4
2
4
5
5
6
6
3
5
3
5
4
5
3
3
3
2
3
3
2
9
4
1
4
3
5
6
3
1
3
4
3
5
3
3
2
2
5
5
3
6
4
8
4
0
0
5
2
4
4
2
7
2
1
3
2
2
6
5
4
5
2
5
5
3
1
3
4
4
2
0
3
3
4
5
3
1
4
6
5
5
0
2
2
4
3
6
2
5
2009
32
