radiacao de fundo
0
0
0
0
0
0
0
0
0
0
0
0
0
0
2
188
142
93
110
80
119
128
94
96
77
80
99
80
98
68
79
71
71
79
77
74
98
78
90
81
84
94
94
63
83
77
72
88
80
70
89
74
74
77
72
96
87
83
93
98
93
85
108
110
107
101
97
124
130
110
124
113
123
147
121
135
153
133
163
153
149
168
165
147
140
162
175
148
166
161
158
155
167
154
181
174
172
179
170
170
190
139
176
151
189
181
176
189
145
180
181
159
155
182
169
155
167
180
168
167
151
168
181
181
176
156
151
167
171
158
153
168
153
166
143
172
155
153
160
157
150
141
144
136
163
147
145
124
139
147
131
159
121
130
107
112
135
101
111
129
102
113
122
118
118
101
112
107
108
139
99
116
94
97
93
113
102
107
91
90
97
100
97
86
101
88
91
101
98
89
78
81
79
73
83
77
93
93
66
86
74
67
88
78
86
62
65
81
76
89
70
60
73
65
63
67
82
63
66
62
74
55
63
54
59
62
67
48
62
56
57
62
63
59
44
52
56
48
74
66
60
65
43
61
61
44
54
50
50
42
51
48
52
62
48
52
52
50
41
58
43
39
33
58
34
40
42
45
47
46
39
26
33
34
40
41
40
30
35
29
42
43
34
39
35
35
37
35
24
37
28
35
46
36
33
31
27
37
29
26
32
31
28
30
29
30
38
19
33
33
37
33
20
24
34
27
22
29
33
16
27
31
23
26
30
24
21
21
21
36
35
29
29
34
27
24
26
25
15
21
15
26
19
24
22
39
61
33
16
24
24
32
19
26
10
16
14
12
26
19
19
17
16
21
25
19
18
19
22
19
23
11
17
18
18
26
15
16
10
20
14
18
22
21
21
20
19
28
16
19
9
23
14
9
17
12
16
13
15
21
27
14
12
18
25
20
29
24
20
20
19
17
12
18
8
16
13
17
15
14
16
9
11
11
14
12
20
13
18
16
16
13
10
10
9
16
8
15
14
7
15
12
19
12
22
8
9
8
13
9
16
18
13
13
15
18
9
11
8
5
13
15
8
10
8
11
14
15
10
3
17
11
12
12
7
6
13
7
10
11
10
8
4
8
9
10
8
8
10
9
5
12
15
14
12
14
21
12
22
15
14
7
8
5
8
17
10
8
7
11
6
9
5
9
16
9
8
12
7
11
11
8
10
14
6
6
10
10
12
9
6
5
5
13
14
5
13
10
14
11
12
10
12
4
6
3
12
10
5
16
10
9
8
7
7
11
9
11
9
18
5
8
7
10
15
22
27
11
6
6
4
5
7
5
7
8
3
8
17
9
6
8
6
12
11
9
13
15
8
25
32
21
11
4
8
10
9
10
4
13
6
7
7
10
10
3
9
6
6
5
10
6
5
4
4
8
6
5
6
8
9
9
5
3
4
11
8
8
5
9
2
6
7
6
7
5
8
5
11
28
26
12
6
14
4
4
4
1
5
5
5
9
2
3
12
8
6
10
4
10
6
9
3
10
7
7
5
10
6
6
2
9
4
2
4
4
8
1
9
5
10
5
3
6
8
5
6
8
7
4
10
6
5
6
5
12
10
4
2
4
9
5
17
6
4
6
3
6
10
5
6
6
2
7
5
2
3
4
12
5
5
7
1
6
4
10
5
8
7
6
4
7
2
3
5
5
4
4
10
8
9
5
5
12
8
2
3
10
2
6
7
6
5
4
4
5
5
5
5
5
8
6
5
7
4
4
5
5
6
6
9
8
4
10
1
6
5
4
4
8
7
3
6
6
5
3
2
6
4
2
4
5
4
4
10
4
4
4
6
3
8
5
2
3
7
4
4
5
4
3
8
6
3
4
5
3
10
5
8
8
4
5
8
4
3
9
6
8
5
9
9
7
4
1
3
3
9
7
3
3
4
0
3
4
10
0
4
2
4
4
5
3
5
4
3
4
3
2
2
4
3
4
2
5
5
4
1
7
3
3
7
8
6
2
3
4
11
17
10
3
4
0
6
3
6
3
2
1
1
4
1
3
5
6
4
7
5
2
7
4
2
6
5
4
1
3
6
3
3
6
2
6
4
3
6
2
7
4
4
5
4
4
3
6
7
4
1
1
6
3
5
1
6
7
1
5
5
5
1
2
6
4
4
7
2
1
3
6
4
4
3
1
1
1
5
3
3
3
6
2
2
4
4
2
3
3
2
1
4
4
1
2
3
4
5
4
6
5
6
11
4
1
5
7
5
6
4
4
6
2
7
3
5
6
4
6
3
6
7
1
2
4
3
2
6
4
0
2
8
2
3
6
6
3
6
1
6
1
10
4
5
3
2
1893
