radiacao de fundo
0
0
0
0
0
0
0
0
0
0
0
0
0
1
12
345
170
126
145
160
115
128
108
90
100
83
76
95
80
113
92
94
77
81
86
71
91
80
82
88
79
92
93
87
78
82
79
90
76
87
68
73
96
72
86
105
84
88
93
108
111
114
105
112
122
101
118
120
129
110
117
145
118
155
137
130
142
162
161
147
162
147
151
188
161
157
171
170
162
177
173
177
183
179
166
193
154
176
186
174
177
167
193
191
162
203
150
180
176
169
177
167
176
171
188
189
177
169
187
173
183
149
158
187
182
174
182
160
176
153
164
155
171
165
186
147
151
141
160
153
159
140
130
162
149
154
152
155
140
138
147
136
121
142
128
104
121
131
131
139
106
112
117
118
93
107
113
99
109
104
116
115
105
110
95
114
94
104
99
87
104
104
81
88
95
94
89
98
90
94
96
87
88
75
79
74
100
71
76
73
85
79
64
62
71
66
74
75
67
82
73
78
69
70
73
70
62
54
62
62
74
67
74
69
63
59
72
61
60
60
61
58
55
57
63
73
58
64
101
85
50
60
55
46
45
62
50
53
48
50
41
46
50
54
55
40
49
53
61
49
36
46
39
41
42
39
33
38
49
38
43
34
43
29
28
42
43
37
33
36
39
32
48
34
43
31
32
39
34
42
38
42
48
27
22
30
39
32
32
32
39
24
19
27
29
28
26
40
20
30
39
28
21
24
33
16
31
34
21
21
24
39
24
24
28
33
18
23
24
22
24
22
30
32
26
22
21
28
17
27
18
28
12
19
23
41
55
23
26
23
26
24
16
19
23
24
35
20
13
26
25
22
26
19
21
22
21
17
21
13
29
23
19
18
20
20
20
10
17
21
18
24
17
17
19
11
21
15
13
13
24
22
21
13
16
21
14
13
18
17
14
9
18
13
11
10
20
13
16
8
15
17
16
17
16
7
13
16
22
19
15
12
12
12
15
17
18
12
8
28
12
14
11
16
13
19
20
19
17
14
12
9
25
13
5
14
8
17
15
15
12
12
23
15
13
10
9
10
12
14
17
9
14
10
12
13
7
11
12
14
15
9
13
7
13
11
7
11
12
11
10
15
16
7
10
13
21
9
12
12
11
9
17
13
14
23
20
21
19
12
8
9
9
11
13
9
9
14
15
13
5
11
5
9
11
12
11
7
12
8
10
8
10
11
6
13
8
3
6
9
7
14
9
6
11
7
10
3
9
4
12
13
12
12
7
12
4
4
2
7
11
10
8
4
10
11
3
9
12
4
6
8
5
7
11
19
21
12
10
3
9
8
8
7
9
2
11
6
7
3
12
13
6
9
6
6
9
11
10
16
40
35
15
8
7
9
10
5
5
7
8
6
10
8
2
7
6
15
8
7
4
5
5
11
15
7
5
9
6
5
5
4
7
5
4
10
8
9
5
7
6
7
11
9
8
6
8
9
10
15
27
14
9
15
7
4
5
6
10
3
6
4
10
2
3
11
4
6
7
6
5
4
7
5
7
9
6
5
3
7
6
3
9
8
5
2
10
7
3
7
8
6
7
4
9
2
6
7
7
9
6
8
4
5
6
6
8
10
5
14
6
4
9
12
8
6
8
2
6
4
5
4
5
9
3
7
9
9
1
3
5
3
3
7
5
6
9
2
5
5
7
8
4
7
3
7
3
3
6
7
3
9
8
5
4
7
5
8
5
8
8
3
4
3
2
5
3
6
6
5
6
5
4
4
3
6
2
7
8
9
7
2
6
3
6
5
3
8
7
2
1
3
2
3
9
3
6
9
2
7
7
6
7
6
8
4
3
2
5
5
7
1
5
5
2
4
4
5
1
4
3
9
5
4
4
2
7
2
6
4
3
3
2
4
5
2
2
5
6
6
9
6
5
4
2
2
7
3
2
1
4
4
4
3
8
0
6
6
4
4
1
8
3
2
5
6
4
4
8
4
2
3
3
6
2
6
10
2
5
3
8
7
4
8
9
7
8
6
16
7
6
4
5
1
3
2
7
2
2
4
3
4
6
5
0
5
2
3
6
3
2
2
5
4
5
3
6
2
3
4
0
5
4
3
4
5
4
7
3
3
5
2
5
6
3
6
2
10
7
8
6
6
5
8
8
7
5
6
5
8
5
6
2
2
1
4
3
5
2
4
4
7
3
7
6
5
4
4
3
4
7
4
3
2
2
5
3
1
0
4
3
4
4
3
3
3
4
5
3
2
2
8
8
9
3
1
6
6
8
5
2
1
3
5
2
0
2
5
4
7
5
4
3
1
7
3
1
3
3
6
2
3
6
3
3
1
4
0
4
3
7
3
1
1944
