radiacao de fundo
0
0
0
0
0
0
0
0
0
0
0
1
1
1
43
541
308
189
166
144
154
107
126
79
98
74
108
109
106
94
92
86
99
89
73
94
77
78
84
70
95
87
83
90
92
91
70
94
69
87
80
76
79
95
79
89
109
114
110
126
119
117
104
111
140
114
120
120
131
122
137
146
137
153
150
156
142
144
165
137
155
160
151
179
185
194
178
181
170
198
184
188
204
173
191
201
186
188
201
180
215
197
202
204
188
179
200
188
173
195
207
192
208
201
182
174
206
185
183
174
211
198
236
174
218
178
202
179
191
180
186
196
166
175
193
189
163
154
185
164
173
140
160
180
155
157
150
126
151
137
148
164
150
138
152
124
150
133
167
147
124
125
115
124
144
119
157
129
131
120
109
109
141
128
132
118
112
128
96
93
115
117
115
104
111
113
102
89
105
112
103
93
94
95
87
69
100
104
108
73
95
73
89
75
88
79
95
67
81
102
82
63
67
78
76
69
75
78
75
79
77
81
68
77
64
60
71
54
68
57
69
63
64
56
68
62
44
54
103
71
70
66
54
53
57
36
60
64
53
41
66
50
58
43
53
50
51
48
50
47
47
52
38
50
51
47
38
54
46
29
46
40
39
42
46
40
37
39
40
39
35
37
34
30
43
46
37
31
28
33
32
33
62
44
40
42
43
36
43
34
29
42
27
25
34
27
27
41
24
31
29
35
26
29
34
35
28
25
36
41
25
29
23
21
33
19
37
25
25
24
30
32
31
32
30
21
28
21
13
28
26
35
24
32
31
50
62
29
20
24
24
21
24
20
23
24
26
21
15
19
13
28
16
20
20
22
22
23
22
16
12
19
28
25
23
13
22
28
29
18
18
17
20
20
20
19
22
19
25
13
10
20
14
18
15
15
16
14
19
16
18
25
18
17
26
15
16
15
13
17
18
20
16
13
13
14
20
18
14
13
17
11
14
19
19
11
22
16
14
11
15
12
14
12
18
12
14
11
16
12
14
12
16
13
13
11
9
12
8
17
10
19
14
19
12
8
11
15
13
16
9
11
8
16
15
14
11
9
17
8
10
13
11
13
11
16
12
13
17
12
7
22
13
12
5
10
14
10
21
17
10
11
20
9
16
22
20
28
17
13
8
9
10
10
10
18
10
14
14
13
19
14
11
11
11
11
10
8
8
12
9
8
8
15
8
8
10
9
8
12
11
9
6
10
8
9
6
9
10
12
8
10
9
13
10
9
11
16
10
13
11
15
10
8
9
10
7
5
14
9
9
12
12
15
25
22
18
9
10
3
8
6
7
15
10
13
7
4
10
6
10
9
7
7
4
5
9
12
9
24
43
16
7
12
8
6
9
8
8
6
4
12
8
11
6
7
13
7
9
6
5
4
15
5
6
10
5
6
5
4
6
7
8
2
12
4
5
9
4
6
10
5
5
7
3
5
7
7
7
19
21
16
7
9
7
3
7
5
5
11
4
5
8
7
5
8
8
7
8
5
11
2
5
9
3
5
8
11
4
5
5
4
0
4
12
2
6
6
11
8
7
10
5
7
7
13
7
4
4
11
9
6
5
5
7
6
7
1
7
3
7
9
9
8
6
4
9
6
3
8
6
2
8
7
8
5
6
8
5
6
8
5
4
3
8
8
6
5
9
4
4
5
8
6
5
4
6
6
3
2
12
9
8
5
3
7
6
11
7
2
3
7
11
2
8
11
6
6
9
1
8
5
4
5
7
5
7
3
4
6
7
7
11
3
2
6
5
10
7
6
9
1
5
4
4
2
5
5
6
6
2
8
4
4
6
10
7
6
6
2
6
3
5
4
4
8
6
7
5
3
6
4
6
5
6
4
3
5
1
3
3
6
1
3
8
4
12
2
3
1
0
6
8
4
5
4
6
6
7
4
6
4
7
3
3
9
3
5
6
9
3
5
4
4
1
7
6
4
2
3
6
3
7
3
2
6
7
4
5
2
10
5
3
3
5
5
12
10
8
4
5
3
6
4
9
7
5
1
1
6
5
4
4
6
2
2
2
6
6
7
4
5
3
6
2
7
5
5
3
0
4
4
4
4
2
3
3
4
4
3
3
5
10
3
8
4
8
10
4
7
6
12
7
4
7
5
3
6
5
3
1
2
4
4
2
5
1
2
1
3
8
3
8
4
5
6
1
2
4
6
6
3
5
7
2
7
6
2
6
5
3
5
6
6
6
4
4
3
3
6
5
6
10
5
5
7
5
3
6
2
6
4
3
3
4
6
3
4
6
5
2
7
4
2
5
5
4
3
4
4
4
7
5
7
5
2
5
3
3
4
5
5
2109
0
