radiacao de fundo
0
0
0
0
0
0
0
0
0
0
0
0
3
0
19
368
126
125
103
138
143
94
111
82
80
82
83
88
97
82
98
77
78
75
74
85
98
62
83
71
77
72
83
71
74
75
86
86
66
78
69
84
77
75
74
84
78
79
92
90
102
107
105
93
99
118
131
117
137
129
131
132
128
139
149
144
140
129
138
152
151
160
158
172
144
163
153
155
163
184
184
169
155
179
170
177
186
167
172
177
191
181
168
180
157
179
181
189
178
133
141
161
159
167
192
164
182
170
148
180
178
194
166
174
175
162
193
154
163
138
175
145
156
131
150
165
148
165
140
131
175
126
142
127
143
142
134
153
133
135
122
145
132
122
139
119
117
130
108
113
120
122
121
121
109
129
110
88
113
125
100
113
112
92
106
121
91
106
109
105
103
102
98
88
88
109
94
88
94
105
75
68
91
80
80
93
96
86
77
66
67
86
72
80
66
79
83
66
73
65
84
70
67
70
63
72
70
63
64
57
70
61
65
59
55
66
46
56
69
48
60
61
62
60
71
68
65
70
103
73
53
49
51
57
46
40
44
52
41
41
51
45
48
38
52
39
43
38
35
37
36
40
39
52
39
29
51
42
37
45
35
30
35
37
34
35
20
28
33
40
32
32
38
26
32
29
34
33
38
31
36
33
62
44
23
25
32
35
31
30
26
28
31
28
15
31
29
29
37
23
30
21
26
31
17
23
20
29
40
21
26
20
37
34
25
19
21
26
29
24
26
25
23
38
31
23
22
22
28
22
23
25
21
26
19
42
47
24
21
28
15
17
14
19
19
21
23
15
16
13
20
22
20
24
23
16
15
22
20
19
20
23
21
10
13
25
16
12
21
16
15
16
22
25
10
16
23
13
16
18
21
24
14
16
11
16
18
19
21
18
23
16
17
17
10
14
14
20
20
15
8
11
9
21
13
16
11
14
16
15
17
8
17
15
15
13
12
10
12
11
15
18
15
14
12
14
15
16
19
8
10
14
13
12
11
8
10
28
15
8
15
14
14
6
16
13
12
15
12
9
18
12
12
19
16
15
16
15
11
9
9
5
12
7
5
12
9
8
8
9
17
15
13
8
8
10
7
10
9
8
11
13
11
8
14
16
24
23
13
8
9
10
16
9
11
7
10
8
10
7
13
15
8
11
10
10
13
8
9
5
13
4
9
5
11
6
8
10
8
7
9
5
11
8
8
8
10
9
7
7
6
13
8
9
12
10
10
14
7
8
3
10
6
9
7
11
6
7
5
9
4
6
8
7
11
17
26
10
5
6
8
10
7
4
9
7
6
8
5
4
6
10
7
7
6
12
6
10
13
17
33
24
11
5
5
4
7
9
6
6
3
10
6
12
4
6
8
10
4
10
6
8
8
7
6
3
7
8
4
2
8
8
4
13
9
3
5
4
9
4
9
8
8
4
7
6
11
6
6
15
31
17
10
9
9
6
5
10
7
5
5
10
3
7
8
8
8
4
4
8
5
10
6
4
4
2
5
8
4
5
7
7
5
4
5
6
6
4
7
3
7
10
9
4
5
4
2
2
11
8
7
6
6
5
6
7
8
3
7
8
1
5
8
9
7
4
6
5
3
7
5
4
5
3
7
6
3
6
4
6
6
6
6
9
6
4
5
5
5
5
6
4
6
2
5
4
4
5
9
2
7
8
8
6
5
7
9
5
11
5
1
3
6
4
3
7
7
7
9
4
2
3
4
7
5
4
2
3
6
6
4
2
8
2
4
9
10
5
3
4
3
6
9
8
1
4
2
5
4
3
5
2
6
2
2
6
5
8
3
3
5
4
3
8
6
6
10
3
6
4
8
8
8
4
7
10
3
7
3
4
5
6
4
2
10
6
6
2
9
8
4
7
5
4
3
5
2
3
3
3
3
2
10
4
7
7
7
6
3
5
5
4
2
1
6
2
6
4
4
9
4
4
4
4
7
4
7
7
2
8
6
9
4
2
4
3
4
14
6
6
4
4
3
1
4
5
1
5
2
2
2
6
5
3
6
3
5
2
1
3
1
4
3
8
4
1
2
4
1
3
3
6
5
5
3
3
4
1
3
7
4
9
6
7
6
1
3
3
3
5
2
4
5
6
9
8
1
1
3
6
4
6
4
6
7
5
5
4
4
7
1
4
6
8
7
2
5
2
3
2
8
4
5
3
4
2
3
5
1
3
5
3
4
1
4
1
3
5
4
3
3
4
0
3
4
4
4
1
3
3
5
3
6
3
4
7
3
2
3
1
3
3
1
4
6
1
5
3
6
2
2
2
5
1
2
6
3
5
6
2
4
4
3
1917
