radiacao de fundo
0
0
0
0
0
0
0
0
0
0
0
0
4
3
13
199
108
78
119
120
115
116
88
84
82
62
89
102
87
96
106
84
75
82
63
87
75
89
74
88
80
88
87
91
78
78
79
63
84
72
65
79
84
80
79
96
99
90
102
83
78
109
112
106
121
136
124
126
108
125
143
132
130
112
147
137
142
147
142
161
137
146
155
150
161
160
176
154
177
163
179
160
163
167
157
173
183
168
183
176
177
195
187
166
162
163
190
190
163
172
184
171
188
170
187
166
204
159
186
157
162
197
184
162
157
173
182
153
180
167
153
173
169
162
167
143
166
141
152
148
146
160
142
149
165
153
147
136
134
118
142
127
155
129
149
122
119
114
140
135
132
133
127
126
112
120
107
107
113
111
103
90
108
124
119
115
108
120
101
110
99
101
94
92
90
124
85
72
110
96
92
82
89
89
74
98
87
95
73
75
83
89
75
84
80
63
81
65
72
68
83
70
73
74
64
78
73
57
70
58
74
46
65
68
60
71
60
62
58
59
66
54
57
61
40
59
49
57
105
71
67
59
62
45
61
54
46
49
42
49
33
46
49
48
45
42
47
43
33
57
40
40
41
37
42
51
47
51
42
45
44
39
41
38
39
41
40
23
40
38
31
40
25
29
28
40
31
32
27
33
34
36
46
43
32
38
35
21
29
33
28
23
25
23
18
27
29
30
29
35
27
25
30
23
27
27
22
20
21
25
21
33
28
34
28
24
22
23
27
26
19
24
24
19
23
24
21
32
30
27
25
31
16
26
14
46
49
25
18
21
16
16
26
18
25
19
25
20
28
21
17
17
19
15
18
21
14
14
25
18
19
24
14
13
21
20
19
16
21
14
17
12
13
18
16
17
25
8
15
16
15
18
18
17
23
29
17
14
16
18
18
7
22
14
21
14
18
18
15
13
15
20
18
14
20
19
17
11
9
15
12
13
11
13
15
7
17
17
14
9
11
17
10
14
16
12
12
12
12
12
12
18
10
6
10
11
14
6
12
7
13
19
18
18
12
14
12
12
19
15
6
18
14
12
13
11
12
12
9
10
11
8
12
14
8
13
13
15
10
7
8
10
13
13
14
12
13
5
3
13
11
7
5
14
11
18
21
28
18
13
9
8
10
12
11
10
11
5
8
10
14
13
12
13
7
3
8
7
9
11
10
11
9
13
13
5
11
6
8
3
8
6
9
5
8
11
6
10
8
12
8
13
10
8
8
11
11
7
8
9
8
5
8
11
14
13
10
7
7
8
6
14
12
12
17
17
15
5
8
8
3
7
7
3
11
10
6
4
8
11
3
5
6
6
5
7
7
11
13
21
34
25
6
7
11
8
3
5
7
5
7
6
9
4
11
8
6
5
1
5
3
9
8
4
8
4
10
7
11
6
3
5
5
3
12
8
8
9
3
5
11
7
10
3
10
7
10
10
10
18
21
17
5
4
12
2
3
6
10
7
3
7
8
9
7
9
4
3
3
3
6
2
7
10
7
4
12
5
8
8
4
7
5
5
4
4
5
7
6
11
8
1
5
7
6
2
7
2
5
6
3
6
5
9
7
4
2
6
9
4
9
7
6
8
3
5
7
6
10
2
4
6
5
4
9
5
8
5
7
6
4
6
3
4
9
5
4
8
4
9
5
2
3
6
6
3
6
3
5
5
3
8
5
5
8
3
2
9
9
9
2
8
4
3
5
5
8
3
7
7
5
5
4
4
3
5
2
10
6
5
9
11
6
9
6
2
3
5
3
5
3
2
3
6
5
1
2
7
3
1
4
4
7
3
2
6
2
1
5
3
6
6
5
7
5
2
5
7
5
3
5
3
6
4
3
3
7
6
8
4
1
4
4
3
4
3
5
3
3
3
6
3
4
3
4
2
3
5
3
8
6
4
2
2
1
8
5
6
5
8
8
9
4
8
3
6
2
4
5
3
1
6
2
5
9
7
6
8
3
4
6
5
8
6
6
5
12
16
9
4
6
3
7
1
4
4
9
2
3
4
6
3
3
1
4
4
4
11
6
3
6
3
4
6
1
2
8
6
3
3
1
3
7
7
4
5
3
3
2
1
5
2
4
3
6
6
5
9
11
5
4
6
8
6
4
3
2
3
8
3
4
4
3
3
2
4
1
3
7
3
6
4
5
5
3
2
2
0
2
3
3
7
5
5
3
5
8
6
3
3
4
5
5
7
3
4
3
5
4
6
2
3
3
5
11
1
2
3
3
2
5
3
3
1
7
3
7
2
2
6
5
5
3
1
4
5
4
2
3
0
4
1
4
5
3
7
1
4
0
5
3
2
1873
119
