radiacao de fundo
0
0
0
0
0
0
0
0
0
0
0
0
0
0
34
353
181
110
106
126
142
143
112
103
102
96
105
116
105
109
84
99
105
83
105
97
91
87
82
105
106
113
110
121
92
88
92
89
97
85
85
96
107
99
108
103
111
116
96
117
110
124
153
125
132
139
150
138
145
146
145
124
143
148
164
161
158
159
181
203
194
196
199
216
185
205
191
219
196
212
195
197
207
217
220
211
229
220
243
212
207
218
214
214
203
229
228
210
178
198
221
202
218
202
214
202
217
212
209
205
220
200
195
217
203
194
199
178
204
200
192
189
205
206
198
186
183
167
171
188
196
163
180
174
183
178
184
158
151
168
154
152
170
174
169
160
138
171
149
172
118
155
135
152
147
137
138
142
140
158
121
119
136
128
124
117
132
128
117
127
113
113
104
105
117
102
100
93
122
98
115
94
111
113
97
93
102
98
111
109
83
88
81
91
95
93
104
87
90
82
107
79
80
67
81
84
88
86
82
72
79
86
67
74
97
98
68
65
77
72
75
64
67
69
63
60
76
64
120
72
74
87
74
58
56
52
60
64
59
49
49
49
46
49
45
59
50
49
52
46
46
48
52
60
37
50
40
47
45
48
50
41
35
47
50
46
41
36
35
51
47
49
48
39
51
49
42
36
54
44
53
34
68
41
45
44
41
29
29
50
41
25
42
37
33
35
35
43
21
32
40
40
32
31
28
34
33
37
36
29
29
32
31
37
36
30
36
33
32
29
23
32
37
40
23
29
28
29
31
35
29
30
31
21
26
54
60
30
26
26
30
21
25
29
17
25
24
20
31
15
16
28
25
16
18
14
15
21
16
30
22
23
14
18
15
20
27
27
23
21
19
16
26
21
15
19
19
24
19
15
31
21
29
14
25
21
24
15
31
16
25
22
14
14
13
21
19
17
19
13
16
19
20
19
17
14
18
20
17
16
9
18
15
12
16
14
18
20
15
22
20
16
18
8
13
11
18
13
22
13
19
12
12
17
10
10
13
21
17
11
18
17
6
16
14
14
14
15
13
7
15
21
19
20
16
15
10
18
15
17
10
11
8
22
17
13
14
14
13
10
12
11
12
18
10
11
19
8
11
18
12
19
18
10
17
22
21
27
24
9
12
10
9
9
9
13
10
11
13
10
11
9
10
14
7
12
10
12
11
7
12
10
9
8
10
19
10
12
11
8
12
9
14
13
11
7
11
6
11
13
10
8
6
13
14
12
9
7
7
10
11
5
14
10
6
12
4
6
7
11
16
13
10
15
13
29
31
13
6
10
4
12
12
10
7
8
8
5
13
9
10
10
8
10
5
11
8
7
13
15
43
23
9
4
8
7
4
11
11
10
9
9
12
5
7
13
5
12
15
5
6
6
10
7
8
7
12
14
10
12
8
11
2
7
5
4
10
9
7
8
8
6
4
2
9
6
14
10
10
28
28
17
13
9
9
7
8
5
4
5
4
7
8
6
9
8
7
6
12
10
10
7
12
10
6
11
11
5
7
2
7
9
5
8
7
6
10
5
8
10
3
7
5
9
9
10
10
6
2
7
8
6
6
6
5
10
5
3
10
9
5
8
9
6
3
4
4
8
4
2
4
6
4
5
8
9
8
11
5
11
6
9
7
6
4
6
8
6
11
6
9
10
10
6
5
8
7
5
4
6
8
10
5
7
9
2
4
7
4
3
13
3
8
6
4
7
12
9
8
6
2
3
10
4
8
6
4
8
3
5
5
3
8
8
3
6
6
14
3
7
5
8
10
1
5
4
8
9
5
7
4
7
4
2
2
4
7
5
6
5
8
3
4
6
3
5
6
3
3
8
8
6
4
3
3
5
3
2
2
12
8
2
10
9
4
7
6
6
7
11
5
4
2
4
5
9
7
1
4
6
4
6
5
4
1
10
3
10
2
7
6
8
7
7
4
5
4
4
6
2
2
2
6
6
9
6
7
3
6
2
5
10
3
7
5
8
12
22
11
9
8
11
3
4
2
0
3
3
6
4
6
6
4
4
7
3
9
5
13
7
6
4
2
4
4
5
5
4
6
4
4
6
2
7
9
7
2
3
3
10
7
3
3
8
7
4
6
3
4
10
8
7
8
5
7
3
8
6
2
4
3
3
3
4
7
4
3
5
3
4
3
3
6
5
3
5
8
6
5
3
9
5
5
6
2
4
9
10
3
7
3
4
4
6
5
2
4
3
4
3
5
4
6
4
4
3
7
1
2
8
1
6
3
6
9
5
2
8
5
0
7
7
3
3
3
6
6
5
4
8
9
6
5
5
1
6
6
3
2
5
3
2
2441
0
