radiacao de fundo
0
0
0
0
0
0
0
0
0
0
0
0
2
1
21
328
142
74
109
121
121
122
95
71
76
69
99
92
91
86
80
77
66
83
63
76
67
70
88
93
68
77
84
105
57
66
79
74
74
88
79
68
70
88
97
75
84
73
86
117
109
101
99
119
89
105
129
113
100
137
115
124
130
126
158
131
139
135
126
130
154
155
162
155
144
171
167
149
148
170
131
152
182
163
154
160
183
170
155
175
173
156
179
182
180
180
180
188
186
144
164
151
181
167
150
148
192
159
170
168
197
143
155
150
148
164
175
181
172
144
161
168
143
149
139
136
166
156
169
149
149
147
137
162
149
133
143
116
126
135
128
126
134
140
125
125
99
136
125
127
123
119
125
116
120
110
100
104
97
110
100
109
110
92
97
95
113
101
98
88
97
81
87
93
83
99
93
99
98
88
83
80
87
78
82
84
84
91
67
86
91
77
70
78
70
79
56
65
62
72
69
63
64
61
68
58
55
60
70
84
70
54
59
63
74
65
86
71
55
57
60
64
60
51
64
58
67
55
101
63
51
60
55
48
43
52
66
41
55
52
42
40
57
46
39
40
49
51
39
34
48
32
34
43
38
43
40
42
41
35
36
48
35
37
40
40
40
34
31
23
46
44
31
41
29
36
33
32
26
39
37
44
41
38
27
28
26
29
33
22
28
34
30
22
23
30
34
18
24
28
28
36
24
32
33
30
23
29
25
25
26
33
29
23
19
27
14
21
22
28
23
29
39
38
13
12
19
18
21
28
14
16
26
26
26
43
46
29
15
22
26
20
17
23
12
21
16
25
20
28
22
11
17
15
17
24
11
15
15
19
16
19
22
17
20
19
22
15
15
21
22
17
8
14
15
23
16
13
14
19
17
18
15
10
17
13
13
14
21
16
25
16
11
19
17
13
15
24
9
14
16
19
15
12
20
10
9
12
18
14
16
13
14
18
12
15
12
18
23
13
9
12
14
10
13
23
13
16
15
12
15
11
6
10
14
9
9
18
15
12
10
16
10
12
13
7
9
13
17
12
9
11
15
12
14
9
9
19
6
15
9
14
11
13
10
18
9
11
9
15
11
10
10
6
9
9
13
13
11
12
9
7
10
6
16
15
24
28
20
9
8
13
9
4
8
8
9
11
12
8
6
5
10
15
7
15
9
4
12
5
13
8
10
8
10
9
7
5
9
8
8
9
9
10
5
12
7
4
12
9
5
7
15
3
11
10
10
14
10
11
4
8
11
9
5
10
5
12
1
14
7
12
8
12
9
14
26
15
9
9
10
11
6
8
7
9
11
10
4
6
7
4
15
6
9
9
5
7
9
15
38
35
15
5
6
6
5
10
9
10
7
7
6
5
4
4
8
2
8
6
8
8
10
8
4
7
1
2
5
7
7
2
7
3
6
14
8
8
8
4
8
2
6
10
5
5
5
9
9
14
26
9
9
7
8
8
3
3
8
11
7
6
8
2
5
8
8
3
7
11
5
6
2
8
9
3
6
4
6
6
7
5
4
6
7
3
5
5
8
3
8
6
5
5
4
7
5
6
7
4
7
4
1
3
5
5
8
8
8
5
4
5
7
6
11
4
5
2
5
5
5
2
4
7
2
7
3
3
7
7
1
5
5
6
7
5
5
2
5
8
5
4
1
3
5
6
4
4
5
4
7
10
7
3
7
7
3
5
2
7
4
4
4
10
2
8
8
7
6
9
4
5
5
2
9
0
9
10
4
6
6
4
8
5
3
2
10
5
5
3
5
3
4
7
5
7
5
5
4
6
2
4
4
5
7
3
5
5
4
4
2
3
2
2
4
5
5
2
3
9
5
3
6
2
5
4
4
7
7
4
3
6
2
4
5
5
2
8
6
5
6
8
5
4
2
2
9
3
5
4
1
3
2
5
3
5
8
5
13
4
4
5
4
5
6
2
10
4
3
4
5
1
3
1
3
5
3
6
5
3
11
5
3
4
6
4
4
10
9
4
5
1
4
3
6
1
6
6
5
4
6
7
3
2
3
2
3
0
3
4
5
4
1
2
3
2
5
7
8
2
3
4
11
3
5
7
2
2
1
7
2
5
3
0
7
6
9
6
3
5
4
8
8
9
5
3
3
4
6
3
3
5
6
5
5
4
4
2
2
6
6
2
1
2
2
5
2
1
4
3
2
5
1
9
2
4
6
3
5
4
5
4
2
4
2
4
4
5
4
2
4
2
1
4
6
1
2
9
3
1
5
5
4
4
5
6
4
0
5
4
6
2
5
5
5
1
2
3
2
2
2
4
1
4
1
2
0
5
2
2
4
4
4
1952
