radiacao de fundo
0
0
0
0
0
0
0
0
0
0
0
0
7
2
13
220
151
99
110
126
125
121
111
91
89
98
101
110
113
112
94
92
87
81
85
90
92
85
88
81
98
81
76
94
81
90
82
81
83
80
89
85
95
94
88
82
99
96
124
109
101
113
125
108
118
137
111
150
132
155
155
134
130
120
159
126
178
140
142
155
168
186
175
166
175
177
156
176
191
168
166
188
186
166
182
185
168
189
180
162
180
168
191
203
211
201
191
197
202
177
169
181
202
193
182
197
169
185
184
205
211
173
171
163
177
178
187
185
205
161
176
168
153
164
197
159
181
169
171
155
172
149
166
184
157
167
160
133
140
155
139
152
155
152
153
146
155
145
139
130
135
160
109
125
122
134
121
139
122
137
117
123
113
118
112
112
118
107
94
104
123
99
120
90
104
85
112
99
101
112
115
89
100
103
96
84
107
83
80
79
79
102
82
89
107
89
75
91
84
97
73
84
88
64
73
89
81
68
69
72
64
78
66
73
65
75
64
88
61
65
71
61
76
67
63
65
63
55
109
70
59
71
62
57
59
53
41
48
64
47
53
40
39
48
68
38
53
41
50
41
48
38
47
52
42
46
35
47
59
51
41
43
40
46
36
29
44
45
35
55
49
33
37
34
50
32
30
41
34
27
44
44
63
30
36
36
37
27
21
19
28
36
29
28
28
26
22
32
20
27
22
39
38
29
43
26
25
34
34
35
24
22
33
30
29
36
30
31
25
20
28
29
28
44
24
31
29
16
14
20
34
28
22
24
35
59
60
22
24
24
25
16
19
26
21
35
17
13
28
21
12
25
19
24
27
17
19
18
22
14
17
33
19
14
28
30
19
22
24
23
20
27
21
22
21
20
20
23
24
12
28
13
16
20
16
13
15
21
11
12
20
14
17
13
17
16
16
18
14
15
19
26
12
14
19
15
14
15
18
14
8
15
16
6
26
15
16
12
23
18
15
10
18
17
18
5
22
11
11
10
13
14
20
15
8
20
12
22
19
17
10
17
7
20
16
17
16
10
15
13
10
10
13
6
5
9
7
17
10
18
12
7
12
12
15
9
12
9
8
9
12
11
15
13
14
11
9
8
14
7
13
7
13
14
16
26
23
18
25
9
13
10
11
10
8
11
12
11
7
9
7
11
11
13
8
11
7
5
9
11
9
6
14
13
10
15
10
12
7
8
16
8
12
8
11
12
13
12
7
7
3
8
12
6
7
4
5
8
6
7
12
6
17
8
12
6
12
6
11
11
6
14
13
9
14
27
14
8
12
3
6
7
10
10
18
7
8
9
4
10
11
4
6
5
12
10
17
13
13
26
50
22
7
12
8
7
6
10
10
5
7
13
9
5
8
4
7
10
6
10
9
8
9
11
4
8
12
5
11
10
10
7
7
8
4
5
7
5
1
5
9
7
7
9
10
6
11
6
17
21
23
19
9
11
11
7
7
3
4
7
2
11
7
6
8
10
3
5
7
6
7
6
3
5
8
7
8
6
6
8
7
8
5
5
4
4
7
5
8
5
5
11
5
7
8
8
3
5
8
6
5
5
8
4
0
6
3
12
8
3
1
8
11
7
5
7
2
3
5
6
5
8
3
4
7
5
6
7
3
5
6
4
3
5
5
3
10
6
4
8
4
6
4
6
3
4
7
8
5
7
9
8
6
6
7
9
3
3
2
3
2
6
3
4
4
13
6
4
8
8
6
7
6
3
6
4
5
6
6
6
5
2
6
6
6
5
9
4
8
7
6
3
5
7
7
1
10
3
7
5
3
8
5
7
3
3
5
5
6
8
8
3
4
5
11
4
6
3
4
5
3
4
6
3
3
4
3
3
5
5
7
4
3
3
4
9
7
3
3
4
5
6
8
3
7
5
3
5
1
11
1
7
4
4
2
2
6
7
5
5
4
3
3
8
1
8
2
7
6
4
4
4
5
6
6
5
2
0
6
7
6
7
5
7
2
8
6
7
6
7
3
5
5
5
2
6
7
2
8
5
6
3
2
7
8
4
4
4
6
1
4
3
5
2
5
4
9
5
4
8
3
6
6
7
4
3
4
3
2
6
3
1
5
6
2
5
8
7
9
0
7
11
9
10
1
2
4
0
5
2
5
2
6
2
2
4
2
5
2
1
5
3
7
6
2
6
2
7
4
5
4
7
6
4
2
1
10
5
2
5
8
2
3
1
2
3
2
4
4
6
5
3
5
2
0
2
3
2
3
3
4
3
3
3
8
6
5
2
4
5
0
5
3
4
5
3
6
4
1
4
1
4
7
4
3
2
0
6
5
7
4
5
3
2195
