radiacao de fundo
0
0
0
0
0
0
0
0
0
1
0
0
1
1
31
387
234
92
160
159
152
113
85
85
74
68
78
83
88
101
89
85
77
82
65
73
71
64
69
73
74
86
75
77
72
74
68
67
77
60
94
68
72
80
74
81
75
92
98
97
73
101
102
93
104
110
113
110
134
113
103
125
133
118
114
123
138
111
127
133
143
141
141
177
160
173
148
156
148
147
170
168
176
176
163
147
164
156
167
157
196
161
178
162
180
171
162
155
181
154
174
138
160
167
147
167
147
143
143
174
176
169
165
167
152
151
156
154
163
170
137
147
155
159
148
162
150
145
149
152
132
149
128
140
141
150
142
142
125
133
130
117
122
127
122
111
121
135
129
123
118
119
119
122
121
116
106
104
121
112
105
98
100
88
88
107
103
119
97
99
81
79
101
83
87
88
113
78
89
91
82
90
66
72
68
83
94
67
77
66
88
79
72
74
54
70
66
76
71
69
79
67
65
74
62
71
63
62
60
56
47
66
60
63
69
56
59
41
56
57
37
55
47
64
56
53
60
48
124
79
49
56
50
47
48
44
43
45
51
43
37
39
58
27
46
50
35
40
32
29
48
47
22
40
32
28
33
48
31
37
38
39
41
36
51
40
37
35
34
36
27
35
30
37
39
25
32
23
29
42
29
36
54
31
31
27
34
23
32
34
37
27
28
24
18
25
37
25
26
17
30
26
33
19
19
18
29
29
32
23
22
29
33
26
21
23
24
17
34
30
31
22
29
34
25
18
21
26
22
19
24
18
19
18
21
28
50
24
18
24
23
20
20
26
15
19
21
18
21
18
22
17
28
23
17
19
28
13
26
13
17
22
12
15
21
25
15
21
15
23
15
16
11
16
11
24
12
16
15
11
23
18
18
16
15
16
12
11
21
9
13
13
9
5
10
14
19
9
15
18
14
10
14
7
13
20
23
13
16
12
15
13
11
10
12
8
8
16
16
12
18
13
13
13
9
14
8
11
11
10
10
13
13
16
13
8
7
9
14
10
9
14
16
8
10
14
12
11
8
9
7
11
9
9
10
9
17
10
9
10
16
7
12
11
5
8
11
11
14
5
13
12
13
13
7
11
12
10
7
17
8
13
7
8
6
13
24
29
30
18
15
5
7
8
5
10
9
7
14
12
11
11
13
8
7
5
7
6
11
9
10
8
12
8
11
4
5
11
6
13
9
3
5
7
7
3
9
12
14
15
9
12
5
11
5
9
12
8
7
9
6
5
11
8
9
7
10
8
14
7
10
8
8
4
12
16
19
7
11
9
10
7
3
10
4
10
8
6
8
7
7
5
13
13
7
12
7
10
14
15
33
28
7
10
7
3
5
5
10
4
9
4
2
5
11
3
5
12
8
7
7
13
8
6
12
6
8
5
3
6
10
11
6
7
4
8
6
10
8
3
6
5
7
6
5
9
9
11
7
10
19
14
6
8
6
6
4
6
5
9
6
9
4
4
4
9
6
7
4
4
5
6
5
4
4
5
7
3
8
8
2
4
6
5
7
3
5
3
9
5
7
5
4
6
5
3
7
6
4
4
4
5
5
7
10
3
9
2
5
8
5
8
8
4
9
6
5
6
6
6
4
5
3
7
6
4
6
5
2
12
5
9
5
4
2
2
6
2
4
7
11
3
6
11
3
13
5
4
5
6
6
12
5
9
2
4
5
7
5
5
3
12
8
8
2
6
6
4
3
8
3
2
2
5
3
4
3
7
5
6
1
3
5
3
7
7
3
9
9
8
3
4
4
4
6
6
7
2
9
4
4
5
6
9
6
7
5
4
4
6
4
6
7
3
3
3
1
4
7
3
5
4
4
3
4
5
2
4
2
0
3
5
1
2
2
3
4
2
4
4
8
9
4
4
3
10
5
3
5
9
1
4
4
5
2
2
8
1
1
3
5
1
4
5
2
1
4
5
6
4
7
5
6
3
6
2
10
2
7
5
2
5
4
2
5
8
0
20
11
8
4
3
6
4
3
3
2
4
4
3
7
2
4
13
3
5
2
3
5
2
5
6
8
5
4
0
4
1
8
2
8
1
5
2
3
7
5
3
2
5
3
7
5
8
4
2
3
6
7
7
6
2
11
10
3
4
3
4
2
5
6
3
5
4
5
2
1
6
3
0
5
1
1
4
5
4
3
2
2
3
4
2
3
4
3
2
0
2
2
4
3
4
4
6
2
4
1
1
1
2
2
3
3
10
3
3
2
0
4
2
2
5
1
2
0
4
3
4
1
7
2
4
3
2
3
6
2
1
2
3
3
1
2
1
3
4
4
4
2
4
2
2
8
1914
