radiacao de fundo
0
0
0
0
0
0
0
0
0
0
0
0
1
0
25
230
133
100
99
130
130
142
95
79
95
87
104
111
92
124
110
117
86
103
73
85
81
98
100
77
100
95
94
102
83
88
90
96
106
79
90
108
104
88
95
103
110
105
109
106
122
123
110
148
98
132
121
149
132
135
139
143
162
146
150
133
166
168
168
206
177
184
165
173
167
199
207
184
195
185
187
161
188
192
202
214
190
198
212
180
219
185
221
204
219
204
206
200
221
208
187
216
215
185
234
183
186
197
217
204
208
218
199
182
191
164
199
165
174
207
196
196
179
211
145
187
184
160
159
163
177
163
165
170
123
161
169
129
157
168
143
159
148
139
140
154
152
125
146
141
134
151
151
133
130
128
128
146
128
150
143
115
115
136
122
109
111
117
107
126
91
113
126
108
93
113
99
84
130
115
105
94
98
88
110
85
109
87
92
99
82
94
92
95
90
84
84
75
70
80
92
90
97
72
89
85
82
83
86
90
64
74
74
86
59
84
74
72
71
64
67
71
75
79
71
61
50
80
100
78
71
78
66
67
47
58
45
48
52
50
54
55
58
44
51
40
58
54
60
43
58
47
68
52
45
45
48
54
52
57
39
32
42
39
38
50
40
38
36
47
25
35
43
51
30
36
39
37
42
32
42
49
54
36
34
40
47
39
32
28
32
26
40
35
19
30
32
35
36
38
36
29
32
23
34
30
25
28
26
38
30
26
31
32
26
26
25
31
24
30
18
32
40
29
35
30
31
25
36
26
32
20
27
26
34
69
38
19
23
23
27
26
21
19
26
25
21
10
16
21
18
28
21
14
19
23
24
25
28
22
18
24
17
21
20
23
16
23
28
21
24
24
16
25
19
25
16
26
24
15
28
20
19
20
21
11
14
15
22
15
15
20
18
24
22
24
17
17
17
18
12
12
15
12
18
12
22
20
18
18
23
16
17
20
15
17
24
11
23
9
20
9
6
21
19
17
19
11
15
18
15
15
16
12
10
9
12
16
16
12
14
20
12
18
15
14
11
22
16
13
12
16
15
12
20
9
14
5
11
8
18
17
12
11
18
14
20
11
18
9
16
16
15
11
12
14
12
16
8
3
11
13
12
10
19
23
17
28
12
10
15
15
21
17
14
7
16
8
7
12
7
13
16
7
9
7
9
9
9
11
13
10
13
14
8
8
11
11
14
6
7
11
13
6
9
6
9
10
12
11
8
10
6
7
14
10
11
12
14
8
12
6
11
9
11
7
12
10
14
8
13
12
10
19
18
27
9
13
9
11
6
13
12
3
7
9
5
7
5
8
7
10
9
11
8
5
8
4
22
29
30
20
13
10
9
10
1
10
5
15
7
6
8
4
12
7
10
8
7
8
7
5
4
7
9
4
7
13
9
6
12
6
9
13
5
9
5
8
13
5
8
9
7
8
14
7
9
4
9
29
23
8
9
9
12
8
7
11
8
4
3
6
6
4
3
9
7
6
8
8
8
9
11
7
11
7
6
9
8
7
5
5
8
5
11
10
8
6
6
4
7
7
11
7
7
6
11
8
5
5
13
8
6
5
3
2
10
5
3
4
5
12
5
5
4
10
9
4
3
8
5
8
14
9
9
4
3
6
7
2
7
9
8
12
4
9
10
4
17
7
7
3
4
2
2
2
10
7
10
4
12
7
9
8
4
5
6
3
8
3
4
3
4
5
2
9
4
4
4
8
7
4
10
8
5
2
8
2
6
0
5
7
7
6
7
4
8
3
7
5
10
1
3
4
8
5
8
7
9
8
3
4
5
5
7
4
4
4
2
5
6
5
4
6
7
6
5
7
6
3
4
4
4
6
2
6
5
6
5
4
1
1
2
9
10
6
8
7
7
5
6
8
3
7
2
8
5
5
3
6
4
6
4
2
5
3
4
3
4
7
7
8
6
8
3
9
6
2
5
6
7
3
4
3
3
9
2
0
6
5
7
5
5
8
8
9
14
11
6
7
4
3
2
4
6
3
5
4
5
9
5
6
4
5
3
6
5
2
7
6
6
5
2
10
4
6
9
6
7
6
6
2
5
6
4
4
2
3
2
7
3
7
5
5
5
6
4
6
5
8
8
13
8
6
5
6
6
3
3
2
9
4
5
4
3
6
3
4
5
5
7
6
2
3
6
5
3
3
4
7
6
4
10
5
3
4
4
2
6
4
1
1
5
6
4
4
3
4
3
4
1
4
1
8
2
2
7
2
4
6
6
5
5
3
3
7
6
7
8
3
5
7
2
11
7
6
2
4
5
6
4
0
2
5
2
1
1
2
3
3
3
6
5
2257
