radiacao de fundo
0
0
0
0
0
0
0
0
0
0
0
0
0
0
16
173
133
75
101
118
110
124
88
93
89
97
106
124
109
113
108
83
76
93
75
91
85
75
76
89
87
93
78
94
78
74
73
89
86
65
80
92
91
77
97
92
86
109
110
102
96
111
114
105
103
127
125
117
135
117
126
134
162
147
155
137
140
149
148
166
167
150
164
165
182
142
189
189
191
171
184
189
198
205
208
199
187
186
187
172
205
182
207
205
204
173
215
177
184
202
213
187
188
184
196
203
177
179
185
208
214
204
205
180
175
160
187
173
181
191
202
167
173
176
164
202
170
183
174
166
173
148
167
146
151
139
161
145
176
141
157
164
162
158
121
140
121
138
132
142
132
136
130
128
106
135
125
131
115
125
107
109
106
120
122
90
106
116
115
94
117
105
117
119
114
109
101
111
96
93
124
111
100
104
100
90
93
76
98
96
96
75
77
75
103
74
89
103
91
72
73
61
60
85
81
73
74
61
78
65
75
72
67
55
70
59
72
70
68
77
60
55
87
73
51
56
64
47
57
56
50
118
68
63
88
50
51
56
65
63
52
42
51
49
41
46
54
46
51
43
45
37
54
38
45
46
55
49
32
54
31
42
49
42
42
53
41
47
47
40
27
56
38
40
37
46
35
39
36
32
39
35
41
33
43
61
37
42
36
29
35
36
38
30
37
20
38
31
35
32
33
28
27
29
35
24
31
21
37
27
35
36
30
35
30
36
32
41
20
21
33
22
21
23
32
23
37
31
26
22
23
25
28
26
28
33
24
26
24
37
65
35
22
29
25
23
22
28
17
22
27
20
21
29
19
15
25
25
18
19
25
21
24
24
17
28
18
18
21
26
22
17
24
15
18
29
21
14
15
16
14
25
17
12
24
19
18
11
11
13
13
17
21
12
23
7
23
11
24
13
17
16
23
22
12
15
15
15
14
12
15
22
12
10
21
17
19
15
16
15
9
11
20
26
18
13
14
11
17
13
14
9
15
11
15
15
9
15
19
16
13
10
13
7
15
12
19
24
17
10
13
17
13
13
20
17
11
14
16
17
10
17
11
10
11
15
7
13
11
13
13
10
17
12
16
11
14
9
9
13
12
11
16
8
9
17
12
10
15
14
5
13
21
28
19
15
14
5
7
16
8
13
7
14
12
19
9
11
8
16
6
7
14
6
12
13
13
10
9
8
13
10
8
11
6
14
9
9
12
8
14
13
11
10
10
9
9
8
9
6
12
9
11
9
6
14
8
7
10
10
7
8
11
10
10
6
10
16
6
12
6
15
18
22
10
9
8
12
9
11
6
11
9
7
9
7
13
8
8
10
10
9
10
11
10
7
13
28
46
18
9
12
10
8
5
14
7
13
8
10
10
6
10
9
4
6
9
11
5
8
3
8
9
10
11
3
8
10
9
10
5
7
4
9
12
10
11
6
6
7
14
7
6
5
10
5
7
18
22
16
10
10
12
6
7
12
7
9
7
1
10
9
5
7
5
6
8
8
10
10
5
8
5
6
6
8
8
3
8
3
5
4
8
8
4
9
11
6
8
11
4
10
4
11
6
4
2
8
2
7
3
6
2
8
6
9
5
5
5
1
7
10
11
6
7
3
1
5
10
9
3
5
4
8
6
10
9
6
8
3
6
7
6
7
5
6
9
5
5
5
6
6
5
7
6
5
9
7
3
9
9
6
5
8
5
5
8
6
7
3
5
4
7
7
5
7
1
6
3
7
3
8
7
6
1
7
4
10
8
8
5
4
1
5
3
2
9
5
2
1
7
3
4
1
2
9
5
6
9
4
7
5
6
7
4
6
10
3
6
2
8
2
8
7
8
2
4
7
5
4
5
6
4
6
5
6
4
2
8
4
6
8
9
3
3
2
8
3
9
7
0
6
6
2
1
5
0
3
5
8
4
5
6
6
5
7
5
5
4
6
2
7
3
3
6
3
3
4
4
3
5
8
9
9
3
3
3
4
6
5
9
7
6
1
4
9
4
8
19
10
2
4
4
3
5
5
7
4
5
5
2
2
8
2
2
2
5
4
4
6
8
10
6
4
3
5
4
8
6
4
6
2
6
5
6
4
5
4
2
5
6
4
4
5
6
6
1
5
4
4
6
6
5
7
10
6
4
3
6
4
4
2
6
1
4
4
6
4
2
4
1
4
7
1
2
5
4
0
4
2
3
5
3
6
8
6
3
2
3
2
5
4
8
10
5
8
3
3
5
4
2
6
7
7
8
3
3
4
3
6
7
2
5
3
4
0
2
1
3
4
6
2
2
0
3
5
8
1
6
1
3
4
3
2255
