radiacao de fundo
0
0
0
0
0
0
0
0
0
0
0
1
11
2
33
273
174
110
146
150
175
136
120
121
99
95
128
100
87
128
105
117
91
113
95
76
100
88
101
93
89
91
98
100
86
98
107
98
90
92
107
101
101
92
85
101
118
108
106
118
116
118
119
118
124
136
148
139
136
138
131
144
151
162
165
160
171
151
184
188
170
206
178
178
207
193
211
196
219
173
172
208
194
203
192
189
200
213
217
205
196
197
213
218
205
228
221
186
211
200
217
210
216
203
226
184
179
213
204
221
216
209
227
187
209
219
206
205
214
194
191
184
213
172
189
216
198
189
182
203
172
190
177
184
183
166
158
175
147
147
196
164
165
183
151
146
142
167
167
160
160
167
161
147
147
162
153
160
138
160
139
151
134
147
136
112
151
129
138
112
117
127
118
120
104
115
129
112
119
122
130
104
105
118
100
83
91
129
106
107
102
107
100
90
97
97
104
82
95
87
99
87
87
81
91
88
77
77
86
87
76
78
70
90
81
70
69
67
70
64
75
65
70
75
70
73
53
76
80
59
65
120
84
66
74
65
64
66
63
57
52
52
68
56
47
55
49
41
40
41
57
69
59
52
43
47
49
59
57
49
44
45
50
44
44
34
48
40
52
42
50
44
34
43
34
44
34
53
32
49
42
33
31
41
38
65
65
40
35
25
38
35
36
33
38
29
28
34
29
28
39
36
44
28
41
23
31
34
25
31
29
27
37
31
37
39
27
29
40
18
27
27
27
23
35
28
31
32
23
22
20
34
25
25
24
21
24
35
30
26
77
36
28
26
22
22
17
27
22
24
22
19
27
27
19
22
25
27
30
27
19
27
25
16
24
15
24
18
17
23
25
16
20
15
19
21
21
24
23
14
13
23
23
17
17
18
14
27
13
16
12
15
16
21
18
21
22
16
20
17
11
19
12
21
27
19
18
19
17
14
11
15
23
13
11
20
15
24
14
13
18
20
20
21
23
15
14
10
13
22
18
20
18
18
13
22
11
10
20
11
15
16
18
13
21
15
11
15
15
9
16
18
12
12
12
15
22
14
11
16
11
14
10
8
14
11
14
5
13
11
12
13
19
16
9
10
12
7
11
14
9
13
12
7
13
15
9
13
12
15
9
17
24
28
30
19
13
19
8
7
10
7
8
10
9
12
18
14
13
9
15
5
16
9
9
8
12
14
11
12
15
12
8
8
10
8
12
10
10
9
11
9
12
17
10
8
18
13
11
9
6
17
8
8
14
8
14
9
10
13
9
21
12
10
10
9
8
9
5
10
11
16
30
20
14
5
6
10
10
8
5
7
5
8
8
10
14
9
11
9
8
10
1
9
6
8
10
30
42
14
11
14
6
5
8
15
10
9
9
8
12
8
9
14
9
9
4
12
4
7
11
11
4
9
8
9
10
12
11
9
6
5
10
5
12
10
11
4
9
5
10
12
7
10
10
7
11
21
25
15
12
8
7
9
6
6
3
9
7
5
5
9
7
9
8
6
7
7
9
9
8
6
10
7
7
13
6
11
8
3
2
7
8
8
7
8
6
11
10
7
6
4
4
7
8
6
7
6
7
9
8
6
9
7
3
14
11
2
3
12
13
12
12
9
2
4
8
7
6
4
6
5
8
7
5
2
5
5
5
5
3
4
4
9
7
9
11
6
10
11
9
11
8
4
7
4
3
6
10
6
8
11
8
7
6
9
5
8
3
7
9
6
9
7
4
8
5
11
7
4
3
4
6
2
9
7
3
6
7
7
4
4
5
2
4
8
4
7
4
7
3
5
6
8
8
2
4
3
7
3
4
6
9
7
6
7
6
4
5
5
6
9
1
2
1
9
7
6
2
8
6
6
6
6
3
6
3
5
7
9
4
8
9
7
5
4
5
5
11
7
6
6
4
7
4
6
4
6
5
7
4
3
3
6
9
7
6
3
2
1
3
4
5
5
5
6
5
3
7
1
4
5
5
5
5
3
3
6
7
7
6
9
5
10
6
5
4
5
19
17
6
6
4
11
1
2
7
7
4
6
8
8
2
7
7
3
5
6
2
5
9
3
7
2
2
10
7
3
7
5
5
5
7
2
5
4
5
7
7
10
8
5
4
3
2
6
8
6
7
5
7
4
6
8
12
5
3
7
3
3
6
5
5
3
5
3
1
7
3
5
8
7
6
4
3
3
2
4
5
1
9
3
5
1
6
5
6
4
5
7
2
1
6
2
3
3
4
6
2
4
9
5
2
3
5
3
6
8
1
6
7
2
4
4
1
5
3
3
6
1
2
4
10
6
3
5
2
7
5
4
3
4
3
2508
