radiacao de fundo
0
0
0
0
0
0
0
0
0
0
1
0
2
0
20
258
162
83
110
142
147
134
124
119
81
75
116
93
121
107
81
99
91
101
81
97
93
94
86
103
99
86
83
105
95
107
92
89
90
80
96
111
86
84
107
115
107
112
116
111
115
107
115
137
119
119
135
121
160
128
160
171
167
137
142
157
181
150
174
211
178
182
179
184
182
191
210
197
188
169
177
183
197
215
188
196
187
201
189
205
179
215
206
221
198
211
209
201
200
215
190
211
231
209
196
195
202
175
199
191
182
191
206
208
187
188
186
175
175
197
207
180
191
210
179
142
193
171
190
195
170
158
174
153
158
161
175
153
136
140
160
162
123
150
136
162
154
139
162
136
180
145
148
134
146
151
139
156
139
143
146
137
141
126
110
128
130
117
122
109
132
115
100
118
105
115
105
95
109
113
104
138
127
108
116
110
92
111
79
92
94
103
85
93
93
99
85
88
72
75
84
80
90
99
83
78
81
73
90
61
73
88
78
76
81
85
73
78
73
79
78
75
64
86
79
76
55
65
73
75
70
85
111
61
64
80
71
56
70
56
50
71
59
64
56
48
44
50
57
41
52
58
43
46
45
46
57
38
54
43
40
50
60
49
47
44
34
56
45
45
47
45
41
43
51
37
47
50
36
39
39
37
39
35
34
51
61
51
27
42
32
41
32
38
44
32
38
36
38
33
27
32
26
32
30
43
33
23
25
27
22
30
34
24
31
38
33
22
31
33
35
32
31
20
33
32
29
36
34
30
36
25
20
22
21
21
32
28
20
24
47
76
26
31
25
33
27
20
23
23
23
23
30
19
18
29
31
22
18
22
19
19
22
19
26
19
22
23
20
20
22
26
17
21
26
27
21
19
17
18
23
21
17
16
26
17
13
22
18
12
12
20
21
19
17
14
21
19
17
21
16
12
23
21
22
15
16
25
24
26
28
24
16
14
15
14
22
19
11
14
18
15
23
18
17
22
14
16
20
12
27
20
14
12
19
13
14
11
12
16
14
17
11
19
10
14
17
18
21
11
15
11
17
11
15
11
11
6
9
13
12
12
17
14
11
9
11
15
13
6
12
15
11
7
6
15
23
9
10
10
11
10
8
9
14
18
13
21
15
14
15
14
18
24
22
21
10
15
9
12
12
14
12
8
8
18
15
10
6
11
9
11
12
10
11
14
15
4
15
6
14
9
15
11
11
12
11
13
10
13
15
19
15
14
13
12
5
10
15
10
9
10
7
9
9
7
14
11
16
9
13
11
11
4
13
9
7
14
5
11
11
14
11
23
16
21
12
6
14
13
10
12
10
7
9
10
6
11
5
5
10
9
6
11
8
14
9
13
19
38
29
10
5
13
6
6
10
8
8
10
8
7
7
5
12
3
10
9
6
9
4
5
10
9
5
8
7
9
6
7
7
4
5
9
7
11
7
9
6
9
16
10
12
5
12
5
5
10
14
18
20
9
8
11
11
4
7
6
8
6
9
9
7
10
4
10
10
7
8
3
6
9
7
8
8
7
8
3
6
9
6
10
10
7
7
3
8
6
5
10
9
6
6
12
8
3
5
5
2
6
6
9
6
5
6
5
10
5
9
9
10
8
4
7
4
3
6
7
3
7
3
6
7
7
10
9
12
6
8
6
8
6
7
10
3
10
2
9
8
6
10
6
7
8
12
4
4
6
8
10
4
6
6
7
4
4
7
7
6
5
6
10
3
5
5
5
8
9
4
4
7
6
8
3
5
5
4
3
8
7
5
12
11
5
5
5
5
1
7
4
8
5
4
10
6
9
5
7
5
10
5
4
10
7
2
7
3
6
6
6
9
6
3
4
4
5
4
6
6
9
4
6
6
4
9
4
7
7
7
4
4
5
6
6
5
7
8
9
5
8
5
4
8
8
8
8
2
3
6
4
6
2
7
2
2
6
6
5
4
11
2
5
7
5
3
3
3
3
4
5
3
4
3
6
3
4
6
7
6
4
3
2
8
8
6
3
4
10
7
8
15
12
9
7
3
5
5
4
4
5
5
6
2
1
3
5
7
6
5
6
2
2
2
5
5
2
2
8
7
3
2
3
4
5
10
3
4
12
5
2
4
3
3
2
7
5
4
1
3
2
7
8
10
6
2
9
13
5
4
6
3
6
8
3
4
4
6
7
2
5
2
5
1
3
3
4
4
5
7
5
4
9
2
6
3
4
4
3
3
5
3
4
6
4
0
1
3
8
4
4
4
4
4
3
5
4
3
5
4
4
5
8
1
2
5
3
6
3
5
2
2
10
7
6
3
12
7
7
5
2
4
2
4
2379
