radiacao de fundo
0
0
0
0
0
0
0
0
0
0
0
0
1
0
15
220
173
124
92
98
116
97
96
68
91
84
85
90
104
87
105
92
96
91
73
73
75
89
83
90
86
80
78
105
69
60
63
82
69
82
63
85
66
78
78
88
81
90
85
76
100
105
108
92
93
87
114
121
106
131
112
111
107
127
144
112
139
130
128
124
140
139
155
140
168
152
172
171
164
133
177
161
156
139
146
147
185
179
160
173
171
199
189
179
180
169
168
171
159
168
164
174
186
172
157
161
178
150
147
202
153
184
162
156
181
165
196
158
166
163
154
150
132
150
171
150
156
170
144
146
129
125
161
121
138
145
135
115
171
106
137
132
126
132
121
126
130
131
140
140
120
124
117
109
122
121
128
108
115
103
124
111
80
99
106
102
107
116
83
99
109
84
92
106
92
91
108
80
98
87
112
86
77
73
86
68
92
83
94
72
80
70
80
78
79
74
79
79
54
75
65
61
56
81
63
68
67
67
66
64
62
65
54
68
50
51
70
62
69
63
46
59
63
48
44
46
55
50
53
62
46
101
70
53
61
54
41
39
51
58
51
40
49
39
35
34
55
51
48
42
49
39
42
38
49
37
45
43
39
31
36
41
40
42
44
44
37
39
39
30
45
29
28
30
34
27
35
27
27
38
37
32
36
27
25
36
60
30
29
24
34
33
28
29
37
26
16
28
34
34
23
27
27
22
19
30
21
36
13
21
31
23
27
26
25
22
30
30
27
27
25
16
24
17
22
29
22
28
27
33
23
18
17
20
15
20
28
19
25
33
58
27
16
24
22
11
28
20
26
18
16
20
27
12
16
15
21
14
22
17
13
25
16
15
23
17
21
20
20
16
20
15
18
26
8
19
16
12
15
24
16
10
14
22
22
14
17
11
11
24
19
10
18
18
13
19
21
21
15
16
29
15
16
10
15
15
16
21
15
6
17
14
15
11
14
13
6
11
13
17
14
19
18
19
18
13
5
14
13
8
12
17
3
23
11
12
12
11
8
15
17
13
21
12
16
9
11
18
16
12
12
6
9
8
12
13
8
14
12
12
11
8
8
8
9
12
11
5
10
10
8
8
19
12
15
6
9
5
11
8
9
13
10
10
8
9
11
10
9
9
13
18
17
23
11
11
10
12
11
9
15
14
13
8
5
10
10
6
7
11
12
8
14
8
6
8
11
6
11
10
6
4
11
6
13
6
8
8
10
6
6
8
5
4
10
9
8
10
12
7
6
15
11
8
9
10
12
4
7
6
8
3
5
10
13
4
8
10
5
7
12
8
17
17
6
9
5
8
8
4
5
5
14
9
4
2
7
10
11
7
8
4
5
14
8
11
13
44
32
13
8
4
8
10
4
7
11
1
7
6
14
4
8
5
11
5
8
6
4
5
8
4
6
2
6
8
7
5
11
9
11
5
9
8
7
6
6
8
5
10
2
9
7
6
5
15
11
15
27
11
6
8
4
0
2
3
10
6
2
5
6
4
8
4
5
12
6
3
3
6
7
2
11
5
1
5
7
5
7
9
6
3
9
10
2
6
7
7
5
5
3
5
4
3
9
6
4
7
8
5
1
3
4
4
8
10
4
2
6
6
6
9
12
4
6
7
5
4
5
11
2
5
3
9
7
4
1
7
3
2
8
5
2
7
3
3
8
8
3
4
7
4
5
2
3
2
2
4
6
7
6
6
6
6
5
6
2
4
8
3
3
3
4
2
3
6
18
3
5
5
6
4
5
6
13
4
4
6
4
2
5
5
2
2
4
7
5
2
2
3
4
9
3
3
2
5
1
7
5
4
6
5
5
6
6
5
3
4
6
2
1
7
4
3
4
7
3
5
4
5
3
4
2
4
1
6
7
8
6
4
3
2
1
3
3
2
6
6
5
7
2
8
5
5
1
2
7
5
3
5
4
5
4
7
7
3
4
4
3
7
3
1
5
3
4
3
6
4
1
7
2
5
5
5
1
6
6
5
6
2
2
4
4
5
5
3
6
6
10
7
4
8
4
3
6
6
5
3
3
4
2
2
2
4
4
5
6
4
4
5
6
2
6
5
3
2
1
6
1
3
4
2
6
2
3
5
3
5
4
3
3
4
4
5
4
8
4
3
4
3
5
7
6
5
6
5
4
11
5
4
2
4
2
4
5
2
2
9
2
5
6
2
2
2
6
1
3
6
1
4
5
3
5
4
2
3
2
7
5
4
3
1
6
5
7
0
4
3
1
5
3
2
4
1
3
3
6
2
2
7
3
3
5
1
2
3
2
4
4
3
4
2
1
4
2
3
4
2
1
3
6
6
1190
805
