radiacao de fundo
0
0
0
0
0
0
1
0
0
0
0
0
8
2
25
259
147
103
132
137
153
134
137
97
92
96
106
96
112
121
111
89
102
97
100
92
71
80
77
77
90
95
91
116
89
89
89
85
85
84
118
96
75
106
107
90
112
114
125
102
125
100
128
138
147
118
119
116
115
141
175
141
169
156
181
176
194
140
179
155
179
184
184
203
190
198
186
186
188
185
186
181
191
207
185
210
172
229
213
187
200
230
197
180
177
210
218
172
209
166
184
197
228
217
205
210
216
162
183
181
198
188
191
210
196
183
198
170
215
193
193
197
197
189
197
170
169
163
186
183
216
171
193
164
156
155
161
153
173
146
140
195
168
151
143
150
147
159
131
135
135
147
119
123
138
131
143
142
136
117
133
138
96
131
114
135
131
117
117
130
119
130
118
111
123
123
114
116
118
84
125
114
111
99
102
99
93
127
112
115
93
122
120
93
98
106
104
97
90
85
82
87
90
78
93
81
78
87
69
90
72
86
69
75
66
65
87
61
79
61
63
63
75
71
71
59
76
70
103
59
69
68
67
60
70
60
58
67
56
64
55
68
58
53
57
51
54
56
45
53
49
49
46
51
47
40
41
32
57
39
42
45
54
38
48
47
51
42
50
33
43
35
33
44
42
32
29
41
40
51
37
42
67
37
38
34
43
29
41
31
39
32
35
35
45
28
37
38
34
34
29
33
25
36
35
28
22
24
37
28
44
39
39
35
33
38
37
26
34
25
27
25
39
27
31
24
31
20
23
30
21
27
22
21
24
57
51
28
21
33
40
24
22
23
26
31
16
23
23
25
30
22
23
22
19
18
22
20
22
18
27
16
19
23
26
18
22
17
15
19
18
13
19
23
19
22
18
15
22
17
22
20
22
18
19
22
16
16
22
25
21
13
19
14
14
17
14
17
18
22
7
12
14
17
17
11
15
14
21
17
15
22
18
18
19
12
21
15
18
21
11
15
19
22
12
15
13
15
23
13
11
19
23
17
16
16
12
19
24
9
10
15
22
15
19
15
10
12
10
16
11
7
15
13
12
8
13
10
11
5
11
11
9
13
15
11
14
14
13
13
13
13
14
18
23
11
9
15
11
12
12
11
23
13
18
24
20
19
20
7
10
10
11
16
11
13
12
13
8
13
12
11
12
12
13
7
6
9
10
10
14
13
7
9
14
13
14
8
10
10
11
11
7
14
18
6
8
9
18
9
7
5
11
5
11
10
12
9
9
12
10
5
8
5
8
10
10
5
8
9
10
8
13
11
17
15
16
11
16
11
7
10
7
8
16
14
3
11
9
10
13
10
9
8
20
8
14
9
16
24
30
20
8
11
5
5
6
15
11
12
6
9
4
5
7
7
9
7
3
8
6
7
12
7
5
10
8
9
11
9
7
8
8
10
3
7
11
7
3
9
10
10
7
4
8
6
7
13
9
24
28
13
12
11
8
6
13
9
14
6
10
6
6
6
9
7
8
5
7
9
6
5
9
8
9
9
9
8
5
8
6
4
5
5
2
12
9
3
4
9
6
5
4
6
6
14
10
7
8
6
6
7
6
9
7
4
8
10
12
8
7
8
4
7
9
5
8
8
2
3
10
7
10
6
5
7
5
9
6
5
5
4
6
4
7
5
5
4
6
6
8
9
6
11
6
4
5
1
4
6
7
7
5
5
3
7
5
5
8
9
3
7
8
6
7
5
5
8
2
9
6
5
5
7
6
9
3
11
5
6
1
7
3
7
7
7
7
5
4
7
2
5
7
7
8
5
15
4
3
6
6
2
5
1
6
5
3
4
7
8
12
4
4
2
6
6
3
6
4
10
5
7
1
8
7
3
2
3
6
6
10
5
11
2
8
7
6
3
9
7
4
7
4
1
6
4
6
4
7
5
5
4
6
5
8
7
3
5
2
3
4
3
6
1
7
7
10
2
4
2
9
5
6
6
5
3
5
8
6
10
8
10
10
3
4
6
8
11
7
10
1
3
3
4
3
5
9
7
7
6
7
4
4
2
6
6
2
4
5
3
2
4
4
5
2
6
4
3
4
2
4
5
8
3
6
4
5
4
7
5
3
8
4
7
3
3
4
9
5
5
1
8
10
5
6
2
2
5
4
8
4
5
4
2
4
7
0
5
6
7
9
1
0
3
3
5
5
10
3
8
6
2
3
3
2
5
7
3
3
1
5
3
4
4
2
3
5
3
2
3
7
10
7
5
3
8
2
5
4
0
0
4
4
3
3
4
7
11
3
3
4
8
4
7
1
5
6
5
7
3
8
0
4
4
7
1
3
6
4
3
5
5
2344
57
