radiacao de fundo
0
0
0
0
0
0
0
0
0
0
0
0
0
0
18
238
143
114
107
135
147
184
147
100
81
71
88
98
85
100
97
95
85
74
101
101
76
87
70
92
77
81
90
83
100
101
79
91
96
88
72
90
91
77
86
91
98
102
97
116
92
101
87
103
132
119
104
133
128
140
134
131
133
156
142
139
162
141
165
167
163
157
172
203
150
172
156
176
163
146
164
150
206
169
180
189
188
174
190
188
174
207
189
206
197
197
179
212
178
184
207
193
203
194
190
182
185
191
188
175
197
194
187
167
174
157
177
187
199
158
164
201
189
162
171
188
175
167
160
161
155
158
159
134
170
156
145
136
136
145
131
145
121
145
141
131
149
153
128
125
135
112
124
105
139
112
141
126
122
115
114
112
116
101
102
115
99
100
106
92
93
96
101
105
105
86
105
103
109
87
85
84
88
82
105
85
105
85
78
90
85
76
69
81
84
90
85
71
71
86
74
87
74
62
71
65
85
70
61
63
60
57
69
65
73
82
79
69
71
78
58
60
63
59
64
54
60
59
118
50
67
64
56
45
40
36
51
45
47
55
37
44
40
48
51
54
52
49
57
51
51
39
46
49
46
35
48
34
50
37
37
35
42
39
31
34
39
40
60
41
40
45
40
43
37
39
26
38
31
33
35
46
65
26
26
32
32
36
35
30
28
27
30
24
25
39
32
35
30
30
24
29
20
28
36
23
38
28
34
21
24
31
30
24
21
25
28
23
21
37
23
29
36
29
25
22
24
18
23
16
22
17
23
25
20
57
40
20
17
15
29
18
20
23
26
16
18
25
16
23
17
24
18
18
22
17
18
23
25
19
15
14
21
23
15
21
16
16
20
22
21
17
19
12
19
24
17
19
17
21
20
19
17
22
14
13
20
15
17
20
20
27
12
11
17
17
18
20
16
17
17
18
13
10
16
17
20
18
11
12
11
8
15
15
9
11
12
23
15
15
18
10
12
12
14
9
15
18
9
21
11
21
13
14
11
15
18
11
16
20
11
12
10
10
13
15
15
7
16
15
7
10
14
11
11
13
14
18
14
11
16
17
12
7
11
14
18
13
7
11
11
11
16
10
14
15
14
13
14
12
12
9
3
16
10
15
24
21
23
11
13
13
8
13
11
11
9
2
9
9
6
11
10
11
18
7
4
5
12
14
7
11
15
9
10
6
9
13
8
13
7
5
15
8
9
13
13
13
11
9
9
8
9
10
12
8
10
14
9
9
7
8
12
10
5
6
3
9
11
3
15
9
9
8
20
20
13
7
6
9
9
9
15
6
15
9
10
7
10
10
7
4
12
7
9
6
11
9
19
30
30
16
15
8
6
18
5
7
9
5
12
6
11
5
11
7
8
5
9
6
5
3
7
6
9
5
5
7
7
4
16
7
6
10
5
7
7
10
6
10
8
7
10
6
6
7
3
13
8
17
14
11
9
6
5
8
7
6
8
4
12
2
6
8
6
2
6
10
5
9
8
6
5
1
4
7
4
5
12
7
9
8
4
5
4
1
7
8
2
11
1
9
7
6
9
3
5
2
8
6
3
7
10
8
7
8
7
5
10
7
10
10
16
9
5
8
4
10
2
4
5
6
6
2
4
7
6
6
4
6
4
4
4
6
4
10
6
9
7
5
6
8
5
7
3
6
6
6
7
6
6
9
3
4
9
5
4
7
4
7
2
9
7
3
4
3
4
7
8
3
7
4
3
7
5
13
8
5
5
2
7
9
6
8
7
6
4
7
1
3
6
1
4
7
7
10
3
6
9
3
6
4
7
6
8
9
3
3
6
4
5
4
2
5
5
2
7
9
9
7
6
2
3
4
8
5
6
5
6
4
5
5
3
5
6
3
5
6
6
4
8
5
1
4
5
2
5
8
2
2
3
4
6
5
5
2
4
4
9
6
6
4
5
6
4
7
6
3
8
3
3
5
4
4
4
6
6
3
5
8
6
5
1
6
6
3
14
7
4
4
2
5
5
6
5
7
4
3
2
1
8
5
6
6
5
3
4
4
9
6
3
3
4
2
5
4
4
6
3
6
3
3
4
8
4
3
1
5
7
4
8
0
2
5
5
4
4
7
4
5
9
1
5
8
3
8
7
1
0
4
2
2
6
1
4
7
8
3
4
2
5
3
2
3
3
2
2
3
1
4
0
5
6
5
2
3
4
5
2
5
5
2
5
5
3
3
3
8
1
7
2
1
5
7
5
4
2
2
2
1
5
3
8
3
5
8
3
6
5
4
5
0
3
1
5
3
1
6
1
3
2
3
4
5
6
4
2
6
9
4
4
4
1
2111
