radiacao de fundo
0
0
0
0
0
0
0
0
0
0
0
0
1
0
17
210
149
64
97
119
135
126
129
92
85
97
87
97
81
126
84
78
78
76
71
85
69
66
86
82
82
69
91
87
66
74
73
82
81
74
74
87
92
72
85
101
94
97
110
101
102
139
106
101
123
119
126
106
139
117
154
117
130
159
123
143
162
139
152
162
142
161
150
168
142
172
161
173
168
202
171
162
153
161
182
156
180
157
161
170
174
167
209
197
177
197
214
195
200
172
190
171
198
175
163
197
181
176
182
187
186
197
184
173
152
181
192
168
171
154
186
155
152
145
163
166
173
154
167
143
172
164
168
164
146
155
127
146
160
135
154
141
140
147
128
132
122
129
147
137
125
121
126
148
118
117
126
125
127
108
115
120
122
117
103
120
119
102
116
107
100
97
107
101
110
98
101
91
98
105
80
88
95
80
88
86
71
76
81
78
73
83
96
75
71
83
87
92
83
83
76
74
69
69
70
78
68
72
64
64
82
62
54
63
71
73
63
62
58
71
72
65
68
49
78
60
68
50
105
67
67
72
58
46
60
49
63
45
52
46
45
57
44
40
48
30
52
40
47
46
49
37
49
45
50
60
52
41
38
37
32
39
53
38
50
40
43
33
37
27
35
30
35
38
31
27
50
45
30
35
35
31
57
27
35
25
33
27
46
43
39
23
29
34
38
27
25
32
38
31
25
24
27
27
28
31
32
15
23
30
28
35
31
21
29
29
23
24
31
32
23
14
39
32
35
18
30
22
26
28
36
22
26
22
24
38
63
32
19
20
20
22
25
18
24
17
19
27
23
23
25
27
18
18
14
16
16
18
15
21
16
18
21
17
14
18
25
15
23
16
15
17
16
16
24
14
18
15
16
18
20
27
19
15
13
16
23
12
14
22
19
14
15
13
18
17
16
14
12
17
19
20
19
14
10
10
13
20
9
7
15
18
15
22
13
13
15
10
15
14
16
16
15
13
6
15
13
12
12
14
14
19
10
15
10
9
22
13
23
13
13
15
13
13
9
18
14
14
10
11
16
14
14
22
4
11
9
5
12
14
10
17
16
19
12
9
12
12
7
13
15
14
12
13
15
10
16
15
17
12
7
9
18
11
12
10
28
29
17
12
9
9
12
12
7
12
9
12
12
15
9
12
10
9
14
8
9
11
15
8
10
5
8
8
11
12
10
15
6
7
10
8
10
8
9
10
6
6
10
13
5
11
11
8
14
16
10
11
12
6
11
9
6
11
13
9
8
5
10
11
7
16
7
13
17
28
16
9
6
9
5
13
12
11
12
7
5
10
9
8
8
9
4
5
10
8
15
5
10
19
38
23
11
11
7
9
10
6
11
8
4
7
4
8
10
6
12
5
6
10
4
6
8
10
9
5
3
7
9
9
10
2
11
6
3
7
7
8
7
9
6
9
7
7
7
4
9
8
6
20
20
12
8
5
6
8
6
2
3
11
6
4
7
2
7
4
7
5
8
6
5
4
6
4
3
13
10
4
7
11
5
7
6
3
6
5
10
4
5
7
8
7
5
7
5
9
9
3
9
6
3
5
3
8
6
5
4
8
8
5
8
3
7
4
8
9
10
7
6
3
6
8
7
5
7
6
6
6
6
8
9
8
4
4
7
5
6
3
2
8
7
7
7
5
3
5
7
5
5
2
13
3
5
3
2
5
2
11
8
6
4
5
7
2
3
8
6
7
9
5
7
8
5
10
2
3
6
2
0
3
7
5
4
2
8
5
1
8
4
2
5
2
4
4
4
6
8
4
6
5
5
4
2
3
3
6
3
4
6
3
2
2
3
1
1
9
7
5
6
7
9
6
4
6
6
2
4
2
3
3
5
1
8
1
4
4
4
5
2
4
6
5
5
6
4
7
5
5
7
3
3
4
3
7
6
3
3
6
6
5
2
3
6
5
4
1
5
4
4
2
8
4
5
2
3
4
1
4
3
3
2
2
4
5
1
8
12
11
5
8
4
3
3
4
6
3
6
6
3
5
4
4
3
7
10
3
7
8
8
5
1
5
5
3
2
2
4
1
8
4
1
5
1
3
5
3
4
3
3
3
2
5
3
5
2
6
7
5
8
4
6
8
8
6
8
4
3
4
2
1
6
8
1
0
7
5
4
2
7
4
5
4
6
2
4
1
6
1
8
1
4
1
7
5
6
0
6
6
4
4
2
6
1
2
1
3
6
4
2
3
11
2
5
3
2
3
5
5
2
2
7
4
6
1
5
2
7
2
4
0
6
2
3
4
5
5
2
3
3
3
3
2
3
4
4
3
4
3
4
2
2
1
7
2129
