radiacao de fundo
0
0
0
0
1
0
0
0
0
0
0
0
5
1
22
219
126
98
109
141
147
132
121
106
101
98
99
114
139
118
126
98
111
91
95
87
97
86
90
87
100
91
90
94
97
86
90
82
83
89
103
97
78
98
105
90
107
91
98
112
111
126
108
116
121
129
129
122
129
131
144
143
146
153
178
149
161
159
142
159
156
170
147
181
202
149
192
182
192
185
178
187
179
182
194
192
185
194
202
189
219
182
208
209
193
176
187
208
181
208
187
223
193
202
203
216
189
185
171
214
215
209
207
180
224
201
177
180
189
180
192
214
190
200
185
188
182
176
172
157
146
168
164
154
156
170
147
180
153
151
181
174
150
153
151
138
155
177
130
149
165
146
136
150
148
139
129
133
117
139
110
110
111
136
115
117
115
119
137
103
120
105
111
119
127
116
113
108
98
95
112
93
107
105
97
104
102
80
106
91
94
74
86
94
82
88
85
82
80
88
74
85
71
73
59
77
82
89
69
84
75
77
74
86
77
78
62
63
54
66
67
85
72
86
66
59
70
66
66
82
67
94
73
60
78
60
73
63
60
61
55
40
52
39
50
56
38
45
62
54
45
50
48
48
43
40
44
38
42
45
50
48
53
35
42
46
51
32
52
45
40
33
41
39
46
38
41
44
43
34
41
28
34
30
36
68
60
39
43
34
41
25
31
39
36
31
30
24
35
36
34
26
31
31
38
32
31
38
41
35
30
24
35
23
19
27
37
30
29
33
28
24
24
23
16
28
24
41
28
24
22
27
19
24
30
22
22
20
22
35
68
34
17
19
31
30
27
21
28
17
13
20
22
24
26
16
28
27
33
19
22
20
22
16
25
13
29
20
21
17
19
16
14
25
19
19
16
26
23
12
17
15
21
28
16
13
25
19
16
26
27
15
14
16
15
18
19
14
18
26
17
16
11
22
19
21
19
17
14
13
11
22
13
21
17
15
25
15
22
10
13
17
19
15
15
19
20
18
18
13
24
12
5
9
13
23
17
18
18
9
19
16
15
11
9
10
21
21
11
6
10
15
11
11
11
16
7
7
12
12
16
5
15
13
13
13
9
14
22
12
8
14
11
14
17
12
11
12
13
7
14
15
12
13
14
15
11
12
16
16
10
20
23
19
28
20
10
15
10
19
10
10
11
7
11
5
9
17
9
6
14
10
12
13
16
15
13
3
11
13
9
11
9
10
12
13
12
10
7
13
13
11
8
17
11
10
8
11
7
6
6
6
6
10
3
9
13
12
11
13
9
7
14
13
14
13
16
12
6
11
11
12
27
22
12
8
9
11
11
15
9
9
12
8
11
10
6
10
8
9
7
10
7
9
13
6
20
36
40
21
10
6
11
11
10
11
4
10
7
9
7
8
5
7
13
7
6
7
5
7
13
5
8
13
5
8
8
7
4
3
10
8
15
4
8
7
9
8
7
8
7
4
4
8
7
10
5
20
23
13
11
5
10
8
14
8
5
7
4
6
3
2
5
9
7
10
6
5
6
12
12
9
7
2
7
4
5
7
6
6
4
4
6
6
5
8
6
6
3
9
11
9
7
7
5
9
12
6
7
10
5
9
8
4
8
12
3
9
8
5
2
8
11
5
8
5
5
8
4
8
8
6
6
9
5
8
5
8
5
12
6
7
6
7
5
2
4
2
3
10
2
11
3
10
5
9
9
7
1
2
9
3
7
9
9
4
6
8
10
9
7
6
5
1
6
8
6
7
5
11
5
2
5
4
7
3
8
9
4
4
6
6
6
7
8
4
5
5
8
9
7
3
7
3
7
4
5
9
4
4
5
3
6
5
6
5
6
5
7
8
9
6
7
4
2
9
4
1
9
5
8
1
6
4
5
3
6
5
8
3
6
6
1
8
5
5
9
8
6
10
8
3
5
3
3
9
5
6
7
6
4
6
3
2
5
5
6
8
6
2
4
5
6
7
7
5
5
3
4
5
3
7
3
6
9
4
4
5
8
3
5
7
5
4
3
4
3
6
13
12
2
9
7
3
4
2
5
9
4
6
7
3
4
9
3
4
1
8
8
5
3
5
6
3
6
6
4
2
6
4
1
6
3
2
5
4
4
6
12
5
2
7
7
4
9
5
4
2
5
6
9
9
13
10
9
2
1
5
2
5
3
4
3
2
3
4
3
2
5
4
5
2
0
3
2
3
8
2
3
3
6
7
3
3
7
4
7
3
2
5
4
3
5
2
5
2
3
2
5
5
4
6
4
4
0
4
7
8
4
4
4
0
7
5
5
4
3
8
5
2
5
2
7
6
2
1
3
5
6
6
5
5
5
2369
