radiacao de fundo
0
0
0
0
0
0
0
0
0
0
0
1
0
0
27
296
153
91
110
116
116
122
116
98
89
72
93
111
101
97
97
100
89
89
88
77
102
87
89
95
84
85
93
100
86
90
85
85
109
80
90
91
101
105
88
97
108
104
110
105
122
105
121
119
127
120
134
137
136
151
149
133
143
156
180
174
143
168
141
171
163
169
183
169
182
163
168
159
204
173
211
183
193
207
194
183
191
194
214
198
207
203
212
181
216
189
215
211
186
179
191
175
167
212
192
179
191
217
175
195
178
214
187
170
198
182
193
183
184
204
172
190
214
181
173
189
195
186
170
163
171
177
177
159
166
190
158
144
165
166
160
157
164
180
155
164
127
138
145
125
169
154
138
136
109
135
116
149
139
132
135
116
106
113
122
123
131
112
124
115
131
109
91
115
101
114
98
102
117
106
114
113
97
112
98
101
109
103
108
99
87
92
96
90
107
85
92
108
82
96
86
79
87
91
73
84
102
81
78
86
70
73
75
74
80
72
77
61
77
69
66
69
68
64
67
61
69
65
65
60
54
122
69
63
67
56
56
49
46
61
75
44
36
50
42
45
65
51
44
50
38
51
61
48
51
40
51
45
59
50
46
55
49
32
45
45
49
46
56
27
38
32
46
39
36
41
45
40
37
45
34
37
38
34
46
45
50
33
40
36
34
27
39
33
30
34
29
29
38
35
44
35
33
37
31
38
28
30
35
31
33
15
38
20
30
18
37
29
35
25
26
29
26
20
23
36
34
32
25
29
19
24
26
20
21
33
20
17
24
43
77
29
22
23
21
15
25
28
27
23
25
23
21
21
26
24
17
20
19
21
19
15
26
21
26
18
19
24
19
24
26
21
20
27
26
12
16
27
18
20
22
24
23
22
15
17
23
11
10
20
13
20
25
17
16
23
17
23
19
9
22
15
16
15
11
16
23
20
15
19
18
20
24
16
16
19
16
12
21
20
27
20
21
23
23
27
13
14
17
13
26
12
12
16
12
17
25
10
12
14
14
13
15
12
25
10
9
16
13
18
17
13
16
8
15
20
17
16
16
15
17
6
18
15
19
12
11
6
12
11
6
14
7
19
11
8
15
9
14
10
12
13
17
17
20
15
10
8
8
13
20
24
21
28
17
8
11
9
14
10
7
8
13
10
19
14
11
15
9
9
10
8
10
9
9
9
11
11
10
10
10
7
11
6
6
14
12
10
11
8
10
11
8
12
13
13
5
11
9
12
7
12
10
11
7
9
13
8
8
9
8
6
7
8
9
8
7
13
8
12
9
12
28
25
17
12
10
6
8
13
6
9
11
10
8
10
10
14
6
14
15
11
9
10
7
11
13
35
33
15
10
12
4
7
4
6
5
10
9
3
5
9
5
8
11
6
2
2
12
8
7
9
14
6
11
5
6
5
12
10
9
12
3
4
6
11
2
7
7
9
8
7
10
7
11
7
16
17
27
18
8
8
6
8
5
6
7
8
9
2
6
3
6
3
7
8
17
7
8
6
9
9
5
8
4
3
7
6
9
1
11
10
2
7
14
10
6
7
9
7
3
6
12
11
6
1
5
9
6
5
5
8
5
7
7
7
8
4
8
6
15
11
4
4
4
3
8
4
4
6
5
7
7
8
5
8
7
9
5
5
8
10
6
7
3
8
7
4
4
6
8
4
4
8
10
8
4
3
4
8
7
9
6
8
4
4
4
7
4
8
10
6
5
8
5
8
8
6
8
6
9
6
2
4
4
8
7
8
3
2
8
2
3
5
4
5
9
4
9
4
2
6
8
7
6
10
5
8
3
3
4
6
8
9
6
3
4
8
4
9
9
4
9
1
5
10
2
6
6
7
7
5
2
9
2
2
9
2
7
1
1
1
8
8
5
5
3
5
4
6
3
7
7
3
5
6
2
5
3
7
5
4
4
3
5
4
8
3
6
2
4
0
3
8
3
2
3
10
7
5
6
7
8
5
6
7
3
4
3
6
8
4
3
5
2
6
6
8
16
7
9
8
3
10
4
5
3
4
7
5
5
8
6
3
6
4
12
3
4
9
5
10
9
3
2
3
3
5
3
2
6
3
2
6
3
2
4
6
6
9
6
3
3
5
3
2
4
6
3
5
9
6
7
7
5
7
3
5
3
4
4
2
5
7
1
2
4
8
1
2
5
3
7
2
4
2
3
3
8
6
6
2
3
6
7
7
5
2
7
2
6
3
2
4
8
6
5
3
2
3
3
2
9
2
3
2
4
5
9
6
8
6
3
5
3
4
6
3
6
1
7
2
2
4
0
5
4
3
8
3
4
4
2167
137
