radiacao de fundo
0
0
0
0
0
0
0
0
0
0
0
0
3
5
37
343
179
144
158
149
147
151
135
106
92
105
116
104
107
112
110
99
97
93
95
92
90
80
93
107
74
72
99
107
103
72
84
90
81
81
69
86
87
111
109
97
89
114
97
82
95
102
124
108
108
113
135
119
121
128
131
154
141
155
142
153
117
172
176
138
163
159
161
138
165
160
198
159
171
166
171
192
178
186
164
232
196
196
184
190
198
212
195
190
212
205
220
191
184
205
192
180
196
205
213
179
191
195
207
189
182
197
200
188
191
193
186
167
194
172
209
165
176
186
167
193
197
185
169
181
161
175
163
162
160
168
173
142
178
165
160
169
138
146
154
147
140
125
138
145
138
173
123
134
129
114
122
145
132
114
132
106
123
111
107
116
115
132
120
119
112
120
104
126
109
102
109
116
100
103
131
122
99
122
96
107
76
98
96
98
92
92
97
83
107
86
100
102
88
89
93
94
73
89
77
64
75
80
90
82
72
70
75
77
66
79
59
65
62
71
58
67
65
59
61
56
62
82
57
49
63
101
69
59
57
60
64
66
52
38
45
57
46
54
52
45
59
51
45
44
49
48
45
51
52
48
45
43
41
47
40
38
54
34
43
51
49
43
47
40
43
36
48
31
45
39
33
47
35
31
36
29
40
32
34
57
56
30
32
30
40
24
32
28
28
29
44
35
28
26
29
34
40
27
42
31
30
26
23
24
38
39
26
34
37
24
27
45
27
28
32
31
22
32
29
28
34
34
19
24
20
20
26
21
25
29
28
24
22
34
66
25
20
21
26
23
24
23
27
21
23
20
28
23
24
23
19
28
23
29
27
18
21
19
15
23
20
13
17
21
23
15
14
17
12
24
15
15
16
11
26
10
16
16
17
26
12
15
20
16
14
14
21
18
17
32
13
17
22
19
16
11
8
11
14
17
20
26
11
10
20
14
29
18
14
11
9
19
21
12
17
11
12
15
18
20
23
10
27
15
17
12
11
14
13
11
23
16
14
18
12
22
10
10
13
13
15
15
13
15
10
9
15
13
16
16
13
11
18
12
12
13
12
18
15
13
10
20
9
13
9
7
14
11
16
11
13
17
14
15
14
11
7
12
12
7
21
17
10
14
11
17
25
22
24
14
12
14
17
4
9
8
16
6
12
7
17
9
14
19
11
8
8
10
12
14
10
5
7
3
9
15
8
12
9
15
13
8
12
7
8
11
8
8
11
8
10
10
8
5
12
10
9
11
9
13
9
13
10
9
11
8
13
12
16
12
14
12
10
11
5
11
16
17
11
10
10
11
12
12
6
11
5
10
9
8
8
6
16
13
12
15
11
9
7
6
12
21
34
12
9
10
9
7
14
7
7
8
10
10
4
4
5
9
11
8
14
7
6
8
8
7
10
12
3
6
7
7
5
8
11
7
9
6
8
12
8
8
10
9
5
9
6
8
4
12
10
13
27
13
13
10
5
10
17
5
11
3
7
4
5
16
8
5
12
7
6
7
10
3
6
5
8
9
5
7
9
7
5
8
5
6
8
5
10
8
6
9
5
10
4
7
5
12
9
8
10
12
8
5
6
8
7
10
3
5
10
8
5
5
8
10
4
5
3
10
1
3
7
9
4
10
10
6
4
12
7
8
7
4
4
8
6
3
7
7
7
5
7
6
10
8
4
6
8
4
9
4
5
1
5
14
2
7
2
6
9
7
5
11
3
8
4
7
8
5
10
10
2
6
4
5
3
7
5
4
6
4
3
9
3
3
6
9
6
6
5
4
8
3
8
4
5
6
6
4
6
3
5
3
4
4
3
2
8
2
2
1
4
8
4
3
6
5
7
2
10
3
7
5
2
5
4
7
6
6
3
5
5
3
2
4
4
7
5
3
5
7
8
8
1
5
7
2
5
4
3
6
4
3
3
5
4
4
4
4
6
5
1
5
6
2
4
3
6
5
4
6
6
9
2
1
3
5
6
6
15
12
3
7
5
9
5
7
2
7
5
4
12
9
4
9
9
2
5
6
4
6
3
4
4
5
6
3
7
9
5
0
10
6
7
3
5
5
5
3
2
2
2
6
3
4
2
4
5
7
1
6
5
6
7
5
3
5
0
4
5
5
6
5
10
6
3
6
7
4
4
5
5
7
5
6
0
6
3
3
7
8
4
2
5
3
4
4
4
7
6
3
1
5
5
0
2
4
1
5
1
3
5
5
3
3
3
6
3
3
2
5
7
5
8
3
7
2
2
4
1
6
4
8
2
3
2
2
8
4
2
2
5
6
5
2
3
5
7
6
6
9
4
2
2
4
5
2253
