radiacao de fundo
0
0
0
0
0
0
0
0
0
0
0
0
1
0
21
262
196
125
94
113
119
138
114
103
100
112
95
105
113
103
119
88
76
92
84
78
83
77
88
87
99
94
103
92
93
95
81
89
85
90
102
97
86
107
85
86
73
124
120
113
128
94
123
123
115
115
123
143
154
140
142
125
145
135
161
169
162
172
156
194
173
177
173
162
212
194
210
203
218
203
189
172
215
186
207
186
179
208
190
232
203
181
234
210
210
226
229
202
195
207
221
207
192
214
206
190
185
225
219
224
230
188
190
200
189
176
217
209
188
192
194
175
176
213
199
181
197
176
181
169
174
156
173
170
177
152
145
154
167
156
156
159
172
141
152
160
125
156
147
153
139
145
134
142
145
123
121
139
119
141
123
119
105
125
113
131
123
127
108
112
105
109
119
114
124
115
127
98
108
101
110
109
75
86
95
98
105
84
111
81
87
97
99
94
96
80
72
83
77
74
89
65
76
82
74
89
79
88
70
84
70
80
75
65
70
81
70
84
60
73
62
68
84
62
70
75
90
64
117
77
63
71
60
67
63
51
66
52
63
50
51
53
40
51
35
61
62
55
46
34
45
40
52
42
41
48
49
55
34
50
40
41
44
49
45
35
52
38
41
32
49
50
44
36
35
31
34
35
45
48
32
37
68
42
33
36
49
35
45
28
39
26
29
29
32
31
26
29
34
30
37
26
33
23
30
34
29
25
33
39
27
41
37
29
25
30
33
23
38
23
26
31
26
39
24
31
32
23
21
27
27
20
18
20
37
52
51
22
24
26
27
33
19
19
23
19
31
30
26
30
24
19
25
16
24
16
21
23
20
15
35
15
24
26
17
15
20
24
19
22
22
16
19
16
18
22
16
15
25
25
26
14
13
17
18
18
22
18
16
21
21
28
19
24
19
22
27
9
18
17
18
22
13
19
18
11
17
15
14
21
13
6
16
22
21
19
14
23
20
15
16
13
11
14
14
12
15
6
11
16
7
17
6
12
12
13
9
11
17
24
16
15
18
15
13
2
9
12
7
9
10
12
7
18
16
18
6
11
8
18
14
13
10
14
15
9
15
7
15
15
12
14
6
8
18
11
14
17
11
4
15
13
11
10
19
20
25
32
12
12
13
15
13
10
13
12
19
11
15
11
13
11
7
13
8
9
17
11
11
12
16
11
14
7
15
12
14
10
11
10
10
12
11
12
10
5
12
9
7
20
13
11
6
7
6
16
13
7
9
13
12
8
6
11
14
16
9
13
19
12
7
12
14
12
19
35
15
11
8
12
7
10
8
14
8
10
3
4
6
11
8
5
14
8
9
8
8
8
16
29
41
22
14
13
8
16
8
11
9
5
8
5
11
8
3
3
11
9
9
6
3
6
6
9
6
7
9
7
9
7
8
8
9
12
6
5
6
11
7
4
6
8
5
9
11
5
10
12
11
16
32
12
11
7
7
6
7
9
6
5
9
5
6
9
10
4
6
9
6
6
6
10
9
3
6
7
3
9
9
8
8
6
9
5
8
5
8
8
11
8
7
16
11
4
6
11
9
6
5
5
6
6
7
5
5
5
6
2
7
5
8
8
12
4
7
5
10
4
7
2
12
3
5
3
10
7
5
8
4
6
8
12
7
9
3
5
8
8
5
6
3
6
4
14
8
6
5
5
9
5
10
10
10
8
3
2
5
7
2
6
3
5
9
11
5
4
3
3
11
0
8
7
3
2
4
9
8
8
2
8
9
3
3
2
3
8
5
7
2
4
3
4
6
8
8
4
7
9
2
4
9
2
7
4
5
9
3
4
6
5
4
7
5
2
9
10
6
8
6
9
5
8
3
11
3
5
10
6
3
6
4
12
5
7
6
5
8
4
7
7
4
6
4
7
3
7
6
5
4
2
4
5
9
8
6
3
6
5
6
3
6
4
7
5
0
10
5
1
6
6
3
4
7
4
4
8
5
2
2
2
4
5
6
10
4
5
22
13
8
4
7
2
4
6
3
5
9
9
9
3
7
6
6
3
4
3
3
1
9
3
2
6
5
3
5
4
6
5
4
7
4
4
10
10
9
6
2
2
3
4
5
5
3
9
3
4
5
7
5
4
4
6
7
6
9
3
5
1
7
12
4
7
8
4
7
4
3
10
7
5
3
3
5
5
2
6
5
5
3
2
10
3
8
4
4
2
7
1
5
3
1
3
4
4
4
3
3
5
3
4
3
5
5
4
2
5
4
3
4
2
2
3
4
7
7
3
2
4
1
2
2
6
2
4
3
7
7
1
4
2
2
2
7
4
6
5
8
4
3
5
1
5
9
2391
