radiacao de fundo
0
0
0
0
0
0
0
0
0
0
0
0
0
0
39
375
265
185
149
179
194
169
158
111
92
98
115
109
120
122
93
115
103
98
102
89
88
72
100
79
99
107
111
115
105
87
91
86
83
116
104
100
103
111
115
97
111
113
125
118
132
114
132
133
139
137
145
129
117
150
137
161
161
160
185
179
170
182
181
181
184
204
182
196
182
182
183
201
214
217
212
188
212
181
212
194
212
235
194
197
219
184
220
236
191
232
217
201
192
197
243
236
221
199
221
206
194
203
216
211
230
207
218
185
218
200
205
192
195
227
210
209
197
181
204
189
196
200
192
204
210
188
148
179
180
150
164
179
185
145
153
161
196
164
174
157
147
169
162
147
157
133
160
135
136
122
138
121
132
128
150
150
122
117
143
125
158
126
134
108
98
119
119
130
106
93
118
113
124
102
112
120
122
129
104
93
99
104
114
108
94
91
95
86
78
107
97
100
88
93
103
81
83
87
81
78
86
85
83
80
77
86
81
73
68
86
89
91
79
78
81
82
71
90
69
66
65
69
116
88
69
68
76
54
49
54
59
56
46
56
62
55
51
52
59
48
54
61
64
60
50
59
47
61
39
45
43
56
49
50
42
34
44
38
40
46
40
48
46
36
48
36
36
41
49
44
28
36
44
41
35
44
79
35
40
36
54
39
46
31
32
27
34
35
29
35
33
31
29
23
36
48
31
26
38
44
28
38
22
33
32
40
30
33
33
30
36
27
33
32
24
28
38
33
28
23
32
35
28
28
26
29
32
20
36
44
65
35
31
24
35
20
37
25
21
33
27
19
26
21
26
21
21
22
17
20
27
25
25
27
21
21
23
29
24
25
21
19
24
18
23
23
18
26
22
22
17
23
28
17
16
14
25
17
21
16
16
17
20
28
35
20
9
15
18
18
14
14
25
14
23
14
18
17
22
14
13
17
11
18
20
18
13
23
17
13
19
18
12
18
12
17
27
11
11
18
16
15
14
20
14
23
7
15
16
13
15
17
17
20
14
18
16
11
17
22
13
14
11
13
13
13
19
12
12
22
19
17
17
13
16
20
13
18
11
17
7
14
14
23
16
14
9
18
13
8
20
14
18
13
11
16
14
15
13
21
30
29
21
22
13
11
17
15
10
10
11
17
19
9
10
14
7
12
13
7
9
22
13
17
12
14
11
19
12
12
9
11
18
13
17
14
9
6
11
11
12
8
10
13
8
15
10
8
11
10
9
15
9
10
12
13
9
7
10
12
15
8
10
12
10
9
9
18
13
29
21
11
6
7
9
13
11
10
11
8
6
12
7
14
9
11
8
9
7
8
10
5
12
30
63
27
6
15
9
16
9
7
13
9
13
9
12
7
11
11
10
8
9
11
11
8
11
11
7
4
5
6
4
14
6
8
7
6
12
6
6
6
14
7
11
8
7
14
8
12
13
12
9
19
31
15
6
5
8
5
7
8
5
11
6
8
5
10
14
6
8
12
9
11
6
5
11
7
9
11
10
5
8
8
8
7
6
5
12
6
8
11
8
11
6
9
10
7
5
7
4
6
11
5
10
6
8
12
9
9
4
4
6
6
12
4
17
12
6
7
7
12
5
9
6
7
4
10
3
3
7
11
7
7
7
8
5
6
6
4
9
7
3
1
3
5
8
6
3
8
9
8
7
4
13
9
7
7
8
5
5
7
7
2
10
5
5
4
17
4
5
8
6
10
2
2
4
10
7
10
10
5
3
3
2
5
3
7
6
4
5
5
6
3
4
6
4
5
9
7
8
5
7
6
6
4
6
9
8
2
5
8
6
6
6
8
2
3
6
6
7
5
6
6
6
7
12
4
6
7
4
6
2
3
6
4
5
7
6
5
5
2
7
9
2
6
7
6
4
8
3
1
7
8
5
6
2
8
8
2
8
6
7
9
0
3
3
6
2
2
4
8
7
4
4
6
3
3
3
8
3
10
10
6
8
6
5
7
10
5
12
15
4
5
5
4
11
11
5
5
2
3
10
6
8
3
2
2
3
5
5
10
3
3
5
6
4
10
6
9
5
8
5
9
2
4
7
6
7
4
6
6
2
3
4
2
4
6
6
6
8
7
5
3
5
7
15
1
9
5
5
5
7
4
1
6
7
4
3
1
6
3
5
5
2
9
8
6
9
6
2
2
2
10
5
9
7
5
6
1
3
4
5
4
0
6
3
3
4
6
6
3
3
3
7
3
1
3
1
5
2
2
3
6
2
5
0
2
1
3
2
6
4
6
1
4
7
4
9
3
6
3
3
4
7
4
7
5
6
4
7
9
5
4
7
8
2295
19
