radiacao de fundo
0
0
0
0
0
0
0
0
0
0
0
0
0
1
16
291
189
106
104
129
150
127
107
92
120
114
122
95
107
106
110
118
90
98
104
73
100
103
91
96
103
93
86
118
87
95
87
86
88
115
79
105
95
92
112
105
101
101
131
123
121
114
116
104
117
128
136
126
183
137
152
132
164
150
171
135
159
139
175
176
187
201
193
190
192
202
208
186
201
206
188
175
220
193
202
207
229
189
217
195
242
213
201
191
218
192
183
219
211
205
207
209
205
224
222
187
233
182
202
192
196
214
213
211
219
187
192
196
203
206
214
192
193
182
185
185
195
198
174
174
193
169
164
165
185
177
180
169
182
156
179
170
136
157
160
153
160
155
160
133
146
154
146
139
176
130
122
153
138
146
130
122
129
133
125
143
134
146
135
120
136
115
109
110
128
111
98
116
109
139
119
124
98
94
84
96
81
92
117
109
106
118
77
91
98
100
89
90
78
90
106
80
83
96
80
82
98
78
72
78
87
87
82
71
73
68
77
82
88
68
83
87
72
61
77
66
65
74
68
64
68
100
75
65
68
73
80
55
72
68
51
51
45
65
45
44
63
57
54
48
67
48
59
64
49
47
55
42
54
44
47
61
43
37
40
37
42
36
40
39
34
43
43
36
38
44
26
29
36
48
40
37
46
35
40
50
68
36
36
42
43
32
32
36
41
25
31
28
32
36
36
41
35
26
38
39
29
32
26
32
26
32
38
31
33
32
33
34
28
32
36
20
41
22
30
32
38
44
28
30
34
28
20
21
30
28
20
25
35
34
56
44
24
20
28
23
19
24
24
19
25
20
35
25
26
21
20
32
27
33
29
27
18
22
21
24
19
33
19
15
26
27
20
37
25
24
20
18
23
17
16
27
16
21
26
19
22
22
20
24
24
24
27
21
18
28
27
16
17
17
19
24
25
18
23
17
11
17
13
19
18
24
13
21
14
12
13
26
12
18
15
15
13
20
19
16
15
10
18
13
19
17
20
15
8
17
11
21
11
16
12
14
17
16
6
20
15
14
17
10
14
20
19
16
12
15
13
22
16
8
15
17
15
18
14
15
18
20
11
10
11
12
15
13
14
17
19
20
17
16
17
13
19
11
17
12
10
19
7
20
11
18
24
35
18
15
11
18
11
9
11
9
9
8
16
12
17
20
10
12
11
17
10
13
7
16
10
12
15
9
10
14
13
9
17
11
13
15
16
6
7
14
11
7
5
13
16
10
7
12
14
12
7
25
14
11
9
8
11
12
3
6
10
12
12
15
11
10
12
10
6
7
15
29
14
13
6
13
9
12
13
12
9
11
8
10
8
14
3
12
12
6
13
10
14
12
10
25
47
15
9
6
12
6
8
6
11
8
8
12
8
6
4
10
10
4
11
4
7
11
10
3
7
8
8
9
8
12
8
6
10
3
5
8
9
16
8
8
6
7
6
3
10
10
6
10
7
15
33
17
15
6
12
6
9
7
9
6
7
7
5
3
9
11
9
6
7
2
5
2
11
5
7
6
5
5
10
6
4
5
6
8
4
5
4
8
4
9
6
5
13
8
5
2
5
3
5
10
4
5
3
12
3
7
9
6
5
9
8
7
10
8
10
12
5
6
3
2
4
6
1
11
8
7
6
7
5
7
5
6
5
9
7
14
6
8
10
5
6
9
7
6
5
4
7
4
7
7
7
8
4
8
5
4
7
9
5
9
8
5
8
3
3
11
5
8
7
7
4
2
13
6
8
7
5
6
12
4
8
6
10
3
6
4
3
13
7
6
5
2
3
10
9
6
7
4
1
9
3
3
2
6
6
9
11
6
3
7
8
9
9
2
6
5
8
7
4
5
8
8
11
7
10
1
10
9
5
6
6
7
5
5
8
6
8
5
4
9
11
11
5
7
6
5
5
3
1
7
2
5
2
3
10
6
6
3
3
5
9
8
4
6
4
5
5
1
3
3
10
3
3
1
4
3
4
0
8
4
4
3
5
6
2
8
6
7
10
10
16
5
6
4
6
6
4
4
3
1
3
9
3
2
5
6
5
6
3
6
5
7
6
5
4
5
5
4
6
4
3
4
4
4
6
4
4
4
4
6
4
3
4
4
4
5
5
7
4
0
5
4
10
6
5
8
10
8
7
10
2
4
7
2
3
8
5
5
4
9
4
2
3
7
2
1
5
5
6
5
2
2
4
6
4
4
8
4
7
1
3
3
7
2
7
1
9
6
6
7
6
6
4
6
3
4
4
5
4
7
4
6
3
5
2
8
7
6
8
7
2
6
6
6
6
6
4
7
3
10
3
6
3
2
3
2486
