radiacao de fundo
0
0
0
0
0
0
0
0
0
0
0
1
6
3
26
280
199
145
137
142
160
174
146
109
102
104
96
121
118
130
106
118
90
90
94
105
98
103
115
116
111
106
128
105
95
76
85
105
104
104
92
107
104
109
99
106
121
118
128
121
132
117
136
137
125
164
153
141
170
146
138
169
175
172
153
170
165
167
169
196
198
216
214
211
216
208
243
246
251
251
307
264
256
256
278
254
258
233
235
237
241
201
227
218
202
193
206
233
186
213
196
217
204
219
202
207
211
196
196
195
196
233
228
182
218
203
217
207
186
220
192
221
205
174
192
172
196
183
191
208
191
199
207
187
175
162
173
172
166
171
161
162
165
167
147
167
155
148
147
133
167
125
169
135
132
146
132
126
153
141
134
132
141
129
131
131
131
120
118
105
110
117
122
100
127
125
127
111
127
116
120
108
113
115
114
100
99
96
92
111
100
115
85
108
89
82
99
98
94
80
70
94
99
87
86
79
87
67
89
67
84
82
84
76
82
74
82
79
73
69
68
75
85
78
71
64
82
64
70
75
64
125
73
66
59
66
66
55
62
60
59
62
54
60
66
49
40
44
58
59
61
48
65
54
44
47
45
47
50
37
64
41
59
35
43
53
42
55
50
52
30
46
52
50
25
34
48
42
43
39
35
34
35
43
33
62
68
43
37
36
38
32
41
43
34
45
43
32
31
33
37
37
31
18
30
34
40
27
41
24
38
41
39
30
28
29
35
43
29
23
32
26
36
31
23
38
29
36
35
25
27
44
38
38
27
22
23
22
26
39
77
40
33
43
28
31
32
24
20
26
29
35
22
26
30
21
33
15
28
26
23
31
30
17
23
24
27
22
20
17
22
22
20
13
23
20
29
18
17
24
20
26
15
14
17
28
21
23
24
23
23
22
20
9
15
19
26
11
20
18
16
22
17
23
13
21
17
25
25
11
13
18
18
16
22
19
17
18
17
18
7
15
16
20
25
16
20
11
17
19
17
18
20
8
12
13
14
11
18
20
16
13
10
10
12
13
16
24
14
15
20
18
13
23
21
15
13
15
11
13
16
20
13
13
22
13
13
8
22
13
14
7
9
18
8
9
9
16
11
12
14
16
17
20
10
15
18
18
12
14
17
19
21
38
27
11
21
5
8
15
11
8
18
13
14
13
13
9
10
7
14
10
11
15
9
18
12
11
15
13
12
15
11
8
12
7
10
8
19
12
12
11
9
11
16
11
9
9
16
12
20
9
7
9
10
3
12
11
9
9
10
8
11
8
8
10
11
12
11
11
19
14
29
22
14
8
11
14
11
9
5
13
12
10
12
7
15
12
13
13
11
6
8
9
19
14
13
27
40
19
12
14
4
11
12
5
7
7
6
10
8
7
4
7
5
8
7
7
5
5
8
6
10
10
4
14
11
7
11
7
6
16
7
4
11
8
10
9
5
12
7
10
6
6
4
14
8
15
22
20
12
8
5
11
6
8
9
5
7
9
9
5
8
9
7
4
6
13
5
7
3
5
12
8
4
6
8
11
5
6
5
5
8
4
9
8
8
11
7
14
10
10
8
5
16
8
8
7
4
5
12
2
4
9
5
8
3
9
4
12
10
12
7
6
12
4
7
2
9
8
7
11
7
7
5
5
8
8
4
4
3
7
8
9
7
4
7
7
9
10
7
5
7
3
4
7
8
12
6
6
13
5
5
4
5
10
6
13
5
5
10
8
10
4
4
5
4
12
4
8
6
7
8
9
6
7
5
11
5
5
5
4
4
5
6
6
7
5
7
2
4
7
4
7
6
4
3
6
8
3
4
8
5
4
6
3
5
6
1
5
9
1
5
6
2
4
6
5
3
3
7
6
7
6
1
4
3
2
10
5
6
2
10
5
3
7
5
7
7
6
10
6
4
7
7
6
6
8
10
6
5
4
8
6
2
3
7
5
5
10
4
4
5
5
9
3
4
10
5
4
9
9
3
3
2
5
4
12
6
7
4
4
8
3
6
5
5
8
18
7
8
5
4
6
4
8
3
2
4
4
4
7
3
8
6
7
5
6
3
4
8
11
6
5
5
1
6
4
4
4
3
5
3
2
5
8
3
7
7
3
4
6
5
2
7
5
5
5
5
9
7
9
3
7
12
6
6
4
5
6
3
6
4
6
4
10
2
6
4
1
3
4
7
4
2
5
8
5
2
6
2
5
5
3
3
7
0
3
6
3
9
3
5
6
4
4
1
6
2
3
6
4
4
7
6
2
2
5
7
3
3
6
6
3
4
3
6
7
4
4
3
5
6
6
2
5
9
6
1
4
4
2
11
2443
