radiacao de fundo
0
0
0
0
0
0
0
0
0
0
0
0
0
1
25
196
127
89
108
118
105
133
96
106
90
94
91
90
104
99
100
79
70
92
64
74
73
79
76
80
86
83
79
92
83
69
81
73
80
72
91
90
109
80
96
98
113
110
110
92
94
109
101
114
114
120
110
131
108
138
128
143
137
138
143
134
138
133
160
166
170
151
183
165
158
176
170
167
156
168
179
174
170
176
175
175
164
171
187
178
209
200
176
172
170
202
204
170
191
169
178
191
186
191
194
193
183
188
184
184
174
189
190
135
162
185
171
208
209
177
175
146
176
179
168
172
158
178
186
150
138
153
153
138
159
143
158
157
141
156
123
158
154
149
124
118
130
131
130
119
135
140
149
111
133
108
123
126
126
109
102
124
119
105
105
100
113
102
100
102
118
109
96
107
96
85
114
111
112
102
94
110
93
90
91
82
77
79
82
78
88
76
71
73
82
66
97
83
68
91
79
64
64
70
65
77
84
63
68
66
71
77
74
76
60
63
64
60
66
64
77
66
65
59
60
62
62
67
103
62
64
63
44
52
41
50
45
55
57
56
50
50
36
27
38
45
33
33
39
37
54
48
56
45
44
44
40
42
41
44
43
36
46
40
43
32
41
33
34
34
50
35
34
30
37
33
33
42
38
29
42
51
45
34
33
34
37
42
32
37
34
28
27
32
25
22
39
26
27
28
21
26
32
20
35
29
29
28
28
29
34
26
42
21
31
31
31
38
26
21
21
32
31
38
10
23
28
18
33
26
25
28
20
26
33
53
52
16
25
30
26
22
19
29
11
20
18
15
25
23
21
20
11
20
22
18
27
23
23
15
18
12
30
19
15
25
20
20
15
21
17
19
21
18
17
15
15
14
19
16
19
15
16
19
16
14
18
13
25
18
21
9
13
4
11
20
11
21
16
14
12
13
28
13
20
21
22
11
13
26
16
15
7
10
15
22
15
5
12
12
10
21
13
10
13
20
15
20
9
10
15
16
12
6
11
14
10
9
20
14
17
12
16
13
14
10
13
16
14
11
9
2
7
17
23
15
9
8
14
13
8
12
10
16
10
16
19
11
10
11
17
7
16
14
16
9
10
7
13
12
13
8
16
10
10
18
20
23
16
14
4
8
9
15
15
7
11
5
8
5
8
8
10
6
14
12
10
10
11
12
7
15
7
7
9
9
8
7
7
13
11
12
8
8
19
4
2
5
13
6
9
6
14
10
14
14
14
10
11
13
9
4
8
5
9
14
5
6
9
6
8
7
14
16
15
27
16
13
9
6
11
16
11
3
9
10
5
7
8
13
8
2
9
4
9
8
10
10
11
29
40
14
10
2
11
8
7
5
7
9
9
7
9
3
10
12
7
10
7
5
12
4
6
6
12
8
10
5
8
2
5
2
5
9
6
9
8
9
11
7
12
8
9
5
8
4
9
11
13
18
28
9
10
8
9
7
2
9
8
4
5
3
5
9
9
5
5
8
7
2
2
4
6
5
5
7
4
6
5
6
9
4
8
5
5
4
5
6
7
6
9
5
8
7
2
6
8
9
5
5
7
3
2
8
5
8
5
3
7
8
7
10
6
9
8
7
7
6
7
6
6
4
6
2
9
9
1
2
8
5
12
4
8
3
4
6
6
6
7
4
7
5
4
3
9
8
6
4
7
8
11
11
7
4
3
3
4
6
5
9
6
8
1
3
5
6
5
4
6
4
3
2
7
5
7
5
11
7
4
4
3
3
4
5
4
7
8
4
5
8
4
12
1
10
5
2
7
5
4
3
8
7
4
6
7
7
7
2
6
3
5
3
6
4
4
5
4
4
3
4
7
4
7
7
2
8
2
4
3
12
3
4
1
7
5
2
4
4
3
5
5
5
9
4
4
4
7
4
5
8
7
4
2
6
7
6
2
2
1
3
4
7
7
3
4
6
4
3
4
4
6
3
5
5
6
5
2
3
3
7
4
5
4
5
3
8
16
10
9
3
4
5
5
3
5
4
3
4
6
6
4
1
5
5
5
5
3
7
6
3
5
2
4
4
5
3
0
3
5
4
2
4
7
1
5
5
5
3
2
7
4
6
1
3
10
5
9
4
4
10
7
10
10
6
5
10
7
6
2
4
3
4
1
4
4
5
5
4
4
3
4
6
5
4
7
5
3
4
4
3
5
2
5
3
2
6
3
4
3
4
6
9
1
1
4
2
2
7
4
2
7
4
2
7
2
6
2
3
4
3
3
3
2
1
4
4
6
4
3
4
4
2
2
6
3
3
4
5
5
2
1
5
2
3
0
5
3
1
8
5
3
7
1
2042
