radiacao de fundo
0
0
0
0
0
0
0
0
0
0
0
0
2
0
26
209
120
121
122
96
124
93
105
94
84
77
97
98
118
96
101
101
85
76
79
82
82
78
79
105
83
88
87
82
97
76
81
80
78
101
80
82
88
85
106
93
84
88
98
94
116
131
110
120
124
142
100
143
123
162
134
162
133
136
136
131
151
136
152
150
172
160
191
165
176
186
198
171
185
199
173
166
190
171
202
184
203
187
179
166
186
189
173
190
193
195
192
177
185
179
197
197
211
176
196
193
176
184
213
190
192
158
174
188
185
166
186
167
161
170
196
167
171
151
184
173
155
165
162
160
148
164
151
149
153
151
164
146
174
142
148
132
124
137
137
145
130
135
138
140
140
142
131
151
131
100
135
146
136
117
113
126
114
119
108
112
96
129
106
104
111
108
99
98
100
92
93
87
120
84
96
85
80
86
97
81
96
84
91
85
92
95
87
71
80
84
99
83
95
87
89
93
84
77
73
89
70
70
72
71
59
68
70
72
72
74
65
62
72
51
68
68
66
68
50
44
62
60
112
52
81
68
64
60
50
58
58
55
50
51
45
40
50
43
44
47
48
41
48
47
46
43
33
40
42
41
52
45
51
41
49
43
42
34
37
44
30
33
31
29
40
37
31
38
33
36
33
30
36
32
33
42
57
35
36
36
28
32
43
26
44
27
35
36
32
34
37
23
29
33
21
19
27
25
37
23
25
33
30
25
27
20
30
29
28
17
21
39
26
22
38
22
33
38
32
21
20
17
27
19
20
23
23
23
28
65
45
21
18
25
25
19
30
29
20
25
19
29
23
23
16
25
15
17
21
26
18
25
21
19
17
22
27
17
17
25
26
16
14
18
22
23
10
21
16
20
13
20
24
22
15
12
16
13
21
17
12
14
20
13
18
22
18
16
17
15
21
16
11
14
18
11
15
13
10
13
21
14
15
10
14
15
13
17
16
16
17
12
12
15
21
7
19
7
17
19
14
16
19
18
13
12
13
18
18
13
10
5
14
12
14
12
10
11
23
11
13
18
12
19
19
11
15
13
14
16
13
8
18
10
14
11
9
13
9
15
14
14
18
10
10
11
17
13
11
7
14
11
12
8
13
8
12
13
20
22
26
19
16
20
11
9
17
11
9
11
8
14
10
15
15
10
9
15
14
7
8
12
12
13
9
8
2
12
9
10
5
10
10
9
4
15
8
8
7
7
13
13
9
6
6
9
9
18
10
8
12
3
12
7
10
7
10
11
6
10
11
13
5
7
10
13
10
9
21
29
17
6
9
7
8
7
5
16
10
7
7
5
8
6
11
10
4
5
14
2
4
13
14
30
33
13
8
12
10
6
10
10
7
8
4
6
7
12
8
4
11
8
7
10
11
4
9
5
8
12
9
7
11
11
6
3
1
10
9
8
13
7
10
8
3
5
5
4
4
8
9
11
14
23
18
12
6
10
7
9
6
6
4
5
6
8
3
3
7
7
8
3
9
3
7
8
12
10
5
7
3
6
6
8
7
10
3
8
7
8
7
5
5
13
4
4
7
6
4
5
7
5
7
4
8
5
1
5
7
13
4
4
6
5
7
7
11
8
6
9
7
2
4
4
7
9
11
3
6
3
8
7
6
9
7
5
3
9
4
6
10
5
8
2
4
5
7
4
5
6
8
2
6
10
10
9
3
6
4
7
6
10
9
6
4
6
2
7
7
3
7
4
7
6
8
5
7
11
1
7
9
8
5
7
7
5
5
5
5
4
7
6
2
2
6
6
8
5
7
6
4
5
6
8
5
8
5
3
3
6
10
4
9
9
4
4
2
5
4
4
10
8
11
7
9
6
2
5
9
5
1
5
3
4
7
6
3
4
2
9
4
6
6
6
3
6
5
3
6
5
3
2
8
7
2
5
8
3
5
6
8
8
4
6
4
2
5
3
3
2
5
1
6
11
8
1
6
4
4
5
4
3
13
5
0
4
3
4
8
10
17
11
6
6
2
5
5
6
3
6
4
3
6
6
5
5
9
5
3
4
1
5
3
3
4
4
6
6
3
1
1
3
5
6
3
4
6
5
2
4
1
4
6
4
5
4
5
1
5
4
5
2
5
5
8
9
10
6
7
2
7
3
1
1
3
3
0
0
6
4
6
3
1
5
2
4
5
7
3
9
4
6
7
3
8
3
3
2
4
3
0
6
3
3
2
5
5
3
6
3
2
1
3
6
3
4
10
6
3
7
4
3
4
3
3
6
2
7
4
2
4
1
4
3
7
6
3
5
5
2
3
9
0
0
3
6
5
9
4
2
5
5
2
1
5
4
6
1539
