radiacao de fundo
0
0
0
0
0
0
0
0
0
0
1
0
1
0
14
242
151
92
115
146
158
135
108
90
90
103
120
90
108
104
113
125
107
99
109
75
82
103
103
116
123
91
104
102
97
107
89
98
102
111
91
97
91
103
104
121
96
112
130
117
135
124
130
149
138
134
161
139
144
144
167
161
160
173
181
178
169
193
183
206
197
182
186
203
222
209
220
201
212
229
200
206
195
215
236
221
209
246
193
202
241
215
213
217
239
216
246
208
213
241
215
227
205
244
245
225
207
236
254
207
231
207
198
240
202
200
204
202
243
196
202
211
186
191
211
204
181
217
187
174
218
197
199
177
178
183
177
172
180
168
161
170
179
170
155
188
168
156
153
143
173
153
147
147
142
171
148
164
147
165
151
137
135
133
125
130
122
135
122
122
126
123
98
104
114
112
115
121
126
124
122
126
103
110
102
106
99
104
90
109
89
82
105
101
82
94
128
107
108
92
103
92
80
84
72
60
91
94
80
74
83
88
85
83
92
86
68
74
75
71
78
76
79
72
63
68
60
71
146
69
68
89
74
58
65
69
63
72
58
46
63
65
67
51
62
57
50
54
63
54
51
58
56
53
54
47
51
49
48
55
44
55
43
43
48
52
50
56
63
38
55
39
48
44
36
43
46
42
40
36
42
51
69
40
39
30
42
45
41
32
39
40
45
36
33
46
44
33
30
42
40
38
29
37
35
26
32
25
38
48
33
35
38
35
35
41
37
30
43
41
35
31
42
35
40
33
26
38
22
25
32
35
33
27
21
57
61
27
22
24
21
20
24
28
15
30
19
22
34
25
18
23
21
23
29
20
17
27
29
20
19
23
19
31
23
16
23
17
26
23
25
26
25
22
24
21
18
17
24
16
17
30
17
22
16
22
19
21
27
18
17
26
19
23
22
18
18
13
16
22
15
24
21
16
27
24
17
22
16
13
17
11
13
16
16
17
16
16
18
15
12
14
15
13
10
18
14
22
10
9
14
16
22
18
16
9
13
13
19
6
16
34
14
21
22
23
15
13
11
15
15
15
23
7
17
11
7
17
15
16
14
15
10
17
11
10
5
21
17
16
15
10
9
13
13
16
20
15
18
25
20
12
13
19
18
26
28
22
20
11
12
17
16
18
14
5
15
14
8
13
14
14
13
12
9
13
10
10
10
10
11
11
16
22
10
11
15
16
16
13
15
13
12
13
14
6
10
10
14
14
16
3
13
12
11
11
14
11
10
5
11
13
10
9
11
7
11
9
20
14
19
10
12
15
17
24
17
11
8
8
8
8
9
8
10
4
8
9
11
9
16
7
10
6
10
11
7
10
23
33
48
25
10
10
5
10
11
12
5
5
11
10
12
10
6
5
9
9
10
5
9
7
3
10
7
10
6
13
11
3
2
8
9
5
8
8
6
6
16
8
6
12
12
6
5
4
6
12
14
21
29
13
13
8
16
7
6
5
11
8
9
7
8
4
10
11
11
7
6
8
10
7
7
8
12
5
6
7
13
5
9
9
5
12
7
4
9
7
10
7
7
5
8
6
10
3
8
7
9
6
7
5
7
6
11
7
8
10
5
6
4
12
12
10
4
8
9
10
6
4
8
9
2
11
11
7
10
6
9
8
10
8
5
10
7
11
7
19
7
5
5
2
5
6
3
6
6
4
2
5
8
11
4
10
8
11
4
4
5
6
9
5
7
10
7
0
3
5
6
5
4
5
9
4
9
6
15
10
6
8
7
6
6
1
13
4
5
8
7
1
7
3
3
7
7
6
5
7
7
3
4
6
5
6
8
8
4
10
8
2
5
10
6
3
7
4
7
6
4
1
5
5
4
7
3
7
5
6
5
7
4
9
7
8
3
7
4
9
7
8
3
3
9
3
10
5
6
9
2
11
6
5
4
8
4
6
4
8
7
4
2
5
6
6
7
5
7
2
5
5
9
3
4
6
7
4
8
3
7
11
3
8
5
6
8
13
15
20
10
5
2
11
4
4
7
2
7
3
8
4
5
2
5
7
5
9
8
7
4
9
6
5
1
6
3
7
7
3
4
4
6
3
5
5
9
5
7
5
3
6
3
4
5
6
3
6
5
7
10
6
8
16
10
7
4
3
5
4
3
8
5
5
4
5
7
7
2
3
2
4
5
5
3
9
6
5
1
7
4
9
2
2
4
7
6
4
9
4
4
2
7
2
3
5
3
5
7
3
7
3
4
6
3
8
3
3
6
4
5
2
9
6
5
3
1
1
5
5
3
3
8
7
7
3
4
6
4
7
4
3
9
3
9
7
8
3
5
6
4
8
5
5
2349
59
