radiacao de fundo
0
0
0
0
0
0
0
0
0
0
0
0
0
3
18
278
174
104
120
123
138
118
125
87
78
80
123
102
100
119
125
89
97
90
105
104
93
92
101
87
100
87
105
108
97
92
91
92
80
92
117
92
108
109
103
100
106
122
113
118
108
126
122
110
102
135
146
139
137
150
196
140
171
174
164
166
171
134
192
187
190
179
177
165
178
191
214
207
187
184
205
182
207
210
205
209
197
236
201
215
226
210
216
204
204
219
218
208
196
169
224
193
206
203
234
191
217
203
198
186
212
199
187
204
194
210
208
202
168
201
206
197
218
197
190
180
205
175
165
175
172
165
175
170
186
174
178
207
159
185
160
182
179
190
148
159
137
171
143
152
139
141
153
142
149
154
136
123
139
130
157
134
122
115
119
138
112
133
133
129
96
127
99
114
107
127
143
101
130
112
112
116
97
115
105
113
98
113
92
97
106
82
98
97
100
101
96
100
86
102
70
83
83
91
89
77
89
78
95
92
92
91
81
66
83
82
66
79
74
68
78
83
73
71
75
71
67
87
67
73
64
110
85
72
78
73
52
60
63
65
60
63
59
69
57
47
62
59
59
55
60
53
63
37
51
61
61
48
56
46
48
52
49
41
50
53
53
48
43
47
43
37
38
49
43
44
36
48
39
40
41
34
45
46
40
50
60
44
30
30
29
31
26
38
43
29
40
39
36
31
27
37
42
31
38
36
34
25
36
42
36
37
36
35
33
33
29
34
20
23
31
28
22
31
30
30
24
25
39
27
32
22
29
30
26
25
21
18
36
38
57
64
43
24
20
17
26
34
12
20
26
20
29
22
18
22
18
25
27
30
24
22
28
23
23
20
21
17
29
24
21
19
19
29
17
16
20
15
12
18
12
15
17
21
19
22
13
22
14
21
22
25
23
20
22
13
18
20
17
19
13
17
30
15
21
13
16
24
19
14
20
14
16
19
18
14
18
13
19
12
15
21
17
17
18
20
21
9
11
13
13
16
16
13
16
15
17
8
17
13
19
20
15
22
17
14
23
19
17
10
20
17
13
11
13
15
11
13
13
23
25
13
19
16
20
15
17
20
18
11
17
11
14
15
8
8
10
11
11
18
12
9
13
13
5
12
12
8
20
12
8
24
15
32
20
15
13
16
12
13
11
19
7
10
16
7
21
9
13
14
5
17
12
12
10
17
6
14
9
12
12
11
9
11
6
13
14
8
9
14
8
12
13
13
13
15
7
18
13
13
8
15
7
8
9
14
10
6
8
18
15
14
10
6
12
10
8
6
5
17
16
16
15
28
24
12
12
7
8
8
6
5
8
8
10
7
10
6
5
10
4
11
16
2
10
10
11
16
37
26
19
6
12
8
8
7
6
8
10
8
10
4
8
7
7
13
7
9
7
7
7
4
6
8
6
6
9
9
2
8
3
10
10
9
7
10
7
8
13
9
8
6
7
7
4
7
9
16
30
19
14
12
7
7
4
7
3
7
5
9
5
6
7
12
4
6
10
3
11
9
8
8
9
13
6
4
7
10
4
7
6
5
9
4
7
9
9
5
7
13
5
10
6
6
6
13
7
9
6
6
11
8
7
7
6
7
16
4
5
9
12
13
10
10
3
6
7
9
13
6
10
8
4
2
4
11
8
9
7
5
8
3
6
12
7
6
8
6
9
5
2
3
12
3
5
8
2
3
7
10
7
5
8
5
9
3
4
4
6
10
10
7
8
8
4
8
8
5
4
7
4
5
2
6
3
9
10
6
8
3
8
4
4
8
6
6
12
6
7
5
8
1
3
8
7
3
9
4
3
5
5
4
8
8
3
7
2
8
5
6
6
1
3
8
5
5
6
2
7
10
6
7
6
5
6
6
4
3
5
5
4
6
4
8
4
3
5
5
6
9
11
3
7
2
4
5
4
0
5
8
7
3
8
5
7
4
5
6
8
6
2
4
6
7
5
4
7
6
4
10
5
5
7
7
7
6
6
8
5
5
4
3
5
3
3
9
9
9
10
11
15
11
12
7
7
6
7
1
7
2
3
4
4
7
6
7
4
6
10
5
5
8
7
5
8
5
5
4
4
6
7
7
2
2
2
3
6
2
4
3
3
2
4
8
8
6
4
4
2
7
2
3
8
9
9
3
12
8
5
6
1
10
3
7
2
0
9
7
3
9
6
5
3
1
1
2
4
4
4
6
2
6
2
6
3
7
5
4
4
5
2
1
2
6
9
2
3
9
4
5
0
1
3
7
2
5
2
7
6
11
9
1
4
7
3
4
0
4
4
6
4
7
1
4
3
7
3
3
5
4
4
5
4
2359
