radiacao de fundo
0
0
0
0
0
0
0
0
0
0
0
1
3
0
26
222
156
114
109
118
136
126
108
92
89
91
100
96
110
81
96
104
85
91
79
94
78
88
71
82
86
71
82
85
92
96
79
83
80
86
102
97
74
74
91
90
101
104
106
118
100
100
107
123
102
119
123
134
133
144
150
169
111
147
139
152
137
160
166
164
167
188
178
163
189
163
178
164
156
167
195
184
182
158
206
181
186
170
184
182
189
182
222
202
182
204
197
176
209
184
189
181
189
186
200
186
189
183
183
203
184
183
189
177
155
206
168
146
178
190
181
188
169
170
172
159
192
180
155
167
148
165
172
178
160
146
151
147
161
151
174
139
150
140
134
151
140
154
118
146
149
141
150
138
135
134
124
132
143
123
119
128
121
113
120
116
107
114
99
107
103
102
110
100
99
97
109
103
87
100
109
117
103
96
115
74
73
108
98
80
94
97
86
87
81
84
78
69
75
82
80
79
84
85
71
71
87
73
65
77
61
72
61
72
79
72
75
77
64
63
63
66
63
66
54
67
63
76
73
68
54
97
65
64
60
63
64
53
55
51
49
54
50
58
55
49
43
53
49
46
66
50
39
44
51
51
34
52
51
45
40
51
40
49
43
39
38
33
55
37
43
34
33
39
40
39
38
43
22
36
40
33
47
35
31
45
49
27
30
28
27
20
28
31
28
26
31
30
33
39
32
33
26
34
25
16
30
22
27
41
25
29
34
32
27
26
24
33
36
23
29
34
25
23
27
28
27
33
29
20
21
24
18
26
20
31
37
19
29
25
68
31
25
31
34
20
26
23
18
35
20
28
22
23
26
22
28
20
16
23
25
19
17
30
21
19
17
13
16
17
20
13
17
20
27
14
20
21
21
23
23
26
18
18
17
24
18
17
18
15
19
12
14
21
15
18
14
11
27
15
11
17
18
19
13
14
9
15
20
18
19
15
18
13
16
15
21
15
16
19
8
13
11
18
13
17
15
17
8
16
9
14
13
17
15
8
20
14
14
11
18
15
17
16
14
10
23
13
17
16
13
19
10
18
14
14
13
15
15
9
9
19
14
19
11
11
4
13
10
13
13
11
13
9
11
15
12
8
9
7
15
11
11
11
15
9
17
18
17
10
14
14
17
23
21
11
6
10
14
12
16
8
11
12
12
9
9
9
12
10
6
9
9
13
7
9
10
14
10
7
10
12
10
8
15
8
13
17
8
11
9
8
6
13
9
8
14
9
8
9
12
6
9
7
8
8
6
14
12
12
6
5
11
11
9
11
13
10
8
8
10
10
21
19
14
14
5
14
10
7
5
3
9
11
9
9
14
2
12
10
19
8
8
10
12
7
11
30
32
18
8
12
6
8
5
6
7
11
13
10
9
3
4
8
9
10
2
7
5
15
8
3
7
5
3
5
11
7
5
4
7
6
10
4
11
5
7
8
6
15
12
6
1
3
11
5
10
11
28
11
7
5
6
6
6
9
8
4
4
10
5
9
10
4
10
9
8
4
7
6
8
5
6
4
8
10
6
9
10
4
4
8
11
6
5
2
8
6
5
9
5
10
3
8
5
6
10
8
2
5
8
5
7
5
6
2
8
9
3
4
6
3
9
10
4
4
8
9
4
5
4
6
4
12
2
8
5
7
5
3
3
5
7
8
5
9
6
4
4
7
3
6
5
11
2
6
7
5
4
11
8
9
3
7
10
4
5
5
5
5
3
6
7
1
5
3
3
5
4
4
4
2
11
8
7
3
11
9
5
9
5
6
9
2
7
7
7
4
9
2
5
8
3
11
9
3
7
3
3
5
7
10
11
4
6
10
11
6
4
6
8
3
9
7
6
10
7
3
4
1
4
2
5
5
10
9
5
2
3
4
5
4
3
5
4
7
4
6
11
4
8
6
3
7
4
8
3
3
3
3
7
7
4
2
4
2
5
9
4
3
7
2
6
9
4
4
6
9
1
6
2
6
5
4
8
5
7
5
2
4
3
4
3
5
2
3
5
6
13
8
3
5
2
5
6
3
3
6
4
3
4
3
6
7
6
2
3
7
7
4
2
5
5
2
3
7
6
9
10
2
3
3
6
6
6
6
5
10
3
3
4
6
7
2
4
8
2
2
2
4
2
6
5
4
12
14
6
2
1
4
4
3
4
2
4
3
3
5
4
2
3
4
9
6
3
5
7
3
3
3
3
3
3
2
3
4
3
7
3
4
2
2
3
1
3
4
0
4
5
3
6
4
3
4
1
4
4
4
8
3
3
2
4
5
4
3
3
3
1
3
7
8
3
7
4
2
7
2
2
5
7
8
5
2164
