radiacao de fundo
0
0
0
0
0
0
0
0
0
0
0
1
4
3
26
228
122
105
102
121
116
92
119
95
94
90
96
95
120
96
97
88
76
66
82
83
75
88
84
89
71
76
88
102
81
82
98
79
72
84
78
65
83
94
91
115
102
103
105
92
116
102
91
99
106
124
122
118
123
115
112
137
134
139
163
119
139
129
167
156
149
149
166
158
184
183
192
181
181
164
163
174
167
178
178
163
204
181
186
201
168
191
171
174
206
187
191
190
195
178
179
195
171
183
183
171
176
175
158
157
185
159
168
179
185
176
182
172
159
208
181
154
173
181
179
197
161
173
152
158
157
149
134
168
173
147
135
135
141
126
157
139
146
134
162
133
125
130
152
142
120
135
110
138
115
115
118
131
115
128
125
109
102
118
125
121
131
116
93
110
100
95
112
92
101
92
105
82
87
86
87
102
97
82
94
77
100
97
87
85
74
84
110
69
84
82
85
86
74
78
92
78
90
91
78
71
74
83
65
69
71
64
64
65
70
75
59
73
54
65
51
84
69
68
79
41
49
57
67
59
53
103
68
48
69
57
65
62
47
44
42
43
43
48
51
43
39
42
44
41
43
42
41
45
39
50
52
35
42
51
35
36
39
28
39
32
45
39
36
41
33
36
36
37
40
34
42
42
30
42
27
37
36
39
38
52
62
28
44
36
50
36
26
37
23
23
29
31
35
30
39
28
32
28
32
31
30
29
31
20
31
27
37
27
21
25
19
25
23
28
27
19
34
22
18
35
41
35
25
23
26
25
31
18
18
22
20
11
20
38
70
33
27
31
20
21
22
19
22
25
22
19
12
18
20
20
19
20
15
14
20
19
14
19
25
28
22
25
22
25
22
23
14
23
16
19
25
23
13
13
11
16
22
19
22
23
14
19
16
14
12
18
16
17
18
18
15
13
12
17
11
9
10
13
22
15
12
14
20
14
15
17
16
18
18
13
12
13
12
16
18
18
11
11
15
15
20
14
11
16
10
11
8
13
14
12
20
17
17
17
13
15
10
9
14
13
16
13
8
15
12
13
13
11
18
14
17
9
7
15
10
11
15
3
17
13
14
13
8
11
17
4
18
11
9
11
10
16
10
8
6
11
18
12
17
12
9
12
14
9
24
10
23
31
19
10
8
13
9
18
10
9
10
10
5
7
11
9
10
9
9
9
7
7
9
7
10
13
8
6
11
8
13
8
9
12
12
11
6
16
13
10
7
9
9
9
10
5
6
8
9
9
8
13
9
7
9
6
4
6
12
4
5
8
7
11
13
8
6
9
7
13
17
21
14
7
10
8
6
10
8
12
7
6
3
10
8
8
7
14
10
13
5
7
7
6
12
28
36
17
7
9
8
8
5
8
12
1
10
5
4
6
7
4
9
5
7
7
2
11
7
5
1
9
2
10
6
4
12
3
9
11
7
7
7
3
12
7
4
5
8
11
3
12
6
9
11
19
21
21
13
6
7
4
8
8
5
7
9
6
6
9
4
4
8
7
4
6
6
2
6
6
7
6
0
9
5
3
9
7
7
10
9
3
3
6
4
1
4
7
7
7
9
8
5
7
8
9
8
3
4
5
4
15
11
7
3
7
7
8
6
20
9
3
4
4
4
5
5
7
4
7
1
4
3
5
10
6
2
4
6
6
11
4
6
5
2
4
4
10
9
6
3
4
4
4
9
9
6
9
11
6
4
10
5
4
7
7
5
13
4
6
6
5
5
5
9
7
2
6
7
8
4
5
4
10
5
5
5
3
7
8
7
7
3
6
1
7
5
9
8
1
3
3
7
5
5
7
4
8
7
4
4
3
6
3
5
8
6
5
4
5
2
4
4
7
7
6
10
8
6
1
3
6
1
5
5
5
4
3
3
6
10
6
2
4
6
0
1
4
6
6
1
2
5
4
6
1
8
3
5
5
5
6
7
4
4
2
4
0
5
3
4
3
1
4
6
2
7
3
3
8
7
5
8
6
6
3
3
7
6
3
4
6
3
6
7
6
18
10
9
10
9
3
6
5
5
2
5
5
3
2
5
8
4
5
4
1
1
2
11
4
2
3
4
5
6
9
2
4
2
4
1
8
6
6
4
3
7
5
4
5
5
2
5
2
3
4
6
4
4
4
5
8
9
11
7
5
6
4
5
2
3
5
3
5
7
5
1
2
6
2
4
3
3
4
2
3
2
7
5
2
5
4
4
4
5
3
2
7
3
1
2
5
3
4
4
7
3
2
3
1
2
4
6
3
3
8
2
4
6
5
3
6
3
2
8
1
5
2
5
8
4
2
4
3
1
6
2
4
3
7
3
2129
