radiacao de fundo
0
0
0
0
0
0
0
0
0
0
0
0
0
0
28
255
173
139
139
152
160
138
125
99
111
87
86
99
128
125
100
79
102
111
108
86
107
90
88
116
108
102
86
106
93
86
88
112
92
102
97
89
112
94
119
122
106
144
121
124
148
132
128
121
145
141
137
142
150
153
152
148
183
164
164
172
192
173
182
186
200
194
206
209
222
219
215
194
198
225
205
183
197
210
209
231
203
221
222
264
220
225
235
205
202
213
232
237
237
199
221
248
228
211
224
199
209
225
213
221
207
239
225
234
204
187
244
210
220
239
192
167
205
177
212
209
208
211
171
170
162
190
214
161
188
179
188
172
176
180
175
160
166
177
182
155
149
144
160
136
150
154
150
159
132
142
128
147
124
148
141
143
136
120
140
154
125
122
99
124
115
143
144
115
107
105
115
134
130
134
109
114
118
112
108
115
118
100
101
110
98
99
108
94
93
102
105
88
101
86
99
91
91
89
67
86
89
76
76
79
64
77
82
90
90
65
76
74
69
81
75
77
67
77
79
68
68
75
123
93
74
77
73
66
76
63
52
59
74
58
43
61
61
56
66
51
45
58
59
53
50
45
43
39
38
48
55
57
69
63
41
48
51
59
60
49
49
47
40
39
46
42
43
41
41
41
34
35
48
41
44
46
79
42
40
30
43
47
34
37
29
28
33
35
30
43
32
40
47
26
29
35
40
30
32
38
32
30
26
25
35
27
44
42
37
41
25
30
30
29
35
31
42
37
23
37
21
35
37
25
36
28
27
18
27
68
65
30
22
24
32
22
23
31
23
18
32
30
24
34
14
24
16
27
17
27
25
18
20
27
22
23
17
11
16
22
25
21
21
23
26
18
22
32
29
20
23
24
19
18
25
23
23
25
15
20
25
23
16
26
26
18
19
16
14
20
22
16
14
20
23
18
18
18
25
19
14
17
17
16
24
13
12
17
21
23
15
17
20
15
17
16
17
16
19
17
16
15
11
18
16
18
17
22
19
14
12
21
15
23
15
26
19
12
17
14
16
22
16
10
12
16
17
16
17
11
11
10
13
13
12
14
15
20
21
10
15
15
12
18
12
17
13
15
10
17
10
10
9
13
14
7
14
10
14
25
28
28
13
12
11
9
8
13
9
10
7
15
16
12
14
10
11
15
15
9
9
12
13
12
8
15
11
13
10
8
8
4
15
10
9
3
20
13
7
5
13
8
10
14
12
7
14
8
12
11
7
15
6
12
18
9
10
14
9
5
14
14
13
9
14
15
7
16
30
37
14
11
9
9
17
14
16
11
12
11
6
9
18
9
19
11
10
8
10
13
7
17
17
39
46
24
7
13
10
10
11
8
10
7
20
12
10
7
7
10
8
8
14
10
8
5
5
5
7
7
8
6
10
11
5
10
8
11
7
13
8
6
7
10
6
10
9
10
4
6
2
7
4
27
26
11
12
8
9
10
5
10
8
10
15
9
8
10
4
6
3
5
8
3
11
8
12
3
13
9
6
5
12
4
11
9
4
9
7
5
13
13
12
6
9
8
6
4
11
8
4
6
5
9
8
9
5
12
6
6
4
2
5
6
13
10
8
9
8
7
10
7
7
5
4
7
8
4
9
4
14
10
5
3
3
8
10
3
7
5
10
7
6
5
7
6
8
7
7
3
4
3
8
11
7
4
5
8
9
5
8
9
8
4
9
4
4
3
8
8
9
8
6
3
8
5
3
6
3
12
8
5
4
8
5
9
4
7
4
11
2
9
7
3
5
7
9
4
4
6
6
2
4
4
5
4
6
5
8
3
6
4
2
8
9
4
3
6
4
9
3
4
7
5
6
5
3
12
6
5
6
4
8
6
3
4
5
3
9
3
7
5
12
6
6
3
1
6
7
3
7
2
3
7
6
6
6
6
10
3
5
8
5
9
7
6
2
3
9
3
4
10
7
8
9
4
6
4
5
5
6
7
4
2
6
4
9
7
5
6
15
14
8
8
7
3
3
4
5
1
7
6
2
7
6
4
7
7
7
6
5
2
3
4
4
4
8
3
5
4
3
8
6
3
6
5
5
7
7
4
5
5
6
6
4
2
8
2
5
3
5
4
8
5
10
13
13
5
4
3
8
3
6
8
8
7
3
5
5
3
1
0
4
9
7
4
5
6
6
1
6
7
3
6
5
3
8
5
4
4
5
8
6
5
4
4
3
5
2
5
4
7
4
2
3
3
4
4
1
2
5
6
8
2
4
4
8
5
4
6
3
3
1
10
6
5
7
3
7
2
6
3
2
5
11
5
7
2
7
6
4
5
8
4
5
4
3
2457
