radiacao de fundo
0
0
0
0
0
0
0
0
0
0
0
0
0
0
23
242
197
122
109
150
131
160
122
114
112
134
104
138
141
104
109
109
95
103
93
90
112
97
97
97
98
100
101
94
83
74
85
96
100
81
112
91
108
101
100
105
107
110
123
131
136
128
112
150
142
150
143
155
156
163
153
160
158
181
179
171
200
159
180
177
163
192
194
209
215
202
198
187
206
226
212
216
212
218
204
234
225
230
211
225
214
203
233
230
209
230
236
227
205
201
217
233
215
242
235
196
195
232
237
220
204
210
212
229
213
215
209
194
213
209
204
230
196
203
197
187
176
187
203
178
175
192
177
155
173
182
176
171
170
169
172
163
162
155
168
173
159
148
163
157
181
168
150
132
146
159
163
128
136
139
136
146
162
133
129
134
134
129
120
135
130
119
119
109
113
100
115
125
140
123
114
115
105
106
99
106
92
91
85
95
101
99
111
105
107
94
106
99
117
100
107
90
95
75
89
72
86
90
85
80
72
79
92
68
91
73
77
72
72
78
78
87
80
67
70
69
63
85
124
80
59
67
82
68
83
79
67
63
63
44
46
65
56
53
48
57
59
66
55
53
50
48
55
49
51
57
57
47
64
49
66
51
50
37
45
42
37
39
39
56
40
37
47
39
35
35
36
54
39
39
46
64
61
35
36
38
40
47
57
38
33
33
34
23
32
32
33
30
31
32
38
33
36
31
36
34
25
34
16
40
39
34
27
29
30
20
34
39
21
42
29
28
40
26
20
25
32
33
30
28
42
31
28
24
35
63
60
22
19
26
31
25
28
25
22
23
31
27
25
26
17
27
25
30
23
25
24
26
16
20
19
20
22
26
15
18
17
25
18
33
16
27
19
20
21
26
9
25
16
18
23
19
22
23
18
20
19
12
23
32
32
22
23
23
17
21
20
17
15
22
24
15
19
18
10
26
26
22
20
22
19
18
19
23
21
12
17
18
24
10
11
14
9
14
9
21
16
10
18
13
17
13
19
22
15
20
28
9
12
19
18
13
26
12
11
16
16
14
14
17
14
16
18
19
17
11
18
13
13
11
15
19
15
11
27
12
14
17
5
10
14
10
12
17
10
8
7
13
12
12
10
10
14
16
21
25
38
40
19
9
14
13
15
16
17
13
12
9
10
14
14
18
9
17
9
10
7
6
8
8
28
16
7
9
11
11
16
14
13
14
14
11
12
18
11
8
7
10
13
10
8
8
13
10
12
12
14
15
10
16
9
13
12
13
9
8
9
11
10
11
13
9
8
12
22
27
17
6
8
8
10
13
18
12
15
10
9
11
10
7
2
8
11
9
13
9
6
9
9
30
44
14
9
9
7
7
9
10
9
5
11
10
13
11
6
8
5
6
7
12
9
11
7
11
10
5
8
11
19
9
9
9
11
13
11
7
4
11
12
9
9
10
9
6
5
5
12
6
14
24
28
8
12
16
10
8
9
4
13
10
8
4
7
7
3
3
11
7
6
8
5
8
9
13
7
10
5
7
9
12
9
8
8
2
7
14
12
8
4
6
4
5
6
2
3
8
7
4
10
8
5
7
6
5
7
9
6
8
8
8
6
4
12
7
1
10
6
7
8
8
8
4
8
6
6
11
6
5
9
7
6
5
7
6
8
6
8
14
6
10
8
4
2
3
7
10
9
8
8
6
11
9
6
8
9
8
8
5
6
7
11
6
8
3
3
5
4
8
6
8
7
4
7
5
7
8
14
3
4
2
7
6
10
7
5
5
7
8
7
3
3
6
8
12
7
12
4
6
4
5
6
5
3
6
7
6
4
4
7
5
8
13
3
7
3
6
6
4
11
6
7
4
7
6
7
3
9
9
6
6
7
9
6
4
6
9
4
7
10
10
5
6
4
10
3
5
7
4
4
8
5
5
9
1
11
6
9
5
6
5
6
5
6
6
11
3
0
6
1
6
5
6
2
7
2
11
5
9
8
9
6
8
2
4
2
11
19
10
3
8
6
6
3
8
5
3
4
3
4
7
4
4
6
6
3
3
6
6
5
7
4
5
8
4
5
5
3
7
2
6
2
3
8
4
5
5
7
5
7
4
2
4
6
1
2
3
6
6
6
4
7
8
15
3
8
2
2
3
7
4
6
7
1
3
6
7
4
3
4
10
3
5
9
8
7
6
4
3
3
5
6
8
5
5
7
4
3
7
6
7
2
6
5
0
5
5
3
5
8
4
3
6
4
5
6
4
5
3
4
2
3
2
5
8
3
5
5
3
2
4
3
4
5
0
6
2
6
5
7
5
5
1
7
7
5
9
6
5
1
5
7
6
2363
77
