radiacao de fundo
0
0
0
0
0
0
0
0
0
0
0
0
1
0
21
242
175
107
96
140
157
144
120
115
102
102
101
113
105
99
96
100
113
99
92
114
102
108
88
101
99
115
112
110
109
94
103
97
107
88
91
86
98
113
118
113
113
118
124
125
127
152
119
149
131
153
158
149
152
140
142
147
153
165
182
192
171
175
188
186
173
206
211
239
224
208
177
215
204
240
200
211
220
228
203
191
247
212
203
209
221
229
223
245
234
217
232
264
210
232
219
247
226
224
217
240
215
212
225
209
225
224
212
206
215
224
182
230
202
227
225
236
221
187
234
209
184
184
198
174
207
182
182
213
186
177
185
177
190
163
173
199
176
171
170
139
154
183
172
146
172
176
166
156
170
145
132
162
143
138
140
147
173
132
148
120
117
142
132
110
139
140
104
118
120
119
121
105
139
121
108
101
119
111
100
119
115
107
113
98
94
110
118
114
96
107
116
77
94
114
100
110
100
92
110
81
70
107
95
80
69
69
75
71
85
72
91
76
53
79
79
72
61
80
75
70
63
86
130
76
57
70
81
62
68
70
60
51
60
71
58
77
71
60
48
53
51
46
66
44
47
60
63
55
48
50
54
42
48
53
49
51
49
41
57
42
63
43
49
47
43
36
49
38
43
40
40
54
54
50
43
62
72
42
43
35
38
27
38
36
24
51
33
51
45
32
38
37
31
42
28
29
37
39
27
28
34
24
29
23
30
40
42
33
40
33
28
23
30
27
25
27
28
44
38
32
35
29
31
18
28
28
25
22
28
64
73
21
30
21
40
33
24
41
22
27
21
29
20
20
37
24
28
32
25
22
29
26
16
22
32
33
17
17
19
26
26
16
21
19
21
19
20
21
20
36
26
17
21
18
24
17
17
18
21
29
24
24
19
24
20
22
18
9
18
23
29
18
26
18
15
17
21
20
15
18
19
27
19
16
19
10
27
24
19
19
23
18
22
13
17
19
14
23
19
19
11
13
24
13
17
16
20
15
20
14
10
17
16
23
21
24
11
15
20
21
19
12
20
9
13
14
16
7
13
19
15
20
23
9
17
11
19
19
13
14
18
16
23
19
15
13
11
22
9
12
10
12
11
11
7
12
6
15
13
21
44
34
15
17
5
13
10
14
14
16
11
8
12
10
10
21
14
12
17
17
13
11
10
12
12
15
13
7
9
11
9
10
8
12
15
12
10
11
7
12
19
12
13
12
14
17
17
11
10
12
19
14
16
10
11
16
11
5
15
11
12
12
12
10
13
17
9
15
14
28
18
11
8
15
10
4
10
12
12
6
13
7
13
9
12
4
8
10
11
16
11
20
14
30
55
35
11
10
10
7
5
6
13
16
12
15
16
7
9
2
11
8
8
10
15
4
9
9
9
10
10
10
4
12
9
10
8
11
8
4
8
5
11
7
9
6
14
10
11
8
7
8
14
17
25
12
9
11
9
4
9
5
12
7
3
11
9
8
11
12
8
7
6
2
5
8
10
5
9
3
10
13
5
10
7
6
8
7
13
5
7
11
6
14
12
7
5
7
7
5
3
10
6
8
9
8
11
8
6
9
7
10
6
6
7
6
13
9
3
5
6
5
10
5
8
7
3
5
5
11
8
8
8
8
9
7
7
7
10
9
7
5
10
5
7
12
10
9
12
9
7
3
5
6
9
7
8
8
9
8
7
13
6
3
8
8
7
12
7
3
13
7
7
7
6
8
10
12
6
6
8
6
7
7
4
3
3
7
4
7
7
6
7
3
5
3
4
8
5
6
3
8
5
7
3
9
5
8
3
2
3
11
2
3
3
4
8
3
6
5
9
6
3
5
8
9
5
12
7
6
5
6
6
3
4
5
6
3
6
4
8
8
5
6
5
4
4
5
2
14
4
5
4
6
3
7
5
6
7
7
3
5
1
9
6
5
4
6
5
4
6
7
3
4
11
5
7
4
7
4
6
8
4
7
5
5
6
3
3
6
14
14
10
8
6
2
4
7
6
8
6
8
10
10
2
1
9
10
1
9
8
4
7
11
2
12
4
6
4
10
7
2
6
8
4
6
7
5
7
8
3
4
2
3
2
3
9
3
2
4
5
7
7
5
7
13
9
6
5
7
7
6
7
7
3
11
7
5
4
3
4
6
3
7
10
2
6
4
4
8
3
3
4
3
4
4
12
4
3
6
4
3
3
7
8
8
3
4
4
2
5
8
4
5
3
2
4
4
4
6
5
5
5
6
8
6
8
3
5
3
4
4
4
9
4
4
4
5
5
4
6
6
7
5
5
7
8
5
3
4
7
4
2
3
1
3
2573
2
