radiacao de fundo
0
0
0
0
0
0
0
0
0
0
0
0
1
2
14
194
126
112
93
127
132
105
122
97
80
71
75
116
99
117
106
82
91
84
91
77
84
77
91
79
90
101
104
91
87
81
84
76
84
95
71
64
109
91
110
95
97
90
106
115
93
124
111
114
124
119
126
103
114
117
111
122
134
158
140
158
143
170
178
146
160
185
163
178
163
174
162
154
169
194
157
177
166
188
195
186
179
181
207
190
206
206
184
194
210
183
198
188
205
168
186
205
189
205
198
195
198
197
190
192
180
170
193
199
183
186
191
211
164
195
164
171
160
198
162
170
175
168
189
169
170
164
149
145
181
158
163
166
170
170
149
131
160
155
118
146
133
143
144
130
144
123
131
124
116
135
136
107
145
128
101
112
105
106
126
122
125
138
105
116
114
118
106
103
103
93
108
81
117
99
108
110
93
116
83
91
107
112
104
89
76
77
78
69
91
97
71
86
90
80
88
80
87
86
67
54
71
78
72
63
68
73
67
82
86
68
71
58
67
70
72
67
80
69
57
69
60
67
65
66
56
113
73
69
59
72
63
43
49
46
48
57
53
55
50
38
56
58
53
42
46
50
44
43
50
55
36
43
43
41
45
56
47
37
39
31
50
40
49
30
49
38
45
36
37
37
45
31
44
22
26
44
40
35
30
60
60
33
26
34
32
44
28
28
30
37
29
28
28
21
31
33
38
36
20
28
25
24
29
34
24
23
34
22
29
23
30
36
31
28
24
30
22
23
26
34
26
37
28
24
19
24
34
35
20
26
27
26
23
40
63
26
29
16
13
23
24
23
30
15
21
9
14
25
25
28
18
24
13
18
10
23
17
19
24
15
27
15
13
19
19
25
20
19
15
16
21
20
19
18
21
18
25
18
15
22
16
16
15
19
17
24
17
14
22
14
15
22
19
20
16
22
14
12
10
16
9
28
20
18
20
11
18
17
11
20
15
25
17
16
8
15
15
11
13
17
11
16
11
14
17
13
20
19
14
12
16
11
18
13
11
12
14
11
8
11
17
25
12
10
18
15
19
21
17
14
16
14
14
17
12
12
10
11
9
13
16
6
17
13
8
16
14
15
14
11
11
20
13
6
16
10
16
11
8
9
13
17
14
21
9
16
17
32
20
10
17
16
15
8
7
16
13
13
14
6
6
3
12
9
7
10
8
5
12
8
9
7
14
10
13
9
15
10
5
9
8
7
14
10
8
8
12
6
17
6
11
12
11
8
7
4
9
16
8
12
7
9
10
9
11
11
6
15
15
4
10
8
13
10
9
7
28
31
10
4
5
12
11
4
10
13
8
6
15
13
13
9
7
14
12
9
7
7
8
9
14
36
28
15
9
11
7
9
9
7
12
3
5
6
4
8
1
3
8
5
6
7
9
5
8
7
10
10
10
8
9
8
8
7
8
3
6
6
8
6
4
12
10
6
3
9
3
9
7
8
13
21
18
11
7
9
7
9
6
11
4
7
8
5
8
4
10
4
5
8
5
7
7
7
4
4
9
7
5
6
4
9
3
8
13
5
6
6
10
7
4
4
6
4
7
9
6
7
11
9
11
8
10
10
8
4
2
7
9
4
6
5
4
5
13
8
12
3
3
7
9
10
13
4
10
4
6
8
7
4
8
5
7
10
6
4
5
3
15
3
2
10
10
4
4
3
4
6
10
4
6
4
5
8
11
6
5
12
11
8
10
4
6
6
7
5
4
9
6
4
6
5
1
4
10
5
5
3
2
6
5
9
3
6
5
8
8
6
5
5
4
10
7
5
5
4
4
4
5
7
4
2
3
4
6
5
7
6
5
4
6
5
3
12
2
4
5
5
4
6
5
4
5
7
5
8
3
7
4
2
2
1
3
7
7
2
3
4
3
5
9
4
5
8
9
5
4
3
4
5
6
6
5
3
3
4
6
1
4
6
5
6
4
4
6
3
4
3
7
5
4
7
6
3
3
2
8
1
2
4
6
3
6
3
3
8
5
5
4
4
5
13
15
8
6
9
5
4
3
5
4
4
4
2
6
9
5
3
6
4
3
5
6
5
7
1
6
7
7
2
4
3
1
3
6
5
5
3
3
6
4
4
4
6
2
4
5
3
3
5
3
2
6
3
10
6
5
11
9
8
7
5
6
2
4
2
6
1
5
3
6
4
7
4
3
4
6
5
1
6
3
7
10
1
6
3
1
6
4
1
2
5
13
8
6
9
5
4
4
3
5
4
2
2
3
5
3
3
7
5
3
6
6
8
9
4
4
7
6
2
6
6
2
3
4
7
5
2
6
3
3
4
2
8
3
4
833
1429
