radiacao de fundo
0
0
0
0
0
0
0
0
0
0
0
0
0
0
16
263
156
107
120
112
126
108
125
82
84
88
92
89
92
109
95
97
77
90
80
84
81
95
88
90
101
78
72
94
90
63
72
93
69
82
102
91
93
75
111
98
93
108
101
108
99
105
109
118
96
128
116
110
120
139
138
124
135
142
138
162
137
152
150
146
159
163
162
170
153
168
182
159
176
163
181
167
190
188
178
200
190
186
191
169
176
200
198
178
189
209
224
171
178
200
194
202
198
181
195
177
166
188
176
183
191
182
196
147
188
177
177
160
171
174
172
201
161
167
181
180
181
158
174
184
151
194
181
159
143
154
158
121
131
143
124
163
172
150
139
135
133
139
138
138
143
120
123
112
136
133
117
126
139
126
135
116
124
114
117
107
106
120
108
96
107
108
96
110
102
105
108
102
112
100
117
97
96
90
84
88
98
90
99
84
91
87
66
82
86
70
70
85
90
83
80
74
73
85
83
76
78
66
75
72
68
68
66
63
76
72
82
63
80
57
69
56
77
65
69
54
49
65
63
58
71
108
66
64
46
58
53
51
48
43
47
44
68
50
57
62
60
48
56
45
41
47
47
39
38
45
47
49
44
46
47
45
46
38
42
41
36
46
51
49
42
37
44
37
37
35
35
46
45
35
37
39
35
39
51
52
44
29
36
39
27
33
39
25
34
25
26
23
39
25
27
24
23
22
32
29
18
21
37
31
17
31
23
32
23
29
29
24
26
24
31
23
28
25
24
40
35
34
25
27
20
25
18
23
23
31
27
24
28
28
69
33
18
23
19
31
18
22
19
16
17
18
21
29
24
20
20
23
18
13
26
32
19
20
20
20
18
19
18
23
20
21
17
19
12
31
13
16
19
21
14
19
20
16
14
14
17
19
23
18
17
14
20
17
17
23
13
12
23
24
17
14
13
14
9
11
6
12
30
14
10
22
16
20
11
16
17
20
15
14
17
16
7
17
19
15
12
10
12
11
9
12
8
13
17
14
16
16
13
16
18
16
9
9
16
19
14
15
13
13
18
19
8
14
12
14
12
10
12
17
12
5
13
15
15
13
11
10
11
16
8
9
16
10
14
5
12
10
21
12
12
7
11
14
14
10
14
14
15
15
10
13
23
24
14
13
9
11
13
8
18
6
7
9
6
12
6
8
8
13
11
7
7
12
18
10
11
10
11
5
13
10
18
10
12
18
11
11
11
8
11
7
9
13
14
5
10
6
9
8
9
16
11
10
7
6
13
8
21
8
10
10
12
11
8
7
9
4
11
10
3
7
30
21
10
6
15
9
13
8
6
6
9
9
10
10
7
10
6
5
12
5
9
4
15
6
11
28
34
16
7
9
9
10
11
3
5
7
5
7
11
3
7
6
2
10
5
6
5
8
8
8
12
6
6
12
7
8
5
11
7
5
5
6
4
5
11
8
8
11
5
7
7
9
5
12
8
19
23
14
10
5
6
7
5
6
3
9
4
2
8
11
10
7
7
7
9
8
5
8
8
8
7
6
7
9
4
9
3
1
2
9
7
4
7
10
7
10
7
6
9
3
4
7
7
7
5
8
9
3
10
5
7
7
6
13
6
5
6
9
7
7
9
8
8
4
8
11
9
8
8
7
4
6
7
12
3
3
10
5
5
1
6
9
2
3
6
5
3
5
7
4
7
6
3
7
6
7
7
10
7
7
5
4
8
11
6
3
4
7
0
3
5
8
4
5
5
3
5
11
6
4
6
5
4
9
6
9
8
6
8
4
5
6
4
2
6
3
2
7
10
6
9
6
3
8
4
5
3
3
3
6
8
7
5
6
1
8
6
3
4
6
3
4
10
8
4
3
2
3
2
6
5
4
5
10
5
5
6
2
5
7
3
4
9
2
6
4
7
9
5
7
6
5
4
4
4
1
2
11
4
5
11
6
5
5
8
3
3
9
9
6
8
4
2
4
3
6
2
2
7
2
4
6
6
5
6
3
2
1
4
3
8
7
4
1
4
3
18
10
2
4
4
2
5
4
4
3
6
5
6
3
8
4
1
5
5
4
5
4
6
3
5
3
2
6
5
4
4
3
2
4
2
2
4
10
10
4
2
8
2
2
3
7
6
5
3
5
4
8
2
7
7
8
2
10
6
4
5
5
3
6
3
8
5
2
8
6
5
3
7
5
5
4
2
3
1
3
6
1
2
6
2
7
5
6
0
6
3
6
6
1
4
2
5
6
3
8
3
5
2
2
5
5
2
3
3
8
1
4
7
4
2
1
3
6
3
3
2
1
2
5
8
0
5
3
5
6
4
2
8
2
1691
469
