radiacao de fundo
0
0
0
0
0
0
0
0
0
0
0
1
1
0
26
231
118
101
98
105
124
112
107
95
75
78
88
103
102
109
96
99
80
85
70
79
92
68
86
90
105
83
79
83
83
70
83
88
89
90
78
83
86
92
83
107
112
96
95
98
113
110
106
116
126
119
128
135
167
130
145
133
125
127
142
144
138
124
162
166
175
160
173
171
170
191
175
147
159
167
182
160
190
162
166
199
172
196
176
194
190
159
155
224
185
200
199
170
180
184
182
185
202
185
191
176
209
159
179
185
185
182
196
162
179
163
168
182
173
174
168
164
156
202
181
176
172
158
154
150
158
147
143
172
165
146
154
149
145
138
146
132
136
141
122
151
135
129
123
116
128
130
129
125
121
119
132
127
129
121
115
103
115
109
144
114
111
99
115
90
99
89
115
100
97
121
98
115
119
93
94
93
99
87
91
83
84
89
88
96
85
94
87
81
82
86
70
86
88
92
78
78
72
76
68
66
81
64
76
57
75
61
77
78
66
67
55
46
70
72
74
55
54
73
49
72
61
61
97
52
66
69
65
61
56
62
55
63
40
46
31
41
42
66
43
43
48
59
55
40
47
37
37
42
35
50
36
39
43
44
40
46
45
42
36
44
44
27
35
53
43
43
47
28
36
37
36
38
35
33
36
41
58
24
37
36
45
44
32
25
25
42
31
34
28
32
34
27
30
25
27
28
38
23
24
33
23
29
26
24
27
33
27
28
23
23
22
21
27
21
29
26
31
35
17
25
20
27
30
22
19
24
31
21
29
54
48
20
19
19
14
19
12
20
17
17
22
14
17
27
22
21
19
23
26
24
21
20
23
14
19
17
7
21
14
16
20
14
18
18
25
18
21
15
21
15
19
17
22
13
15
14
13
16
26
13
16
16
16
20
10
14
16
21
18
14
9
14
16
26
22
14
12
15
7
15
13
23
10
21
12
23
17
15
15
12
21
18
9
19
14
15
12
15
19
12
19
11
11
14
15
17
18
16
8
9
15
19
14
10
16
24
13
10
16
15
11
12
11
8
15
10
12
5
14
11
17
10
16
12
13
15
10
17
8
11
18
16
9
11
12
14
10
11
6
11
8
9
16
8
9
8
14
15
12
17
37
34
18
15
10
8
10
8
13
8
10
12
12
8
16
11
10
21
9
10
21
13
12
16
8
11
6
6
12
6
8
11
11
9
13
9
5
9
13
14
16
7
10
7
8
11
14
7
13
9
8
4
7
7
7
5
10
8
6
5
4
6
15
9
11
17
8
10
16
23
10
9
9
6
10
10
8
6
9
9
7
10
9
10
10
8
9
6
8
12
14
7
15
29
35
17
12
8
8
10
7
7
4
4
12
7
6
4
4
6
14
4
4
8
8
4
6
10
4
7
4
6
8
8
6
6
8
5
11
7
3
5
7
10
6
8
8
3
6
6
11
7
12
28
19
8
8
9
8
8
4
4
4
8
2
4
9
9
8
7
5
2
5
2
7
4
3
5
11
8
3
6
8
9
7
10
4
7
5
4
5
12
4
13
8
10
9
6
6
9
7
13
5
6
5
9
6
8
10
4
6
6
6
6
9
4
4
8
6
7
6
6
6
4
11
5
9
2
6
6
5
3
8
4
6
4
9
6
4
8
10
5
3
4
13
5
8
2
5
4
4
6
4
9
10
8
6
6
4
7
9
3
4
1
6
7
3
4
7
4
8
5
5
6
5
3
5
9
7
9
9
6
6
7
7
5
7
5
5
6
5
5
10
8
3
3
3
9
6
3
9
4
7
8
8
9
7
1
7
3
5
4
6
4
4
7
9
4
5
6
8
4
5
7
4
3
7
3
4
6
2
2
2
5
10
5
5
3
1
4
4
8
14
3
3
3
8
5
1
5
9
10
2
8
5
2
7
4
4
6
2
3
6
8
2
3
7
5
6
3
6
3
4
2
5
7
4
5
3
4
3
3
2
4
9
10
5
4
3
10
11
11
7
6
6
4
4
1
1
4
5
7
8
7
5
2
2
3
4
5
6
5
4
5
6
3
2
1
4
3
5
3
7
2
5
5
8
2
3
5
2
6
6
2
3
7
2
1
5
6
13
7
8
6
9
12
4
4
8
1
7
4
1
2
10
7
4
4
5
3
2
6
6
6
7
8
6
2
4
6
5
8
0
6
1
3
4
7
3
5
3
0
4
2
4
8
3
2
9
8
1
4
3
4
7
3
5
1
6
6
1
1
8
8
3
4
5
3
0
5
4
3
3
6
1
2
4
6
2
3
3
4
3
1
4
8
2
3
4
5
7
3
6
3
5
2
2
1956
