radiacao de fundo
0
0
0
0
0
0
0
0
0
0
0
0
0
1
20
260
193
115
131
147
128
129
131
87
71
110
163
152
127
103
103
72
75
83
82
74
83
73
79
70
65
59
94
80
75
84
71
75
72
79
70
73
65
75
61
97
91
69
94
80
82
104
79
104
90
98
97
106
118
128
116
114
119
138
137
124
122
137
147
140
129
146
139
144
165
132
173
147
166
164
153
160
178
159
186
172
153
163
154
167
158
147
163
168
171
187
173
166
169
163
172
162
160
152
152
176
170
150
174
200
172
154
148
137
143
167
143
152
143
147
164
143
152
160
162
150
120
149
157
144
135
132
119
138
143
119
123
132
115
143
115
141
116
125
108
135
112
100
144
103
108
103
104
120
112
106
99
99
110
103
117
92
120
90
93
105
95
117
86
88
94
88
117
78
90
94
89
83
85
112
79
79
73
80
99
86
87
80
88
90
80
77
87
77
78
68
91
79
68
66
75
71
70
63
60
49
64
57
74
69
76
62
54
50
61
70
59
68
61
51
61
35
51
47
70
43
60
45
56
83
69
59
78
58
57
53
42
42
41
43
34
43
44
40
38
39
56
42
36
38
44
43
46
47
29
33
37
38
27
36
43
38
34
43
48
33
50
30
40
34
22
34
30
29
30
27
25
24
29
32
27
22
33
51
30
30
24
39
46
41
30
31
30
26
32
27
28
29
25
26
23
25
21
31
28
23
27
20
23
20
27
27
21
27
23
26
32
19
21
22
26
27
20
14
34
23
32
27
23
26
26
22
26
15
17
29
26
58
40
16
28
14
19
18
14
13
26
20
21
25
16
20
23
17
27
15
20
22
17
22
15
17
15
23
17
17
20
25
8
11
21
14
16
13
6
9
23
11
21
13
10
20
18
12
17
14
16
18
19
11
12
16
14
9
12
7
6
12
23
14
9
12
14
11
21
17
10
15
13
13
11
6
17
17
15
10
12
9
13
18
12
8
17
13
14
11
10
9
10
17
12
15
10
18
12
11
9
8
12
11
12
10
17
16
9
14
6
11
9
7
10
12
13
10
11
5
11
10
15
12
12
10
11
11
8
6
4
10
11
12
18
5
11
15
13
20
17
10
6
10
15
9
10
9
12
7
7
14
31
22
21
10
6
10
12
9
12
9
4
11
10
8
7
14
7
7
7
11
8
8
14
14
5
8
6
4
8
8
6
9
9
8
7
8
10
7
13
8
5
5
12
9
6
6
10
7
6
6
10
7
9
10
12
11
15
9
7
8
8
11
9
8
11
6
9
6
4
13
24
12
10
6
7
8
5
5
7
8
12
5
3
5
11
4
7
5
7
6
8
8
10
5
21
39
14
10
5
5
7
7
7
8
9
5
6
6
7
4
10
3
5
4
10
6
2
8
4
4
9
7
9
5
8
1
7
8
4
8
7
3
4
7
8
6
5
9
5
7
7
10
6
14
14
23
14
8
3
3
7
7
6
7
5
8
7
8
5
6
4
6
7
5
7
3
12
8
11
8
6
6
5
10
8
8
6
11
4
7
4
6
10
7
7
11
11
5
6
8
5
9
9
6
8
5
2
8
7
7
3
4
8
6
8
9
7
8
5
5
4
6
4
2
4
8
7
12
5
4
5
4
6
2
5
6
5
2
9
3
6
5
5
5
9
2
2
9
6
6
5
7
8
9
7
8
8
8
8
4
7
9
4
6
6
1
5
3
1
3
7
6
2
4
7
5
3
8
2
4
4
4
1
9
3
8
6
6
6
3
7
5
3
7
5
4
4
7
4
2
2
5
2
7
5
2
3
9
3
4
1
3
7
5
9
1
4
3
2
4
2
4
5
6
10
2
5
5
3
2
5
6
8
4
5
4
6
3
2
5
2
4
2
4
8
10
4
3
3
2
3
5
3
5
7
4
5
7
1
2
6
4
4
4
2
1
4
3
3
8
8
3
5
7
2
5
3
1
4
4
5
0
4
2
10
5
2
6
4
5
4
5
3
12
9
9
3
4
2
3
10
2
7
6
4
2
3
1
1
11
5
6
8
2
2
3
6
4
4
2
7
4
3
4
2
4
5
7
4
1
5
2
2
4
6
2
1
4
2
3
3
4
4
6
4
6
6
5
11
3
3
6
4
2
4
1
6
4
1
2
5
2
3
4
5
1
3
2
5
3
2
6
9
3
10
3
3
1
2
1
4
1
4
2
3
0
2
0
4
2
4
3
5
6
2
4
6
4
5
1
0
2
7
4
5
3
2
2
3
3
6
2
3
3
4
3
5
4
4
2
3
8
2
2
2
5
5
5
4
6
5
4
5
4
4
1868
