radiacao de fundo
0
0
0
0
0
0
0
0
0
0
0
0
4
3
48
339
189
110
123
116
112
121
106
89
101
91
82
95
107
96
99
75
89
88
99
93
98
84
71
68
74
76
57
79
85
67
68
74
69
77
71
85
77
95
77
98
89
90
90
99
93
96
98
105
114
130
110
113
121
139
133
121
112
147
117
131
122
129
138
140
128
154
161
156
178
159
156
141
172
135
163
146
169
143
154
146
147
171
175
167
181
158
161
181
170
156
180
156
184
146
135
168
174
170
161
151
162
154
160
184
189
161
149
168
164
158
164
162
153
167
162
139
154
129
143
156
142
161
125
141
124
157
112
154
136
137
158
140
135
114
122
135
125
151
122
113
140
111
102
134
109
111
128
114
125
98
122
125
87
94
113
108
101
106
105
98
103
89
88
89
112
90
86
80
79
65
92
87
93
103
102
93
78
87
73
93
75
73
85
85
70
89
77
63
88
74
71
77
60
84
60
71
82
61
68
55
69
68
52
58
67
64
62
56
61
66
52
55
51
57
62
62
53
58
51
55
51
61
56
72
69
44
48
60
46
49
52
48
56
36
57
49
43
44
47
49
49
45
54
44
47
47
43
40
40
44
54
41
20
29
48
26
25
38
42
38
39
26
24
27
36
35
36
43
23
38
33
34
33
35
27
30
29
46
37
34
27
15
38
36
24
28
29
25
25
20
29
28
27
27
29
28
21
20
28
16
22
22
21
15
20
28
27
26
30
31
26
16
24
34
24
18
19
17
27
35
22
9
30
18
24
19
17
19
26
21
21
51
45
18
18
26
14
25
20
22
19
16
13
19
16
15
19
17
17
14
12
21
17
15
21
18
15
17
10
13
20
13
23
12
11
17
15
15
21
13
23
17
18
14
17
21
10
13
23
18
15
19
12
21
16
17
18
24
15
15
17
13
19
16
24
13
19
11
11
9
16
17
18
18
15
16
14
14
13
8
10
6
15
19
13
16
20
13
11
9
11
9
17
14
16
15
9
12
16
19
15
14
12
15
15
9
12
14
11
14
14
15
4
14
20
7
11
12
15
12
8
9
11
13
9
13
9
8
15
10
9
11
11
11
10
15
6
7
9
9
6
5
8
11
14
13
15
8
13
12
14
16
21
19
16
17
12
15
19
6
12
11
9
9
15
11
13
14
8
11
14
6
7
9
6
12
7
8
8
10
10
9
6
7
15
7
7
10
7
11
14
5
13
8
10
8
7
12
3
11
10
6
8
6
3
10
2
11
20
9
8
7
10
5
6
9
11
9
3
5
5
11
20
20
5
7
7
6
8
9
6
8
7
4
12
5
9
12
4
8
11
6
10
15
13
11
20
48
14
9
6
6
6
7
7
5
9
6
2
10
4
2
6
7
4
8
10
6
6
4
8
5
13
4
10
5
10
6
6
7
7
5
4
4
2
10
7
7
5
5
6
4
5
14
7
7
14
23
14
10
9
4
10
3
7
4
6
8
4
9
5
10
3
8
7
7
7
5
8
8
10
2
6
8
6
5
8
2
6
8
3
5
4
6
5
7
8
3
8
10
4
6
6
9
9
1
8
2
2
5
5
5
6
5
3
10
2
5
4
16
8
10
2
3
7
6
5
7
5
2
4
6
6
5
3
8
6
2
6
11
1
5
2
6
4
10
8
11
2
4
7
3
5
4
4
8
3
4
5
4
8
5
5
4
4
8
7
6
5
5
9
3
5
3
6
9
9
8
2
5
4
5
3
8
8
6
3
6
10
1
1
2
4
5
4
6
4
3
4
5
1
5
6
6
6
4
5
5
6
5
4
5
2
3
6
1
2
4
8
1
3
3
4
7
3
7
5
5
4
4
2
3
7
7
8
5
5
5
5
3
4
4
4
6
5
3
6
5
7
3
6
5
4
3
2
7
2
1
4
6
4
2
4
3
5
4
6
6
3
8
8
5
3
4
5
5
4
7
5
2
4
5
5
7
3
3
7
4
2
6
1
0
3
4
5
7
15
5
9
5
5
4
1
3
2
5
3
7
6
6
5
3
0
6
2
6
2
6
4
6
2
5
3
1
5
5
5
5
7
4
3
5
9
4
1
8
1
3
4
0
7
4
6
6
3
6
4
6
7
8
9
11
7
6
2
4
1
3
2
7
3
3
6
6
2
4
3
4
5
2
3
2
2
4
8
1
6
4
4
2
3
4
5
2
3
3
1
5
3
4
8
5
4
2
3
0
2
4
4
3
2
0
5
2
4
7
6
3
3
5
4
3
7
6
4
4
4
3
5
4
5
3
4
4
3
10
1
3
2
2
11
2
3
1
1
4
0
1894
