radiacao de fundo
0
0
0
0
0
0
0
0
0
0
0
0
5
0
29
252
129
89
98
105
137
125
111
86
97
91
101
90
100
98
101
106
89
85
85
76
86
85
82
88
80
94
77
74
73
66
77
90
73
72
71
66
84
67
74
97
95
85
100
93
99
87
111
110
122
104
124
114
106
87
122
150
138
132
128
139
127
126
139
143
137
140
166
142
146
148
156
169
156
154
162
138
148
159
142
174
161
143
149
151
171
179
160
167
163
175
191
204
185
154
173
173
147
170
168
182
164
161
159
185
152
145
157
170
146
148
163
143
166
144
159
147
139
143
136
153
158
158
146
151
132
140
135
138
138
126
118
130
132
134
133
136
128
123
115
109
121
128
98
120
115
124
100
114
105
103
99
98
99
115
111
97
94
98
117
110
119
80
86
90
100
100
110
85
77
91
109
76
96
120
78
95
80
81
77
86
95
76
69
65
76
71
80
92
74
71
76
83
67
64
73
57
60
69
66
63
67
61
53
52
80
64
55
58
63
59
49
60
55
52
58
61
51
60
56
43
55
47
60
95
62
46
65
43
34
46
45
58
54
45
38
37
43
51
36
48
42
42
45
31
41
48
47
47
41
46
47
36
53
43
25
42
39
39
43
35
29
40
36
37
29
46
24
35
32
36
36
25
29
29
28
26
32
59
41
40
31
26
30
33
27
20
29
27
34
25
21
23
21
22
19
28
29
23
26
23
16
26
26
24
20
23
20
22
37
24
28
23
25
21
38
22
27
17
34
29
34
23
17
15
24
22
14
8
30
22
31
67
25
16
20
24
21
18
26
23
15
18
16
29
22
15
24
16
18
20
17
22
21
8
18
18
14
13
20
19
17
17
19
17
20
18
20
17
22
19
20
17
13
21
19
16
20
15
24
9
14
25
14
22
12
16
16
19
17
7
9
13
12
11
17
10
14
19
13
13
12
15
12
15
13
14
13
14
9
17
15
9
15
10
19
11
12
9
19
11
10
18
9
17
12
15
11
20
16
16
17
11
12
17
13
13
18
13
15
17
11
18
14
10
14
15
7
7
11
7
13
14
8
9
8
17
4
15
8
10
11
11
16
10
6
6
8
14
16
4
15
6
11
6
8
11
16
11
12
17
7
10
28
23
16
12
10
8
11
14
16
5
7
10
7
7
10
10
11
10
9
10
10
9
16
7
10
8
10
9
6
8
10
7
13
7
10
10
5
10
8
3
11
12
7
8
13
13
6
8
8
6
10
6
10
5
7
10
6
13
6
12
13
6
12
12
6
7
7
8
16
13
21
12
7
9
5
4
11
8
5
7
8
4
10
6
6
9
8
5
5
5
9
5
11
9
31
32
11
11
8
6
4
8
9
6
6
6
10
9
3
6
5
5
6
5
7
4
4
3
6
5
3
6
5
3
5
7
10
1
9
9
5
7
5
5
11
5
6
7
3
3
6
6
10
13
17
20
17
8
8
4
8
4
6
4
6
3
7
6
9
4
8
7
7
2
5
6
8
5
7
6
6
9
4
7
5
2
7
9
5
5
5
7
2
11
9
5
7
5
10
10
3
5
6
3
9
7
5
6
2
8
7
11
5
3
5
3
7
8
4
4
4
4
9
3
6
4
3
4
9
5
4
3
9
10
2
6
5
1
3
4
3
5
3
6
7
3
4
2
6
4
7
3
5
4
4
6
10
4
4
5
5
8
4
5
3
3
6
9
3
7
3
4
1
3
7
5
5
6
5
6
7
10
5
7
5
6
2
8
4
8
7
1
5
5
6
2
4
2
6
11
4
4
5
4
2
2
4
0
3
5
6
7
4
6
4
3
2
1
11
4
4
4
8
5
3
5
4
4
5
2
4
3
2
3
4
5
2
5
4
2
2
3
3
5
6
6
4
6
5
6
4
6
11
3
3
6
4
0
5
3
4
3
5
6
2
4
4
5
3
5
6
5
7
4
6
2
7
10
5
3
6
4
5
4
4
5
4
6
8
7
3
7
11
6
5
13
3
3
3
2
3
3
2
8
2
1
4
5
6
5
2
3
3
1
6
3
4
1
2
1
3
6
2
2
4
6
3
3
5
7
4
2
5
4
5
6
1
7
3
3
5
2
6
3
8
4
4
2
10
10
7
5
5
4
6
2
1
5
2
4
8
3
3
1
5
8
3
5
2
0
3
3
3
2
7
3
2
4
7
2
4
4
6
3
6
8
1
6
1
4
4
3
4
3
5
1
6
3
1
2
4
5
2
2
5
4
5
3
4
3
2
2
6
5
5
3
4
5
4
1
3
1
3
4
0
6
5
3
4
3
2
7
4
3
1
1912
