radiacao de fundo
0
0
0
0
0
0
0
0
0
0
0
0
4
1
26
225
151
97
145
125
147
104
124
110
97
94
98
99
109
89
96
110
94
97
74
82
108
101
94
85
92
93
78
92
74
77
85
95
70
74
98
69
86
69
78
82
105
97
117
95
84
81
104
101
78
95
100
115
129
119
134
95
127
136
140
130
133
120
149
150
152
164
123
142
152
123
169
179
160
155
152
169
173
139
189
150
167
161
168
184
175
178
164
172
155
160
168
152
168
160
183
166
158
189
171
166
181
166
186
156
188
149
159
140
176
148
181
146
168
162
167
140
146
158
150
158
141
144
128
143
154
136
146
130
143
141
142
140
122
121
127
118
136
125
128
123
101
118
101
132
117
116
109
116
95
106
95
110
113
116
117
107
112
103
100
94
103
94
91
100
98
90
86
84
109
101
98
86
76
87
82
82
88
92
82
92
100
84
90
85
81
83
78
75
55
70
65
65
76
63
69
71
78
62
56
68
60
78
77
70
78
59
68
64
62
60
79
64
64
63
70
62
66
72
49
56
47
48
58
101
69
49
57
54
45
43
43
48
37
49
46
51
53
37
46
34
40
36
46
39
39
42
41
43
38
33
43
37
58
33
35
45
32
31
34
33
31
40
32
37
33
24
34
22
44
33
42
28
23
39
29
33
32
59
31
24
22
34
37
25
28
28
32
31
30
16
27
31
28
30
25
30
18
26
21
23
20
21
25
21
16
22
24
26
23
26
16
23
22
33
21
31
18
22
40
25
21
22
13
25
22
20
16
25
30
21
30
54
27
18
26
15
18
21
20
22
19
13
18
18
17
17
15
21
24
16
15
20
20
14
16
23
20
13
20
14
20
19
18
18
18
16
14
20
10
25
11
17
15
15
8
14
14
15
13
17
17
16
20
14
14
19
15
14
16
23
15
14
16
14
18
16
12
15
15
17
12
13
13
13
13
9
18
10
13
14
14
12
8
13
10
17
12
15
16
22
9
10
16
5
14
7
12
9
15
13
11
10
12
16
6
9
12
16
14
16
17
12
11
9
10
5
11
12
13
13
9
11
7
11
11
10
17
12
11
16
12
9
7
9
4
7
14
6
8
14
8
10
14
20
14
16
17
9
4
9
12
8
15
26
24
14
8
6
13
12
10
10
18
6
7
9
4
12
11
7
6
7
11
5
10
11
7
12
9
11
12
5
8
8
7
6
11
9
12
9
7
9
11
3
9
11
5
6
15
6
9
5
6
7
8
8
13
5
3
9
5
4
11
5
12
8
9
9
3
8
10
11
19
17
7
7
8
10
4
4
10
7
4
9
5
8
6
5
8
16
8
8
10
8
8
7
34
25
15
9
7
11
8
9
9
9
9
6
7
4
8
3
7
6
5
6
7
6
3
3
3
9
8
12
11
7
3
9
9
9
9
2
5
3
11
2
9
9
7
9
6
3
5
4
5
12
16
17
10
4
6
8
7
7
9
6
3
5
10
2
4
4
9
5
3
6
6
9
4
5
2
7
7
11
4
3
5
10
9
3
4
3
4
6
11
3
6
9
4
2
6
1
4
9
5
1
7
3
6
6
11
7
6
4
10
6
7
7
9
6
12
4
7
4
8
12
1
7
1
5
10
1
8
6
10
3
4
2
7
8
7
4
6
7
3
7
7
5
7
4
4
3
3
7
9
9
3
5
5
10
6
10
5
4
5
8
4
6
2
4
3
4
5
7
4
8
5
4
6
2
9
3
13
2
9
4
7
5
10
2
5
6
5
1
6
3
6
4
5
3
5
5
4
3
4
5
3
1
4
4
2
3
6
3
1
4
2
4
3
7
4
6
8
5
5
7
8
2
5
0
4
5
3
3
6
1
2
3
6
5
3
1
4
5
4
5
4
5
3
5
5
3
5
8
4
7
4
3
3
6
5
5
6
5
1
5
7
1
3
1
6
6
4
4
4
5
1
3
2
7
3
2
2
4
5
4
3
4
3
6
3
6
5
2
3
13
6
11
4
5
5
7
1
6
7
5
2
3
4
5
7
4
5
6
2
3
5
4
4
5
5
2
4
1
7
1
8
2
6
3
5
7
4
2
3
4
8
5
3
1
2
7
3
8
4
7
3
2
4
6
7
6
6
2
4
3
6
5
3
4
2
4
4
3
3
1
5
3
3
2
2
2
4
4
4
3
1
3
9
4
4
5
3
3
6
3
4
2
4
4
2
6
3
2
1
5
3
3
3
4
3
7
2
6
4
5
4
6
1
3
3
6
6
4
4
4
5
1
3
1
5
3
1
3
6
2
2
4
3
2
4
1
4
3
2
3
1
1908
