radiacao de fundo
0
0
0
0
0
0
0
0
0
0
0
1
3
1
36
287
156
104
100
101
122
100
103
100
93
85
104
103
102
108
92
84
93
83
61
59
72
73
68
76
71
84
58
79
80
58
52
76
80
74
65
78
73
79
81
80
94
96
89
90
99
95
104
92
104
106
123
101
114
123
112
131
126
135
124
115
134
129
151
139
161
119
126
151
152
147
158
165
164
157
141
161
170
157
172
182
166
175
168
162
185
174
176
184
175
167
161
183
166
165
179
196
167
169
178
174
153
157
188
161
160
184
140
165
153
153
174
172
164
164
152
159
169
128
142
153
144
157
136
148
169
136
135
113
136
169
136
144
126
121
139
120
120
124
121
141
125
124
124
126
138
133
97
112
114
123
112
114
103
123
92
99
107
101
90
98
102
87
90
109
73
102
104
81
104
91
91
86
122
97
98
88
88
77
99
69
72
73
63
74
84
68
67
70
72
67
64
75
85
70
68
69
61
75
62
66
65
77
48
58
62
65
55
67
54
59
60
55
75
54
46
58
63
59
55
54
54
49
55
81
73
38
52
60
45
54
41
42
51
45
43
37
51
42
48
42
35
33
38
48
46
41
51
37
39
34
43
39
40
38
50
36
31
28
52
37
44
49
43
39
27
53
41
33
27
27
36
43
47
26
36
37
28
50
41
31
28
26
32
34
24
30
39
29
29
32
30
29
22
23
25
22
31
20
33
25
34
30
32
25
25
24
25
22
24
23
24
23
24
21
30
23
33
24
28
21
33
24
8
21
28
10
20
18
26
22
28
48
51
19
24
17
30
21
16
14
13
19
23
15
12
15
24
16
13
16
21
19
19
23
15
21
15
20
18
23
22
20
18
14
23
14
11
12
25
17
12
13
19
16
15
18
24
16
10
14
18
15
14
15
18
10
14
15
13
18
24
19
10
13
22
12
12
9
21
13
17
18
13
17
15
11
14
20
9
9
16
16
15
18
16
9
17
13
11
17
15
11
11
12
16
22
12
13
16
8
14
13
13
8
13
11
11
17
17
9
12
15
10
10
12
11
4
10
15
9
15
10
12
13
12
13
9
6
9
14
13
11
9
14
11
10
12
10
6
11
13
12
11
9
10
11
5
15
13
15
16
13
18
29
25
15
11
11
4
8
11
11
9
8
15
12
9
6
11
6
7
10
8
10
15
16
11
10
8
8
11
8
7
9
14
6
11
6
6
6
7
3
10
12
6
7
7
12
8
14
7
10
4
12
10
10
10
16
4
5
6
3
10
7
9
8
7
4
10
6
10
9
15
18
8
6
9
5
9
7
9
8
8
8
7
7
6
3
6
12
5
10
8
9
9
12
21
35
18
18
8
7
4
11
4
4
6
13
1
14
6
6
5
4
6
9
9
7
6
7
7
6
13
3
6
8
6
11
3
7
5
6
13
5
9
6
3
6
9
4
4
8
5
8
15
9
8
15
13
8
5
7
3
5
11
4
8
7
3
7
4
5
5
5
7
10
2
5
7
7
10
9
1
4
7
5
4
5
9
7
3
10
4
7
5
7
5
9
3
3
4
5
4
5
4
8
4
3
2
3
7
7
6
9
7
4
4
5
7
3
12
3
6
14
11
4
6
3
4
9
5
4
6
8
7
7
3
10
3
4
2
4
1
4
8
8
4
4
3
6
3
2
1
7
5
4
4
9
4
10
2
3
3
4
3
8
4
6
4
5
2
5
1
2
2
5
6
2
3
5
4
3
1
6
6
15
6
5
4
6
6
7
3
9
5
5
5
6
10
6
6
6
6
4
9
3
3
2
8
5
5
1
5
6
4
4
7
10
7
2
0
2
6
3
5
4
3
3
4
1
3
2
7
5
1
1
6
3
6
4
4
11
6
2
6
4
5
3
4
7
3
2
1
3
4
2
10
6
2
1
7
9
3
4
3
3
4
6
2
2
3
4
6
7
6
5
1
2
3
2
2
3
1
6
1
5
4
3
2
2
2
6
4
8
6
13
19
5
8
5
2
5
2
7
5
3
4
3
4
0
2
2
6
2
5
4
3
4
2
3
2
5
6
2
2
5
5
3
3
4
6
5
2
3
5
7
6
4
5
8
4
3
3
2
3
5
7
1
6
2
10
4
8
6
6
1
10
2
3
9
8
6
3
1
3
3
5
2
8
2
3
2
5
4
3
5
4
3
4
7
2
4
2
2
3
2
3
2
0
3
2
5
6
4
0
5
2
1
4
2
1
2
3
2
5
0
1
8
3
6
2
3
2
4
3
2
5
4
4
4
4
4
3
1
4
4
4
8
2
2
3
2
4
6
4
1
4
1921
