radiacao de fundo
0
0
0
0
0
0
0
0
0
0
0
0
1
0
58
377
189
114
119
104
114
113
118
108
110
91
88
93
97
87
113
83
99
81
71
72
87
70
104
74
79
84
84
101
86
78
81
83
82
74
88
77
77
88
78
85
94
111
92
95
91
113
105
108
110
110
108
113
113
134
108
120
135
155
131
130
149
130
136
141
165
147
166
159
171
168
164
135
146
171
175
141
180
187
163
184
162
178
161
172
175
173
188
212
178
198
178
161
155
174
184
187
196
179
178
188
180
196
202
190
176
167
186
168
175
170
175
162
175
167
163
146
171
156
156
166
153
154
156
141
149
156
171
120
160
154
145
142
125
156
148
130
135
153
135
136
127
146
115
122
116
106
116
127
122
123
134
128
141
117
105
110
116
98
111
104
117
112
119
107
107
107
100
90
92
91
92
101
84
109
89
87
90
75
88
83
70
85
70
79
95
92
88
83
79
68
84
70
74
83
78
79
76
81
79
68
62
70
61
77
67
55
66
71
67
58
64
64
69
54
45
54
61
72
55
55
65
55
48
92
97
60
65
59
60
70
38
42
50
53
45
46
34
49
60
32
47
48
32
45
39
45
36
44
34
31
39
39
37
45
52
38
38
60
47
36
41
26
49
31
42
35
35
45
32
31
32
37
28
26
31
27
37
56
56
34
35
36
36
19
36
37
28
23
28
29
19
30
28
36
35
22
23
29
29
27
20
40
26
33
23
21
30
26
38
18
18
25
32
30
24
26
21
22
26
29
20
27
28
29
23
21
22
27
23
17
30
47
61
26
25
19
17
19
17
30
17
15
24
19
9
17
26
19
18
21
13
17
16
18
21
19
18
13
17
17
26
16
23
13
25
21
23
15
18
18
13
11
18
17
16
15
5
18
20
13
17
12
14
13
12
12
22
19
25
14
20
15
19
19
19
15
14
21
14
16
17
13
16
18
17
13
18
14
21
19
17
5
16
14
17
15
11
16
14
12
8
7
20
12
12
20
9
13
13
11
13
24
11
16
17
9
13
17
15
14
11
17
17
14
18
5
11
17
16
13
11
11
15
11
8
16
13
14
18
9
10
9
19
10
7
14
15
8
16
6
9
12
12
10
10
6
13
13
15
10
11
13
10
17
17
16
15
13
6
8
24
8
8
15
4
15
6
13
14
6
8
10
10
9
8
14
12
8
9
7
9
13
11
13
8
10
8
8
8
8
9
8
14
10
9
11
5
11
9
7
5
14
9
3
9
10
7
9
7
10
11
8
14
9
10
7
10
5
7
10
7
10
17
23
16
6
5
7
3
13
9
8
4
2
12
6
3
6
6
5
10
5
7
8
12
6
16
30
34
16
8
5
5
5
7
9
5
10
9
6
10
6
5
4
6
7
9
9
3
10
8
4
9
6
9
4
5
5
6
6
6
9
7
7
14
4
12
4
10
5
6
13
4
10
5
10
10
21
17
18
6
14
10
8
9
3
7
7
12
8
5
8
6
7
2
6
7
4
8
8
5
6
7
5
8
11
5
5
5
7
4
4
5
6
12
5
6
7
3
4
7
5
10
6
4
7
4
5
8
9
6
5
6
12
3
2
11
4
7
8
3
8
4
13
2
4
6
4
5
6
5
5
5
6
6
4
5
6
6
5
4
3
4
7
8
6
5
4
2
3
3
2
8
5
4
3
6
6
6
9
7
5
4
5
9
3
4
7
8
7
4
6
6
5
5
6
4
5
5
11
1
6
7
6
5
6
8
4
5
4
1
8
9
4
5
6
3
9
7
1
11
3
5
3
1
7
9
4
3
4
4
6
7
4
3
2
3
7
5
4
5
6
4
6
4
4
5
7
4
4
2
5
3
5
9
3
2
6
4
1
4
6
4
2
2
4
5
10
9
4
5
3
2
5
4
5
4
2
2
6
3
6
4
4
4
3
3
3
5
2
3
5
6
7
0
3
3
5
3
4
5
2
3
3
2
1
6
8
5
4
4
8
7
3
7
3
5
11
10
4
6
5
5
1
6
3
5
4
6
2
6
4
10
7
1
0
4
6
4
3
8
3
3
5
3
9
3
2
4
2
2
7
6
2
2
6
5
1
4
3
5
9
7
3
3
9
3
9
5
7
8
9
11
4
2
5
5
6
3
7
1
1
3
6
6
2
0
4
3
8
3
4
2
2
2
5
3
2
4
6
3
6
2
5
4
0
5
2
2
3
6
3
6
6
3
7
1
4
1
5
5
4
0
2
5
1
5
5
3
5
6
6
4
2
3
4
5
6
3
5
3
4
3
6
6
3
3
6
4
9
6
5
4
3
4
5
1
2117
