radiacao de fundo
0
0
0
0
0
0
0
0
0
0
1
0
2
0
36
262
132
107
84
108
134
96
101
104
74
108
104
106
106
87
105
84
85
97
81
61
76
64
90
73
81
74
92
79
67
67
81
72
64
75
71
80
69
69
88
79
74
81
81
110
87
92
131
98
105
122
107
104
102
123
114
118
130
116
124
133
145
113
134
116
158
135
131
139
145
131
166
160
158
137
164
171
148
160
168
164
173
178
162
159
184
155
173
176
183
159
160
154
156
182
155
156
167
171
147
164
150
146
182
170
163
162
148
160
160
179
161
133
170
153
162
164
153
152
147
161
144
138
143
139
163
142
143
114
151
134
136
112
124
124
146
130
111
118
101
122
125
109
110
135
124
137
104
113
113
112
109
96
94
81
96
93
93
99
80
102
100
98
80
105
97
73
90
105
84
92
85
99
77
92
91
96
71
69
72
95
73
91
80
74
81
76
67
67
86
71
78
63
79
67
61
58
72
56
88
57
52
67
51
66
56
62
77
61
67
64
59
55
53
51
55
59
50
60
46
52
61
61
67
94
59
54
63
55
50
42
51
40
43
57
53
38
52
38
36
39
35
36
45
38
37
38
44
36
40
31
47
42
29
39
40
31
45
42
25
36
37
22
29
34
34
31
33
31
31
30
31
29
36
30
35
32
34
47
43
25
23
28
36
32
38
16
31
32
29
28
27
31
25
21
31
21
33
17
35
29
19
21
24
19
23
17
29
25
22
32
22
29
22
24
29
21
30
19
35
23
20
23
20
18
21
21
27
14
17
32
27
58
31
31
15
18
17
21
18
20
15
18
14
23
17
22
18
7
18
11
17
12
20
21
23
23
14
21
16
16
19
16
17
14
20
20
19
16
16
16
17
17
12
17
20
12
17
11
14
16
7
9
23
14
14
16
19
10
12
8
14
19
17
20
14
16
13
17
13
16
13
11
13
19
11
15
16
9
16
21
13
16
12
8
10
15
10
15
12
16
19
12
18
11
7
14
13
11
8
11
16
10
15
12
9
7
15
15
19
7
18
6
8
14
21
12
7
12
8
11
16
10
13
17
16
9
13
8
13
8
10
12
16
14
13
10
4
16
9
10
14
13
11
8
10
7
6
13
4
10
13
10
20
26
17
15
14
11
12
6
14
12
14
7
6
8
9
5
11
3
9
10
11
13
13
10
12
9
8
6
7
10
12
9
11
10
7
4
12
10
8
14
7
8
7
9
11
11
7
12
8
7
9
7
3
5
9
10
7
9
8
7
4
5
4
7
7
10
7
6
6
12
24
13
7
6
6
9
8
6
10
11
7
10
15
8
7
7
4
5
7
8
9
7
8
11
17
30
14
6
7
4
10
6
6
9
8
3
7
7
5
11
4
6
8
6
14
5
4
6
5
10
5
3
5
4
5
8
10
2
3
10
6
5
4
8
4
9
12
3
6
7
12
5
8
9
16
34
15
10
7
8
4
3
4
4
4
4
6
6
6
7
4
5
4
5
1
5
9
5
2
7
13
6
6
6
7
9
9
8
9
8
5
5
3
6
9
7
7
5
2
7
4
2
7
3
5
7
7
1
2
1
9
4
5
3
3
3
3
3
15
6
5
8
7
3
1
3
6
5
4
6
4
6
2
6
5
11
4
6
5
6
4
8
6
3
9
4
3
4
6
3
10
8
5
9
3
4
10
12
9
4
4
6
6
8
5
8
3
2
3
5
9
3
5
3
6
2
5
6
9
3
7
6
4
2
2
3
7
4
7
2
7
6
4
7
7
4
4
4
6
2
4
4
2
12
6
8
8
4
2
5
3
5
4
9
5
4
4
3
2
1
7
7
6
4
5
2
6
5
1
7
8
2
2
1
0
3
8
3
4
6
3
2
3
1
5
7
4
7
5
3
3
3
7
6
4
6
3
4
4
5
4
3
3
1
6
9
4
4
2
5
10
3
4
3
2
3
0
5
4
3
6
10
4
6
2
4
2
2
2
2
4
7
9
15
8
3
4
5
4
3
2
4
7
2
8
4
5
3
5
5
4
4
3
1
3
7
5
4
3
2
2
3
2
2
4
4
1
2
4
3
4
4
4
5
4
5
4
3
3
6
2
6
6
3
5
2
2
1
8
5
9
9
2
3
6
7
3
6
2
6
2
3
4
1
3
6
3
3
3
2
2
2
6
4
6
1
2
5
8
2
5
5
4
4
4
4
1
5
2
2
4
5
1
2
3
6
2
5
2
6
3
6
4
5
3
0
3
3
2
4
4
2
5
4
6
1
1
3
3
2
7
3
3
3
4
3
4
4
1
5
3
2
2
0
3
1928
