radiacao de fundo
0
0
0
0
0
0
0
0
0
0
0
0
1
1
15
219
116
88
112
134
141
159
119
105
100
86
108
95
111
110
120
104
109
89
99
87
73
76
68
83
65
76
96
82
73
70
85
65
61
73
78
62
78
74
94
76
77
73
102
74
89
87
105
99
115
116
103
98
119
113
128
118
127
112
157
113
118
132
134
150
132
147
164
146
152
153
155
156
166
148
153
171
180
135
156
170
166
182
179
186
150
179
159
171
164
166
154
161
177
179
177
180
176
146
168
139
157
141
140
137
171
172
155
147
146
152
161
170
169
141
164
159
136
141
135
152
130
120
143
145
140
136
142
115
127
143
128
141
130
135
141
121
142
125
121
121
136
119
117
124
114
113
119
130
109
115
102
134
101
110
98
101
121
95
106
112
94
102
102
82
88
97
98
104
94
85
84
98
89
97
83
82
88
84
85
78
61
67
83
68
76
77
68
79
75
69
76
77
73
72
70
71
91
71
68
59
65
62
72
82
57
54
63
56
63
57
53
51
74
58
65
57
44
53
55
53
61
53
60
96
70
50
49
57
37
58
42
30
43
32
53
49
45
26
52
38
39
53
41
30
38
38
35
38
34
41
39
36
39
47
39
33
31
43
36
40
34
46
39
22
36
28
36
38
42
21
40
26
38
30
30
26
24
42
46
35
26
33
41
30
26
23
22
34
31
21
27
25
35
25
28
34
21
29
29
28
29
36
26
24
21
28
22
25
25
18
17
18
19
19
22
18
14
22
29
32
21
31
28
21
25
18
23
24
29
28
29
47
45
27
17
22
17
19
25
10
10
17
16
24
21
21
18
14
24
14
13
14
18
17
19
14
15
22
17
27
11
12
19
16
15
16
17
19
18
16
15
15
19
19
19
19
14
15
20
12
12
16
16
23
13
15
14
23
11
17
16
16
11
10
19
10
13
12
7
12
7
14
16
13
14
13
18
11
12
17
14
6
9
13
15
13
12
12
7
9
18
9
8
16
14
10
13
10
10
9
17
8
13
9
12
20
3
6
13
17
9
14
16
12
10
7
7
9
10
19
15
16
10
11
15
8
7
7
6
14
8
17
14
10
11
15
10
13
10
5
5
10
12
12
9
8
9
9
8
8
13
19
15
28
16
10
14
11
14
8
10
5
6
15
10
8
6
6
14
7
13
12
7
7
8
8
7
12
14
12
5
7
8
7
8
11
8
11
9
10
8
6
12
9
8
6
6
11
5
8
4
8
6
9
4
6
6
4
10
5
4
7
11
10
10
6
9
4
5
6
12
7
16
23
11
10
8
5
9
6
7
5
3
4
10
6
4
10
7
7
7
3
4
7
8
9
14
23
33
14
10
8
10
7
8
4
8
7
7
6
5
10
12
5
7
6
7
4
6
5
7
7
6
6
3
5
5
9
5
7
8
6
9
8
6
6
3
5
3
8
6
1
3
7
10
11
8
26
16
8
5
5
8
5
10
5
5
9
6
5
6
8
3
8
6
4
8
7
3
4
8
5
10
6
7
8
1
5
2
6
5
5
5
6
5
8
9
4
5
3
12
3
5
11
4
3
2
6
6
3
7
7
2
4
4
6
2
2
7
3
5
4
4
6
4
5
1
6
6
5
3
7
7
6
0
8
5
2
5
5
9
5
3
4
2
5
1
6
10
4
4
4
5
6
4
4
8
3
4
7
9
6
3
4
9
6
3
4
5
6
9
5
4
7
4
4
8
6
6
8
4
7
3
3
4
3
5
1
7
1
2
7
5
4
7
4
5
6
2
3
4
4
3
1
1
4
3
3
4
4
5
5
3
0
4
4
4
5
3
0
7
1
5
4
2
4
2
2
0
5
9
1
2
3
4
1
6
7
5
4
4
5
4
8
3
4
3
4
7
5
7
7
5
2
4
3
5
4
4
2
6
6
4
3
4
5
3
5
2
6
9
4
4
6
3
4
5
1
2
5
5
7
3
3
6
6
2
3
2
6
3
7
6
6
3
4
7
14
7
7
1
4
5
3
6
2
0
4
1
6
3
3
3
1
4
9
5
1
8
5
3
2
4
5
4
5
4
4
4
4
6
4
2
3
10
5
7
2
3
4
3
8
7
3
6
5
5
6
5
5
3
4
11
6
7
5
2
3
6
2
4
2
3
2
3
1
3
6
2
0
6
0
4
7
2
3
1
3
3
4
6
1
4
3
3
4
2
4
3
2
2
1
3
5
2
2
2
8
5
4
4
4
7
3
6
3
3
3
7
5
4
2
2
4
1
4
2
10
2
4
4
2
0
5
3
3
2
0
6
2
2
2
3
5
2
4
3
1925
