radiacao de fundo
0
0
0
0
0
0
0
0
0
0
0
0
2
0
23
246
141
110
117
140
143
126
112
80
80
98
95
86
105
116
118
134
112
85
91
98
68
58
83
60
85
79
81
89
57
71
63
81
73
75
87
72
78
77
77
78
78
78
77
103
80
97
78
95
107
112
123
112
134
123
127
135
118
125
128
132
135
114
145
149
129
134
173
148
145
153
163
180
163
166
141
138
144
154
184
159
153
144
188
133
185
133
179
160
167
160
161
182
157
176
148
173
157
156
168
162
191
167
141
184
165
163
133
151
155
152
140
146
172
146
146
156
143
143
162
133
147
132
141
145
164
142
132
130
149
130
126
130
123
128
125
143
132
136
93
127
110
117
114
118
105
101
97
107
105
116
130
116
100
119
105
106
99
91
123
85
110
94
88
106
79
87
89
82
82
90
92
87
110
96
113
88
98
83
70
66
73
71
83
64
58
82
68
76
91
59
71
58
51
77
59
81
74
62
62
71
55
69
50
67
55
61
63
60
63
69
55
62
65
68
52
60
50
53
49
66
47
46
54
100
47
41
52
51
45
40
43
46
36
43
33
33
40
45
48
38
36
43
45
38
38
32
39
46
34
42
43
41
29
34
36
37
41
39
37
33
39
29
31
29
33
26
40
40
29
34
30
33
32
37
30
26
27
49
34
25
26
32
28
20
29
21
27
23
20
23
31
31
25
21
24
24
32
23
30
15
21
25
31
27
23
22
23
25
27
33
25
23
27
25
21
34
27
13
24
26
19
22
19
24
22
23
21
19
29
16
27
59
18
26
20
19
24
17
17
23
15
27
23
20
20
19
18
21
18
12
13
16
16
18
19
25
13
11
10
19
18
18
14
20
14
24
22
16
20
17
13
21
14
13
12
14
22
13
25
10
12
19
17
16
18
22
17
17
9
13
15
12
18
18
21
13
19
15
15
14
12
12
10
14
13
15
14
11
15
15
11
12
20
10
21
16
17
10
12
19
11
7
9
8
9
13
11
14
15
18
12
7
11
8
11
10
12
15
13
7
17
16
11
9
13
10
6
4
15
11
10
7
16
9
16
11
12
5
17
9
9
15
8
10
11
8
15
10
14
14
13
4
10
10
12
12
7
10
10
10
8
11
23
21
17
10
7
12
6
11
9
4
16
10
10
9
10
7
10
14
10
10
4
9
6
6
7
10
10
3
8
8
18
11
4
10
12
13
10
4
10
4
7
7
9
12
8
4
7
13
7
4
6
9
13
11
3
7
6
2
13
7
3
10
6
7
6
7
9
5
4
18
16
9
13
8
9
12
6
6
5
14
5
3
12
8
10
5
11
6
5
10
4
9
11
15
23
36
20
7
9
4
8
4
11
9
11
6
9
3
7
7
9
9
6
7
6
10
8
5
6
5
10
8
5
3
3
3
3
2
4
7
9
4
7
5
5
5
3
4
4
8
10
6
7
8
17
19
17
2
4
6
4
9
7
6
7
5
3
6
4
8
9
7
4
6
8
3
5
2
6
6
3
5
4
6
3
4
6
5
4
7
8
8
3
2
5
4
5
12
4
8
2
4
5
4
4
3
4
10
2
5
5
4
8
2
2
3
8
11
10
2
10
7
8
3
9
5
6
3
1
1
3
3
5
6
5
4
4
2
5
4
6
5
3
4
5
7
7
6
9
7
6
7
4
4
3
6
7
13
8
6
8
1
4
7
7
5
6
3
7
6
3
2
3
9
4
5
5
6
4
6
2
5
8
6
6
3
6
4
1
7
7
5
3
4
5
7
6
5
6
2
4
5
3
4
8
5
4
3
6
3
2
1
3
8
5
7
5
6
4
5
2
2
5
7
4
7
6
8
6
1
3
4
6
5
5
9
8
4
4
6
5
2
5
3
3
3
7
10
2
4
1
6
8
3
1
3
6
6
3
5
5
4
5
3
2
9
8
7
3
2
1
7
4
4
2
6
6
5
3
5
1
5
3
4
6
1
5
4
8
3
3
3
4
19
5
4
13
1
3
2
3
2
2
3
5
3
4
5
5
1
3
1
5
4
5
8
3
8
2
2
5
2
4
2
2
5
5
3
7
3
7
4
2
6
2
5
4
3
1
2
4
3
7
6
4
6
7
6
11
8
6
5
6
2
0
5
4
2
6
3
1
0
6
2
6
3
3
4
3
3
7
4
2
6
6
7
6
5
4
3
4
6
4
4
7
6
4
2
3
2
1
6
2
4
3
5
7
5
7
5
3
6
3
3
1
0
7
6
1
2
5
3
2
1
7
3
2
6
5
4
1
4
2
6
2
4
2
5
3
1
5
3
8
4
4
1815
