radiacao de fundo
0
0
0
0
0
0
0
0
0
0
0
0
0
0
23
211
105
89
103
106
137
125
112
104
106
79
99
83
92
96
102
90
82
78
68
77
81
86
84
82
75
85
73
91
67
73
72
60
82
81
70
74
92
79
78
73
85
80
104
93
102
76
105
94
89
102
117
104
104
130
116
103
121
128
109
113
129
126
135
120
146
151
141
184
141
135
163
166
141
137
154
135
144
179
194
204
173
168
181
172
149
171
168
183
165
165
179
160
165
157
167
177
170
168
164
160
165
169
157
155
151
145
158
167
156
168
174
189
152
164
162
155
176
160
140
148
163
147
110
149
152
149
147
155
142
115
129
155
119
142
140
166
139
129
126
123
130
115
127
139
100
129
110
110
94
124
132
108
114
105
104
109
84
95
98
100
120
107
104
96
75
114
97
99
98
91
83
95
93
112
80
84
68
85
70
75
74
65
68
76
80
76
80
53
71
70
75
74
77
81
74
96
64
71
77
73
48
69
74
62
40
75
76
67
37
61
56
64
81
67
51
52
59
43
65
55
51
48
61
88
72
49
51
66
51
52
41
48
55
62
46
38
35
40
47
49
36
47
45
43
38
35
35
41
36
35
39
29
43
32
47
26
41
39
32
24
29
35
29
34
34
35
40
32
36
24
32
33
42
42
37
38
30
37
37
23
32
30
34
35
33
25
29
33
17
28
26
29
24
29
28
32
24
23
32
15
23
20
22
26
21
23
28
20
19
23
20
20
18
20
28
26
28
10
29
24
25
24
17
21
21
25
17
24
21
21
31
44
50
25
27
20
17
14
23
21
20
19
20
24
17
11
25
15
16
20
19
14
21
21
15
19
16
18
18
18
14
25
17
21
14
16
18
13
20
11
15
8
14
17
17
17
14
12
11
11
17
17
24
24
20
14
18
19
9
13
15
14
15
12
18
17
16
20
11
13
10
16
16
11
7
18
14
20
11
11
21
10
16
22
16
16
10
20
10
20
9
10
16
10
13
10
9
17
13
14
6
9
7
14
8
7
18
8
9
18
14
8
7
15
13
18
12
8
12
15
12
7
12
10
11
7
10
11
17
14
13
8
7
11
5
10
10
8
11
7
20
12
10
13
8
9
14
10
9
6
5
16
14
22
23
13
13
7
6
3
4
4
12
10
5
10
9
4
9
14
10
8
11
12
12
5
11
11
13
12
8
5
7
10
8
8
5
10
10
11
12
7
6
6
16
10
7
9
9
3
9
5
9
10
8
7
9
10
11
7
8
6
9
9
7
9
10
4
8
4
7
12
19
19
8
3
11
5
7
8
9
8
10
5
4
8
5
3
6
6
9
5
14
7
7
4
12
33
26
10
11
4
7
8
6
6
7
3
5
6
1
5
7
8
2
4
5
8
9
4
11
5
4
10
7
8
7
5
6
3
10
6
6
11
5
5
7
6
5
3
8
5
6
9
3
6
4
17
17
10
4
4
14
4
5
6
3
7
7
5
6
5
3
3
6
8
3
3
4
4
3
9
1
8
3
2
2
4
9
4
5
4
6
7
1
10
7
8
5
3
7
5
7
7
6
8
5
6
6
7
6
3
3
7
7
2
5
6
3
6
11
8
6
6
4
4
8
11
5
5
6
4
5
10
8
7
5
5
7
3
7
5
3
9
8
7
5
4
5
8
7
6
7
3
4
6
6
4
6
6
5
6
6
6
1
3
7
3
7
7
4
4
8
3
4
7
11
6
4
3
1
4
3
8
4
2
2
6
5
2
3
4
11
6
4
4
6
6
7
3
9
3
7
5
5
1
5
7
7
4
5
1
6
3
6
4
2
4
6
3
9
3
3
1
7
3
2
8
5
3
1
2
10
4
3
1
2
3
4
4
5
5
5
4
4
1
4
6
2
4
4
2
3
2
6
3
2
4
7
6
6
9
5
3
6
5
5
1
5
4
2
6
4
3
5
2
2
2
5
4
2
1
8
4
7
4
3
7
4
3
9
10
7
4
5
7
16
9
4
6
5
4
4
8
6
2
3
3
7
5
5
2
7
5
3
3
0
2
8
7
7
4
4
8
6
6
8
2
2
5
2
3
5
3
6
7
3
1
1
2
3
7
4
8
6
5
7
7
2
8
5
11
11
6
3
2
2
1
4
7
5
2
3
5
2
5
4
4
5
3
3
5
4
4
2
3
6
2
4
4
5
2
3
5
3
3
3
3
5
3
0
7
2
4
2
7
2
5
4
3
4
2
2
3
6
2
3
5
2
4
6
2
6
4
4
8
2
5
4
2
1
3
8
7
3
1
1
3
2
2
9
1
4
5
4
5
3
1926
