radiacao de fundo
0
0
0
0
0
0
0
0
0
0
0
0
5
1
15
200
149
85
124
141
132
146
121
84
90
82
81
94
124
104
88
87
97
87
74
60
83
96
81
72
71
58
89
68
75
77
60
76
70
81
68
54
77
79
77
86
74
99
80
104
89
111
115
112
116
130
89
93
127
98
121
120
116
139
143
121
127
142
146
133
146
150
156
143
154
163
168
142
178
161
151
165
165
144
174
164
189
173
165
177
152
159
144
179
162
166
182
168
154
149
172
180
157
141
163
164
164
151
149
180
147
162
179
166
173
148
141
163
189
173
141
155
166
179
150
160
145
160
150
135
139
148
170
119
142
123
125
121
131
141
113
128
128
122
122
123
114
114
119
122
105
123
130
106
90
111
98
109
130
99
95
89
125
110
99
99
84
101
96
101
96
99
118
102
95
89
81
91
100
108
90
93
69
80
84
94
85
72
81
76
71
62
82
80
69
69
67
81
67
59
52
71
80
89
65
70
64
57
80
84
58
61
64
51
53
64
59
52
56
57
55
42
56
56
51
50
60
49
57
96
79
51
47
58
40
51
49
58
45
44
36
42
61
40
39
31
43
32
43
37
39
40
35
42
38
41
37
39
38
44
42
28
38
46
43
33
43
30
32
34
29
37
33
41
28
26
40
24
37
37
31
33
27
47
40
33
27
26
27
27
26
29
22
23
22
19
41
18
33
29
37
24
28
26
22
30
23
35
27
16
26
34
18
23
25
26
21
19
25
24
28
22
25
36
31
29
27
24
22
23
23
14
26
24
28
19
32
44
52
20
20
20
21
23
21
23
17
21
24
21
25
10
17
15
16
14
21
14
25
19
13
28
16
6
16
17
23
11
22
15
19
17
18
15
24
19
12
14
20
16
8
19
17
11
18
9
16
13
19
20
15
17
18
17
11
24
18
14
16
19
13
19
14
19
19
15
12
13
16
9
9
13
18
11
10
13
9
14
11
6
20
16
5
14
21
13
15
16
10
13
14
13
14
13
8
16
7
15
11
4
14
19
10
11
12
14
9
11
12
15
9
12
5
9
18
5
14
15
9
11
15
14
12
9
10
11
15
11
14
12
8
11
11
11
4
9
13
6
7
4
7
13
15
6
6
12
8
20
14
22
20
11
13
14
8
15
8
10
8
9
10
4
10
8
7
6
9
4
6
4
11
8
12
9
7
17
7
10
4
16
11
8
11
7
12
11
7
11
8
10
7
9
11
10
11
6
6
12
9
9
8
11
7
6
9
8
11
8
9
9
5
6
2
7
9
14
5
15
19
18
6
7
11
4
8
13
17
12
10
9
13
11
3
9
6
10
10
12
8
8
9
3
20
25
39
11
7
6
7
10
3
8
8
5
6
7
13
4
6
5
8
5
5
3
8
4
11
4
8
5
11
8
1
9
6
7
6
12
6
9
12
3
9
8
6
7
5
9
3
10
10
7
8
25
27
7
5
9
6
1
7
9
7
5
4
8
3
4
10
7
5
7
11
4
4
5
5
5
8
3
6
9
5
9
3
8
2
5
2
6
9
6
5
11
4
8
8
4
7
6
3
8
3
8
9
3
4
6
9
7
4
5
7
12
4
5
13
8
11
6
5
5
5
8
6
7
3
9
7
4
7
2
4
4
3
3
4
2
4
4
7
5
9
3
10
9
4
8
0
2
4
4
3
4
7
6
7
5
3
8
4
4
6
4
5
4
3
1
7
4
1
5
4
3
6
2
4
5
4
4
5
7
4
6
7
7
7
5
5
5
4
2
9
4
5
6
5
2
6
6
3
3
2
8
5
3
6
2
7
3
7
5
5
9
3
5
5
4
8
3
8
7
4
4
8
7
5
5
2
4
10
6
4
7
6
2
4
7
4
5
6
5
4
1
4
3
8
2
3
4
0
2
6
3
2
3
5
9
5
2
3
4
2
2
3
5
4
5
7
4
2
4
3
2
3
6
4
5
6
9
0
3
5
8
5
1
3
4
5
7
4
3
17
10
4
10
3
3
1
10
4
1
4
7
3
2
5
0
6
6
4
3
1
9
6
9
5
3
5
4
3
4
5
3
2
7
0
3
3
4
5
5
2
1
3
8
4
8
4
5
4
7
7
2
6
7
4
13
5
3
5
4
0
2
4
5
3
1
4
3
2
4
1
3
2
5
1
1
2
1
1
4
5
6
5
3
0
2
5
3
3
5
2
4
1
1
1
4
3
3
4
2
1
3
2
2
1
2
4
2
0
5
1
3
4
4
8
3
4
5
3
4
5
3
5
2
2
4
3
2
1
4
3
1
5
6
6
4
2
0
3
1
1
1947
