radiacao de fundo
0
0
0
0
0
0
0
0
0
0
0
0
4
1
22
258
193
134
112
116
161
164
167
126
121
86
86
113
149
162
185
164
152
134
106
72
72
87
89
76
70
79
85
90
78
90
79
64
74
65
93
72
72
83
87
71
103
98
82
87
79
100
97
92
126
112
129
132
98
112
126
120
139
143
140
122
139
141
146
129
134
153
157
129
152
170
172
141
143
158
180
170
168
159
184
180
166
159
158
140
165
180
180
165
165
183
202
161
161
169
167
165
147
175
163
163
185
153
164
154
166
143
178
160
150
136
145
147
166
161
182
146
137
149
161
138
125
165
126
132
125
142
135
129
126
137
137
118
141
133
115
116
127
104
123
124
113
117
115
117
108
133
101
101
116
123
102
112
123
105
102
102
86
86
81
117
96
98
108
101
87
89
112
85
84
109
84
70
83
98
112
76
80
91
76
62
76
84
72
77
85
96
75
64
70
57
65
64
55
80
59
72
70
71
84
81
73
72
76
74
64
57
69
64
46
55
53
57
60
60
47
55
62
60
61
51
58
52
51
94
53
52
68
77
49
55
41
58
50
50
42
61
42
34
49
43
36
37
44
33
34
48
32
39
34
35
33
38
38
43
34
36
37
37
36
43
46
37
41
28
38
33
44
33
39
40
35
33
35
32
39
26
34
58
21
26
26
23
30
23
33
29
47
28
22
21
36
24
31
22
30
26
20
19
35
21
25
17
34
18
30
23
23
19
21
29
26
14
21
25
27
21
28
25
33
30
21
23
22
19
9
25
14
19
20
20
26
51
29
17
13
21
15
21
17
12
15
23
13
19
11
16
22
11
14
20
18
21
19
21
14
18
11
17
13
18
20
21
29
10
14
11
23
20
18
15
16
20
12
17
24
15
12
23
12
13
12
18
20
22
18
11
14
14
11
16
17
15
17
9
14
12
18
11
21
10
11
14
13
11
11
15
5
12
16
13
16
18
12
13
16
14
13
8
19
15
14
14
11
13
10
14
13
20
9
12
16
7
10
12
9
10
7
19
17
12
13
7
12
10
13
7
11
12
11
9
14
10
14
6
9
13
11
12
8
8
15
7
8
14
12
6
7
7
8
10
8
5
10
10
10
11
8
8
10
14
8
14
16
31
15
16
6
9
10
11
9
9
7
16
13
13
6
9
8
10
2
7
9
10
6
7
15
12
11
4
8
9
4
6
3
7
6
9
5
9
9
4
12
9
9
4
8
13
6
5
8
6
11
7
8
16
11
5
7
6
4
12
6
7
5
11
14
8
5
7
11
9
18
14
4
9
6
4
10
12
2
9
4
5
9
4
1
14
4
6
6
7
3
4
7
12
20
42
14
9
6
9
8
11
9
4
6
10
6
12
8
7
6
9
10
6
8
8
2
8
8
7
2
7
7
5
6
10
6
5
5
5
4
7
4
5
8
11
3
6
5
9
10
6
3
8
16
21
13
8
8
6
7
7
11
8
8
4
5
6
4
6
4
3
1
8
5
9
9
3
4
4
6
3
4
4
0
7
3
3
4
9
3
6
7
8
7
6
3
6
5
2
6
10
6
6
8
13
3
6
4
3
8
9
6
7
3
4
6
8
11
7
12
4
6
8
5
3
8
3
8
6
9
6
12
8
5
6
7
3
2
4
3
10
1
11
4
5
3
8
3
3
4
5
3
8
6
3
7
6
7
3
3
5
7
8
9
8
8
5
3
6
4
7
3
5
2
4
6
8
7
8
5
3
7
17
4
5
5
8
7
2
8
4
6
4
6
4
4
3
6
3
4
1
2
5
3
6
7
2
3
4
2
3
1
8
7
6
8
5
3
2
4
7
3
1
2
6
7
4
1
3
5
7
6
5
5
6
3
5
2
5
3
5
5
3
6
4
6
5
3
5
6
4
6
4
2
3
6
5
4
3
4
7
6
5
5
2
6
4
5
7
2
2
10
3
8
6
5
8
3
5
4
7
6
0
1
4
4
1
6
6
6
2
3
15
13
1
6
4
2
4
6
3
4
3
4
2
5
2
3
3
5
7
6
4
3
3
7
3
4
3
8
2
4
4
2
0
3
4
1
4
3
3
7
9
2
5
1
9
4
4
3
5
5
2
4
5
5
7
5
9
4
4
5
3
6
5
6
4
2
6
3
4
6
5
2
5
9
4
7
1
2
5
4
2
1
5
2
4
2
6
7
5
2
2
3
3
3
9
3
0
2
3
2
3
4
5
3
0
6
4
7
1
5
4
4
5
3
1
3
1
1
4
3
2
4
6
3
3
4
6
3
3
7
7
2
2
1
3
2
2
5
5
5
4
8
1835
