radiacao de fundo
0
0
0
0
0
0
0
0
0
0
0
1
0
1
34
251
224
141
162
163
147
138
129
101
63
101
91
120
153
125
103
95
89
91
91
102
82
83
94
89
104
87
84
102
88
88
104
79
106
76
108
95
99
90
103
103
115
133
111
97
106
125
130
121
121
141
126
152
139
149
137
143
145
152
142
163
161
136
164
148
160
185
185
173
174
175
180
165
178
206
196
194
194
193
195
208
185
181
186
183
210
230
190
211
194
200
205
173
189
208
180
206
209
214
183
189
219
220
193
204
201
219
213
202
204
175
201
198
224
181
192
197
197
181
177
168
190
183
151
155
189
171
185
172
172
184
147
148
173
173
159
169
139
144
167
166
163
161
153
142
158
147
139
151
155
147
127
127
116
134
137
119
110
120
127
125
120
127
115
141
113
116
107
115
108
114
120
117
135
132
122
110
98
104
88
95
99
93
71
88
95
99
90
110
74
81
83
92
100
94
72
81
84
64
72
84
91
79
82
79
70
63
73
70
63
83
67
88
69
68
79
67
73
76
66
87
66
71
59
103
78
69
64
62
57
61
49
52
59
47
54
58
49
52
48
52
56
58
53
44
50
57
37
46
59
46
39
52
49
51
43
47
48
58
59
44
38
30
42
43
50
45
50
40
38
31
39
48
36
41
39
30
35
53
45
41
38
36
37
32
38
38
39
27
37
30
29
29
28
46
44
33
26
34
33
23
36
28
27
36
24
23
27
41
38
21
30
38
39
34
27
31
23
24
36
40
33
33
24
31
23
28
29
19
33
39
34
61
64
23
25
22
29
30
17
26
21
19
11
26
25
19
27
34
33
25
17
17
21
17
22
16
18
19
24
17
20
15
20
19
23
14
20
17
25
24
17
14
20
25
16
15
21
15
24
17
20
17
14
23
15
13
23
22
17
18
14
20
17
21
16
19
17
15
14
15
20
24
18
19
25
16
18
14
17
21
22
12
15
18
13
18
20
14
17
16
15
11
18
17
19
15
12
20
19
11
14
16
19
17
12
17
17
16
19
16
9
10
20
12
17
18
20
18
15
19
14
11
16
18
14
15
13
7
13
15
14
17
19
15
11
9
12
12
8
13
15
9
2
17
9
8
8
11
12
19
17
22
34
22
21
17
11
11
8
14
17
9
13
7
13
10
15
9
8
7
10
9
11
7
13
12
12
13
13
11
14
10
13
13
11
14
12
7
21
6
13
11
10
8
8
5
8
5
17
14
8
13
7
13
10
11
9
12
10
4
11
2
16
10
10
9
11
12
8
7
13
25
18
19
7
8
9
7
6
6
6
7
9
4
9
16
5
12
4
10
5
8
13
10
7
16
28
29
23
6
7
6
6
8
8
8
7
5
7
11
9
10
11
6
3
6
5
5
7
6
11
9
9
2
12
12
4
7
9
5
10
8
9
12
5
5
3
7
8
9
9
8
9
5
8
9
24
17
15
12
7
7
9
14
10
7
8
7
7
10
13
5
14
4
8
8
8
6
15
7
5
8
4
8
5
5
4
5
6
6
9
6
7
5
8
10
11
7
6
6
6
7
7
7
11
6
2
4
5
4
7
5
5
6
11
6
2
3
9
4
12
6
11
6
9
4
10
7
11
7
6
7
2
5
8
8
7
5
6
5
8
7
8
6
5
4
5
8
8
5
7
2
7
12
4
9
5
10
5
8
9
1
9
6
3
3
7
8
9
6
6
9
10
6
8
2
6
6
7
9
11
9
6
5
4
5
5
10
4
5
6
4
6
8
6
8
5
9
6
6
7
3
7
11
6
9
5
8
1
3
4
3
6
7
9
4
10
5
5
7
5
2
6
1
9
7
7
4
8
7
8
1
2
2
2
3
6
6
2
4
5
6
10
6
7
7
10
8
4
3
8
8
6
4
5
3
7
5
8
5
6
4
4
5
8
6
7
5
3
6
7
10
6
1
1
3
2
5
8
4
5
5
7
3
7
4
8
7
8
7
6
6
4
8
16
15
16
6
6
7
4
4
7
6
2
5
4
3
2
2
1
6
6
3
7
9
7
4
1
5
5
3
2
4
3
3
1
0
0
6
2
4
3
4
4
6
1
5
9
4
5
2
5
4
4
4
7
0
7
9
6
5
8
6
3
7
5
4
2
3
6
8
4
2
6
6
3
4
5
8
6
4
5
5
2
4
3
3
4
8
3
5
4
1
6
7
5
5
5
4
6
3
5
4
3
6
9
2
6
4
6
5
4
4
9
4
3
4
4
4
5
4
8
3
5
1
6
4
2
2
3
4
2
4
5
4
4
5
4
3
7
3
3
4
5
8
1081
1252
