radiacao de fundo
0
0
0
0
0
0
0
0
0
0
0
0
0
1
55
202
125
74
106
112
100
94
79
74
64
90
76
91
89
82
90
71
65
72
70
68
65
64
66
70
76
65
63
85
76
61
66
71
62
64
87
82
73
91
66
85
79
87
88
86
97
94
70
95
109
111
115
93
91
96
95
113
130
120
148
117
121
139
102
116
131
118
135
143
132
137
141
166
165
157
146
131
155
164
162
140
161
174
174
146
156
177
163
165
167
148
139
153
171
157
163
151
186
160
153
148
148
148
174
137
156
142
155
168
152
138
164
149
155
133
142
144
138
125
162
156
152
129
162
140
134
132
131
131
129
126
151
125
111
139
137
119
139
129
121
122
120
114
125
119
121
113
112
95
113
91
89
116
126
112
111
98
91
116
87
90
71
97
88
79
89
87
92
77
79
87
85
87
90
88
69
79
80
89
71
63
65
70
64
73
66
76
74
61
59
72
60
55
72
67
65
59
74
57
66
73
68
57
72
69
53
51
57
57
61
65
49
59
54
50
54
49
59
65
61
60
60
59
52
81
73
51
60
49
36
47
42
49
34
36
43
40
44
46
35
46
36
53
48
38
50
47
36
25
30
38
41
32
48
41
26
35
30
41
34
33
46
36
41
34
26
27
37
30
36
35
33
43
30
31
35
38
29
42
40
33
29
28
28
17
30
22
21
33
23
16
23
28
28
30
26
26
15
32
23
23
26
18
27
29
27
22
31
19
37
29
22
27
17
17
24
23
17
13
25
23
15
23
24
12
25
28
26
24
18
15
23
37
40
26
14
19
24
25
16
12
23
19
23
19
14
14
17
13
14
23
20
20
23
20
17
16
19
10
19
17
17
16
19
13
9
5
12
22
20
20
28
20
13
11
22
16
18
11
19
9
12
15
9
19
12
11
15
19
18
16
11
19
10
14
14
16
17
10
9
14
15
13
13
11
14
15
11
13
25
10
12
11
14
8
14
17
16
15
16
11
13
13
16
13
8
11
8
11
9
7
3
17
9
9
14
8
11
15
13
12
10
10
14
11
12
18
8
8
13
10
7
12
9
13
6
9
13
11
4
9
6
12
12
7
12
4
11
11
10
10
13
8
9
8
13
10
7
8
11
14
11
19
12
19
26
8
12
6
13
8
10
10
8
10
10
10
11
11
7
7
7
8
5
11
11
8
6
9
10
7
7
9
8
4
6
5
8
8
7
9
10
16
12
9
9
7
10
8
8
9
11
4
11
16
6
9
6
6
9
7
10
7
6
7
12
2
5
6
10
9
9
9
20
16
6
13
6
6
3
7
5
10
5
3
11
5
4
7
6
9
6
3
4
6
5
10
18
31
35
13
7
7
8
14
4
4
3
10
8
5
7
9
5
6
7
7
7
5
0
9
5
4
6
3
5
4
11
7
1
7
5
3
6
5
2
8
10
4
7
7
5
9
2
6
6
14
6
17
20
5
8
7
5
8
8
7
10
4
8
7
5
3
6
7
6
5
16
1
9
2
14
5
3
10
4
5
1
5
5
15
4
3
3
5
3
10
5
4
6
10
5
8
2
8
3
5
4
3
5
5
4
2
8
6
8
3
3
4
6
5
8
5
6
8
6
1
4
3
6
7
6
3
6
7
7
5
4
4
3
6
3
8
5
7
2
1
3
6
5
9
7
6
4
7
5
4
3
6
6
5
3
6
4
6
5
3
3
3
3
2
6
5
3
4
5
6
0
4
2
6
4
1
5
5
3
7
4
7
3
4
5
2
5
5
1
5
3
5
6
7
5
2
6
7
6
5
4
3
3
4
7
4
7
4
3
2
4
4
3
2
3
8
3
3
4
6
3
3
5
6
3
2
5
3
6
3
5
3
4
4
7
8
1
3
4
2
2
8
8
3
3
2
3
3
5
3
1
1
6
5
4
5
2
3
1
5
4
7
3
3
0
2
6
3
2
6
2
3
1
4
7
4
2
4
2
5
2
2
6
5
4
3
2
8
1
8
7
10
7
3
3
2
6
5
2
4
4
5
0
2
6
3
4
4
7
2
3
4
6
4
2
6
8
5
5
6
2
3
3
2
2
3
5
4
3
5
2
3
2
2
3
1
7
8
2
4
7
8
2
6
8
3
8
2
4
3
1
4
5
4
2
1
4
5
1
2
5
3
2
2
3
6
3
4
4
5
5
5
7
2
3
3
5
1
4
6
3
2
2
1
7
1
3
6
2
6
5
5
2
6
3
1
5
3
2
4
4
2
0
3
0
3
0
5
3
4
1
5
7
4
3
3
5
7
3
5
1
1
8
4
3
2
4
2
2
4
1832
3
