radiacao de fundo
0
0
0
0
0
0
0
0
0
0
1
0
0
0
30
191
146
98
100
124
101
105
102
106
93
65
95
89
93
77
85
85
100
101
124
124
103
108
83
79
94
82
85
88
70
81
81
80
69
58
80
69
74
74
82
76
74
93
100
73
86
99
124
117
106
98
106
108
129
117
134
114
109
144
137
127
127
138
136
126
132
159
149
172
145
159
165
160
158
131
157
137
173
123
170
171
175
151
177
173
183
171
148
154
160
185
166
162
153
175
158
177
172
136
169
153
168
153
166
188
168
163
176
144
147
144
152
169
159
156
178
156
159
166
148
165
153
143
137
125
131
126
150
161
149
148
125
146
127
130
103
128
119
135
117
135
134
126
123
115
102
87
105
112
102
93
110
106
120
114
96
99
85
99
118
114
94
101
98
80
95
89
89
77
86
104
87
98
85
126
74
85
84
71
79
81
86
86
77
83
50
75
81
65
69
82
76
88
71
58
58
62
59
68
64
62
57
71
65
55
52
57
52
58
63
63
73
67
56
58
59
56
61
71
56
60
44
52
42
91
57
58
64
61
52
54
51
61
51
39
28
52
40
42
48
36
37
40
36
33
33
46
47
46
26
25
42
29
29
36
50
39
50
31
33
32
32
43
57
29
42
32
31
29
31
28
35
33
24
31
28
32
33
57
32
23
30
28
31
22
23
33
28
29
32
28
27
23
23
40
27
31
25
18
34
24
28
25
22
24
22
19
22
37
28
28
33
30
24
18
30
17
20
22
35
30
20
17
20
17
19
22
23
26
20
22
28
53
33
12
23
19
24
13
18
25
9
20
17
19
19
21
21
17
17
21
12
14
13
19
9
12
13
22
14
8
14
14
21
12
15
23
23
23
13
15
16
14
24
12
18
22
16
14
13
17
15
9
16
19
15
18
22
13
17
11
18
21
15
21
18
18
16
13
13
13
19
11
8
20
15
9
15
13
17
13
15
12
15
14
13
16
9
22
13
11
11
13
5
17
9
10
12
11
8
12
10
11
10
10
11
15
10
14
14
6
9
14
10
13
15
10
7
14
11
9
5
16
10
15
5
9
10
9
17
11
12
16
9
12
12
15
10
7
8
12
12
8
7
7
6
18
12
8
10
9
14
17
21
25
13
16
6
7
11
13
6
6
10
10
8
7
10
12
13
13
8
5
10
11
11
7
13
5
6
8
16
5
3
7
12
16
6
14
12
8
10
10
15
7
7
10
9
8
9
3
8
11
8
5
6
7
6
7
6
7
6
5
8
4
4
7
6
6
8
5
6
10
33
15
9
9
12
12
7
10
3
9
9
4
7
9
5
6
8
6
6
9
8
11
5
4
16
35
14
11
10
10
5
11
3
8
6
4
8
6
6
2
8
5
8
8
5
7
4
8
8
4
12
4
6
5
12
5
5
8
6
6
8
3
6
3
6
7
10
8
6
9
12
8
9
8
8
19
13
6
11
7
6
8
5
4
9
7
3
4
6
6
6
5
5
7
8
3
5
5
8
5
2
7
8
3
5
9
6
6
3
6
7
8
5
9
5
4
6
13
7
6
5
4
4
5
6
7
9
4
11
4
8
9
4
8
6
5
5
9
8
5
5
5
1
4
3
2
4
4
9
3
5
4
3
5
4
4
6
6
4
5
1
1
3
3
9
5
3
3
10
8
8
5
8
8
5
2
6
11
8
5
7
6
2
4
3
4
6
2
6
2
1
1
5
4
9
4
9
3
5
7
4
6
3
3
7
8
5
7
6
5
6
7
10
7
6
6
3
5
7
2
6
2
4
5
1
6
2
4
4
5
3
4
5
2
5
6
4
5
7
0
5
3
6
5
2
6
5
4
2
5
7
6
3
4
5
3
8
7
3
8
2
4
2
3
5
7
7
5
2
5
2
6
3
7
5
6
3
8
9
5
3
6
2
5
4
3
6
6
3
2
6
8
3
6
3
4
3
2
3
3
4
3
1
3
6
5
2
6
3
5
6
4
5
11
14
4
3
4
3
5
4
4
6
3
6
5
4
4
9
5
4
2
5
4
3
3
6
5
2
5
3
3
1
2
3
5
1
3
4
6
9
4
4
2
2
4
4
4
1
0
1
3
2
5
8
3
6
6
9
8
8
3
4
5
3
4
3
2
3
4
1
4
2
4
1
2
4
6
4
4
4
3
2
2
6
4
6
9
4
4
5
3
1
3
7
4
5
7
1
3
4
4
4
2
1
1
4
2
3
6
4
0
2
7
2
2
5
1
1
0
4
4
4
3
5
5
3
4
3
2
1
1
8
2
3
4
4
2
3
4
3
6
3
4
1
1857
