radiacao de fundo
0
0
0
0
0
0
0
0
0
0
0
0
1
0
100
378
195
115
122
117
113
122
114
79
94
76
77
91
98
86
68
73
75
65
63
69
70
78
63
69
70
71
64
85
64
69
70
69
65
64
79
75
63
70
80
63
70
79
74
100
75
98
113
103
80
100
97
99
111
107
111
109
111
117
121
115
142
121
122
130
151
148
138
149
124
145
152
146
134
130
143
132
140
152
152
156
167
140
152
159
147
149
165
161
125
147
146
147
134
154
161
142
187
157
130
168
153
148
142
145
163
144
173
152
142
154
157
156
155
154
149
148
151
123
160
137
138
142
157
135
128
131
117
140
102
133
116
122
115
127
130
114
136
107
127
130
156
120
102
106
95
110
103
124
113
116
105
102
104
89
86
103
102
88
94
83
93
101
91
99
93
86
78
84
89
62
75
82
85
104
78
63
88
69
80
68
67
64
75
76
61
71
75
60
64
65
72
76
64
68
74
61
78
69
57
53
66
66
70
59
69
53
62
62
57
47
65
49
46
62
52
59
60
49
44
52
48
48
50
79
74
48
51
58
35
53
45
38
48
44
38
42
31
45
50
41
44
42
42
44
32
39
31
56
35
35
41
44
33
35
26
30
37
31
44
28
31
38
34
33
23
35
33
23
37
33
29
33
19
22
35
42
35
53
37
30
25
33
31
21
22
23
21
20
25
29
31
20
27
27
22
24
26
23
30
24
21
26
26
16
27
25
26
29
26
17
25
25
28
22
19
28
21
23
28
24
29
32
21
15
19
26
13
14
17
10
26
53
39
24
15
21
22
17
16
17
25
17
17
17
20
17
14
18
16
13
18
18
13
29
17
17
18
18
17
16
22
20
24
12
19
18
18
17
13
16
18
15
22
15
13
13
12
14
16
17
12
11
13
22
11
6
13
17
19
12
18
19
15
16
6
9
13
9
13
13
10
16
12
16
12
12
13
15
20
14
15
10
13
15
13
11
10
14
18
13
12
18
8
10
12
10
13
9
10
13
10
11
19
12
12
12
16
15
13
18
14
7
14
13
12
10
9
9
11
9
20
11
15
17
12
8
11
6
10
12
10
6
12
8
7
8
12
14
8
7
7
9
7
7
8
8
11
5
8
8
9
13
10
30
18
14
7
14
8
10
9
9
11
6
9
9
10
8
5
6
10
12
8
10
12
15
5
12
6
9
8
7
7
5
7
8
6
4
10
12
9
6
11
12
13
2
6
10
6
10
6
9
8
7
3
5
7
7
6
4
7
8
6
11
11
7
10
6
5
10
6
10
21
14
9
11
3
5
8
7
5
4
8
6
3
8
12
3
5
9
5
6
7
6
5
16
12
24
29
8
10
5
6
5
12
5
5
5
3
6
6
3
11
8
4
6
9
9
9
11
6
5
8
12
15
6
6
9
6
5
5
7
6
7
5
3
2
7
5
8
10
3
6
9
14
10
9
14
15
7
7
9
5
6
5
7
5
7
9
9
6
7
4
7
5
4
7
6
10
2
5
7
8
9
6
7
6
10
4
2
5
6
6
6
2
9
9
9
5
4
4
3
9
5
2
2
7
4
6
6
7
3
7
2
5
4
4
5
4
13
8
4
4
3
8
6
5
3
2
7
5
3
4
8
5
2
1
5
7
4
4
6
5
5
4
6
6
4
3
6
9
4
5
8
5
5
9
7
8
10
5
3
4
2
2
9
4
7
8
6
7
3
5
6
6
8
4
4
4
5
3
2
5
3
4
6
4
4
4
4
4
5
6
3
1
1
0
6
4
3
6
4
3
3
7
4
5
6
5
6
6
6
4
9
5
4
4
5
2
7
6
8
2
7
3
7
3
2
8
3
11
1
2
6
0
2
0
3
4
4
3
4
5
4
6
3
2
3
3
4
2
8
4
2
5
11
6
2
6
1
1
1
4
3
4
5
3
1
3
2
3
3
3
9
0
4
2
4
5
2
4
7
2
5
4
5
4
0
7
2
5
4
5
1
8
14
13
7
3
6
6
3
5
3
4
3
7
6
6
3
2
6
2
6
4
2
5
2
5
1
0
5
2
9
1
3
3
3
1
4
1
7
5
3
2
5
6
2
4
4
2
3
3
4
5
2
7
5
6
3
10
10
2
7
1
4
2
5
4
3
2
4
3
1
3
4
3
3
6
3
1
7
7
2
3
4
6
6
3
3
4
5
2
3
4
6
2
4
5
2
5
2
2
4
3
3
2
5
3
2
5
3
2
2
3
4
4
5
2
2
3
3
4
4
6
3
2
4
3
2
4
4
3
5
2
4
4
3
6
3
5
1
3
7
2
3
1755
0
