1 1 
2 0 
3 0 
4 0 
5 0 
6 0 
7 0 
8 0 
9 0 
10 0 
11 0 
12 0 
13 0 
14 0 
15 0 
16 0 
17 0 
18 0 
19 0 
20 0 
21 0 
22 0 
23 0 
24 0 
25 0 
26 0 
27 0 
28 0 
29 0 
30 0 
31 0 
32 0 
33 0 
34 0 
35 0 
36 0 
37 0 
38 0 
39 0 
40 0 
41 0 
42 2 
43 0 
44 0 
45 1 
46 1 
47 2 
48 693 
49 10619 
50 12698 
51 13020 
52 13133 
53 13275 
54 13345 
55 13404 
56 13373 
57 13178 
58 13463 
59 13345 
60 13321 
61 13365 
62 13387 
63 13461 
64 13292 
65 13378 
66 13307 
67 13271 
68 13230 
69 13177 
70 13060 
71 13021 
72 13047 
73 13013 
74 13116 
75 13070 
76 12756 
77 13059 
78 12799 
79 13011 
80 13086 
81 12810 
82 12782 
83 12703 
84 12838 
85 12757 
86 12669 
87 12644 
88 12540 
89 12665 
90 12671 
91 12539 
92 12693 
93 12492 
94 12391 
95 12531 
96 12517 
97 12443 
98 12186 
99 12345 
100 12431 
101 12309 
102 12249 
103 12245 
104 12133 
105 12169 
106 12170 
107 12077 
108 12236 
109 11987 
110 12311 
111 12107 
112 12134 
113 12065 
114 11894 
115 12027 
116 11984 
117 11880 
118 11959 
119 12061 
120 11912 
121 11878 
122 12055 
123 11896 
124 11767 
125 11751 
126 11766 
127 11775 
128 11787 
129 11695 
130 11762 
131 11765 
132 11771 
133 11593 
134 11536 
135 11828 
136 11704 
137 11418 
138 11682 
139 11492 
140 11659 
141 11499 
142 11714 
143 11523 
144 11327 
145 11709 
146 11524 
147 11392 
148 11527 
149 11547 
150 11637 
151 11798 
152 11630 
153 11642 
154 11644 
155 11723 
156 11809 
157 11670 
158 11728 
159 11915 
160 11969 
161 12108 
162 11856 
163 11868 
164 11868 
165 11659 
166 11856 
167 11659 
168 11764 
169 11343 
170 11316 
171 11145 
172 11149 
173 11266 
174 11242 
175 10980 
176 10923 
177 10772 
178 11001 
179 10850 
180 10704 
181 10692 
182 10530 
183 10708 
184 10614 
185 10444 
186 10611 
187 10252 
188 10533 
189 10339 
190 10292 
191 10169 
192 10382 
193 10177 
194 10195 
195 10089 
196 10169 
197 9996 
198 10070 
199 9966 
200 9796 
201 9917 
202 9910 
203 9545 
204 9693 
205 9530 
206 9727 
207 9721 
208 9658 
209 9475 
210 9387 
211 9422 
212 9410 
213 9464 
214 9302 
215 9286 
216 9270 
217 8997 
218 9192 
219 9178 
220 9346 
221 9255 
222 9155 
223 9200 
224 9108 
225 9187 
226 9285 
227 9229 
228 9378 
229 9352 
230 9500 
231 9630 
232 9681 
233 9568 
234 9796 
235 9748 
236 9733 
237 9976 
238 9821 
239 9909 
240 9973 
241 10056 
242 9876 
243 10010 
244 10243 
245 10181 
246 10142 
247 10086 
248 10298 
249 10329 
250 10317 
251 10379 
252 10346 
253 10579 
254 10402 
255 10448 
256 10400 
257 10391 
258 10411 
259 10350 
260 10405 
261 10318 
262 10497 
263 10457 
264 10523 
265 10450 
266 10354 
267 10458 
268 10432 
269 10381 
270 10430 
271 10441 
272 10444 
273 10447 
274 10269 
275 10432 
276 10454 
277 10381 
278 10345 
279 10578 
280 10463 
281 10506 
282 10295 
283 10418 
284 10399 
285 10475 
286 10547 
287 10590 
288 10725 
289 10477 
290 10648 
291 10349 
292 10692 
293 10415 
294 10597 
295 10602 
296 10462 
297 10499 
298 10652 
299 10342 
300 10543 
301 10446 
302 10552 
303 10488 
304 10550 
305 10320 
306 10471 
307 10445 
308 10455 
309 10390 
310 10576 
311 10619 
312 10513 
313 10398 
314 10551 
315 10699 
316 10542 
317 10457 
318 10539 
319 10620 
320 10668 
321 10499 
322 10684 
323 10429 
324 10829 
325 10724 
326 10834 
327 10702 
328 10804 
329 10848 
330 10852 
331 10695 
332 10716 
333 10799 
334 10855 
335 10948 
336 10751 
337 10953 
338 10854 
339 10899 
340 11039 
341 11085 
342 11042 
343 10916 
344 11016 
345 10962 
346 11035 
347 11111 
348 11136 
349 11238 
350 11149 
351 10926 
352 11283 
353 11199 
354 11246 
355 11289 
356 11553 
357 11200 
358 11584 
359 11682 
360 11529 
361 11675 
362 11585 
363 11670 
364 11707 
365 12017 
366 11648 
367 11905 
368 11843 
369 12028 
370 11972 
371 11910 
372 11933 
373 12094 
374 12126 
375 12098 
376 12234 
377 12412 
378 12461 
379 12536 
380 12584 
381 12779 
382 12490 
383 12574 
384 12764 
385 12821 
386 12932 
387 12813 
388 12917 
389 12664 
390 12812 
391 12741 
392 12752 
393 12914 
394 13089 
395 13324 
396 13277 
397 13209 
398 13180 
399 13327 
400 13375 
401 13169 
402 13178 
403 13279 
404 13395 
405 13337 
406 13393 
407 13558 
408 13651 
409 13729 
410 13596 
411 13861 
412 14256 
413 13830 
414 14008 
415 13906 
416 13544 
417 12481 
418 11609 
419 10623 
420 9587 
421 8806 
422 8109 
423 7809 
424 7401 
425 7248 
426 7536 
427 7530 
428 7581 
429 7452 
430 7504 
431 7426 
432 7327 
433 7370 
434 7224 
435 7467 
436 7296 
437 7431 
438 7418 
439 7699 
440 7635 
441 7819 
442 8165 
443 8561 
444 8773 
445 9076 
446 9214 
447 9390 
448 9722 
449 9958 
450 9921 
451 9972 
452 9838 
453 9438 
454 9334 
455 9038 
456 8515 
457 8635 
458 7846 
459 7720 
460 7522 
461 7279 
462 6931 
463 6555 
464 6390 
465 5893 
466 5466 
467 5001 
468 4663 
469 4245 
470 3967 
471 3746 
472 3795 
473 3583 
474 3622 
475 3531 
476 3684 
477 3556 
478 3538 
479 3587 
480 3565 
481 3586 
482 3572 
483 3602 
484 3720 
485 3590 
486 3595 
487 3513 
488 3689 
489 3565 
490 3637 
491 3672 
492 3627 
493 3549 
494 3665 
495 3753 
496 3712 
497 3751 
498 3756 
499 3959 
500 4042 
501 4431 
502 5038 
503 5931 
504 7811 
505 10653 
506 15298 
507 22392 
508 32375 
509 45698 
510 62631 
511 81470 
512 102309 
513 122246 
514 140429 
515 155075 
516 168331 
517 176072 
518 181792 
519 184687 
520 186184 
521 187448 
522 186523 
523 182710 
524 176312 
525 165481 
526 147581 
527 122582 
528 94969 
529 68640 
530 46790 
531 31308 
532 21270 
533 15327 
534 12160 
535 10402 
536 9141 
537 8417 
538 7802 
539 7338 
540 6820 
541 6727 
542 6301 
543 6048 
544 5858 
545 5518 
546 5176 
547 5046 
548 4719 
549 4379 
550 4213 
551 4128 
552 3817 
553 3875 
554 3804 
555 3823 
556 3826 
557 3884 
558 4008 
559 3927 
560 3952 
561 4054 
562 3990 
563 4139 
564 4075 
565 4033 
566 3984 
567 3903 
568 3827 
569 3728 
570 3585 
571 3410 
572 3245 
573 3230 
574 2949 
575 3008 
576 2965 
577 2827 
578 2628 
579 2760 
580 2572 
581 2544 
582 2442 
583 2512 
584 2435 
585 2391 
586 2276 
587 2287 
588 2073 
589 2141 
590 1952 
591 1979 
592 1851 
593 1834 
594 1613 
595 1535 
596 1404 
597 1354 
598 1212 
599 1176 
600 1191 
601 1052 
602 985 
603 952 
604 892 
605 887 
606 808 
607 849 
608 784 
609 776 
610 708 
611 750 
612 729 
613 718 
614 720 
615 773 
616 759 
617 755 
618 749 
619 715 
620 666 
621 724 
622 685 
623 705 
624 698 
625 714 
626 711 
627 651 
628 639 
629 634 
630 630 
631 659 
632 679 
633 620 
634 617 
635 668 
636 638 
637 591 
638 616 
639 650 
640 643 
641 590 
642 627 
643 618 
644 624 
645 606 
646 590 
647 595 
648 621 
649 574 
650 557 
651 615 
652 578 
653 550 
654 570 
655 583 
656 587 
657 596 
658 545 
659 585 
660 547 
661 540 
662 570 
663 525 
664 528 
665 535 
666 510 
667 579 
668 513 
669 559 
670 519 
671 524 
672 521 
673 535 
674 502 
675 492 
676 528 
677 480 
678 503 
679 507 
680 495 
681 542 
682 486 
683 510 
684 471 
685 484 
686 476 
687 526 
688 486 
689 489 
690 462 
691 472 
692 492 
693 474 
694 486 
695 461 
696 453 
697 465 
698 488 
699 502 
700 455 
701 471 
702 458 
703 467 
704 423 
705 457 
706 441 
707 439 
708 413 
709 459 
710 435 
711 444 
712 458 
713 435 
714 415 
715 461 
716 390 
717 420 
718 403 
719 414 
720 388 
721 398 
722 441 
723 398 
724 393 
725 417 
726 404 
727 394 
728 424 
729 382 
730 424 
731 378 
732 411 
733 396 
734 391 
735 395 
736 377 
737 394 
738 363 
739 429 
740 364 
741 407 
742 399 
743 407 
744 373 
745 391 
746 362 
747 395 
748 373 
749 354 
750 373 
751 405 
752 371 
753 392 
754 334 
755 382 
756 368 
757 375 
758 336 
759 385 
760 391 
761 357 
762 356 
763 364 
764 334 
765 386 
766 346 
767 345 
768 358 
769 364 
770 349 
771 370 
772 357 
773 337 
774 347 
775 383 
776 360 
777 378 
778 346 
779 359 
780 362 
781 338 
782 323 
783 342 
784 314 
785 308 
786 348 
787 339 
788 346 
789 332 
790 356 
791 308 
792 348 
793 314 
794 366 
795 319 
796 316 
797 307 
798 328 
799 331 
800 335 
801 363 
802 353 
803 337 
804 306 
805 302 
806 315 
807 299 
808 301 
809 352 
810 298 
811 323 
812 308 
813 321 
814 320 
815 351 
816 346 
817 326 
818 322 
819 310 
820 316 
821 302 
822 330 
823 318 
824 302 
825 251 
826 294 
827 290 
828 279 
829 275 
830 321 
831 294 
832 290 
833 295 
834 282 
835 310 
836 287 
837 277 
838 275 
839 270 
840 309 
841 318 
842 284 
843 262 
844 290 
845 294 
846 263 
847 290 
848 273 
849 310 
850 271 
851 280 
852 271 
853 272 
854 297 
855 259 
856 281 
857 257 
858 286 
859 279 
860 253 
861 270 
862 231 
863 265 
864 286 
865 298 
866 275 
867 284 
868 285 
869 238 
870 232 
871 266 
872 259 
873 242 
874 251 
875 262 
876 246 
877 271 
878 278 
879 237 
880 258 
881 239 
882 259 
883 261 
884 263 
885 254 
886 249 
887 239 
888 242 
889 247 
890 275 
891 264 
892 215 
893 252 
894 269 
895 233 
896 224 
897 249 
898 237 
899 224 
900 246 
901 266 
902 258 
903 207 
904 235 
905 264 
906 181 
907 242 
908 230 
909 238 
910 232 
911 248 
912 219 
913 227 
914 223 
915 228 
916 228 
917 221 
918 231 
919 225 
920 224 
921 221 
922 201 
923 213 
924 227 
925 223 
926 219 
927 189 
928 187 
929 202 
930 215 
931 194 
932 177 
933 212 
934 185 
935 192 
936 182 
937 187 
938 201 
939 185 
940 188 
941 184 
942 211 
943 193 
944 163 
945 196 
946 196 
947 179 
948 205 
949 180 
950 189 
951 173 
952 180 
953 176 
954 162 
955 172 
956 194 
957 192 
958 180 
959 185 
960 182 
961 191 
962 178 
963 196 
964 178 
965 194 
966 181 
967 180 
968 186 
969 191 
970 179 
971 198 
972 174 
973 164 
974 192 
975 187 
976 159 
977 174 
978 182 
979 174 
980 186 
981 169 
982 202 
983 165 
984 174 
985 179 
986 156 
987 176 
988 166 
989 184 
990 168 
991 177 
992 187 
993 194 
994 169 
995 175 
996 192 
997 181 
998 189 
999 196 
1000 205 
1001 188 
1002 206 
1003 184 
1004 182 
1005 181 
1006 205 
1007 205 
1008 229 
1009 199 
1010 212 
1011 233 
1012 223 
1013 220 
1014 219 
1015 218 
1016 259 
1017 254 
1018 273 
1019 265 
1020 256 
1021 264 
1022 285 
