radiacao de fundo
0
0
0
0
0
0
0
0
0
0
1
0
0
0
4
228
182
214
210
138
125
110
74
90
79
71
86
83
73
76
85
104
71
65
69
88
171
78
75
115
85
89
91
93
87
67
89
81
72
71
74
78
74
99
91
83
99
77
103
91
112
94
93
116
106
111
119
123
125
126
139
125
140
145
148
158
142
148
151
160
127
152
168
125
150
182
175
149
151
159
176
192
153
173
201
169
171
169
180
171
171
170
189
170
174
167
180
162
180
174
161
190
179
185
162
156
159
187
172
159
197
177
173
151
158
153
166
167
177
169
161
127
148
141
146
155
146
159
144
138
162
113
148
149
142
142
124
128
132
131
133
134
133
121
138
126
125
121
118
128
133
186
112
126
108
86
108
119
110
99
113
107
107
98
98
105
104
96
105
100
98
99
89
85
91
95
115
94
98
90
85
85
67
98
80
98
61
89
82
76
61
79
79
71
62
63
70
65
85
67
59
49
77
65
58
64
52
67
66
61
52
53
60
72
49
77
66
50
43
55
49
67
53
55
60
74
101
53
66
68
46
44
52
40
48
54
44
45
41
42
44
37
59
49
42
39
50
53
46
31
50
49
40
27
45
49
43
43
42
51
37
31
49
32
39
38
34
28
25
35
26
37
28
27
25
26
34
30
37
53
35
32
26
34
28
20
41
34
21
31
27
37
24
26
30
27
36
27
20
24
29
25
20
29
23
30
22
33
25
27
32
29
23
31
24
18
24
29
22
33
28
29
13
22
21
14
16
30
22
27
24
34
64
36
27
15
25
18
23
26
15
20
19
15
23
17
21
23
17
12
21
15
16
15
19
20
10
21
16
14
20
15
14
19
16
17
20
13
24
20
17
12
22
13
22
18
14
22
16
9
9
14
15
19
13
16
22
11
11
22
13
16
16
11
13
16
16
19
21
15
11
13
11
8
13
12
15
10
12
13
13
9
9
22
22
19
10
16
17
9
13
14
9
9
12
16
12
9
18
11
12
10
20
11
16
14
16
11
13
12
19
6
13
14
17
10
13
15
11
9
12
13
12
18
8
10
13
7
8
7
9
6
16
13
8
12
12
12
12
11
14
12
9
10
11
7
9
16
8
13
22
33
23
19
14
7
5
12
11
5
11
14
5
9
9
8
8
15
7
12
4
13
8
10
8
8
11
9
11
13
11
11
10
11
19
13
7
13
9
15
12
8
6
9
7
11
6
8
6
9
8
8
7
14
7
7
10
9
8
5
16
15
5
7
9
9
7
12
15
18
19
17
7
6
9
9
11
5
10
9
4
7
7
4
8
8
9
5
7
4
5
4
7
20
35
25
10
9
8
9
7
8
4
11
7
5
4
5
8
9
7
8
4
4
10
7
8
7
3
11
4
11
7
4
7
12
13
2
10
6
4
8
6
8
9
6
7
9
6
4
12
10
13
23
17
7
11
6
6
4
5
10
3
5
4
4
7
6
8
1
9
8
10
4
12
2
6
5
7
7
2
6
7
7
9
6
2
7
3
6
5
6
4
6
12
3
1
12
3
8
4
15
2
4
4
5
10
7
5
2
3
4
3
6
6
6
8
8
6
6
7
4
2
4
9
5
3
5
5
5
5
5
7
5
7
2
9
4
5
8
3
3
7
5
2
1
4
12
5
6
10
9
4
10
5
7
9
8
5
11
5
6
7
7
7
4
4
9
3
9
2
9
4
4
4
4
5
6
2
6
4
6
7
4
5
3
7
5
2
10
6
3
4
2
4
7
6
3
4
2
6
5
6
7
5
6
3
8
5
6
3
3
4
6
5
5
8
7
2
5
4
0
7
2
6
6
1
7
4
4
1
5
3
4
5
4
2
2
5
11
6
7
8
4
7
4
4
3
4
4
2
4
4
4
6
7
7
4
4
4
7
4
3
2
1
1
6
1
3
9
6
3
4
5
1
3
2
3
4
3
6
2
6
3
5
5
6
14
12
10
12
4
7
1
1
5
4
5
2
5
2
4
5
2
3
3
2
4
2
3
3
7
2
1
3
3
4
4
4
2
2
2
4
5
4
7
4
5
4
5
4
6
5
4
1
4
8
4
7
2
6
7
8
8
4
7
5
2
2
6
3
3
6
3
1
2
2
5
3
2
3
2
6
6
6
6
4
7
8
6
4
2
6
6
6
1
3
2
3
4
5
5
1
4
4
4
5
3
1
5
5
4
5
1
4
8
3
1
2
5
4
3
3
2
4
5
5
4
2
4
2
4
2
5
2
5
3
4
1
4
4
2
6
8
4
4
4
4
3
6
3
5
5
2
3
4
4
3
5
5
4
6
3
1884
