radiacao de fundo
0
0
0
0
0
0
0
0
0
0
0
0
0
0
0
187
125
77
77
113
105
108
102
97
80
77
99
118
75
79
99
78
76
79
66
91
305
66
73
125
88
74
89
81
80
71
60
73
72
81
74
89
80
75
92
102
89
105
87
97
86
102
94
112
108
111
112
136
134
123
126
123
139
126
137
131
148
135
132
147
147
166
164
176
182
172
150
143
150
156
147
159
152
134
148
175
173
167
164
174
168
163
166
150
173
175
202
196
176
141
168
157
150
168
181
160
170
174
159
164
159
156
158
152
160
150
143
154
176
161
158
148
166
137
155
152
152
154
132
135
146
134
154
144
140
140
160
124
144
136
116
148
118
119
137
122
107
119
121
148
94
326
164
100
109
125
109
103
108
101
117
103
118
83
122
112
91
106
107
102
113
85
96
82
106
117
72
103
97
94
78
74
84
94
80
80
79
72
87
82
87
80
67
80
66
76
80
65
68
85
63
71
68
55
70
70
64
72
48
70
55
72
56
50
56
53
40
59
59
60
66
52
64
62
57
64
78
80
64
70
61
51
47
37
48
49
50
47
45
28
47
41
35
35
46
48
43
50
44
36
32
35
37
45
37
36
43
35
22
39
43
18
41
33
51
33
44
24
35
31
35
28
36
22
18
29
31
29
34
42
71
28
25
31
22
30
35
16
23
37
24
18
30
22
34
26
27
21
24
31
19
28
17
27
33
26
25
40
26
25
33
24
27
21
28
20
29
23
25
25
43
28
24
23
26
20
26
22
17
20
30
33
19
60
34
17
17
18
15
17
17
25
18
24
14
18
11
18
18
14
25
19
16
18
20
29
21
14
18
22
18
14
21
22
7
22
16
18
16
13
13
15
19
20
18
8
12
15
15
11
15
13
5
18
17
12
18
28
16
13
15
16
15
13
18
12
14
13
13
16
7
8
16
17
9
17
10
14
12
12
18
11
13
10
14
17
21
12
14
12
13
15
12
11
10
12
16
14
23
18
12
14
18
16
11
11
9
16
19
10
9
12
10
15
14
11
12
12
17
8
11
9
7
10
17
9
11
13
8
16
16
7
13
14
7
13
11
10
6
9
11
12
8
8
13
10
13
12
11
10
13
16
23
25
32
16
11
13
9
8
9
15
10
4
6
4
5
4
9
10
6
11
9
7
8
11
9
8
5
7
8
5
6
9
11
11
6
15
6
9
8
9
8
11
6
10
13
10
12
8
6
6
7
7
7
6
9
7
8
8
15
16
9
10
8
6
9
8
9
10
11
16
21
13
4
12
6
6
8
6
9
5
9
8
11
6
2
9
9
5
8
7
12
7
6
18
24
21
7
3
2
7
12
9
10
5
4
4
6
6
5
7
6
5
3
9
8
11
5
6
9
5
11
3
6
9
3
11
10
9
7
6
9
8
8
5
5
5
10
4
8
8
8
13
16
15
16
8
13
7
3
8
5
12
7
6
7
7
7
9
3
5
6
4
4
9
9
13
8
4
9
4
3
7
2
10
2
9
9
7
2
2
8
7
5
3
8
1
5
6
3
2
4
6
6
3
8
4
1
7
2
9
5
9
6
10
8
11
5
4
4
5
8
7
8
9
5
5
5
5
6
2
8
4
7
8
10
4
2
10
6
2
8
2
6
3
6
4
7
8
3
5
6
4
8
7
11
10
6
6
3
2
5
7
10
3
4
5
3
3
4
7
4
7
3
4
3
5
6
5
5
7
8
5
1
6
8
3
5
6
5
5
2
3
3
3
2
5
6
3
3
2
3
8
3
3
7
3
3
9
5
5
5
6
5
6
6
4
2
9
7
7
5
1
8
6
4
4
1
3
4
6
7
8
5
5
6
4
5
2
8
3
5
9
2
4
4
7
4
5
5
2
2
4
5
5
1
10
4
6
1
3
6
5
5
2
4
6
4
2
1
6
4
3
6
9
4
3
3
5
9
5
2
3
5
7
6
1
3
7
13
11
3
5
2
4
4
4
4
4
10
4
4
1
5
1
6
5
4
6
4
6
7
5
7
2
1
2
3
3
2
6
5
5
1
4
6
4
3
5
4
4
4
7
6
3
2
3
2
4
7
7
5
4
7
9
3
7
3
5
3
4
6
2
2
4
11
1
2
4
1
3
4
2
2
4
6
2
4
3
6
3
2
4
5
1
6
0
7
2
6
2
3
5
5
4
7
2
5
4
2
0
2
2
8
3
3
4
5
6
4
3
6
2
2
2
6
3
5
4
0
2
1
4
1
6
1
5
3
9
4
5
1
4
4
2
3
3
2
6
2
6
4
6
3
4
3
2
5
2
5
3
10
1839
