radiacao de fundo
0
0
0
0
0
0
0
0
0
0
0
0
0
4
4
259
207
170
189
126
122
108
100
72
90
91
85
90
89
86
92
78
63
88
88
90
135
65
72
100
87
61
80
88
72
67
80
73
74
79
65
78
87
73
88
90
84
101
92
89
102
88
109
100
102
122
129
119
118
97
133
137
144
150
131
130
156
128
153
147
148
167
185
188
153
172
157
150
170
138
163
154
175
163
173
170
179
165
174
189
178
168
170
197
167
188
186
178
185
146
179
150
165
171
149
154
191
172
153
159
183
158
172
157
178
163
145
188
141
196
164
175
145
163
151
167
169
153
158
131
132
141
139
121
140
153
121
141
132
117
115
161
118
141
133
116
123
140
116
133
114
166
132
120
119
110
107
109
119
113
99
133
97
113
100
92
97
99
95
86
94
103
91
110
89
83
93
90
101
96
72
73
80
89
89
91
100
79
80
79
98
58
78
78
90
84
60
75
60
73
84
60
60
53
53
61
68
70
69
55
71
67
57
63
71
52
51
56
43
59
55
43
55
60
50
61
78
69
68
52
55
49
57
52
39
44
50
53
46
32
46
35
53
58
44
46
42
35
34
37
31
39
40
39
45
39
43
37
34
41
38
47
35
42
44
34
29
39
34
30
32
29
40
37
34
44
28
34
23
34
52
36
34
26
40
37
27
29
26
33
19
27
26
23
37
22
26
23
34
20
25
37
26
33
24
23
18
24
21
32
31
20
20
20
22
19
22
29
20
24
37
17
27
21
18
24
19
22
25
16
24
29
26
58
28
25
17
16
20
26
21
18
17
16
17
21
24
17
11
22
13
9
11
13
20
25
25
19
23
19
26
16
20
21
16
15
26
18
27
19
9
13
22
22
19
14
16
15
17
11
20
20
17
18
16
9
15
16
9
14
22
15
17
16
15
16
11
17
13
16
19
13
11
14
11
12
19
16
13
11
14
12
13
13
13
22
13
11
8
5
10
15
17
13
10
17
13
15
17
9
9
12
10
10
7
16
11
12
16
10
16
11
14
19
18
15
18
7
14
9
17
6
8
11
11
12
4
13
8
10
9
8
12
13
11
9
12
15
7
9
10
11
8
13
10
13
6
9
11
15
10
15
21
16
14
13
14
16
8
15
16
11
10
4
8
6
12
12
11
6
6
7
12
8
13
4
11
7
12
6
9
7
12
3
6
10
15
11
14
12
6
16
14
10
7
7
6
5
10
3
7
9
14
9
5
7
4
10
5
11
6
7
6
8
11
9
2
13
12
13
11
31
11
6
6
10
7
6
6
3
3
7
9
8
8
7
10
5
6
5
7
10
10
11
19
31
29
15
4
4
5
10
4
9
10
7
8
3
11
7
9
8
9
5
7
4
11
6
5
7
8
6
3
5
9
6
8
8
9
7
5
4
5
10
2
8
8
7
5
9
8
11
8
8
20
21
10
9
12
8
4
9
5
6
5
4
10
5
5
7
4
2
4
2
5
6
5
8
6
5
8
5
4
6
6
7
9
10
6
6
10
7
7
3
8
10
7
6
6
5
6
4
8
2
8
3
2
5
5
6
9
6
6
8
8
7
9
10
4
2
1
4
9
5
5
3
3
7
3
6
5
7
6
4
3
4
10
2
3
4
6
6
5
4
2
7
5
2
6
4
7
6
6
6
7
10
8
4
4
6
3
9
4
6
4
3
1
3
6
2
6
6
2
3
5
4
0
4
6
6
9
7
4
10
3
6
6
9
4
7
5
8
6
3
3
3
6
7
5
5
5
4
6
6
4
2
4
2
7
5
4
7
3
7
3
4
5
4
4
2
6
6
5
6
3
6
6
8
2
4
4
4
4
1
6
1
4
6
3
0
4
4
5
6
4
5
6
5
1
2
1
7
5
1
5
4
5
10
7
5
5
6
4
3
4
2
4
3
5
3
7
6
5
4
2
7
5
2
0
7
3
3
2
4
6
7
5
3
3
13
10
6
5
7
3
5
1
5
2
3
7
3
8
4
4
5
3
5
4
3
1
7
7
5
3
2
5
10
5
1
4
4
4
4
5
5
4
1
2
5
3
3
3
3
4
3
8
6
2
5
7
5
8
6
12
4
5
6
8
3
9
2
4
3
10
5
6
2
2
1
3
3
6
3
4
4
1
5
2
4
5
4
2
6
3
3
2
3
4
3
2
6
2
7
2
3
9
2
6
5
4
6
3
2
2
4
3
5
2
6
1
5
6
2
5
6
3
4
2
4
3
2
3
2
4
3
3
5
5
2
2
4
2
7
1
5
2
2
3
3
5
2
6
3
2
4
0
3
3
7
0
4
5
1786
