radiacao de fundo
0
0
0
0
0
0
0
0
0
0
0
0
2
2
1
191
127
77
114
101
107
112
97
87
81
76
84
153
80
98
88
82
85
76
83
105
1076
311
101
226
226
77
82
78
73
86
73
77
66
82
74
71
87
75
114
67
101
88
92
83
112
99
95
129
107
100
120
116
115
126
115
137
150
128
135
134
149
158
138
141
154
138
131
149
169
153
155
163
147
140
158
151
170
137
165
163
175
152
161
158
173
165
186
165
170
166
175
172
198
161
160
151
151
179
156
168
148
171
153
188
180
171
169
170
170
153
171
174
171
146
149
148
154
142
180
143
143
148
154
152
142
130
134
138
145
161
128
122
143
108
139
133
145
120
125
115
117
118
121
108
111
103
678
734
112
113
114
87
98
127
88
97
105
130
89
109
89
110
98
84
89
101
72
95
86
89
159
108
99
105
98
88
74
90
85
85
88
73
89
86
87
65
80
65
80
48
67
78
85
70
67
78
68
55
62
68
57
58
69
72
57
67
56
66
52
56
56
41
60
54
58
61
59
41
57
71
63
57
92
88
61
50
52
37
58
43
43
41
40
43
42
41
43
40
45
42
36
50
45
38
41
47
38
43
49
34
47
35
32
54
38
32
25
38
39
47
39
31
38
30
43
43
31
32
37
27
26
32
33
25
25
37
46
29
36
21
28
33
27
35
28
28
22
30
34
35
27
20
29
27
21
22
21
37
23
24
25
29
21
29
28
26
26
33
27
17
29
15
15
20
23
33
27
25
25
24
20
21
18
27
19
19
25
16
24
30
61
21
11
18
26
23
22
20
27
21
23
17
29
15
17
22
14
22
15
22
23
15
12
20
24
21
14
22
21
11
15
15
17
19
29
18
18
15
14
12
20
16
8
12
15
21
16
13
17
19
13
14
20
21
16
14
20
8
19
13
15
23
15
9
14
13
15
21
11
20
16
14
13
12
11
17
16
19
8
12
14
13
13
19
13
7
14
14
11
10
10
14
13
7
11
18
22
18
8
16
14
13
12
21
21
13
8
10
12
11
7
7
18
15
16
10
13
7
12
11
7
14
8
13
13
15
8
11
7
12
13
5
13
9
10
6
11
6
15
10
12
6
9
9
9
15
14
4
16
14
26
35
20
14
16
9
13
20
7
7
9
8
10
5
6
8
10
8
8
3
14
12
7
5
8
14
9
6
8
4
8
6
8
9
6
9
5
14
9
8
10
14
10
3
5
12
2
5
4
6
7
9
9
8
7
8
3
4
8
9
4
10
9
9
7
9
8
9
13
26
18
12
7
7
3
13
2
6
8
6
6
11
9
6
11
5
7
9
12
5
7
7
5
14
30
26
8
8
6
6
3
11
3
7
7
10
8
6
6
4
6
7
7
7
9
9
6
3
5
6
4
8
8
6
8
6
11
5
6
9
3
10
6
9
6
12
10
6
13
8
5
5
11
12
22
14
7
7
4
4
8
6
6
4
6
8
4
6
3
3
5
8
8
4
5
5
4
6
4
4
3
3
9
8
2
9
7
5
5
5
7
4
7
4
5
5
2
5
5
7
4
6
7
9
2
3
5
4
5
5
7
6
6
8
4
5
8
5
4
11
6
7
5
8
5
5
6
4
7
2
7
3
4
7
10
2
3
6
10
8
4
5
3
9
6
8
3
4
5
5
11
4
2
4
7
6
6
5
6
3
8
7
3
2
4
3
3
5
7
1
9
3
8
6
11
2
1
6
5
4
8
7
4
5
2
6
6
6
9
4
8
3
7
6
2
5
6
3
4
6
1
5
3
8
8
5
2
5
4
5
3
2
3
3
2
5
6
2
4
4
8
5
6
9
7
9
5
4
5
3
5
6
1
5
6
0
3
4
4
8
3
4
3
2
10
2
5
4
6
3
8
7
3
2
5
5
1
6
11
1
2
5
3
5
4
1
7
0
7
6
2
3
1
3
6
3
4
7
5
0
2
2
6
8
3
3
4
6
4
5
7
4
12
2
5
4
3
2
1
4
4
3
4
7
5
4
3
2
3
9
4
3
4
7
4
4
3
5
6
4
3
5
3
1
4
4
5
4
6
3
2
4
3
4
5
5
4
2
11
3
4
5
9
6
5
3
6
6
4
5
4
1
0
5
1
4
2
3
2
6
3
2
5
1
3
1
4
8
4
4
4
4
2
4
5
4
3
5
5
2
5
3
2
5
3
7
3
2
2
4
2
2
2
2
7
2
6
3
5
4
2
3
5
6
6
3
0
1
8
4
4
1
3
3
7
6
7
2
2
0
3
5
3
4
6
0
2
7
4
5
7
6
1
7
5
3
4
1849
