radiacao de fundo
0
0
0
0
0
0
0
0
0
0
0
0
1
1
1
173
142
91
89
98
106
112
112
78
67
72
110
150
86
110
86
85
94
82
76
80
759
268
79
182
169
81
84
85
87
83
82
81
82
86
86
66
99
80
91
105
108
105
85
104
95
88
105
110
99
93
123
138
108
137
135
105
131
140
131
138
146
147
133
136
155
126
143
172
143
148
150
143
175
190
148
149
176
148
156
148
175
164
178
136
177
181
168
172
174
151
181
162
161
164
176
175
172
178
179
162
152
181
148
142
172
180
166
157
158
163
158
170
184
181
175
148
145
163
141
161
126
127
143
139
160
153
164
153
135
137
114
120
144
142
130
123
126
122
122
139
115
116
128
134
119
132
562
595
122
127
120
98
101
111
116
89
97
97
125
107
101
115
94
83
99
89
115
78
86
95
149
104
90
90
88
86
91
78
78
82
73
69
76
69
73
80
77
63
70
71
76
69
76
72
67
72
60
73
47
65
68
70
56
51
63
67
62
63
58
68
51
53
60
59
66
52
51
63
63
44
55
50
88
63
52
85
49
45
54
39
51
47
52
52
49
33
45
41
43
44
47
44
42
38
49
40
45
45
41
37
40
37
45
41
30
40
28
31
30
33
35
35
31
37
29
33
35
39
44
25
40
39
27
33
29
36
56
39
45
31
32
33
33
25
22
29
33
34
36
27
27
28
23
31
13
22
26
31
26
19
21
30
21
30
26
25
18
29
34
28
30
25
24
23
19
25
33
34
14
29
18
21
23
26
20
20
20
24
18
32
69
31
23
15
25
19
17
33
9
16
20
13
14
21
21
19
16
15
14
19
23
28
20
20
16
13
17
14
18
14
18
22
12
16
16
23
18
13
19
13
17
18
12
13
16
13
15
20
16
15
14
18
20
17
13
13
17
12
10
20
17
16
18
19
17
17
13
21
13
13
14
23
10
10
14
8
12
14
19
15
15
17
4
11
13
7
14
10
20
8
12
12
15
11
14
16
12
15
12
8
11
16
19
14
15
10
11
16
15
14
10
10
15
13
4
4
12
12
11
15
11
9
12
8
17
15
9
5
9
15
7
15
17
14
13
13
11
10
9
10
7
9
12
8
13
8
12
7
10
10
22
30
23
15
10
6
10
11
12
8
5
6
9
9
4
9
11
7
10
9
10
5
12
10
8
6
10
7
11
6
10
16
9
10
7
5
9
5
5
10
13
8
9
9
7
8
8
8
4
11
12
6
4
8
7
15
8
14
6
10
5
12
6
6
9
7
12
10
13
10
15
10
6
7
5
6
10
8
7
8
4
6
4
16
8
7
8
9
3
5
7
8
4
15
38
33
14
11
16
13
10
7
7
6
8
6
6
5
10
3
1
5
5
5
6
7
4
9
4
10
3
5
6
11
4
6
5
5
4
0
3
5
5
7
8
7
5
9
4
7
5
5
6
8
32
12
10
12
9
8
4
3
8
4
4
3
7
5
8
6
5
8
3
3
8
4
6
8
6
6
6
4
7
3
5
4
9
9
12
7
3
7
8
5
9
5
3
4
10
7
5
6
3
7
9
9
3
4
6
6
5
10
3
7
4
4
6
9
8
5
5
8
5
3
10
5
6
9
3
5
6
1
7
7
5
4
2
2
7
5
3
3
8
7
3
6
3
3
2
14
6
8
2
4
4
6
1
4
7
3
1
3
3
7
5
3
5
0
3
5
2
5
5
3
6
6
1
5
1
4
6
5
3
3
4
7
4
2
2
3
3
3
7
5
6
5
4
5
4
8
6
2
2
3
6
3
6
3
1
1
6
9
6
3
5
3
2
6
5
5
4
3
4
8
6
1
2
3
6
5
8
4
3
8
7
2
5
2
3
8
5
6
5
2
6
1
5
8
2
6
2
4
4
7
4
3
3
6
2
5
3
0
0
5
4
2
0
4
6
1
4
5
3
4
4
1
3
5
3
1
6
8
4
3
4
5
8
6
9
2
4
9
14
10
1
3
7
5
3
3
2
1
1
3
7
4
3
6
6
4
4
4
4
3
4
2
3
1
3
1
4
4
4
3
6
8
1
4
5
1
4
4
3
3
5
3
5
6
5
5
6
9
4
3
8
4
14
5
5
2
7
9
2
0
2
3
3
9
3
5
8
3
2
4
4
3
3
3
2
5
3
2
6
5
4
5
6
4
4
11
2
3
0
7
3
1
1
4
7
3
1
6
4
8
1
6
3
0
6
3
4
2
4
4
5
4
1
5
1
4
2
5
6
4
7
4
6
2
6
2
4
1
2
3
3
2
4
5
0
6
3
4
5
3
3
2
2
1931
