radiacao de fundo
0
0
0
0
0
0
0
0
0
0
0
0
1
3
32
2630
1686
1162
808
567
383
267
176
133
125
151
129
126
112
108
113
98
98
93
92
101
300
82
96
122
85
79
89
82
72
60
70
73
84
72
75
101
87
76
97
92
95
110
100
100
100
89
103
117
115
115
122
126
123
123
129
129
116
143
145
142
152
123
157
148
157
170
157
172
186
172
167
181
175
173
177
155
168
174
155
148
184
184
169
158
178
130
184
180
181
174
182
199
197
147
156
179
148
181
170
174
183
182
187
153
168
148
182
173
182
144
173
159
153
153
160
152
149
133
161
159
192
158
151
152
146
130
139
152
150
123
146
140
136
119
140
126
141
124
141
116
129
131
190
142
117
214
141
115
109
124
101
102
106
95
119
108
91
105
85
98
87
84
93
94
103
96
85
104
88
103
96
90
82
92
88
77
72
82
70
71
73
82
81
75
70
82
77
86
76
64
62
69
72
79
65
74
89
57
63
61
60
58
70
76
71
69
50
54
79
56
65
61
52
56
67
55
67
55
61
56
69
80
59
59
64
35
53
43
58
52
51
50
50
41
53
46
56
50
32
53
41
45
46
30
37
41
49
39
30
40
34
40
52
41
32
33
45
35
31
37
35
29
41
24
31
36
39
42
54
32
36
30
31
55
56
31
34
34
27
37
27
33
32
32
11
26
27
32
31
31
30
36
30
18
32
27
27
23
20
27
26
20
21
33
24
29
27
22
28
27
26
29
19
22
30
19
23
20
31
31
36
32
22
23
20
19
30
52
25
15
21
19
23
15
23
20
21
22
19
20
28
21
15
25
21
19
19
15
13
23
13
18
17
17
21
20
16
22
20
15
14
17
22
14
23
12
15
24
9
18
18
17
18
10
20
18
15
15
16
19
19
19
15
12
22
16
14
13
22
13
9
14
15
20
17
15
11
14
14
13
9
9
21
13
10
18
11
18
16
13
20
6
12
18
10
7
20
12
18
12
18
17
16
13
4
10
11
12
21
9
12
15
17
11
20
7
13
15
16
18
13
14
12
14
10
10
13
12
11
7
17
13
14
6
8
10
16
14
13
10
11
18
11
15
13
9
12
19
14
12
10
10
10
11
12
12
16
13
18
17
7
12
13
15
15
13
6
6
5
9
9
10
15
8
15
8
9
9
5
7
17
5
12
10
9
6
6
7
8
13
9
12
11
8
13
8
10
10
12
10
7
9
6
8
5
11
12
9
5
8
4
12
10
8
10
10
7
8
13
5
11
7
10
12
10
15
7
9
6
10
8
9
9
9
11
7
11
12
7
11
12
8
11
8
7
7
7
9
15
24
24
15
12
9
6
8
14
4
8
13
3
6
11
8
8
8
7
8
8
6
7
3
9
6
7
9
12
8
7
7
6
3
8
4
4
7
9
7
12
12
4
8
6
8
8
8
10
8
11
27
12
13
6
11
5
9
9
8
8
6
9
4
5
9
5
6
4
5
3
7
5
4
3
2
6
7
9
8
6
6
9
12
4
2
4
5
10
4
14
5
6
7
8
7
4
8
2
9
6
9
4
6
9
4
4
5
7
4
10
5
9
5
12
0
4
3
6
4
7
8
3
0
1
6
3
4
7
7
8
5
7
6
7
3
5
7
13
5
7
9
2
5
3
3
8
7
4
7
5
9
7
5
2
4
5
5
4
3
3
6
8
8
3
5
3
9
13
5
5
9
1
2
11
4
5
7
6
4
6
5
4
7
6
4
2
5
4
7
5
5
5
6
2
7
5
5
3
2
3
3
3
1
5
4
6
6
1
2
4
7
6
4
4
7
5
1
4
8
4
8
3
3
1
7
2
3
5
4
3
5
4
2
4
4
3
2
5
4
2
5
3
7
2
6
4
4
6
3
1
7
8
4
7
7
4
3
4
5
4
10
2
2
4
2
7
5
5
5
7
5
2
2
6
3
5
7
3
7
4
1
3
4
2
8
5
10
3
5
8
6
5
4
6
1
3
2
1
3
2
4
2
7
5
6
1
7
4
4
2
2
3
4
3
4
11
5
5
4
5
3
4
9
2
8
3
4
9
2
5
3
4
3
2
3
2
7
6
3
5
5
6
6
2
6
0
3
4
3
5
3
7
3
2
1
4
4
5
3
4
4
6
6
4
4
6
3
3
3
2
1
2
6
3
4
4
6
5
2
4
1
5
2
0
3
4
1
6
5
6
1
5
2
4
6
1
4
4
3
2
2
4
4
2
2
4
4
9
2
4
5
5
5
5
2
6
3
7
3
5
2
6
2
4
4
3
1
4
2
4
4
1
3
2
7
3
1
7
1810
