radiacao de fundo
0
0
0
0
0
0
0
0
0
0
0
0
0
1
1
190
136
77
92
120
99
125
106
83
71
81
87
121
101
86
102
93
90
87
75
80
622
219
60
130
134
70
86
90
74
65
73
74
87
72
83
85
83
91
91
85
76
105
90
97
87
109
119
112
103
130
109
121
135
140
114
130
129
131
123
127
146
121
143
158
131
135
134
149
153
149
156
146
176
155
151
143
162
156
146
193
165
175
179
170
164
170
184
154
175
185
168
172
147
198
176
177
185
185
180
158
153
179
184
161
185
149
146
158
165
166
154
163
172
167
167
140
154
152
170
159
141
151
163
145
132
146
127
149
133
140
128
137
128
116
140
130
145
122
143
136
117
109
126
110
124
100
336
540
102
93
117
112
97
116
126
117
110
107
99
107
103
96
90
94
91
103
82
85
84
82
127
111
95
85
85
86
84
96
73
77
79
76
82
70
76
77
69
58
59
80
93
57
66
64
83
63
53
54
56
63
51
71
70
54
64
67
56
65
62
64
73
49
64
51
64
58
66
65
66
53
50
41
80
103
47
66
51
56
42
49
39
50
44
35
43
42
43
47
44
37
51
54
49
27
50
44
36
35
35
35
43
30
36
30
39
33
30
34
29
52
31
40
31
32
42
44
27
18
31
33
34
35
27
28
32
38
64
38
36
29
32
32
32
28
23
37
22
31
28
25
24
28
24
25
24
22
29
25
30
36
16
23
31
29
26
17
20
19
21
35
18
25
27
19
31
32
27
38
25
24
21
18
22
22
18
25
19
16
22
20
53
23
13
17
24
24
19
20
26
15
26
17
17
18
13
13
22
15
24
20
17
20
27
19
11
19
17
15
17
14
18
18
23
16
21
12
16
16
14
27
19
23
20
12
11
10
25
17
20
22
9
18
8
15
13
20
18
11
16
13
20
18
11
13
11
13
14
22
18
9
22
10
11
12
14
9
13
13
9
9
16
13
16
12
17
12
9
8
7
9
12
13
16
11
13
12
12
16
10
7
12
10
13
5
15
14
21
7
8
3
10
7
15
10
7
13
12
11
14
11
9
4
14
8
5
11
6
12
6
9
10
11
9
9
12
11
7
8
9
10
10
14
14
11
12
13
12
13
15
9
20
26
30
22
16
9
2
10
8
11
10
13
12
5
7
11
9
12
11
10
7
3
12
11
8
13
10
10
10
7
11
10
7
9
7
12
7
6
3
11
6
10
8
10
7
12
6
9
15
8
10
7
8
4
4
5
7
9
9
12
9
7
11
3
4
9
10
8
9
18
19
16
7
4
7
8
4
6
13
6
3
6
10
11
8
5
10
7
4
2
11
7
13
9
30
31
20
6
7
5
3
8
11
3
5
7
9
9
13
6
6
7
7
13
7
4
7
8
6
4
3
5
7
7
6
6
4
10
5
5
7
10
7
5
8
3
2
9
7
4
5
6
9
8
19
24
15
11
9
11
2
5
7
11
3
5
4
10
6
4
10
6
3
8
9
5
4
8
4
4
5
4
7
11
4
4
3
4
3
4
3
3
6
5
7
1
1
4
4
3
5
2
3
4
7
3
10
8
6
3
7
11
4
3
4
5
3
4
2
7
3
5
5
7
3
6
1
5
10
4
2
6
6
9
6
2
6
5
6
5
7
4
6
4
11
3
6
8
5
5
9
5
7
7
5
5
6
8
3
7
8
2
4
9
3
5
5
2
4
6
3
7
3
7
7
5
4
2
4
6
2
5
4
3
3
3
5
5
5
8
4
4
2
6
7
5
9
2
6
7
2
4
6
2
3
7
4
2
3
6
6
3
4
4
3
0
8
8
2
6
4
3
5
1
2
5
2
6
3
5
3
3
4
1
4
5
4
9
3
6
6
4
4
6
3
3
2
4
5
5
4
3
4
2
2
3
3
1
4
2
2
5
7
7
3
7
2
6
4
4
2
5
4
1
1
5
3
6
5
6
5
5
7
4
5
8
9
2
3
4
5
10
11
7
2
7
6
4
5
8
2
4
3
4
1
4
2
2
1
1
6
5
3
3
3
3
3
6
4
5
1
5
3
3
4
6
4
4
4
4
3
8
3
3
5
2
5
4
4
4
5
3
3
9
2
4
9
9
5
6
4
5
5
3
1
5
3
0
4
5
7
3
5
2
4
4
3
4
3
3
3
2
4
2
5
2
2
2
5
5
2
3
3
0
5
2
4
4
5
4
7
2
5
0
5
4
6
6
1
4
1
3
2
0
2
1
2
4
4
2
4
6
3
3
6
6
4
2
3
5
3
5
6
4
2
0
2
4
4
4
3
2
2
4
3
5
5
1917
