radiacao de fundo
0
0
0
0
0
0
0
0
0
0
0
0
1
0
18
922
714
611
396
182
131
132
104
106
75
86
88
114
90
85
83
90
79
73
57
81
150
66
89
87
80
79
71
97
84
56
67
70
93
71
66
76
75
70
83
101
88
85
92
95
106
79
119
92
99
100
101
104
131
108
103
127
149
137
142
136
148
151
146
150
158
161
147
154
166
142
154
152
180
171
144
157
167
170
202
167
165
184
156
195
155
152
185
159
163
162
167
204
191
190
171
177
156
183
155
143
165
181
176
179
175
158
176
163
172
157
181
180
164
160
196
167
158
154
154
164
162
164
159
143
173
164
140
131
123
134
156
147
153
149
124
157
127
139
128
134
120
137
107
100
111
189
113
109
116
114
138
118
103
102
126
102
110
111
107
82
109
100
94
101
97
104
100
90
103
101
97
86
75
75
98
72
89
101
77
87
78
80
79
89
77
76
75
68
81
85
77
82
69
76
62
84
66
60
72
51
68
61
70
72
75
59
58
69
60
56
66
69
61
59
64
54
51
66
54
54
76
92
52
58
49
52
43
40
50
47
35
58
54
39
62
49
42
46
42
44
41
41
37
47
40
45
36
38
53
43
36
41
34
31
35
43
29
42
28
39
37
33
28
43
34
28
30
33
30
30
34
28
27
43
58
29
27
25
33
26
30
24
35
32
25
31
37
31
39
27
33
28
30
30
22
20
33
21
28
26
32
28
25
32
25
32
25
21
21
20
23
25
24
20
28
28
23
20
27
21
28
21
18
24
21
17
26
65
23
19
13
21
11
19
19
15
18
21
13
12
15
21
23
13
22
14
15
17
18
24
13
20
21
19
18
15
26
16
21
18
20
18
9
24
18
13
9
19
16
19
16
23
16
13
15
13
19
11
8
21
24
24
14
18
6
12
15
6
19
16
19
13
16
15
20
7
12
13
15
19
13
11
12
9
17
14
13
10
22
21
15
14
8
14
15
9
12
11
9
11
16
11
9
19
16
17
16
17
12
9
7
12
20
8
16
11
8
8
11
15
13
11
12
14
13
16
13
9
11
15
12
14
12
9
14
12
12
13
11
5
18
7
9
10
8
12
8
9
10
7
7
10
8
13
15
10
29
28
16
11
8
5
12
7
14
10
8
13
11
10
6
6
12
9
11
9
12
7
9
14
2
7
10
6
10
13
11
11
6
10
12
13
9
13
11
6
7
12
2
11
10
9
10
7
8
9
8
6
8
12
8
10
10
5
11
4
6
8
7
10
12
7
6
9
17
23
18
5
6
8
7
7
9
11
5
9
12
9
4
8
9
8
7
15
4
10
3
7
18
43
27
10
11
7
6
5
3
8
5
9
5
3
4
10
8
5
4
9
9
3
5
6
4
3
5
5
9
3
8
13
10
7
14
8
7
9
5
10
5
2
7
6
4
11
3
7
6
7
16
29
17
9
4
7
5
9
6
7
8
3
5
9
6
4
9
8
4
5
8
5
10
3
7
5
8
6
8
7
6
8
8
7
6
3
2
6
5
7
2
7
5
3
8
8
5
6
7
7
5
5
6
5
8
7
2
2
2
5
7
3
6
8
4
5
8
7
3
6
9
6
5
4
8
3
8
10
13
8
9
4
8
10
4
6
8
6
3
5
8
3
5
5
4
7
3
7
3
4
5
10
13
7
7
6
11
5
3
7
4
7
6
9
7
8
4
6
6
5
3
4
7
6
4
9
7
6
5
4
2
2
5
4
7
3
3
6
4
9
2
4
7
1
2
8
9
6
5
5
5
5
5
9
6
4
6
9
8
7
10
4
2
2
1
4
5
4
8
5
5
4
2
2
4
3
5
6
6
4
4
5
5
3
3
5
3
2
8
7
5
5
6
6
5
3
4
3
4
2
4
2
4
4
3
4
4
3
3
4
5
2
2
2
2
5
2
7
6
3
4
5
8
2
5
5
3
4
4
7
1
7
2
12
4
10
13
12
6
1
4
3
6
1
5
6
0
1
3
3
3
1
5
6
3
4
3
2
5
8
3
2
1
7
3
5
6
1
2
7
14
3
8
6
3
3
8
2
4
6
4
3
7
4
4
5
5
7
8
6
4
4
6
5
5
2
6
6
3
2
3
4
5
2
0
4
1
4
1
6
5
2
4
5
2
3
4
4
2
2
4
6
7
3
3
3
4
6
2
5
5
3
3
5
3
0
6
2
2
5
0
3
4
4
6
5
0
2
5
5
5
5
5
3
5
2
8
4
6
5
1
6
3
1
5
4
3
2
3
3
6
4
5
4
6
4
0
5
10
4
6
6
6
5
5
4
1
3
2
1988
