radiacao de fundo
0
0
0
0
0
0
0
0
0
0
0
0
0
1
4
249
113
81
88
112
113
97
112
93
89
89
113
178
98
95
98
94
74
68
105
85
1310
405
79
272
224
103
84
94
78
78
79
79
79
74
63
72
84
81
94
100
86
87
98
89
122
114
131
102
111
104
116
105
110
115
139
142
142
121
145
165
124
135
135
149
139
161
174
171
148
146
140
152
153
169
176
156
160
142
173
171
184
169
160
162
185
148
175
174
178
185
186
193
171
152
166
172
164
171
179
166
158
159
157
163
183
185
166
176
167
157
170
179
175
174
167
150
156
153
152
134
156
155
148
149
134
142
139
132
124
129
132
118
128
141
120
134
147
115
126
145
124
99
128
113
112
124
813
898
124
125
117
118
101
93
113
90
75
116
124
96
102
103
94
112
93
98
105
98
99
92
191
99
117
140
96
79
78
87
92
90
77
90
87
79
70
78
81
84
81
64
71
67
67
58
78
76
72
70
68
73
74
72
55
72
60
58
54
49
72
59
49
58
58
52
49
67
65
60
52
59
47
41
78
81
47
52
54
53
57
33
42
41
41
40
58
49
48
47
43
44
39
28
36
38
36
39
42
42
37
37
49
36
45
39
31
36
45
26
35
33
36
34
35
42
35
38
39
31
30
35
22
32
29
31
32
29
54
33
25
28
25
35
29
24
28
38
36
34
26
24
24
25
25
23
27
23
26
24
18
26
23
29
22
27
26
25
25
21
32
17
24
22
24
32
22
25
24
30
18
19
22
31
23
20
19
23
21
28
31
25
63
28
14
21
18
12
21
18
12
21
19
23
18
16
20
10
25
11
21
20
20
20
15
18
19
28
14
20
20
14
19
19
21
20
25
19
22
12
15
7
15
10
20
19
16
15
12
13
16
15
11
10
15
11
19
13
14
10
11
19
16
15
12
14
11
11
15
10
16
10
20
19
12
10
11
17
15
16
8
9
13
19
16
20
12
13
17
14
16
8
16
18
17
16
8
11
17
13
13
13
13
10
9
14
13
21
19
12
14
14
11
6
12
7
12
12
15
12
11
14
15
11
7
15
11
10
10
16
22
12
8
11
15
5
13
7
10
7
14
13
9
9
11
4
9
14
9
12
12
18
34
34
22
16
10
11
9
14
5
14
8
8
4
8
9
9
5
7
9
12
7
8
8
7
5
16
10
11
9
4
12
6
11
8
7
8
8
5
10
6
10
6
8
3
4
11
5
9
5
9
9
7
6
7
6
10
8
3
14
5
5
6
7
12
18
10
3
12
9
26
27
12
5
8
4
9
5
4
6
7
7
12
5
9
7
7
7
7
12
11
9
8
8
13
34
26
12
11
1
6
11
10
6
3
7
7
7
7
11
6
2
8
12
7
6
5
5
9
6
4
10
9
4
14
6
6
12
9
9
8
5
12
5
9
11
6
3
3
8
12
8
10
9
10
22
11
7
2
5
6
4
5
5
3
7
11
6
4
6
3
10
7
6
6
5
3
8
8
4
5
10
6
8
3
4
5
1
3
3
5
2
3
4
6
10
6
5
0
7
8
7
6
7
5
4
5
6
8
5
6
5
4
10
7
5
3
8
9
7
8
7
3
5
3
5
0
2
2
6
5
5
6
9
6
3
3
4
2
6
5
7
5
6
5
7
5
3
8
4
5
5
8
3
2
6
12
9
9
7
3
5
8
4
6
3
7
2
2
4
8
4
1
11
6
6
2
7
9
7
6
10
6
5
4
7
6
5
7
3
5
8
5
10
5
6
6
1
6
6
6
5
4
3
1
1
6
6
5
8
4
7
7
3
3
6
7
3
6
5
5
3
2
6
6
3
4
1
4
6
1
8
5
7
6
5
7
3
4
3
4
5
3
7
10
3
5
4
3
3
2
0
8
6
4
5
4
2
4
2
2
1
2
1
2
1
6
3
7
3
2
5
2
4
4
3
3
8
5
4
4
1
3
2
7
5
3
4
6
5
3
5
8
9
8
6
4
2
4
5
4
3
5
7
2
2
4
4
5
4
4
3
3
4
3
7
6
4
3
5
1
9
3
4
3
1
6
5
4
0
7
3
1
1
3
2
4
1
5
1
2
2
5
7
6
7
7
10
10
6
6
8
3
5
1
6
3
5
3
6
3
8
2
1
7
3
1
3
2
1
1
6
1
1
3
5
4
2
2
3
2
1
3
1
7
6
4
7
3
2
1
3
5
4
4
1
3
5
3
7
3
11
1
1
3
2
3
5
4
5
2
6
2
1
9
3
3
4
3
3
3
5
4
2
2
5
3
5
3
3
2
5
2
2
5
3
2
6
1403
