radiacao de fundo
0
0
0
0
0
0
0
0
0
0
0
0
0
0
51
2700
971
252
143
133
137
104
112
90
68
90
83
74
87
83
86
85
87
72
71
79
193
81
83
95
97
82
77
87
76
84
68
97
80
78
88
77
96
75
96
89
90
108
86
95
100
106
109
122
126
114
113
93
123
124
137
138
108
117
124
137
136
150
120
146
168
148
151
135
179
161
174
174
161
183
199
170
183
173
183
166
180
186
169
162
170
174
171
171
147
190
188
181
182
179
173
167
177
155
156
148
155
172
159
171
141
175
171
159
169
149
149
161
169
151
157
155
159
147
153
180
136
133
162
117
144
129
136
151
135
147
139
143
102
165
133
124
128
122
132
116
122
114
143
126
127
207
122
110
114
125
123
118
105
128
103
118
96
118
96
109
95
113
85
82
113
85
89
94
120
103
107
112
77
90
85
84
78
81
93
67
76
80
72
90
70
93
62
85
75
74
87
64
73
64
91
57
57
61
59
64
62
55
72
51
66
67
63
83
64
55
58
67
58
53
64
64
63
62
61
62
96
67
43
50
56
46
56
46
50
55
43
45
42
46
51
50
45
36
49
54
38
40
42
40
30
46
39
40
38
40
50
37
39
40
42
46
35
32
35
28
24
33
39
33
35
31
36
32
37
35
29
36
41
38
62
38
32
36
25
32
29
34
25
27
22
27
22
28
30
25
25
27
25
29
18
30
26
26
27
23
21
22
28
22
33
21
21
24
18
24
24
20
19
26
33
31
22
27
16
24
16
19
14
30
17
22
27
56
26
31
24
17
25
23
22
28
14
18
23
24
23
22
15
22
21
20
11
21
21
17
19
20
15
21
20
17
20
22
14
18
18
7
17
13
18
13
15
23
15
23
21
7
23
15
16
19
14
13
13
12
16
17
19
18
11
17
12
20
15
12
9
14
14
16
16
12
21
19
19
16
12
19
10
16
19
10
22
15
22
21
20
17
16
11
10
15
12
10
14
20
13
17
14
12
13
10
8
5
14
17
22
9
13
14
7
12
18
10
20
17
17
13
14
11
15
11
9
9
13
13
10
7
4
8
10
11
8
13
14
11
6
11
11
14
13
9
7
14
15
11
13
11
17
8
17
13
21
31
18
26
17
7
11
5
5
9
7
7
16
9
16
12
6
8
6
8
12
6
19
7
11
9
10
11
10
10
8
15
7
8
10
6
11
11
11
10
11
13
10
7
8
11
8
2
6
12
6
7
7
9
7
8
3
5
3
10
9
9
6
10
4
10
9
11
16
35
12
11
6
5
5
4
11
10
7
9
6
7
5
12
5
9
5
4
7
1
11
14
14
38
36
8
9
10
8
8
8
7
4
9
9
3
3
8
9
10
9
5
5
7
12
9
8
10
9
5
10
7
8
10
4
6
8
11
7
5
2
7
10
4
8
12
9
7
7
4
4
10
11
24
13
8
8
8
5
6
3
6
8
4
7
5
10
11
5
9
6
11
3
4
12
8
5
8
5
6
6
7
7
4
6
8
4
3
7
9
6
10
5
4
5
5
8
1
9
4
9
6
6
7
3
6
5
4
5
6
3
6
6
4
4
10
9
6
3
3
4
6
9
4
6
7
5
6
4
7
2
1
4
6
5
10
2
8
8
4
3
4
9
9
10
4
5
4
2
4
9
7
9
14
10
6
6
9
5
8
2
9
5
1
3
5
8
3
2
6
2
7
2
4
5
7
3
5
5
7
6
3
6
5
7
2
7
2
6
4
3
7
2
2
5
8
4
7
3
4
5
2
4
8
5
4
7
3
4
6
3
6
7
8
4
3
2
5
6
5
7
3
8
3
4
3
6
7
4
3
7
4
4
3
5
5
7
2
0
5
7
6
4
6
3
6
3
6
5
7
6
3
6
6
2
5
3
6
5
7
6
4
5
5
8
2
9
5
3
2
2
6
4
4
7
3
2
4
7
8
3
6
5
3
7
5
7
9
16
8
2
3
2
0
6
5
1
5
4
5
5
2
10
4
4
3
6
5
6
2
5
2
5
2
2
0
3
3
3
7
4
3
3
7
2
7
5
2
1
5
4
6
2
3
5
2
4
4
9
5
2
6
2
6
6
5
2
2
5
6
4
5
2
2
3
3
7
0
3
4
4
2
6
4
2
4
6
6
1
0
3
4
1
6
2
3
4
3
3
4
1
1
1
4
6
5
7
3
4
6
8
4
1
3
6
2
3
3
3
2
4
1
2
1
6
2
4
2
4
4
0
1
1
5
2
1
3
4
7
6
2
4
3
4
7
3
6
2
4
2
2
2
5
5
4
5
4
7
1
4
4
1885
