radiacao de fundo
0
0
0
0
0
0
0
0
0
0
0
0
2
0
1
180
131
87
83
105
115
110
121
86
78
77
80
110
90
99
87
85
80
83
61
79
594
85
91
183
101
73
80
86
72
65
78
74
68
57
76
91
78
75
89
90
78
91
104
90
103
105
110
91
118
107
90
122
111
133
129
136
139
126
149
127
144
134
133
155
159
140
161
184
150
155
133
176
141
167
171
184
136
170
188
168
159
173
163
174
182
173
166
159
164
180
194
176
174
162
179
180
188
161
189
177
187
169
177
156
174
161
175
194
156
157
146
163
163
162
183
165
152
169
157
159
153
157
131
136
147
118
141
128
144
134
137
136
129
127
111
115
123
119
113
106
109
106
120
112
132
500
256
110
127
95
122
111
97
121
89
111
84
96
102
88
103
94
104
92
98
96
89
98
93
137
87
96
111
83
67
81
76
73
79
75
88
76
60
89
69
89
67
82
74
61
64
68
85
91
65
60
76
50
73
53
55
69
58
58
64
64
62
65
55
55
58
56
50
51
56
61
66
65
38
52
80
88
53
56
69
43
38
45
47
41
58
40
57
56
47
35
38
50
43
51
49
39
32
32
44
56
47
47
40
32
41
38
46
41
45
37
45
44
34
45
39
36
37
35
31
26
26
31
21
32
25
37
37
31
59
27
30
31
34
38
32
28
27
22
33
29
31
27
33
28
24
29
35
22
32
25
34
32
23
24
32
35
31
27
26
21
19
20
32
32
20
26
20
24
29
39
24
32
22
27
26
20
29
28
24
29
19
51
41
15
23
21
10
22
19
15
22
22
19
18
21
21
23
18
20
13
17
15
12
15
10
19
19
17
19
16
12
24
19
17
17
13
16
16
19
15
18
20
23
19
17
15
18
17
13
17
12
18
16
22
14
17
14
13
20
21
17
17
18
12
17
13
14
13
17
15
20
11
12
10
17
15
12
17
7
15
15
20
20
22
15
16
14
10
9
13
15
5
17
17
9
10
12
10
10
18
17
9
12
11
10
15
16
17
19
10
11
9
9
16
14
5
13
18
13
12
17
13
16
9
12
13
8
15
7
11
11
12
11
8
11
16
11
9
14
11
9
15
9
9
8
11
12
13
13
12
23
25
29
12
7
5
10
8
5
11
8
18
13
9
11
13
8
14
9
5
9
8
7
13
11
8
8
9
4
12
9
10
11
10
9
5
8
4
11
5
7
10
8
9
8
9
7
8
9
9
5
8
8
7
5
5
4
5
10
11
9
3
9
8
11
13
9
6
19
23
17
8
7
6
5
12
8
10
11
11
3
11
9
3
6
9
7
6
8
8
16
8
5
33
30
10
7
11
5
10
6
9
10
6
5
8
7
8
8
12
7
12
1
10
3
6
11
8
3
5
4
6
9
4
11
16
5
7
9
5
4
6
10
9
4
6
7
6
8
10
5
7
11
17
15
10
5
6
9
3
3
6
13
8
6
3
7
6
6
5
10
4
4
5
7
6
5
4
8
8
8
7
8
3
6
5
7
0
6
11
8
11
4
9
3
6
5
5
7
9
7
6
12
6
2
7
7
5
3
12
10
3
8
11
7
13
3
3
4
6
4
3
6
2
7
5
5
4
7
7
4
2
5
6
7
11
6
7
7
2
3
5
7
2
7
4
1
5
3
9
4
7
2
7
10
8
6
3
9
5
3
9
2
5
7
3
0
5
4
2
9
5
5
5
3
6
3
5
3
6
11
4
6
4
5
7
3
4
3
5
5
2
7
8
7
4
1
5
6
6
2
2
3
4
5
4
2
1
2
7
6
4
7
5
9
7
9
3
5
4
6
2
9
5
3
6
2
3
0
3
5
2
2
0
5
5
6
5
1
1
6
7
5
5
1
3
0
4
4
5
3
2
9
5
2
2
1
3
4
4
4
1
2
7
4
3
3
6
2
7
8
5
1
3
7
4
3
7
3
4
5
1
3
3
4
1
5
5
12
12
4
10
8
7
9
2
5
2
4
2
7
5
3
4
0
2
3
5
3
6
8
6
8
4
2
2
5
3
7
5
3
4
9
5
5
4
3
5
6
8
4
2
3
6
6
5
5
4
7
6
5
6
21
7
8
5
4
4
8
3
5
12
4
4
3
5
2
5
6
5
4
2
5
1
4
3
2
3
5
3
6
1
3
6
3
7
4
6
1
7
5
3
4
0
2
3
6
7
6
5
2
1
5
5
5
4
7
2
1
5
4
1
2
2
2
0
5
5
1
3
4
5
5
6
3
7
5
2
6
6
3
2
7
1
1
5
6
1
3
3
4
1
4
3
5
2
1
8
4
5
1
1901
