radiacao de fundo
0
0
0
0
0
0
0
0
0
0
0
0
0
0
4
181
177
94
93
120
106
120
102
75
88
78
103
100
75
92
88
80
75
73
85
76
134
88
88
97
74
63
88
88
92
75
72
78
78
77
71
89
64
68
85
94
100
97
100
89
85
104
100
98
116
122
118
121
101
120
135
128
121
138
143
140
160
128
143
169
148
148
141
150
149
173
144
151
165
163
181
156
150
171
170
176
167
185
170
181
163
162
195
175
175
191
169
173
170
181
183
200
180
174
186
177
203
165
168
178
169
195
169
159
162
182
144
155
167
159
201
144
183
162
137
163
142
180
155
146
163
140
151
135
148
144
142
145
133
137
122
135
127
131
124
113
103
117
122
135
104
182
142
118
115
101
117
112
116
114
90
113
105
94
117
113
95
93
101
87
92
99
95
96
97
104
100
88
86
89
79
83
87
86
80
93
84
87
98
67
86
70
81
63
75
68
66
70
70
73
72
57
60
63
69
74
65
61
71
42
73
73
57
58
63
58
65
63
63
54
69
71
65
68
61
43
80
89
51
62
60
48
42
53
54
47
45
42
34
40
35
51
53
40
33
46
35
48
34
47
36
44
44
37
39
35
48
43
41
37
40
38
39
42
31
38
30
36
43
43
28
35
37
35
36
24
34
42
41
46
54
29
27
38
27
26
33
50
29
28
28
33
30
33
28
25
32
27
28
26
26
25
29
31
27
21
22
34
31
30
31
32
23
20
26
12
25
21
25
20
39
21
24
20
21
26
18
21
18
20
38
23
28
44
28
19
24
21
19
23
23
11
21
14
24
19
13
29
16
23
20
18
14
16
23
12
19
20
22
24
12
19
14
15
17
23
16
9
19
14
19
21
14
14
19
11
18
11
18
22
17
25
17
11
17
9
19
19
15
11
13
18
18
18
24
10
14
16
16
14
12
15
12
17
16
13
12
9
12
14
5
12
23
16
12
20
14
17
13
5
15
8
14
6
11
15
17
12
6
14
12
11
8
15
11
13
16
15
16
15
16
14
9
17
9
10
16
11
12
13
12
8
9
13
11
14
7
7
8
9
17
14
19
5
10
8
10
11
10
8
11
9
5
10
8
12
8
14
7
12
4
8
25
19
25
18
12
10
13
6
10
8
9
11
9
9
12
8
4
10
14
5
13
8
10
11
12
11
12
5
8
10
6
8
9
13
6
7
3
15
6
6
7
6
10
6
12
8
15
12
8
6
10
14
10
10
8
10
7
10
9
7
6
9
9
6
11
7
10
11
17
14
15
7
14
6
8
10
8
3
8
8
6
9
12
9
10
16
10
3
6
6
10
10
17
43
25
9
10
7
7
11
6
2
6
10
6
2
3
10
10
4
8
9
3
9
5
6
5
6
9
6
7
16
11
3
7
5
9
8
7
8
7
8
6
4
7
10
6
3
10
6
9
5
19
19
10
11
4
7
6
6
3
6
5
10
8
8
8
6
7
9
4
4
5
6
4
6
5
3
6
6
7
7
10
7
7
9
4
4
7
5
4
4
3
5
8
1
7
5
9
3
11
6
7
4
10
5
4
8
9
3
3
6
5
3
5
8
10
3
4
4
9
2
4
7
9
6
11
6
13
6
5
4
4
8
5
4
9
5
8
6
2
6
3
3
7
5
9
3
6
5
6
2
9
13
3
5
6
6
4
5
3
6
3
4
6
6
6
3
5
7
6
1
3
8
4
4
8
10
10
7
4
4
3
8
5
5
4
6
2
8
5
4
5
3
1
3
2
1
5
6
7
6
6
4
4
6
6
2
6
6
4
5
6
4
3
5
8
5
3
7
4
4
6
2
2
2
1
5
5
6
8
4
3
2
8
4
6
1
3
3
8
5
7
2
4
5
3
4
2
6
4
5
5
3
4
4
6
3
3
2
3
7
3
2
4
4
3
6
5
3
6
7
6
3
5
5
2
3
1
1
5
4
5
6
1
6
5
10
15
7
6
2
3
4
4
6
2
3
6
2
2
8
4
3
5
3
5
3
5
7
8
2
3
2
5
2
0
3
2
5
4
4
3
5
2
4
4
4
5
2
4
2
6
2
7
7
8
5
4
3
6
4
9
8
7
4
2
3
1
4
0
4
3
5
9
6
2
3
5
4
4
6
1
5
3
6
4
3
1
4
6
3
3
5
8
3
6
3
3
6
2
3
3
5
7
6
3
2
2
4
3
6
2
3
8
1
6
5
5
0
8
2
6
2
2
3
5
2
6
2
2
1
0
1
5
2
4
3
2
2
2
6
4
1
2
2
0
6
2
2
6
6
3
3
6
3
6
6
3
3
3
1915
