radiacao de fundo
0
0
0
0
0
0
0
0
0
0
0
0
8
0
3
311
130
69
95
116
103
111
102
91
83
82
117
176
94
102
109
98
77
85
80
96
1150
407
84
254
220
79
91
88
77
68
68
85
84
87
82
81
73
80
84
79
90
92
90
94
111
97
104
129
110
111
109
122
131
109
124
134
139
130
161
133
128
142
150
135
140
143
148
152
160
155
144
161
159
167
153
150
186
138
162
166
169
158
183
183
171
162
168
167
182
181
162
159
176
170
154
184
169
152
189
179
167
159
168
159
166
178
155
154
176
163
178
155
195
149
161
154
159
167
118
132
153
165
146
126
140
156
149
150
181
127
143
137
139
147
138
120
137
121
123
105
121
134
130
111
108
124
879
644
156
123
108
107
108
115
96
107
106
107
88
115
112
101
100
88
92
76
101
113
81
97
175
113
97
101
86
86
88
93
74
73
74
80
82
77
61
90
68
61
71
64
79
63
67
62
75
70
42
65
65
51
64
75
72
72
65
68
70
66
60
53
53
52
52
48
57
55
51
53
53
52
45
51
90
71
55
52
57
38
57
62
56
65
49
48
41
45
43
35
42
44
40
37
44
41
38
42
35
38
26
44
41
39
47
33
33
29
39
28
30
41
31
37
36
47
41
33
32
40
29
26
30
35
35
28
33
36
51
33
23
33
29
39
29
30
28
28
30
24
23
25
32
19
18
39
34
22
31
19
36
25
25
28
23
29
21
18
20
24
32
19
25
23
23
27
26
21
26
29
24
20
24
27
31
24
24
24
19
26
21
44
48
20
21
24
26
21
13
15
13
14
24
12
9
19
20
16
22
13
12
17
19
17
24
13
14
15
12
12
12
10
20
15
16
17
17
16
19
23
19
20
15
20
12
16
19
13
12
18
17
16
19
15
14
15
18
17
12
20
17
9
16
20
9
16
15
11
15
19
11
13
13
12
11
14
15
11
12
10
10
11
12
4
8
14
23
10
13
13
18
15
13
17
13
11
17
13
8
14
9
9
18
17
9
19
5
14
21
10
10
12
13
17
12
7
20
10
11
15
13
14
19
11
7
5
14
9
10
11
11
17
5
7
9
17
17
14
11
15
6
5
12
10
7
9
6
7
10
6
12
15
22
29
19
16
9
11
7
6
5
9
11
6
7
7
13
11
10
8
10
8
11
10
10
7
14
10
10
13
13
9
12
9
9
10
7
8
4
6
8
10
3
6
16
8
7
9
7
7
8
7
7
10
15
9
5
9
7
4
7
7
5
7
5
9
9
5
11
7
16
15
18
11
8
11
7
8
8
4
2
10
11
3
10
6
8
16
9
9
6
11
8
9
9
21
26
24
11
5
9
8
9
6
11
5
5
5
7
2
5
6
7
7
6
2
5
5
6
5
8
6
4
5
6
8
11
2
6
8
9
10
12
5
7
2
6
4
8
12
4
9
4
8
6
12
17
10
8
7
6
6
11
8
6
2
5
3
7
9
2
6
2
5
2
6
12
7
3
3
9
5
5
3
6
3
6
10
5
4
6
5
11
6
3
3
7
5
2
1
6
8
7
4
3
4
3
6
6
7
4
6
5
6
5
7
3
4
12
8
7
3
7
6
5
6
7
6
6
3
7
1
9
6
7
3
7
5
6
10
3
5
2
2
2
4
7
5
6
4
4
10
5
6
2
8
7
9
6
5
3
3
8
8
3
5
4
5
8
7
9
4
4
7
8
6
3
2
5
3
5
5
8
6
7
4
5
1
4
2
6
3
4
2
7
8
2
5
7
4
4
10
5
7
5
1
3
7
2
5
4
4
3
3
5
3
1
3
6
6
4
3
3
4
7
1
4
4
4
5
3
3
5
2
4
4
2
2
8
8
3
7
3
2
6
6
4
5
7
7
4
3
4
6
7
2
4
5
5
1
5
5
4
4
2
5
5
4
8
6
9
2
8
9
3
0
11
5
7
4
4
1
1
6
3
3
6
3
2
5
7
3
5
17
6
7
1
4
4
4
5
7
3
2
5
4
4
9
4
5
6
3
2
2
6
5
5
3
5
0
1
2
3
6
5
4
7
2
8
7
4
6
2
2
3
5
7
1
4
2
2
4
3
2
8
8
2
12
6
5
4
5
7
3
3
5
3
5
3
4
3
2
2
9
3
3
4
3
2
6
4
4
5
3
5
4
7
3
2
2
3
7
5
1
5
2
9
7
2
7
2
4
1
4
3
6
2
4
7
2
4
5
1
1
4
6
5
4
4
5
3
1
5
4
2
3
6
8
2
5
3
3
3
7
0
7
2
4
5
4
2
2
1
4
4
4
2
9
6
1844
