radiacao de fundo
0
0
0
0
0
0
0
0
0
0
0
1
1
0
4
188
115
80
109
120
118
95
106
63
90
82
85
108
79
99
87
64
71
91
74
78
169
72
72
83
78
71
103
69
61
77
65
80
75
74
76
71
74
83
86
95
88
88
107
83
104
114
99
104
102
109
108
93
117
120
121
126
116
125
132
122
127
125
142
151
138
156
154
159
177
166
182
157
152
168
155
185
182
166
175
146
165
173
153
170
173
161
174
187
165
185
182
168
142
216
190
170
175
166
178
150
166
177
171
171
153
154
171
171
163
149
154
193
152
185
188
157
147
163
162
150
160
148
146
157
134
149
176
148
129
141
150
128
131
140
141
125
133
119
129
146
123
121
116
139
119
178
123
118
95
102
118
112
103
124
101
104
90
110
95
117
83
94
100
111
93
74
88
92
100
103
105
106
81
96
76
81
90
92
78
84
80
74
84
85
77
71
81
71
66
63
68
78
87
86
74
64
66
81
63
66
58
80
60
66
57
68
85
52
61
57
66
64
63
62
48
64
68
49
57
61
85
77
42
70
66
49
46
51
53
62
53
66
47
46
47
36
49
28
39
47
40
44
39
39
29
45
35
33
31
39
59
45
45
33
34
37
29
38
38
33
35
31
39
29
39
28
37
32
34
35
47
32
33
42
60
36
37
24
45
26
33
31
40
21
32
24
30
34
25
24
29
33
34
30
15
22
24
34
23
25
21
23
29
26
30
29
25
28
22
36
16
25
24
24
22
33
23
19
26
23
22
27
30
18
15
30
39
74
38
21
18
20
14
23
15
19
17
23
16
19
19
19
17
19
18
26
20
18
30
19
26
13
18
13
14
16
23
15
23
12
20
17
15
14
14
22
17
18
15
9
14
15
21
17
19
19
24
11
14
18
16
14
16
11
8
19
19
17
18
17
13
16
13
12
8
9
18
13
14
15
10
17
7
13
20
19
18
19
23
16
16
15
15
14
11
9
7
11
13
10
13
12
13
12
14
10
13
13
14
16
13
9
15
10
17
12
12
8
13
10
11
18
12
11
16
15
15
5
14
9
11
15
12
11
10
16
9
12
21
6
14
8
6
8
10
6
12
13
10
12
13
10
11
9
10
16
35
22
20
10
10
14
7
13
6
7
5
7
4
9
13
5
6
7
10
10
12
10
14
7
12
13
13
8
9
6
12
5
10
3
11
10
10
10
10
7
5
9
14
4
14
6
7
4
9
17
7
9
11
10
6
6
11
3
13
11
8
5
13
9
15
13
8
11
14
22
7
9
8
8
5
8
8
12
7
10
8
8
11
8
3
12
6
7
3
7
7
11
17
29
29
9
7
5
8
10
4
2
6
5
7
6
9
9
9
4
6
5
6
9
4
7
6
8
4
4
8
5
11
8
6
10
7
8
4
7
6
8
11
7
9
4
4
7
5
7
3
12
15
19
8
13
6
3
6
6
6
6
2
3
12
4
4
6
3
6
8
3
4
11
10
5
7
4
7
11
7
8
9
8
4
5
4
4
8
4
6
7
4
6
4
2
4
4
6
4
7
4
8
6
7
5
6
3
5
3
8
3
3
5
8
4
6
11
4
7
7
2
7
2
6
7
8
2
4
6
2
4
2
8
2
11
5
5
5
5
3
3
7
7
8
4
7
4
3
4
5
3
6
7
4
6
9
6
6
6
4
2
4
5
2
3
2
0
4
9
10
7
3
3
6
4
6
5
3
3
6
4
4
3
7
2
6
3
5
4
5
1
4
3
5
3
5
3
5
4
5
6
9
9
3
5
4
6
5
3
10
2
5
5
2
4
3
7
6
4
4
6
3
3
6
3
6
4
2
5
4
0
10
2
4
8
6
2
8
6
4
4
2
5
2
6
0
5
11
4
5
2
3
7
3
2
6
5
2
1
4
3
7
7
3
3
3
3
5
4
5
1
2
5
8
3
7
4
4
9
5
9
5
3
8
4
6
13
10
6
7
3
7
1
5
4
1
7
4
3
9
4
2
2
3
6
6
1
8
7
6
3
4
3
4
2
4
3
3
4
1
1
2
4
0
2
4
4
6
3
3
3
7
5
7
2
4
5
7
8
5
4
5
5
3
3
4
3
3
2
5
5
6
6
3
4
5
12
1
5
2
3
5
5
2
1
5
5
3
3
5
8
1
5
5
2
4
4
1
8
5
3
5
8
2
4
1
4
2
4
5
2
2
4
1
1
2
2
6
4
7
7
3
3
4
3
3
2
4
5
3
2
2
3
6
1
4
7
7
3
2
6
4
3
1
1
2
4
2
2
2
3
2
5
4
3
6
5
4
2
2
1868
