radiacao de fundo
0
0
0
0
0
0
0
0
0
0
0
0
1
1
14
832
427
122
103
111
100
100
100
70
68
85
79
101
80
92
89
83
76
77
85
70
119
68
81
105
62
94
85
90
85
60
68
74
78
78
83
87
81
80
70
107
86
88
92
98
104
111
85
112
115
108
126
113
133
140
133
119
139
135
149
136
146
128
135
125
148
169
148
163
151
172
149
155
173
177
178
157
139
161
156
186
208
165
172
174
180
159
161
176
186
160
187
189
176
174
175
190
184
198
207
181
169
173
184
186
178
179
181
154
176
176
171
178
167
151
149
176
166
141
175
161
159
160
154
150
162
128
153
138
127
137
136
117
149
118
155
146
114
119
129
113
116
126
128
126
124
175
123
126
109
114
112
116
116
93
110
101
128
97
91
116
100
94
93
93
113
87
90
112
107
90
93
105
94
90
79
86
87
75
95
93
82
74
82
81
71
87
73
85
82
76
91
71
56
80
75
73
63
70
86
61
74
65
65
62
55
62
69
70
47
55
49
68
62
52
64
63
59
59
59
54
93
84
56
63
65
53
55
39
60
48
43
49
39
51
36
55
36
48
45
52
36
45
48
41
36
38
38
52
38
47
46
51
44
39
39
46
34
35
45
41
36
31
40
29
28
39
33
37
28
34
29
32
37
36
58
36
21
32
32
25
26
41
30
15
25
36
44
26
22
20
31
26
27
25
33
32
25
31
30
23
26
20
32
34
31
27
25
24
23
14
15
28
18
18
40
29
20
31
22
27
27
18
9
17
17
28
31
63
27
21
19
16
20
28
17
16
14
15
32
19
20
14
19
19
18
22
20
13
16
21
23
17
18
18
19
17
12
18
13
17
25
13
23
12
14
13
17
15
14
13
16
12
8
12
20
16
29
20
11
22
12
14
17
14
20
14
10
17
16
18
10
17
14
17
18
12
17
16
21
15
17
8
19
7
18
9
8
13
17
12
14
17
15
13
18
17
8
9
14
11
13
10
5
14
11
18
10
16
17
16
13
13
19
6
11
13
10
10
8
10
5
7
12
27
13
10
11
8
11
9
9
13
13
10
15
20
13
15
11
11
8
10
8
15
7
10
12
11
17
12
8
9
14
9
7
23
21
24
12
13
9
12
6
5
10
11
4
12
10
5
9
14
12
5
9
6
11
8
11
10
9
12
9
14
7
16
10
6
5
5
11
6
6
7
13
4
10
10
8
9
9
6
6
7
16
16
11
10
9
18
9
15
5
9
6
10
11
9
9
14
5
4
7
8
12
22
17
8
10
9
4
5
11
12
9
10
8
12
9
11
4
7
10
5
6
8
10
8
11
36
34
15
7
8
8
7
10
10
8
9
13
8
7
9
3
9
6
6
6
6
7
7
5
5
4
6
8
8
6
2
8
4
9
7
8
10
7
8
4
8
7
11
9
7
10
10
7
9
10
17
12
5
4
9
5
10
6
6
4
5
6
6
7
6
4
6
7
5
3
10
8
10
10
7
6
5
6
9
4
2
4
8
4
6
8
9
8
7
2
8
5
3
7
6
5
4
7
13
6
6
8
7
7
8
11
5
10
5
5
8
4
4
6
1
3
5
5
7
9
6
7
8
5
1
6
6
9
4
6
4
2
3
6
6
4
4
5
7
7
9
4
10
9
4
6
5
3
4
5
8
6
1
7
4
7
3
2
5
9
4
5
4
1
9
1
10
6
6
3
6
10
5
3
7
9
6
2
4
2
2
2
8
5
4
6
3
3
5
1
4
3
4
7
4
5
1
5
4
6
4
5
6
5
7
4
9
0
2
8
3
3
3
6
8
5
3
7
7
7
7
5
6
6
5
5
6
2
2
7
5
3
4
5
3
3
7
8
7
6
5
4
0
4
8
1
5
3
6
2
1
5
1
3
1
5
8
5
3
7
4
2
7
4
4
1
13
5
3
5
6
1
7
2
5
3
5
5
2
0
5
4
2
9
9
10
7
3
5
6
1
6
3
3
5
3
7
2
3
5
5
4
3
2
3
5
5
5
4
4
1
5
5
4
2
6
5
7
3
4
5
2
2
9
6
2
10
2
5
2
5
4
3
5
3
8
5
0
7
12
13
11
3
4
3
3
5
4
2
6
3
2
5
3
6
2
3
7
3
4
2
7
3
4
3
7
3
1
4
4
2
2
6
5
1
6
2
5
0
3
3
6
1
5
1
2
6
5
2
4
3
1
3
7
8
4
1
2
4
3
5
2
1
3
8
8
4
4
4
2
2
2
2
1
2
4
5
5
2
5
8
3
1
4
2
2
5
2
2
3
4
4
6
3
5
3
4
3
1955
