radiacao de fundo
0
0
0
0
0
0
0
0
0
0
0
0
0
1
21
992
337
186
147
131
142
117
99
93
83
64
91
95
94
108
84
94
77
76
78
69
166
87
63
91
86
79
81
84
81
70
73
85
66
94
75
79
70
69
89
102
116
97
131
125
105
108
98
119
130
110
136
112
108
111
133
127
155
141
162
112
145
135
145
130
167
151
171
166
181
151
165
147
177
144
179
173
144
158
162
158
173
183
178
157
183
167
173
170
154
177
169
161
152
183
171
170
174
177
168
158
165
183
201
161
188
189
177
157
172
201
195
165
160
153
137
155
150
181
158
127
157
158
143
150
147
156
131
124
154
125
119
148
122
138
139
162
131
130
116
107
110
137
109
129
123
195
126
95
86
114
115
102
111
111
109
102
91
77
107
110
87
124
88
91
80
90
108
102
98
91
102
119
72
87
87
75
85
85
64
88
84
81
76
73
76
64
84
81
65
74
80
79
65
84
71
75
64
51
74
72
59
73
54
70
61
52
57
68
50
72
54
60
61
45
49
71
59
54
56
55
79
74
46
70
63
46
49
41
51
45
44
45
33
46
47
45
44
34
42
38
46
32
27
39
51
32
43
41
40
37
37
47
37
36
36
39
44
36
45
32
31
27
35
32
26
32
49
40
41
30
20
31
22
55
57
28
24
34
33
27
26
34
25
25
23
32
29
31
26
32
20
31
31
25
32
21
29
26
32
29
17
36
25
28
30
38
29
29
33
25
21
26
20
15
33
26
16
29
26
19
24
17
23
24
19
19
30
70
30
25
19
15
21
17
16
20
19
22
28
22
20
22
10
23
15
23
17
17
20
14
22
10
22
9
26
14
11
16
20
17
17
10
22
19
15
17
21
11
16
11
13
18
15
17
14
20
12
18
20
9
17
14
17
20
10
17
13
17
13
12
18
17
16
16
17
13
8
18
13
9
9
20
14
15
7
16
10
12
17
18
13
14
12
12
9
15
15
10
8
15
16
8
7
18
11
9
15
8
7
11
13
15
16
11
13
16
7
10
16
7
15
6
19
11
17
15
9
10
10
14
13
15
11
14
8
9
16
14
4
9
7
11
9
10
13
11
11
6
10
8
10
15
12
9
15
15
22
27
17
8
14
14
5
11
11
10
8
5
8
14
11
9
9
11
6
5
10
9
8
13
10
10
11
10
10
7
8
12
10
9
11
10
11
9
8
10
7
7
7
4
15
11
11
7
8
10
11
8
6
19
11
4
10
7
7
10
15
5
7
5
11
9
8
8
21
22
15
11
6
4
6
8
10
6
5
7
6
9
7
11
10
6
9
6
9
12
5
13
12
30
23
9
7
5
6
14
7
4
5
6
5
5
5
7
10
8
12
4
2
6
7
9
11
7
4
7
6
6
1
4
10
6
7
5
9
4
7
3
4
9
2
6
3
4
7
10
8
11
18
24
8
13
7
6
4
1
7
8
7
6
4
8
4
9
4
5
8
8
7
7
5
2
6
10
9
2
4
6
8
3
3
11
6
6
5
4
5
5
5
4
7
8
3
7
4
9
4
4
8
3
3
6
5
9
5
1
6
5
5
6
8
9
6
9
7
4
1
7
3
3
5
4
5
8
3
7
5
9
4
4
4
7
9
0
9
4
4
1
11
2
6
4
5
3
5
7
2
5
12
9
5
4
4
5
2
7
6
9
4
2
2
9
8
4
8
6
2
3
7
7
3
6
5
6
3
3
2
5
6
5
6
4
4
8
5
3
5
5
4
3
6
2
6
4
3
3
4
2
4
6
4
6
6
5
3
6
5
6
5
8
8
2
4
2
3
3
5
5
3
2
6
7
4
6
3
4
6
8
4
7
9
3
4
4
3
0
8
6
4
5
3
5
2
6
10
4
5
7
4
4
2
2
5
7
1
1
7
6
5
1
2
5
7
6
3
4
8
2
4
4
2
3
5
4
2
2
9
5
3
4
4
3
2
7
14
8
4
3
3
9
5
5
1
3
0
1
2
3
5
2
3
6
3
4
7
7
2
8
5
3
3
5
3
3
8
4
5
6
6
1
4
7
6
6
2
2
4
7
4
4
5
3
8
4
7
5
4
5
10
5
5
3
3
2
0
6
4
3
3
7
3
4
2
1
2
2
6
3
7
1
4
4
5
3
2
6
1
2
1
2
3
0
6
6
2
6
0
4
3
5
2
3
5
0
1
4
3
3
3
4
2
3
7
3
4
2
5
0
6
3
4
1
3
2
3
4
3
4
2
0
8
7
4
2
2
7
3
2
5
3
4
2
4
6
3
3
3
1
2
5
6
1
1
2
3
1
11
1986
