radiacao de fundo
0
0
0
0
0
0
0
0
0
0
0
1
0
1
1
162
126
70
87
114
112
109
120
80
76
88
102
109
94
87
90
77
90
79
78
88
486
96
75
151
100
86
77
89
72
74
78
79
79
91
84
70
77
97
99
78
109
87
92
96
99
81
102
94
101
113
126
118
101
123
118
132
125
140
155
129
115
133
151
120
152
146
165
151
152
145
150
144
135
160
151
166
171
167
163
171
171
173
168
183
168
178
171
184
181
188
185
187
204
146
171
175
155
164
172
153
147
155
161
177
169
171
159
155
155
160
161
163
152
140
156
129
153
145
151
145
156
150
155
145
150
153
141
117
126
111
116
126
147
139
137
126
127
132
116
118
124
145
112
121
134
450
200
123
120
120
124
104
107
114
94
99
100
98
92
100
96
85
76
106
85
89
103
89
106
123
72
93
87
91
92
89
82
98
80
81
84
74
80
82
80
68
72
76
67
69
84
66
63
77
64
53
73
58
75
68
68
63
59
68
65
49
66
67
54
58
59
57
60
60
63
54
57
53
80
60
74
79
57
54
63
47
50
47
48
44
49
39
36
39
40
44
42
32
50
43
37
36
47
41
38
48
30
33
35
37
36
44
29
32
39
30
31
31
33
32
32
33
27
37
31
25
22
39
27
29
33
34
31
40
62
42
21
33
39
19
19
37
24
35
19
25
18
37
34
23
24
26
25
23
32
27
28
21
23
17
32
20
27
14
25
31
33
31
19
17
29
16
20
19
24
26
24
30
24
26
35
27
23
20
30
26
23
55
37
23
22
25
20
14
12
21
26
14
19
10
24
25
15
16
20
19
26
13
21
20
20
12
18
17
22
12
16
17
11
19
13
14
15
12
18
15
15
21
22
16
15
11
23
12
16
14
12
13
8
19
16
8
18
14
17
19
19
15
9
24
17
19
14
12
17
13
17
13
18
20
26
16
12
10
11
19
13
14
15
16
15
14
17
11
14
8
15
15
9
11
14
14
14
16
20
10
20
9
10
20
16
13
12
11
12
17
12
10
6
15
17
13
11
11
12
10
6
10
14
8
10
21
8
12
11
12
4
14
7
9
16
13
7
3
15
9
14
10
9
8
14
6
7
8
16
10
19
32
12
18
12
5
4
9
10
19
12
12
9
10
12
10
12
11
13
6
13
9
11
9
12
11
10
8
11
9
8
9
4
8
12
5
6
13
8
13
10
7
14
5
11
13
12
14
7
10
7
7
9
12
8
10
3
11
8
7
7
7
10
6
8
6
6
11
17
25
10
9
7
14
4
10
6
8
10
9
8
10
10
11
8
9
3
8
14
9
6
9
9
31
39
13
11
6
5
13
9
9
12
11
8
4
6
9
6
4
3
10
8
1
8
7
9
5
6
12
6
5
6
4
3
4
5
5
3
5
9
4
3
3
5
4
6
10
5
5
6
7
9
19
14
11
7
3
6
9
6
5
9
7
11
5
5
3
6
4
5
4
4
2
9
4
6
9
5
5
3
7
4
7
10
4
6
7
9
8
8
2
4
6
6
7
9
8
5
7
6
2
8
8
4
5
1
7
4
8
5
7
5
4
4
5
5
7
6
5
7
6
6
6
3
7
6
2
4
6
2
12
2
7
7
7
4
8
9
7
5
10
6
6
4
5
4
4
4
6
5
8
2
4
8
6
2
2
2
4
6
7
5
4
6
4
9
3
3
10
5
3
4
5
4
7
3
8
7
2
5
4
7
8
3
8
4
3
3
9
7
4
6
6
5
5
2
7
5
4
3
3
5
7
6
4
7
5
5
1
3
4
5
4
3
4
6
3
6
5
5
5
4
2
1
3
6
8
6
6
3
4
2
1
3
4
3
4
5
6
8
6
5
7
4
4
3
4
5
4
6
7
3
3
2
2
5
6
8
2
4
3
3
5
3
1
4
3
4
4
4
4
5
3
9
2
5
5
2
8
2
1
10
1
5
0
7
11
14
3
6
3
5
1
6
4
6
2
3
5
4
5
2
4
8
6
4
4
4
7
1
5
2
0
2
1
6
4
2
4
9
5
0
3
3
6
4
7
2
3
6
4
5
3
2
3
1
4
2
5
3
4
8
7
8
3
7
6
1
4
4
4
3
3
5
8
6
2
8
2
3
3
4
3
6
3
6
3
7
9
5
3
4
0
5
5
2
2
4
9
3
4
7
4
2
3
1
7
5
3
2
2
3
1
1
7
4
0
3
3
4
2
5
5
2
4
7
3
4
1
4
3
2
4
4
4
9
6
4
4
6
2
9
2
2
2
2
4
3
3
4
2
5
6
3
2
4
5
1
7
1
1893
