radiacao de fundo
0
0
0
0
0
0
0
0
0
0
0
0
0
3
2
201
151
98
100
131
140
124
97
106
100
94
145
256
110
114
111
90
76
94
91
131
2343
566
100
444
377
73
89
73
73
84
74
77
89
83
87
106
86
94
86
107
96
97
101
111
135
95
100
123
136
123
114
107
117
132
133
113
152
134
136
139
152
133
166
139
134
173
149
153
153
150
148
141
152
160
146
156
173
168
167
174
166
174
190
152
195
183
171
162
181
165
175
190
172
189
163
176
182
166
189
165
153
173
171
171
159
192
144
162
169
147
176
160
180
183
156
156
178
145
162
154
153
142
144
155
124
156
157
132
129
155
128
142
125
117
125
123
132
109
115
126
152
139
132
114
121
122
1689
1444
122
118
133
119
112
85
100
93
98
106
97
98
102
106
92
105
107
98
60
103
85
104
260
133
131
125
101
89
82
74
84
75
86
81
79
72
62
66
84
75
75
73
77
74
68
66
66
51
67
60
76
66
66
73
70
69
57
48
43
69
54
58
50
72
57
53
53
62
60
55
54
44
64
50
98
70
42
61
56
43
38
49
44
38
40
41
49
65
38
35
43
45
35
45
26
41
40
38
42
42
49
37
41
40
49
43
38
43
33
38
42
39
31
36
31
44
41
40
40
30
35
24
21
30
34
29
30
38
55
22
23
30
25
26
28
24
37
19
29
32
26
40
25
28
18
17
30
26
28
25
17
29
26
30
19
25
24
21
24
21
19
17
23
27
19
29
23
28
29
27
27
24
27
16
26
21
24
20
22
27
21
41
70
31
24
16
20
11
19
14
26
16
17
15
21
16
17
19
25
19
16
14
16
20
14
17
23
15
9
14
16
11
16
24
7
23
14
17
21
18
28
11
16
18
12
14
18
15
15
10
12
25
20
14
10
10
22
18
14
20
19
17
21
15
17
16
12
16
21
11
8
10
12
15
17
18
11
14
10
14
14
18
17
12
22
18
17
14
19
15
17
13
12
14
13
16
12
17
13
8
10
11
12
14
16
19
13
16
11
17
10
15
17
9
13
14
6
11
10
15
13
14
9
15
8
15
21
12
17
11
7
8
9
11
11
4
9
7
11
7
14
15
5
12
12
3
13
11
7
8
15
24
35
47
20
16
9
10
9
12
14
8
12
8
11
10
8
14
5
4
13
8
9
6
14
13
11
8
8
6
13
7
7
12
9
8
6
10
8
5
6
9
10
7
8
11
7
14
7
8
14
8
6
8
10
8
6
9
12
11
5
8
6
13
6
9
11
1
10
15
9
22
21
12
3
3
10
7
6
7
5
5
11
7
4
6
7
7
3
8
7
7
7
4
13
7
39
29
13
6
3
9
5
12
7
14
7
3
4
6
4
8
1
4
3
9
7
3
11
10
10
4
11
3
0
9
5
9
5
5
4
7
4
6
9
10
7
7
5
3
6
7
5
5
14
18
27
16
8
8
5
4
8
5
6
6
4
6
4
1
6
5
5
7
5
7
2
13
5
10
11
5
9
7
5
3
7
8
6
3
5
5
9
5
12
8
6
2
4
5
5
11
4
5
6
5
7
6
7
3
5
3
4
5
3
6
6
7
8
8
6
9
7
3
11
9
9
6
2
5
3
4
1
9
2
8
6
5
5
4
5
6
4
7
10
2
7
4
1
8
6
4
9
7
9
7
5
2
6
4
5
5
3
8
4
5
0
6
5
6
2
5
4
5
6
9
6
5
6
8
4
5
7
7
1
5
8
4
2
4
5
4
7
2
7
7
4
7
9
2
4
7
6
7
7
4
4
5
8
7
6
5
4
4
3
6
1
6
2
10
5
3
8
4
7
2
4
3
5
5
3
3
5
7
3
2
9
4
7
4
6
4
4
3
5
3
7
5
5
6
7
4
3
2
0
7
5
1
5
3
3
1
6
3
6
4
5
4
2
3
6
5
1
7
2
3
4
4
4
7
9
5
3
7
4
6
5
1
5
3
5
5
5
11
7
4
2
2
2
4
5
3
5
2
5
2
2
1
7
6
4
5
1
6
6
5
3
7
6
7
5
7
4
4
4
1
4
3
3
1
11
3
5
2
3
4
2
4
4
6
2
2
3
5
5
4
3
3
3
9
7
3
3
1
1
5
2
1
1
2
7
2
4
2
2
5
6
7
4
5
1
3
5
5
5
4
1
3
4
4
5
3
5
3
4
3
6
11
5
3
2
6
8
2
3
6
5
4
2
3
4
6
2
3
4
3
2
4
2
3
6
3
0
2
5
2
3
2
3
1
2
2
3
4
3
3
4
6
5
3
4
3
3
8
3
3
4
3
4
1
