radiacao de fundo
0
0
0
0
0
0
0
0
0
0
0
0
0
0
15
249
183
98
107
132
127
123
111
88
95
79
85
113
94
96
95
94
79
104
72
83
75
79
85
77
92
80
84
84
93
79
85
87
79
60
68
89
91
97
97
100
88
105
110
119
118
99
129
138
117
123
139
116
119
132
131
135
147
146
162
146
132
163
169
169
132
168
174
178
177
167
165
160
169
184
204
177
175
176
201
196
178
187
202
178
176
195
181
181
150
166
213
163
173
170
158
189
185
198
193
166
174
178
171
177
180
153
194
184
178
154
208
161
193
181
155
169
165
160
167
168
161
171
156
147
144
163
170
145
158
136
148
151
171
173
136
154
164
112
144
129
142
116
147
133
110
145
113
132
115
124
133
114
130
110
129
116
106
116
103
103
119
121
93
121
119
96
91
105
94
122
116
94
113
89
105
109
96
86
95
128
95
115
93
87
92
125
108
114
91
104
82
113
80
96
91
79
69
77
82
80
69
82
72
74
75
57
73
60
71
75
68
62
65
53
52
72
60
70
54
49
67
63
99
67
64
59
58
58
51
62
41
52
44
66
50
56
48
58
52
47
46
64
45
51
42
42
36
39
50
46
53
49
37
37
51
42
42
43
42
42
44
43
39
39
36
33
44
38
38
26
48
35
29
40
29
32
67
36
31
29
33
25
32
36
33
32
34
23
24
23
23
39
22
31
24
32
21
23
25
24
24
27
25
32
29
27
26
35
28
31
29
30
25
27
33
11
33
34
32
24
24
32
24
30
19
22
26
32
21
52
52
25
22
13
23
27
17
15
22
25
25
20
19
20
37
20
20
18
20
32
17
15
21
18
19
24
24
12
21
20
19
22
19
18
22
17
23
22
13
14
21
16
18
14
20
13
19
19
25
17
10
10
13
13
15
24
17
13
23
12
15
10
16
11
13
25
15
16
14
18
16
13
18
15
11
14
17
11
15
21
19
13
12
12
20
20
14
14
10
15
12
11
11
14
10
19
12
14
15
8
11
11
9
13
10
17
11
12
13
8
11
12
11
15
14
14
15
11
5
6
9
18
13
13
9
7
11
6
8
11
8
9
11
6
13
15
9
8
8
11
12
14
16
12
9
14
10
15
18
18
32
26
20
7
14
11
9
13
9
10
11
8
7
10
6
12
5
13
12
7
15
16
13
17
6
10
9
11
12
6
12
9
7
12
8
7
11
12
7
6
13
9
9
4
7
8
5
8
8
8
8
14
8
4
12
6
9
9
8
9
10
12
7
12
13
16
10
12
18
19
17
4
13
5
6
9
15
4
6
8
14
8
7
8
6
9
8
8
7
8
7
6
6
22
34
20
13
11
9
10
2
8
9
10
2
6
11
10
6
6
8
5
2
9
7
14
10
5
6
8
5
6
7
7
8
10
7
11
7
5
9
6
8
6
10
4
4
5
4
9
5
7
10
27
17
9
4
10
7
10
5
5
8
6
10
7
6
6
11
6
9
12
7
9
4
6
4
9
5
12
10
5
10
5
6
5
6
9
13
4
5
11
10
7
13
9
5
3
6
8
5
10
5
6
4
2
4
5
9
3
6
7
4
5
6
5
10
10
6
9
6
2
2
9
6
5
4
6
6
3
6
13
8
5
11
8
6
8
6
7
5
5
4
8
2
7
8
6
2
3
5
9
9
8
10
12
5
6
8
9
4
8
5
3
6
4
5
5
4
6
2
6
4
4
9
5
6
8
4
8
6
5
6
9
7
5
3
5
4
7
6
5
5
6
7
6
3
5
5
6
2
2
6
5
2
5
5
7
6
5
8
4
7
3
6
5
3
4
2
6
3
7
6
4
7
4
2
4
3
6
4
6
9
4
8
6
3
0
2
5
2
9
6
7
4
4
3
3
7
2
6
7
5
7
6
3
4
7
4
3
10
11
5
4
5
2
7
6
2
4
8
4
5
5
5
8
1
2
2
3
4
1
5
5
3
6
7
3
3
12
9
10
6
5
3
2
5
6
4
4
6
6
5
6
5
4
2
6
0
4
1
6
6
8
6
7
8
7
2
6
2
3
7
3
6
3
6
4
4
3
4
5
2
8
4
4
4
5
6
4
2
9
4
6
7
8
9
4
10
3
4
2
3
3
3
3
0
6
7
2
4
3
8
4
7
1
3
2
5
4
5
0
7
3
3
4
2
4
1
3
3
4
6
2
4
3
4
4
4
5
2
6
1
7
7
2
2
5
8
5
5
2
5
5
5
3
5
3
2
1
4
4
3
0
6
7
2
1
4
1
5
3
7
5
4
3
3
5
3
2
1
4
4
4
4
5
2003
0
