radiacao de fundo
0
0
0
0
0
0
0
0
0
0
0
1
79
240
33
707
343
158
164
174
155
147
120
115
93
94
117
98
105
117
118
141
125
146
165
149
130
115
109
96
104
124
108
81
101
79
99
92
107
100
96
95
97
89
84
112
106
112
117
111
132
125
106
139
123
145
142
148
143
170
148
148
138
149
155
178
150
150
145
166
136
171
187
161
157
168
183
180
188
170
164
187
194
198
191
192
166
175
203
176
186
181
203
183
189
217
170
163
215
181
187
197
183
185
177
189
207
181
180
171
183
169
188
145
152
145
182
169
163
181
167
143
151
154
175
139
151
162
144
136
175
152
173
148
147
141
129
122
121
147
143
135
139
121
149
116
123
107
123
125
119
112
114
126
146
105
111
122
119
102
107
112
117
122
120
97
103
99
100
116
108
88
96
101
88
103
109
87
95
78
94
93
83
88
87
62
85
73
68
85
86
80
78
73
64
58
70
80
82
78
72
75
81
68
77
66
66
62
65
74
57
72
57
54
64
73
122
52
53
59
62
59
61
43
54
48
48
65
53
50
44
38
42
56
53
61
41
49
51
52
41
56
41
39
44
36
40
47
39
45
50
41
42
48
37
57
47
40
41
29
40
33
32
33
29
33
55
46
31
32
31
34
30
29
22
32
28
33
40
38
33
36
32
28
25
27
33
33
28
24
26
25
34
29
35
21
31
25
27
32
27
34
20
27
19
34
34
28
28
35
14
18
21
21
28
22
22
37
45
26
24
22
28
23
30
20
32
22
17
14
25
19
22
15
23
25
23
19
20
11
18
19
19
28
24
15
26
17
25
21
24
14
16
11
22
18
12
14
21
21
17
16
15
21
19
18
14
16
13
13
30
21
15
21
18
19
14
19
26
17
17
15
24
18
14
12
19
12
18
12
15
15
16
18
16
16
14
12
14
29
18
17
15
13
15
12
18
12
15
14
14
18
11
15
16
20
15
15
16
10
16
20
10
10
12
14
18
15
10
12
21
17
5
13
4
15
14
12
8
11
14
10
13
9
13
22
16
17
11
11
8
11
7
10
8
12
11
8
13
26
31
18
20
7
10
13
9
9
16
6
8
7
7
4
12
16
6
9
13
15
6
5
8
13
12
13
11
10
5
10
12
9
13
5
12
10
11
5
11
7
17
9
12
5
6
9
6
10
10
6
9
8
16
15
10
11
7
8
12
8
13
10
12
10
7
21
24
8
5
12
8
4
6
4
15
8
8
5
6
8
9
10
16
11
10
9
9
14
14
33
25
5
6
8
7
9
10
14
6
11
7
10
6
9
6
8
8
11
4
10
10
8
11
8
10
4
4
7
5
3
6
9
8
8
6
8
8
4
9
7
8
6
10
6
8
11
23
17
9
7
10
6
6
4
7
2
8
3
8
3
5
8
5
6
6
4
5
5
6
5
8
5
10
8
9
8
6
4
7
3
5
6
5
12
6
7
4
8
7
8
3
11
11
6
2
4
1
9
6
5
6
6
12
4
8
4
5
3
7
2
8
2
10
4
5
4
2
3
10
5
5
3
5
6
5
6
8
3
8
5
7
6
6
3
5
4
6
6
9
7
7
6
12
8
2
9
7
7
5
3
8
4
8
10
3
4
5
2
4
2
10
6
3
6
5
3
4
3
3
3
2
1
5
2
6
4
2
5
7
2
1
2
9
7
4
9
10
6
9
7
6
3
6
4
7
4
5
6
6
6
7
7
3
5
8
6
5
5
7
5
5
3
2
4
5
10
2
2
7
2
3
4
3
4
8
10
9
8
2
6
1
5
2
3
7
6
6
4
3
10
9
7
4
2
7
7
5
4
4
5
4
2
7
6
6
4
5
4
6
6
6
3
5
3
10
6
7
6
7
5
14
12
4
5
5
4
4
5
3
3
6
3
5
2
5
6
0
4
7
7
6
10
5
6
4
6
6
5
6
2
4
1
2
4
4
5
5
3
7
4
6
1
9
7
10
2
6
5
5
6
5
8
16
12
2
6
5
3
2
3
5
3
5
2
3
5
2
2
7
3
7
5
1
5
7
0
6
8
6
10
2
8
5
2
6
5
1
7
3
2
5
6
6
2
8
3
8
3
4
3
3
3
2
3
2
5
5
3
6
4
6
4
5
4
4
7
0
5
3
1
5
4
3
4
5
2
3
1
8
0
2
4
2
3
3
5
4
5
4
9
9
4
3
5
9
3
6
6
3
2
5
7
7
3
3
6
3
5
4
6
4
6
8
4
6
3
3
3
4
2
4
3
3
3
0
6
4
5
8
3
5
3
8
2
7
5
7
9
14
11
8
5
4
1740
