radiacao de fundo
0
0
0
0
0
0
0
0
0
0
0
1
0
1
8
210
154
88
148
123
120
132
104
83
68
104
86
93
89
86
88
78
74
86
69
81
81
71
85
82
79
82
86
87
61
75
90
82
68
82
71
78
91
98
71
97
112
99
114
107
94
105
100
115
112
112
116
128
99
102
117
131
126
137
150
137
157
130
136
155
155
157
155
187
149
155
181
150
186
160
150
185
201
162
173
186
186
193
162
165
170
174
188
156
194
153
164
199
192
164
171
206
174
164
204
182
179
155
159
190
169
171
172
161
159
141
191
182
164
164
154
139
189
144
168
148
155
137
161
154
143
151
154
149
130
144
155
133
133
150
149
132
129
140
155
139
130
117
124
130
129
113
119
112
103
124
103
114
104
110
115
109
126
110
104
120
111
110
89
86
100
104
86
83
122
90
90
99
115
94
82
88
90
96
98
82
100
84
94
84
88
98
85
89
95
62
72
73
65
73
66
75
71
79
65
66
49
59
55
64
68
72
64
85
54
59
45
62
59
73
62
52
62
51
68
64
56
58
109
69
51
61
63
50
46
46
60
46
44
36
45
47
57
51
46
46
48
52
46
29
38
43
35
41
43
31
34
36
45
29
36
46
47
31
33
58
38
35
42
29
39
22
41
46
24
30
33
26
31
39
30
31
55
40
30
41
25
29
43
30
30
25
26
18
34
30
31
30
28
30
30
33
25
24
29
33
22
22
26
25
21
25
32
23
30
37
34
24
23
20
31
28
30
38
27
19
24
18
28
21
19
25
20
16
27
49
60
14
20
21
20
17
25
20
14
29
21
26
24
17
30
13
19
20
22
23
23
20
14
17
21
11
15
15
24
13
17
26
25
22
15
18
22
19
17
19
13
11
20
22
27
16
27
20
12
25
15
15
22
17
21
20
16
17
12
19
21
13
7
19
10
12
19
16
9
16
11
22
12
11
11
8
11
15
15
8
14
16
14
18
19
10
15
19
14
17
11
14
24
8
14
11
9
13
13
18
18
13
8
12
13
11
16
8
8
17
8
12
17
11
20
8
8
10
12
12
18
6
15
7
7
10
11
8
18
9
9
14
17
11
14
13
10
8
9
14
10
13
11
13
14
11
10
13
10
20
23
19
19
14
7
5
12
5
7
11
10
13
10
10
13
12
12
11
10
8
7
12
9
8
19
13
11
12
10
10
7
9
3
6
8
9
6
7
12
9
7
11
7
10
7
6
12
11
10
10
15
7
11
6
7
11
11
8
13
8
9
8
12
14
9
10
5
10
12
26
12
16
10
7
7
11
9
6
7
10
9
7
9
9
10
11
7
5
7
7
10
7
11
23
39
24
13
4
9
8
7
9
10
12
3
6
8
9
5
11
8
6
6
2
11
6
10
5
4
7
7
12
6
4
5
9
6
4
9
5
7
6
13
8
13
7
13
8
9
6
9
9
9
20
25
12
6
5
10
6
3
4
7
9
6
6
10
6
4
3
7
5
8
11
9
7
8
6
2
6
10
3
6
5
6
2
6
5
6
7
6
7
12
3
5
8
4
7
7
3
7
7
4
6
9
2
5
6
12
1
1
5
7
7
5
3
10
8
7
13
5
2
6
3
6
7
7
4
5
5
7
7
8
2
5
4
6
7
0
3
5
5
5
5
6
6
6
5
4
4
1
9
4
11
8
8
6
2
5
5
5
9
5
8
6
7
3
5
6
5
10
6
6
4
3
6
7
1
4
3
9
6
9
5
6
8
5
4
3
5
5
7
6
2
7
5
3
3
1
5
6
0
7
5
2
4
4
3
1
3
4
5
2
4
4
5
7
3
6
5
9
6
3
7
4
3
9
4
6
2
2
8
3
4
2
3
3
4
3
7
7
3
8
5
3
6
7
6
9
4
3
3
3
9
3
5
9
4
2
3
1
3
3
3
4
5
2
5
2
2
2
7
4
9
5
5
4
5
4
2
5
6
8
6
7
4
5
6
1
7
8
7
10
6
2
4
4
4
5
6
1
4
4
3
5
3
4
3
5
9
6
6
2
4
5
4
4
8
5
8
6
4
5
3
6
4
3
5
3
6
6
2
3
4
3
4
4
5
7
9
5
7
2
9
9
18
9
9
2
6
4
2
3
1
7
3
4
4
8
1
7
1
6
3
3
2
6
3
4
4
4
6
3
2
2
5
2
3
4
1
2
3
4
2
3
0
0
7
1
3
3
2
4
2
1
5
5
1
2
2
4
1
4
4
4
6
2
3
4
8
9
1
1
6
3
2
2
5
7
5
1
2
5
1
2
2
4
5
2
1
5
4
5
0
2
11
1904
113
