radiacao de fundo
0
0
0
0
0
0
0
0
0
0
0
0
17
61
73
2433
544
216
177
142
117
117
92
89
89
77
85
95
99
82
102
88
79
88
94
113
64
90
83
79
88
88
92
74
77
92
92
78
83
89
80
102
73
98
94
104
116
115
146
107
128
99
137
131
137
138
157
146
162
138
143
161
178
151
168
146
164
164
173
163
185
198
175
150
159
171
174
188
187
185
189
193
201
194
173
201
160
177
184
209
193
166
181
184
164
200
185
205
183
199
212
193
198
218
215
169
185
173
200
185
166
204
171
168
157
154
184
174
162
156
171
164
161
180
142
157
156
165
156
163
175
154
155
137
149
133
156
142
144
131
133
139
143
132
123
123
108
123
127
116
135
118
107
112
98
100
102
128
116
108
84
98
93
98
112
89
80
92
107
98
97
101
87
97
94
91
95
110
68
78
85
79
73
91
95
69
73
84
80
64
71
78
75
72
77
71
76
69
76
82
66
64
73
51
59
80
67
50
62
70
61
64
57
70
70
105
70
63
60
78
65
54
47
57
58
52
52
64
48
49
41
46
46
59
41
52
46
42
48
38
62
50
42
40
53
45
42
41
49
46
47
52
31
41
35
50
45
37
46
29
44
39
39
33
35
49
47
28
25
28
45
30
34
35
25
28
41
32
31
29
28
36
25
41
33
28
25
42
43
39
35
28
38
36
31
32
23
25
34
28
18
25
28
24
35
30
22
20
18
25
29
19
29
35
22
21
54
51
27
24
26
15
22
21
21
21
31
23
26
16
20
23
15
22
29
16
20
20
23
20
19
27
34
16
23
23
18
29
16
20
17
23
26
15
20
15
12
29
16
18
19
19
17
20
22
16
14
18
23
20
20
21
20
19
14
15
7
15
13
21
22
20
16
19
18
15
14
10
20
24
13
19
15
15
12
13
10
12
14
18
17
15
11
16
13
13
12
18
14
14
14
11
11
16
12
14
24
18
7
15
17
12
18
14
9
10
11
12
10
18
11
17
15
11
5
10
16
14
16
11
11
17
16
12
11
5
13
6
9
10
7
9
12
9
9
9
12
18
27
37
18
15
4
10
7
10
15
9
7
8
7
11
7
9
11
12
9
11
14
9
9
8
15
11
11
11
11
13
7
18
6
8
8
7
10
7
4
10
12
9
11
9
10
11
12
8
7
12
12
9
10
11
11
7
11
7
10
9
11
9
12
11
16
18
32
11
7
7
7
8
10
13
7
7
6
3
3
11
6
4
8
10
14
11
9
9
27
48
16
9
8
9
7
7
9
8
7
6
8
9
10
6
10
9
7
6
9
8
5
8
8
5
8
10
4
13
7
8
6
9
2
9
5
7
12
11
6
5
7
8
6
4
14
24
27
13
8
5
8
9
6
5
4
9
2
4
10
3
1
5
7
10
6
7
8
7
4
11
4
8
5
8
7
3
5
9
9
9
3
4
6
10
4
5
3
1
5
8
5
3
1
10
2
6
5
5
5
7
3
1
8
4
7
4
6
10
7
6
8
3
14
9
3
10
7
7
10
7
8
6
6
4
5
4
6
5
9
6
1
5
7
6
3
5
9
8
8
10
6
12
8
6
7
6
5
3
3
7
7
7
10
7
4
1
5
4
6
4
6
8
6
3
7
7
10
5
5
6
8
5
4
4
5
3
5
7
7
1
8
3
3
3
5
7
7
4
3
5
5
12
6
4
8
4
2
3
7
4
5
5
5
5
4
3
5
7
5
4
8
5
5
3
3
2
6
6
2
5
2
5
3
4
10
4
5
2
4
1
2
5
3
7
1
7
5
9
6
8
1
4
3
7
1
5
4
4
7
9
5
8
3
2
3
9
6
4
1
3
8
7
3
4
7
5
3
3
11
13
21
8
6
5
4
5
4
9
0
7
4
6
5
4
8
3
5
7
7
4
5
5
4
6
5
7
2
5
5
4
5
7
5
5
5
5
8
3
2
5
6
3
0
8
6
3
3
9
2
7
8
7
8
9
2
5
3
5
2
5
4
8
3
0
5
5
6
5
3
2
6
5
7
5
0
1
4
1
3
4
2
12
7
4
4
2
2
4
3
4
2
6
2
1
6
2
5
2
3
2
3
5
4
1
4
1
3
4
0
2
3
5
6
3
5
5
2
2
5
6
7
2
6
5
2
9
3
3
2
3
3
9
4
0
5
4
4
7
6
6
5
3
3
5
3
4
2
4
5
6
4
4
4
5
1
5
2
6
1
3
4
3
2
6
1
5
3
2
7
4
4
4
6
1
3
6
2
5
5
9
7
4
3
9
3
4
4
4
8
7
7
4
3
6
7
1902
