radiacao de fundo
0
0
0
0
0
0
0
0
0
0
0
0
2
0
35
323
255
223
199
193
153
109
93
94
72
84
87
86
81
87
87
90
87
85
86
74
87
76
84
84
78
81
84
82
87
93
84
76
82
79
113
91
88
67
89
96
104
89
101
103
126
115
101
103
128
113
139
128
138
125
128
146
148
141
147
153
142
144
155
154
167
146
151
208
165
171
181
157
180
177
155
182
172
172
209
184
187
201
221
190
232
181
182
194
180
190
190
202
202
179
199
176
184
173
169
176
194
163
175
210
192
189
167
183
186
175
205
183
184
171
188
174
182
193
166
184
180
175
156
153
201
162
168
163
168
145
147
149
153
125
152
150
154
161
137
141
146
142
150
118
130
135
138
120
134
132
121
120
105
117
103
102
118
104
123
126
108
98
98
102
101
94
119
109
93
89
119
90
92
95
97
86
87
95
88
87
70
91
84
99
75
90
75
88
76
72
97
89
75
85
80
80
64
63
68
64
66
61
84
53
63
78
68
70
69
70
60
59
65
61
69
68
57
64
70
62
62
67
97
81
53
68
62
55
58
59
57
51
48
45
49
51
47
41
60
56
41
46
52
50
33
43
43
35
40
57
30
36
36
38
39
38
54
48
46
43
37
40
39
44
48
32
39
33
46
35
26
28
37
37
39
37
57
32
39
29
35
33
30
27
32
41
30
34
37
38
34
23
38
28
29
28
40
29
28
26
27
22
20
38
20
26
36
26
28
34
28
32
27
30
28
29
36
32
24
34
23
18
25
20
25
17
16
32
20
54
56
24
21
22
24
22
21
21
25
22
28
19
19
26
25
20
23
23
25
15
17
23
16
17
11
15
21
16
16
19
24
14
18
20
20
13
18
20
22
26
21
22
15
25
18
12
18
15
25
16
14
19
11
19
20
20
12
18
20
15
13
26
15
20
24
17
9
15
12
17
13
16
17
13
22
14
17
20
13
20
15
21
16
15
21
19
15
13
16
12
11
14
11
17
17
14
10
11
17
11
10
16
14
12
16
16
13
5
12
12
10
13
15
10
11
11
18
6
12
7
16
18
13
13
7
13
12
5
14
17
9
14
15
17
10
9
18
17
12
15
16
11
16
12
16
7
6
11
15
23
32
29
22
23
7
15
15
6
13
15
11
15
13
6
16
9
10
6
9
9
10
6
14
12
10
13
11
9
10
10
8
8
13
13
15
5
11
12
13
6
4
11
7
9
10
6
13
7
16
18
7
9
16
6
7
11
13
8
4
5
4
8
9
7
10
7
12
13
9
16
20
10
4
9
7
8
8
7
6
4
4
6
9
4
2
12
7
10
3
13
6
16
15
14
42
25
15
8
12
7
8
7
5
13
6
10
14
3
5
7
6
10
9
10
8
5
8
9
12
2
11
9
7
12
6
8
7
9
10
3
9
8
8
8
7
6
9
11
6
9
9
9
7
13
28
14
12
4
8
5
9
4
7
9
7
6
6
5
4
6
2
8
10
4
7
4
1
7
7
7
4
7
4
7
5
10
12
6
8
7
2
5
5
5
7
6
4
3
9
7
9
11
4
4
4
6
4
3
10
8
10
3
8
4
8
9
11
9
6
0
2
4
12
2
9
5
2
3
11
10
11
7
5
4
12
4
1
5
11
5
9
4
6
5
3
4
6
2
5
6
6
8
7
4
5
12
4
7
5
6
3
7
6
7
2
7
5
4
6
5
5
6
4
4
2
6
6
9
7
10
10
5
1
3
7
6
5
6
8
5
6
8
3
7
6
3
8
6
4
5
3
4
3
2
2
5
5
7
7
3
5
6
4
7
7
7
4
6
5
0
4
2
4
5
3
6
5
3
7
3
2
8
3
7
5
8
7
5
9
6
5
1
7
7
6
8
2
4
8
2
5
2
3
5
12
4
5
4
4
3
6
4
4
3
5
6
9
9
7
2
8
6
4
4
4
2
3
1
3
3
4
7
4
3
6
3
3
6
2
5
4
11
9
2
6
5
9
4
7
4
4
4
4
9
4
6
9
7
4
4
1
8
8
10
6
2
5
6
5
4
3
5
6
3
3
3
7
5
5
4
4
3
2
2
1
3
3
7
6
4
6
7
3
5
3
6
9
4
4
2
2
4
4
9
4
4
3
3
4
7
4
4
0
2
3
8
3
5
1
2
6
2
2
3
5
2
6
5
6
4
2
3
1
6
3
2
6
3
5
2
2
3
6
5
2
1
4
9
2
5
5
3
3
7
6
1
0
3
3
6
2
7
0
3
9
4
3
5
6
3
2
1
5
5
9
6
8
9
3
3
3
4
3
3
7
2
2199
0
