radiacao de fundo
0
0
0
0
0
0
0
0
0
0
0
0
2
2
32
261
200
106
91
126
116
109
108
95
75
91
82
106
90
86
90
90
69
82
76
79
75
84
88
79
99
65
85
75
64
94
79
95
81
82
90
65
68
91
86
89
82
114
92
97
101
105
111
97
128
133
130
116
124
134
120
137
132
165
141
144
128
147
154
167
168
172
144
165
164
176
183
155
172
156
157
165
183
173
160
201
180
179
175
172
180
169
175
181
147
156
205
155
205
178
200
185
183
168
202
171
185
167
166
181
180
189
181
189
159
184
163
171
180
156
172
155
145
175
150
172
173
158
153
175
147
149
148
164
135
137
156
125
149
116
144
153
131
119
139
127
124
153
127
107
129
119
137
99
109
114
127
120
99
122
140
101
108
101
117
99
101
98
109
93
103
87
117
93
106
101
100
108
114
87
91
95
94
86
91
82
79
78
81
89
80
60
86
85
97
86
78
83
74
67
69
76
72
59
65
61
67
61
80
58
67
65
69
69
67
79
58
64
63
44
72
75
76
75
65
71
56
56
104
69
52
73
61
44
49
45
47
50
40
60
40
56
54
47
45
51
38
43
38
49
46
40
48
41
39
39
31
38
46
43
29
43
36
38
30
32
32
36
36
36
48
37
35
31
39
29
38
29
44
27
28
51
67
24
38
36
28
32
41
41
31
32
31
37
22
37
25
34
23
40
35
25
16
29
29
33
31
31
29
24
27
22
27
33
23
32
37
37
34
21
28
21
25
38
26
32
29
25
17
24
16
14
23
28
24
32
53
23
24
21
22
23
24
25
26
22
14
22
14
16
14
17
18
15
24
17
15
23
16
6
26
24
25
20
17
18
18
16
23
20
21
27
16
15
17
17
25
16
10
18
14
19
27
25
15
18
18
10
16
13
14
27
17
20
9
15
15
12
16
16
14
15
12
26
10
16
17
21
18
14
11
15
13
14
12
13
16
11
15
22
18
8
20
17
15
10
12
11
23
19
15
16
13
12
12
15
11
14
13
20
17
16
19
13
9
16
11
19
15
13
12
10
12
11
12
14
11
14
14
16
14
11
7
13
13
6
12
11
14
17
2
11
12
9
20
6
12
13
8
14
23
12
14
16
14
13
32
18
22
14
12
7
8
17
12
12
9
12
14
14
13
8
12
11
11
9
11
10
11
11
12
12
13
13
9
9
11
8
17
8
7
8
9
13
4
15
9
7
7
8
8
6
9
8
12
11
10
4
12
11
8
7
10
16
10
6
8
6
7
10
12
10
11
11
9
21
15
15
11
4
5
7
7
8
6
6
10
3
9
6
8
6
12
9
8
16
8
7
13
16
44
20
9
8
6
5
6
7
8
8
6
6
9
10
11
12
2
8
10
6
5
5
9
10
8
6
7
5
8
6
3
7
3
6
6
7
7
6
6
4
12
5
7
9
8
8
12
8
6
17
28
13
9
4
12
8
6
9
9
7
1
8
5
9
3
6
4
7
9
6
5
11
10
6
8
6
3
6
4
8
7
7
6
4
3
9
4
9
5
3
7
9
7
9
7
9
11
7
3
5
6
2
8
6
1
6
7
4
6
7
2
12
11
6
11
7
9
1
4
3
6
4
6
1
3
7
7
6
8
4
6
4
7
2
7
5
10
3
7
6
4
9
6
10
7
4
8
10
8
4
11
8
5
6
7
6
4
3
6
4
5
7
10
5
3
1
6
7
7
0
9
12
4
4
4
10
3
6
7
8
4
9
2
5
2
8
5
3
2
7
5
4
6
5
7
6
9
3
7
8
6
5
3
4
2
10
7
3
4
4
3
4
6
0
5
6
2
8
6
4
0
6
7
3
5
5
0
5
7
3
5
2
8
3
7
3
3
2
3
3
4
3
10
3
3
3
5
8
4
3
3
7
6
9
6
6
6
4
5
4
4
3
5
0
3
7
3
7
7
6
0
6
6
4
7
6
5
4
3
4
6
7
3
8
5
1
10
19
12
6
7
2
2
5
5
6
4
1
5
4
5
3
4
3
5
7
0
6
4
6
3
8
6
4
3
5
6
3
3
6
11
2
5
7
6
4
5
1
3
2
6
4
3
3
3
6
3
8
11
4
5
4
7
10
3
5
2
2
3
5
2
1
3
1
4
8
3
3
1
5
4
5
4
3
10
1
6
8
2
5
4
3
1
1
3
5
3
3
8
2
8
4
3
3
3
5
5
5
4
5
1
4
0
4
0
3
6
2
2
5
6
2
6
3
5
5
5
1
5
4
3
4
3
0
5
2
4
3
3
4
2
4
4
3
0
6
6
5
6
4
5
1
2063
0
