radiacao de fundo
0
0
0
0
0
0
0
0
0
0
1
0
0
0
33
317
264
143
125
136
140
136
125
97
99
90
105
91
109
93
104
106
94
92
108
82
88
74
83
77
80
79
95
92
93
103
112
88
99
84
87
100
90
111
106
109
115
113
104
120
124
108
145
123
111
138
146
132
150
122
158
157
151
150
167
201
181
159
187
179
156
183
190
204
182
201
196
179
209
210
199
198
204
207
201
218
211
242
231
211
185
193
206
213
200
234
207
205
232
216
202
189
207
217
199
221
217
189
198
191
223
187
221
193
210
196
223
202
231
199
207
178
194
189
188
157
187
185
174
171
180
188
181
160
176
182
170
154
176
165
154
169
168
162
173
135
167
135
145
146
135
124
148
141
124
149
152
140
140
125
135
121
139
140
121
130
105
121
119
129
111
113
134
97
116
105
100
110
133
117
100
109
121
109
98
87
93
82
85
88
101
100
96
89
87
101
106
92
95
96
105
85
88
82
84
69
88
82
78
79
66
88
68
69
73
75
76
72
63
66
61
58
80
86
78
73
79
64
120
85
77
78
71
59
48
64
70
42
59
48
64
52
59
56
42
57
69
56
64
47
59
44
44
41
58
43
38
37
60
70
56
50
39
43
45
49
49
33
32
47
47
37
35
46
30
43
38
36
45
33
44
47
78
38
40
33
41
38
37
43
27
41
35
36
36
27
28
28
37
33
28
29
47
26
37
32
35
43
26
31
26
31
33
34
42
32
38
28
25
27
30
29
34
41
26
23
28
28
25
26
23
24
36
24
23
45
60
25
21
27
18
20
22
22
26
20
26
35
29
22
15
22
22
15
17
17
18
15
20
16
29
26
21
30
15
26
22
25
24
22
26
18
16
24
19
22
25
33
15
14
24
19
19
16
13
27
12
17
21
19
22
17
14
14
20
17
23
17
15
19
10
20
22
16
14
19
16
15
17
18
23
15
21
10
19
22
21
16
16
21
19
9
20
21
18
20
2
18
13
13
13
17
18
17
11
13
16
16
21
23
13
14
20
24
10
20
12
20
22
17
8
17
20
14
15
17
11
8
13
12
11
17
12
19
11
13
14
17
9
20
10
16
14
11
15
15
11
9
16
16
12
13
21
10
14
17
34
26
22
14
13
4
15
13
9
13
12
10
17
16
15
9
13
6
11
4
8
8
12
10
10
9
14
6
14
5
13
10
8
6
10
3
11
16
11
10
9
7
5
15
7
9
13
13
12
9
6
7
7
11
12
12
12
10
11
15
9
10
17
11
5
10
12
12
15
25
21
15
7
11
12
10
8
6
7
11
8
9
5
15
14
11
9
15
13
10
16
8
18
16
52
34
14
2
9
12
10
13
4
8
10
4
7
7
13
12
14
16
10
11
4
9
4
7
16
8
7
10
6
8
8
12
6
4
3
8
5
9
12
8
11
11
4
5
9
9
12
9
12
15
24
16
11
7
8
13
10
4
8
9
4
4
5
10
5
10
6
4
6
5
6
12
7
5
5
3
9
8
7
12
2
11
7
9
8
5
5
3
11
3
9
6
9
8
6
6
7
10
12
7
11
5
13
5
9
6
5
3
7
8
9
12
7
13
8
2
6
7
6
7
6
10
3
6
11
6
9
13
3
6
4
2
8
5
5
6
8
4
2
7
9
9
2
7
4
9
12
8
9
2
9
6
7
3
3
4
6
8
7
7
8
6
7
7
11
7
5
9
7
5
8
6
7
7
3
3
10
7
3
7
5
5
7
7
5
6
4
9
4
5
4
5
6
4
6
6
4
7
10
6
5
2
5
6
5
4
4
4
5
4
6
6
5
6
3
8
13
7
11
3
7
6
12
3
6
3
3
8
4
7
9
6
6
5
7
3
5
7
10
8
3
7
9
9
6
2
7
4
4
5
9
7
4
5
3
4
4
2
3
1
6
3
7
6
4
7
5
5
6
4
8
3
8
4
4
9
4
4
3
4
2
6
2
7
7
6
14
11
10
7
4
7
9
6
6
4
2
6
2
4
3
7
4
5
2
6
6
6
6
3
4
5
3
4
3
6
6
3
8
6
7
5
5
4
5
4
3
3
6
3
2
7
6
1
3
9
6
3
11
2
5
7
7
7
7
5
4
6
4
4
4
7
7
5
6
2
5
6
2
1
6
5
3
2
7
2
6
2
3
3
5
5
7
5
5
5
1
4
3
4
6
2
1
4
2
7
7
4
4
5
7
1
8
7
3
3
7
3
3
4
2
1
5
6
4
8
7
5
6
8
5
1
5
8
4
2
0
6
2
4
9
7
4
7
6
2
6
4
2
0
4
5
2381
0
