radiacao de fundo
0
0
0
0
0
0
0
0
0
0
0
0
0
2
21
209
156
112
134
131
133
138
111
84
102
84
81
90
102
95
93
76
102
80
78
94
76
92
90
82
76
76
85
83
88
70
87
88
79
104
76
83
99
80
91
85
92
92
97
90
103
88
118
124
114
147
114
134
121
124
132
155
148
141
135
156
141
162
143
135
159
190
157
176
151
186
178
184
180
169
193
193
200
214
174
180
174
177
198
152
190
184
196
194
202
188
188
191
167
201
189
203
185
203
164
175
200
171
190
164
186
208
200
172
187
188
199
174
190
166
176
183
173
154
157
183
175
179
172
156
171
178
164
146
159
149
169
130
161
150
132
147
135
167
138
138
166
139
156
156
127
101
132
119
132
133
119
119
123
133
115
106
115
125
119
99
124
98
106
99
110
102
109
115
103
113
109
89
117
95
88
84
84
114
106
96
85
89
99
88
88
90
85
99
89
79
85
83
78
85
84
77
90
81
64
75
70
85
63
57
73
70
61
62
71
78
64
81
69
63
72
47
80
51
65
65
71
62
113
71
59
56
68
57
44
45
49
48
53
44
32
60
47
48
54
51
48
47
39
49
61
42
47
58
45
47
38
47
39
49
39
40
36
41
39
36
36
46
43
55
37
33
35
30
39
38
33
40
35
41
35
41
48
35
41
31
32
38
31
38
30
34
37
23
38
28
29
36
38
26
25
27
41
20
32
34
32
31
29
29
30
20
31
31
22
31
23
25
31
33
21
32
35
28
25
30
18
35
20
28
18
31
23
19
23
68
45
21
24
17
13
26
33
20
18
19
23
34
26
29
22
25
18
18
19
29
22
14
13
21
18
23
18
20
17
16
21
16
17
15
16
26
25
17
17
19
18
13
17
14
22
19
25
15
15
21
12
19
16
15
18
14
15
21
21
13
19
17
18
20
18
12
15
15
17
9
13
13
11
12
12
17
14
16
9
16
17
14
16
14
12
17
11
19
11
20
15
19
12
11
13
8
20
12
9
15
7
13
9
16
18
15
15
15
15
17
8
9
11
13
11
13
11
15
10
4
11
11
11
9
10
7
17
16
12
16
13
16
11
11
14
9
12
11
7
13
13
12
7
16
14
10
19
8
18
20
23
16
15
11
10
14
12
7
8
7
12
11
11
9
16
7
6
10
7
9
9
7
8
7
8
7
15
8
9
12
6
6
8
9
2
6
6
12
15
9
11
9
15
9
5
13
9
10
13
10
9
4
8
6
15
7
12
13
13
13
11
8
8
11
10
9
8
14
19
16
18
13
11
13
9
7
8
9
11
4
11
13
7
19
11
10
9
8
9
6
13
9
18
18
35
27
11
10
9
9
16
4
7
5
6
12
7
11
6
15
10
4
5
6
4
5
7
11
7
9
10
9
5
4
6
8
3
7
5
9
10
6
11
3
3
5
6
5
2
5
3
5
8
20
20
6
10
4
8
8
10
7
4
6
10
8
6
5
8
10
10
4
5
5
2
6
4
14
5
10
4
2
8
6
6
3
5
4
7
6
11
7
10
9
8
6
6
1
2
4
3
4
7
0
4
5
3
4
6
5
4
5
5
7
5
2
12
6
6
2
7
5
6
9
5
2
5
4
4
6
7
6
6
3
6
9
6
6
6
3
9
6
11
4
7
6
6
2
5
6
8
11
8
6
9
4
5
3
10
7
1
4
7
7
5
8
5
2
5
9
3
5
7
4
0
7
1
5
7
6
8
7
8
6
2
3
5
10
6
4
4
1
9
9
3
6
5
4
7
3
3
8
4
8
5
3
6
6
6
4
5
8
5
7
8
6
5
6
6
7
5
4
1
9
3
4
2
3
2
5
5
5
5
5
4
3
1
6
7
7
2
8
4
3
2
4
5
1
2
1
0
2
5
7
8
4
6
9
3
5
4
5
5
7
3
3
6
6
6
2
0
3
3
4
3
6
5
8
4
5
6
4
7
5
4
4
7
4
8
7
13
10
6
4
6
4
7
1
4
4
5
2
4
5
4
4
9
7
3
4
5
5
2
8
8
5
5
5
6
5
2
3
4
4
6
2
2
4
2
7
3
6
4
4
1
4
7
5
3
3
3
2
4
4
9
9
13
3
5
8
2
1
4
6
3
5
3
8
2
7
4
3
1
3
4
3
5
2
5
3
6
1
2
5
6
3
6
2
6
1
2
1
5
3
5
7
3
12
4
2
4
2
3
7
2
2
4
3
3
8
3
2
3
3
1
7
4
5
6
3
3
4
4
3
6
4
8
2
6
5
3
0
7
4
6
4
7
7
5
3
7
3
3
2
0
5
1
2204
