radiacao de fundo
0
0
0
0
0
0
0
0
0
0
0
0
1
1
16
291
127
80
109
100
104
116
100
92
61
84
90
84
91
98
95
94
64
87
66
80
85
75
68
88
88
88
70
70
75
78
72
85
65
67
78
87
83
74
83
95
75
95
95
96
108
101
102
109
106
106
119
105
112
129
128
144
120
130
132
121
126
138
148
123
140
158
154
167
143
155
167
168
163
151
166
191
169
168
185
184
163
202
153
186
191
171
175
166
162
189
178
184
168
140
194
166
163
191
158
165
179
180
151
193
181
161
174
159
175
169
168
155
195
179
170
131
152
170
159
162
155
154
143
151
159
145
133
166
136
133
139
135
134
133
130
149
125
119
138
122
139
125
131
125
137
126
126
114
113
109
120
103
119
136
109
114
100
94
101
102
111
104
92
112
78
92
100
87
103
86
97
98
95
103
81
92
87
87
95
74
83
72
69
69
72
94
90
82
75
75
87
68
75
78
75
62
58
73
72
70
69
65
52
51
75
63
62
66
81
60
70
67
57
59
60
46
63
43
65
55
60
43
104
57
57
61
56
48
59
56
59
47
42
39
37
55
37
40
37
43
35
61
45
44
47
47
45
46
46
39
36
42
37
29
29
26
39
35
43
44
24
39
46
43
35
29
31
34
26
37
32
30
37
37
27
46
58
36
42
30
48
33
34
39
23
27
25
31
28
31
33
31
39
30
31
20
18
29
23
27
25
27
22
19
19
32
21
31
27
25
26
30
25
25
25
23
23
32
23
21
22
21
25
25
21
19
19
22
17
40
57
30
18
10
15
22
21
19
21
23
18
17
17
25
22
21
17
23
12
14
19
21
21
19
20
16
21
21
24
17
20
13
16
24
16
18
15
19
17
9
19
22
11
16
21
13
16
19
21
9
16
10
16
15
17
13
17
19
17
20
13
14
19
15
15
16
18
11
18
15
14
15
17
10
15
12
11
15
13
13
16
17
14
15
18
11
14
16
18
14
18
10
15
12
16
13
13
8
17
13
9
6
14
15
12
15
19
13
16
14
12
13
21
21
19
14
11
12
16
9
17
12
11
3
14
12
15
15
12
16
14
4
11
14
11
12
11
8
9
11
5
14
9
13
13
9
10
7
17
13
20
22
19
15
14
7
7
13
13
15
8
10
8
11
5
17
7
9
12
14
7
7
12
7
9
9
6
4
9
11
9
4
12
9
4
5
14
8
9
7
6
3
6
8
8
8
9
8
10
8
5
6
13
10
14
15
7
4
4
14
6
10
10
4
9
8
9
10
15
21
17
10
8
8
8
8
4
7
12
10
6
8
9
6
10
7
9
3
9
7
15
12
14
13
47
24
11
7
7
7
10
5
4
6
4
6
6
5
6
7
10
7
4
5
11
5
7
5
7
8
7
8
9
4
8
7
8
5
1
7
8
8
4
6
7
2
2
5
7
6
2
6
12
17
29
15
9
8
5
7
6
10
7
6
6
5
7
3
8
8
9
10
7
8
7
12
9
9
6
7
7
6
3
5
9
10
5
4
4
7
6
3
6
9
6
5
6
7
8
8
7
8
6
5
6
5
7
4
8
8
5
8
5
8
7
3
6
10
7
4
5
9
5
7
4
2
7
4
4
5
3
12
6
5
2
2
7
9
2
5
1
6
5
9
3
5
0
9
9
4
5
9
4
3
4
8
9
8
9
7
5
5
5
4
7
5
6
5
4
12
3
11
5
6
2
3
7
2
2
8
7
8
6
2
1
9
6
5
7
7
3
7
7
6
6
1
7
2
5
3
6
4
6
2
10
3
8
4
6
6
2
3
5
7
3
5
5
3
6
4
9
4
5
3
3
8
5
9
5
3
8
5
1
7
6
1
1
2
6
3
4
5
9
13
9
8
7
3
10
7
7
7
5
4
3
3
6
7
3
6
10
2
4
4
1
4
4
3
3
4
9
4
5
6
4
7
2
3
4
5
5
5
4
1
4
4
2
4
6
5
8
21
9
8
10
3
1
2
2
5
3
7
3
4
3
3
12
2
5
7
4
4
2
3
5
8
7
3
1
8
3
2
8
3
7
1
4
2
1
7
4
5
4
3
6
2
5
4
5
5
3
2
5
3
2
5
11
7
9
3
2
2
2
3
1
4
4
2
6
7
3
3
3
2
2
2
6
1
4
7
3
5
4
1
1
5
5
4
4
5
6
2
3
4
2
6
4
3
3
6
9
4
5
5
4
5
1
4
3
6
7
3
1
4
3
3
4
1
3
0
4
4
6
3
5
5
8
8
3
4
2
7
2
5
3
5
4
5
1
4
4
8
2
1
3
4
5
2004
