radiacao de fundo
0
0
0
0
0
0
0
0
0
0
0
0
6
4
17
304
168
134
122
130
145
131
123
111
100
112
150
163
136
111
125
118
107
94
93
84
104
101
101
107
108
106
96
94
87
90
105
97
100
109
102
113
100
112
119
107
133
117
113
113
114
128
124
115
136
128
154
136
137
131
160
157
170
153
140
141
192
148
165
169
194
172
174
196
191
190
191
178
187
162
198
186
162
203
218
195
213
216
217
219
224
200
198
219
201
216
221
227
206
200
236
199
192
189
215
216
226
222
202
183
217
212
214
169
182
193
200
183
199
190
206
197
174
186
183
182
212
156
188
162
190
167
156
181
155
172
177
134
162
194
164
165
153
140
166
138
120
133
178
145
151
147
145
118
129
129
128
142
129
130
137
125
135
118
106
119
115
108
104
117
124
105
92
117
118
117
114
111
129
105
115
120
98
100
106
95
78
104
97
85
97
74
94
96
106
73
79
88
93
94
91
85
90
72
85
77
72
88
73
60
81
71
85
88
89
62
76
68
67
68
73
67
71
74
79
59
64
93
93
92
55
74
70
66
55
50
44
50
65
53
61
43
51
54
41
47
69
46
44
48
48
62
46
49
44
38
42
34
54
47
45
40
42
42
38
43
41
46
57
36
44
34
48
50
39
33
51
34
39
36
32
48
47
43
39
51
34
36
32
31
33
37
27
42
39
26
26
36
25
31
27
30
34
23
33
35
36
21
27
20
35
25
20
37
24
28
31
33
18
38
29
28
47
31
32
22
24
26
25
24
31
30
33
33
34
42
67
23
25
20
25
23
19
18
26
20
23
30
24
20
17
19
27
31
26
12
18
20
21
15
33
28
24
19
23
19
25
22
26
21
25
16
23
22
24
17
23
26
29
25
27
21
19
14
19
18
14
22
15
14
18
13
14
18
24
18
25
18
15
21
17
19
17
16
12
19
13
18
14
13
22
15
14
15
14
19
21
14
25
20
24
16
18
12
19
16
9
20
19
12
23
10
18
12
10
14
11
15
18
17
15
19
15
26
16
9
18
16
13
6
14
18
12
13
7
16
13
17
17
15
18
18
17
7
14
8
11
21
8
12
17
13
20
13
12
14
17
18
14
14
14
14
11
17
22
18
23
23
8
13
8
12
14
14
14
18
12
5
10
9
10
8
7
10
14
7
16
15
9
9
10
10
9
6
5
11
11
12
9
12
13
11
12
13
13
9
5
11
11
8
12
19
4
11
14
6
8
11
9
11
8
8
10
5
9
10
5
12
13
12
15
15
12
13
13
20
11
12
6
13
17
9
13
14
17
13
8
10
4
12
5
10
8
6
16
12
14
25
18
21
31
14
7
9
8
10
7
9
10
13
9
6
7
9
6
13
5
2
3
7
12
12
9
6
8
10
5
10
6
10
11
11
4
9
8
7
3
11
8
6
9
4
9
11
9
7
12
12
7
14
16
7
14
13
10
2
8
15
4
11
16
11
4
5
11
4
7
8
8
8
8
3
6
12
11
9
4
9
6
7
6
6
5
7
13
12
7
8
10
7
11
9
5
7
4
7
4
5
7
5
8
6
11
5
7
8
10
7
6
8
11
10
10
6
8
4
6
8
9
4
7
7
9
6
5
9
11
6
8
5
7
11
11
3
9
9
6
6
6
6
9
6
8
2
5
7
7
3
7
4
12
8
8
4
7
8
7
6
5
7
5
1
9
5
8
5
6
8
2
8
8
5
9
7
4
8
4
5
3
4
8
11
13
6
3
7
1
8
10
6
8
10
3
4
2
6
4
6
3
5
8
3
7
7
3
7
8
6
9
5
12
10
6
6
7
9
8
4
3
6
4
3
3
5
5
4
6
8
4
9
5
9
2
8
6
9
4
4
5
8
6
4
7
5
7
5
5
3
8
7
8
7
2
6
9
5
15
7
2
6
6
6
5
8
7
7
4
3
5
2
6
4
6
4
4
9
5
3
4
5
6
6
5
13
11
7
8
10
5
5
7
3
6
4
4
6
5
6
9
4
6
7
2
10
3
2
1
4
5
3
3
6
3
9
7
5
7
4
2
5
7
9
2
6
5
2
3
3
9
5
3
5
6
4
5
4
8
4
7
5
6
7
8
3
3
6
8
7
5
12
4
3
10
5
8
5
2
4
2
1
3
6
3
6
4
2
4
1
4
3
2
6
6
1
4
3
2
4
6
3
6
9
4
3
3
9
7
5
4
4
5
4
3
5
2
3
2
6
7
5
8
6
4
5
5
3
5
1
5
11
3
4
6
4
5
7
6
6
4
1
1
5
3
1
2
3
4
4
4
5
5
3
2303
0
