radiacao de fundo
0
0
0
0
0
0
0
0
0
0
0
0
1
0
28
194
122
92
118
118
120
99
103
95
79
78
100
89
87
98
92
99
80
82
93
71
89
95
89
93
101
79
89
87
83
74
79
92
72
75
80
84
95
82
70
104
109
97
107
102
109
106
116
116
124
124
121
112
134
127
126
121
161
148
157
137
137
152
146
171
174
181
189
181
167
173
177
178
158
156
161
172
174
188
177
164
177
184
190
184
185
192
195
192
179
158
200
198
193
199
158
178
200
205
191
182
207
165
186
188
197
200
192
164
191
175
162
183
196
142
176
187
168
136
144
169
163
168
146
147
167
167
143
143
150
151
140
142
145
129
143
144
160
144
130
131
151
143
143
120
133
114
139
138
130
99
126
120
132
154
137
119
117
134
100
107
105
111
103
110
81
102
100
103
122
90
103
114
113
88
107
94
100
86
80
76
111
72
98
71
70
100
96
100
77
81
85
81
85
84
85
73
62
69
66
83
78
85
56
53
68
82
79
74
59
64
74
65
74
57
67
51
59
63
71
60
71
62
80
62
67
53
57
48
48
47
50
54
58
56
33
36
42
41
46
52
43
50
43
50
47
37
40
50
43
34
46
31
46
39
33
48
33
40
53
45
45
45
41
44
46
29
37
31
40
34
26
45
40
28
38
48
50
34
46
33
44
39
37
36
26
39
28
25
26
37
28
38
35
29
27
23
45
30
31
31
23
26
35
25
25
21
28
27
28
27
31
26
26
33
23
25
33
21
20
27
26
23
28
28
23
10
16
27
17
76
46
27
27
15
14
34
24
23
27
17
19
16
22
17
23
23
26
18
18
19
19
33
15
17
17
17
23
24
21
23
28
16
14
15
22
30
22
18
19
26
27
8
21
23
10
17
10
25
15
11
12
25
30
19
18
22
13
18
18
23
14
24
18
18
11
19
13
13
19
15
17
17
17
22
13
15
13
14
25
16
12
15
12
11
15
14
7
17
12
10
25
15
16
15
15
10
6
17
16
18
20
3
14
20
15
14
20
17
11
11
18
6
10
9
14
18
13
10
8
13
14
12
13
12
12
10
14
6
15
10
11
18
9
11
10
18
13
14
9
11
7
7
23
9
13
13
7
18
9
25
24
26
9
9
25
7
11
12
9
17
13
10
15
12
14
12
10
9
9
8
8
7
20
8
8
12
9
3
6
8
7
16
9
6
12
7
7
11
12
8
7
14
7
13
7
8
8
6
10
5
7
5
12
6
7
8
5
8
10
15
8
14
12
7
11
13
10
5
12
23
13
8
9
7
6
9
4
11
9
9
7
9
6
13
5
10
5
9
10
9
7
7
7
22
31
19
6
8
5
12
11
10
9
7
3
8
4
5
6
4
4
5
5
6
6
8
8
8
10
3
7
10
8
6
8
2
4
11
4
6
8
10
6
9
7
5
6
8
5
6
5
7
14
24
24
6
10
8
3
1
6
7
7
5
9
2
3
10
6
9
9
5
8
5
8
7
5
6
2
5
8
10
2
5
7
5
6
6
8
2
7
6
8
6
11
4
7
4
7
3
8
6
1
6
9
9
9
4
3
1
2
6
5
5
6
8
7
7
7
3
8
11
5
5
10
8
6
5
9
6
10
7
7
5
4
9
6
3
5
8
7
9
6
8
4
5
8
6
5
4
6
7
10
6
8
5
10
3
5
5
7
5
6
4
2
4
6
6
3
5
8
5
5
3
10
8
3
4
3
7
8
4
1
3
7
7
5
6
8
4
9
4
3
4
3
3
3
3
5
4
10
2
2
8
7
5
4
5
4
9
6
2
1
5
6
4
6
3
7
6
9
4
6
4
4
5
3
5
7
7
3
6
5
2
3
3
6
3
7
6
4
6
6
6
2
2
4
3
8
5
8
5
4
5
7
3
3
3
5
3
6
2
3
5
1
6
7
10
8
2
6
3
4
8
8
6
3
5
6
4
10
4
5
4
5
4
8
2
8
18
20
15
7
6
7
10
3
5
0
5
3
4
1
5
5
6
2
4
2
7
6
4
7
5
4
3
4
9
2
0
4
5
6
1
3
4
3
2
5
5
3
3
2
2
1
6
7
1
0
2
1
7
5
5
12
8
4
1
3
2
8
2
6
6
2
2
4
3
6
3
5
5
7
2
2
3
5
5
4
2
4
3
1
4
5
7
3
2
5
7
3
2
3
5
5
3
3
7
3
3
3
8
6
6
3
3
3
2
7
10
1
6
5
2
5
4
5
4
2
3
8
5
4
1
6
4
1
3
2
5
2
7
5
3
3
2
5
8
3
4
11
7
6
3
4
2
0
2128
