radiacao de fundo
0
0
0
0
0
0
0
0
0
0
0
0
0
1
6
204
144
121
97
118
115
102
105
97
71
89
77
95
94
89
92
102
75
86
77
58
95
70
60
89
77
100
104
83
87
81
65
79
72
64
83
73
86
86
99
88
86
106
98
107
92
100
96
114
109
104
117
110
142
110
120
117
146
138
153
129
110
156
153
145
163
165
167
168
159
161
168
167
161
146
161
157
169
169
183
171
182
172
186
165
194
186
182
181
176
182
167
162
159
176
180
158
160
154
173
204
150
156
180
178
168
147
149
147
157
158
173
158
160
162
177
156
153
166
164
149
127
166
159
152
127
138
161
126
132
127
144
144
165
139
112
141
119
148
147
127
133
108
127
139
131
141
129
126
124
113
102
116
113
116
109
107
101
84
94
91
96
119
126
101
114
84
93
83
92
90
93
94
107
100
105
108
83
116
93
85
94
79
63
89
72
92
85
65
69
71
89
67
73
82
85
79
73
59
64
82
78
81
68
63
66
69
55
58
54
53
66
72
64
58
57
48
58
55
49
58
50
60
105
75
59
62
56
43
52
50
42
43
36
51
38
46
44
63
31
45
46
42
43
57
48
48
47
32
38
37
43
42
36
40
43
35
33
36
40
47
39
33
31
41
32
39
39
30
36
28
35
34
35
28
24
29
55
34
23
34
34
35
34
26
28
26
35
23
29
30
32
14
29
33
25
33
25
29
24
21
29
20
19
31
31
29
26
22
30
23
21
19
29
28
27
23
25
40
16
22
20
28
20
20
11
12
30
26
21
54
51
21
26
17
27
14
18
18
21
22
20
13
18
18
21
10
21
22
18
22
24
14
26
14
18
17
11
22
20
21
19
11
19
21
11
15
14
22
23
21
20
13
14
17
21
19
15
18
10
15
24
21
25
19
16
11
12
17
11
20
16
17
13
20
17
15
17
22
11
18
12
8
18
9
16
11
20
10
15
16
20
15
11
12
13
6
13
16
14
13
14
12
18
13
13
10
12
13
13
18
16
13
15
5
18
25
20
10
11
9
10
7
14
18
14
17
10
14
19
15
14
14
11
7
7
12
10
10
2
11
7
12
13
18
13
13
9
7
10
16
11
15
13
14
9
8
4
18
14
16
20
17
17
15
14
9
9
12
11
13
11
14
11
10
9
9
13
7
8
8
12
9
11
4
5
11
8
6
12
6
11
12
6
4
7
7
8
6
7
13
14
6
13
13
9
6
8
10
7
5
7
5
8
2
11
8
2
11
14
8
3
14
5
8
6
4
7
11
19
15
20
9
5
13
9
9
11
7
7
7
9
7
3
6
7
9
10
7
5
4
8
6
11
26
50
15
10
10
7
6
4
6
7
9
12
11
7
5
8
6
7
7
5
7
11
9
5
13
8
12
4
5
11
4
6
9
9
6
3
10
8
5
9
10
9
6
11
9
12
7
9
4
6
15
22
10
9
10
10
5
10
4
6
4
6
7
7
8
6
3
6
6
7
5
10
5
7
6
5
6
2
8
13
5
9
6
2
5
6
6
7
5
2
8
6
4
4
7
8
7
5
3
9
9
7
2
3
6
5
3
4
7
14
7
8
7
9
8
7
10
5
4
5
6
3
2
6
7
6
3
9
5
3
5
4
3
3
6
3
10
8
5
3
3
7
9
5
8
5
5
12
4
2
2
10
6
6
4
7
3
8
5
3
4
2
4
3
6
3
6
3
6
5
6
4
6
4
1
5
6
5
4
5
3
5
2
8
5
7
3
5
10
7
9
6
3
1
7
7
8
3
5
10
3
3
5
4
5
6
8
5
6
7
2
2
4
4
4
11
7
3
5
2
8
7
8
4
4
4
2
3
1
6
6
5
5
5
5
3
1
3
7
5
10
7
9
8
6
6
2
6
5
3
5
7
3
2
7
4
3
5
5
3
4
3
3
6
5
4
4
2
8
2
5
4
1
4
3
2
4
2
2
3
6
3
4
7
4
2
9
13
14
12
2
5
6
2
6
4
3
2
0
0
6
3
3
3
4
2
2
5
3
2
5
4
1
5
2
8
5
4
8
0
5
6
3
1
9
6
5
2
2
4
2
4
3
3
6
3
4
7
9
5
6
8
11
12
3
3
4
4
6
2
4
4
3
8
1
2
4
6
5
2
2
3
7
3
4
1
2
4
2
6
3
4
2
2
3
2
1
5
9
3
6
3
3
0
6
5
0
2
5
7
4
5
1
6
6
2
6
8
3
1
6
4
5
2
2
1
6
4
3
3
2
6
4
2
2
2
2
3
1
2
2
2
5
3
1
8
2
4
2
2
8
4
4
0
2025
