radiacao de fundo
0
0
0
0
0
0
0
0
0
0
1
0
4
1
28
222
162
126
155
126
132
108
111
96
91
95
96
107
112
83
103
104
83
88
68
76
78
84
87
93
92
94
100
91
64
62
91
101
87
91
90
74
91
100
66
90
99
99
102
97
125
108
103
103
126
140
123
140
139
142
152
113
138
144
145
161
144
159
138
160
151
152
136
172
173
172
179
142
167
162
201
185
172
160
171
166
192
182
185
162
168
195
196
184
174
182
189
182
198
220
166
193
208
168
180
179
184
176
160
193
194
194
161
174
146
173
177
195
205
189
185
156
176
187
153
171
184
170
186
122
168
151
148
148
154
150
142
137
154
140
136
143
145
130
134
151
157
148
121
129
139
155
117
124
118
122
137
128
127
117
121
90
116
104
118
96
97
117
124
108
107
108
98
99
102
96
118
105
123
109
113
103
128
102
115
149
121
110
99
96
111
108
87
108
95
89
95
88
78
93
80
81
55
74
71
77
89
64
78
75
72
63
79
74
69
66
62
48
77
60
55
54
65
64
62
56
71
62
96
71
60
79
49
53
53
46
54
52
50
50
48
51
45
46
51
39
55
53
59
34
55
39
55
49
55
43
43
41
62
40
39
33
43
39
34
32
42
30
40
40
40
30
33
38
29
40
40
24
36
28
25
30
56
40
32
27
26
35
34
37
30
37
28
30
33
23
32
20
28
26
26
27
23
23
32
31
21
27
38
31
34
36
31
28
26
27
23
26
28
23
21
27
25
44
18
20
28
30
26
24
32
20
19
25
25
52
60
18
23
28
28
24
17
24
17
20
9
20
18
29
16
19
22
16
24
21
15
14
18
19
22
19
10
14
12
24
26
22
22
18
18
20
17
14
20
20
24
15
20
31
14
17
16
24
19
23
21
18
17
15
23
13
18
18
9
20
22
21
15
11
16
9
20
22
19
13
16
15
14
19
22
23
20
20
14
16
23
11
11
12
13
18
14
14
15
9
14
8
16
9
10
17
16
15
26
22
11
28
12
11
13
21
17
15
11
10
17
16
12
12
11
13
13
14
10
16
7
12
11
15
13
10
13
23
11
6
9
13
9
14
9
14
12
13
12
10
12
20
6
18
15
11
13
22
15
21
33
28
16
13
9
10
9
6
7
6
12
10
9
5
7
14
15
10
11
9
11
16
13
9
10
2
11
14
9
5
6
14
11
8
8
8
10
13
12
9
16
12
8
12
8
7
11
9
9
7
6
13
6
12
9
17
9
12
13
9
8
8
9
10
9
7
8
8
16
28
13
12
5
12
10
10
6
8
3
10
12
7
7
12
10
6
12
6
9
10
7
18
11
24
45
24
12
2
12
11
9
8
11
5
7
7
8
9
6
7
9
11
6
5
7
11
9
7
4
3
9
5
5
4
8
8
11
8
7
6
6
12
8
5
5
5
8
7
8
8
8
6
7
22
28
15
8
9
7
6
6
8
6
12
7
8
7
11
6
12
5
8
4
2
8
4
5
6
11
7
7
3
5
10
7
9
9
9
5
6
6
7
5
1
5
6
7
3
5
14
9
6
8
3
6
5
1
7
4
5
7
5
8
4
7
11
11
9
5
5
6
6
5
6
10
5
9
3
7
4
8
8
3
11
4
6
9
2
8
8
6
4
4
5
1
6
7
6
9
6
4
10
7
3
3
11
5
7
3
4
5
7
4
4
4
5
9
8
7
6
4
3
4
8
3
14
5
9
3
5
6
7
5
6
4
5
5
0
5
6
5
3
7
4
6
2
4
0
5
3
3
8
8
5
5
6
6
3
4
8
5
8
3
3
4
5
3
5
3
5
6
6
11
6
7
7
3
3
5
4
11
6
4
8
3
6
1
2
1
5
2
8
5
6
4
3
6
5
5
3
2
1
6
4
6
6
6
1
5
4
4
5
2
4
5
5
7
9
2
7
5
5
7
9
5
6
1
7
3
8
4
2
5
10
5
3
3
7
4
8
14
16
7
11
2
2
2
3
6
2
1
11
4
3
1
5
4
3
5
3
5
5
6
5
5
5
4
5
3
2
2
3
6
7
4
9
7
6
5
6
6
5
4
4
3
7
3
5
6
2
4
4
7
6
1
6
13
8
2
3
4
5
3
6
7
3
4
6
6
3
4
3
4
5
2
4
0
5
3
6
2
1
4
4
1
4
7
3
2
1
2
1
5
5
0
3
3
1
1
6
3
6
3
2
3
5
7
5
2
8
2
4
5
3
8
5
7
2
5
1
4
3
6
2
5
5
2
6
7
3
4
2
6
2
1
2
3
2
2
5
7
1
3
5
3
4
1767
383
