radiacao de fundo
0
0
0
0
0
0
0
0
0
0
0
0
2
3
15
299
175
101
105
112
113
92
107
97
77
79
89
110
81
80
88
84
93
86
63
62
97
77
75
67
77
83
104
78
84
62
89
71
87
71
71
64
78
78
82
86
98
127
104
96
112
95
96
96
116
107
117
112
130
141
143
124
141
132
131
143
140
145
140
147
148
158
145
147
140
161
160
182
182
164
173
178
178
163
172
176
168
172
175
159
161
174
185
154
187
161
174
158
174
173
204
168
168
169
167
147
182
202
172
169
163
193
142
170
153
147
154
159
176
165
161
142
141
155
144
145
155
164
162
141
144
147
149
133
150
141
120
150
137
117
152
119
134
124
111
122
125
101
134
128
109
110
129
130
121
104
112
88
104
104
123
92
86
94
110
112
87
111
89
103
89
101
97
93
94
101
105
80
93
87
101
85
92
79
99
82
84
94
62
81
76
89
63
83
75
69
87
82
69
72
68
76
62
70
64
65
77
82
68
76
68
57
80
55
65
46
76
63
58
48
54
76
64
57
63
64
47
53
89
69
50
62
65
49
53
47
54
48
40
49
40
48
63
45
40
39
36
41
46
35
47
40
45
40
37
32
32
38
35
39
29
43
40
36
39
39
37
35
36
35
38
30
30
34
36
25
30
33
29
31
36
36
54
34
33
36
43
31
39
24
24
36
27
30
29
34
28
29
29
26
33
29
26
20
27
24
30
24
20
20
23
27
34
15
27
34
34
27
29
28
34
27
19
31
25
29
18
20
26
20
29
14
24
23
34
43
53
29
20
20
24
21
30
22
16
20
17
21
23
16
23
22
16
20
26
16
19
15
12
21
21
21
12
25
13
20
11
11
17
20
16
17
17
12
20
13
18
19
16
16
18
15
13
23
10
13
17
12
14
11
7
15
15
16
26
9
16
9
15
16
15
23
14
15
14
13
15
8
16
15
20
13
16
15
18
7
15
19
13
15
11
13
15
17
12
13
18
9
20
17
15
18
18
15
13
10
15
9
14
14
10
11
9
11
9
16
9
16
10
12
15
16
17
8
13
15
16
11
7
11
10
12
10
11
14
16
13
11
15
13
11
11
14
10
8
11
11
13
11
8
13
8
13
17
16
22
17
22
15
11
10
13
12
8
5
12
9
9
15
9
8
5
11
9
5
9
11
10
9
7
8
14
6
8
9
13
13
14
8
13
9
8
17
10
11
9
5
12
8
9
11
12
15
7
13
4
14
2
6
10
9
8
9
13
9
9
7
9
8
2
10
10
5
8
5
14
29
9
9
9
8
7
9
9
6
7
9
4
12
4
10
10
5
3
9
8
6
6
10
18
37
23
8
10
5
11
7
4
8
4
9
4
7
14
7
6
8
14
10
6
10
3
8
9
10
7
9
2
8
12
7
3
6
2
6
8
11
5
6
7
11
4
4
2
4
7
5
6
7
17
26
14
12
5
14
5
2
3
3
6
3
6
6
5
8
4
4
5
4
5
3
10
9
8
4
7
6
6
6
0
6
7
4
4
7
6
6
5
8
4
5
0
7
6
7
3
5
5
9
6
5
6
5
1
11
7
0
4
4
7
7
8
8
6
9
7
8
7
2
6
3
4
2
6
3
8
4
5
9
5
8
10
6
5
5
7
3
2
7
7
7
9
11
3
8
3
4
6
10
5
10
1
7
6
5
3
10
5
0
6
2
3
6
5
2
6
6
9
5
1
3
7
2
8
5
8
2
8
2
3
3
11
6
2
4
6
5
2
7
4
10
2
6
7
1
4
4
8
7
5
13
5
5
6
3
7
7
3
5
6
2
6
4
3
9
6
4
5
12
6
2
1
7
5
5
7
4
2
4
3
4
4
1
6
9
3
3
3
6
7
6
1
4
4
3
9
3
5
3
3
2
3
2
3
4
8
3
3
3
3
5
5
7
1
5
3
0
3
2
7
4
8
4
7
7
2
7
7
8
4
5
7
5
5
4
9
9
17
11
8
1
3
4
7
6
5
2
7
7
8
2
4
4
2
8
3
2
4
2
7
3
6
1
2
0
1
4
3
5
4
1
5
2
2
6
6
3
3
3
1
5
2
2
3
3
1
1
5
5
3
4
6
3
10
6
7
6
4
6
4
4
2
4
2
4
0
6
3
5
4
3
2
3
2
3
4
6
2
2
0
4
2
7
2
5
1
7
5
1
5
2
7
5
1
3
2
7
0
3
0
2
4
5
3
5
1
3
6
3
1
1
3
1
3
5
5
5
4
4
3
6
7
5
4
2
3
9
4
3
3
5
4
0
5
3
2
3
2
1
8
1
4
3
1878
