radiacao de fundo
0
0
0
0
0
0
0
0
0
0
0
0
4
0
21
335
126
100
75
119
125
112
93
88
76
78
82
80
94
81
86
81
74
76
73
64
69
97
73
73
75
79
87
91
70
69
96
92
83
83
74
65
78
76
84
77
90
102
98
104
100
100
123
94
125
101
123
104
119
119
120
119
133
123
143
97
124
147
132
157
126
162
168
152
157
157
175
141
170
168
184
186
167
170
169
168
181
209
171
160
170
175
173
169
185
172
174
154
164
163
187
172
176
174
177
183
209
163
174
180
162
192
175
148
189
175
147
153
159
160
178
165
165
142
169
160
140
138
150
152
136
138
134
135
118
185
136
137
144
146
121
152
128
144
117
123
111
159
118
131
141
108
130
126
126
134
119
101
126
121
120
113
100
103
98
92
113
95
112
105
102
97
95
93
91
96
86
92
97
104
91
95
74
70
74
81
71
71
67
78
78
80
72
78
83
71
76
66
68
70
92
67
92
65
68
72
73
58
74
68
64
55
60
64
60
79
64
47
54
60
48
56
68
59
54
50
53
54
90
68
50
46
78
64
54
49
50
39
48
49
62
46
52
36
52
47
42
38
52
36
42
34
29
34
31
43
38
36
43
33
39
45
27
48
36
46
29
27
26
31
35
43
33
39
29
38
42
36
32
27
40
41
66
23
34
28
34
31
33
25
20
28
33
27
28
26
17
26
25
18
18
22
27
28
27
21
27
19
30
22
26
34
27
19
25
23
26
18
14
28
33
28
32
30
23
19
21
31
20
24
20
34
17
25
18
33
63
31
23
16
18
18
20
17
26
10
20
15
15
10
17
30
15
19
13
16
16
17
18
20
25
17
12
15
20
15
20
21
25
13
19
13
16
26
15
11
10
21
20
19
13
17
15
18
16
13
16
23
19
18
16
16
11
19
16
10
15
14
18
21
16
19
16
16
13
11
17
16
11
12
17
17
16
14
15
18
16
12
17
17
8
18
13
17
15
17
10
10
20
12
18
12
13
12
14
18
9
12
11
10
18
7
14
10
8
11
14
13
9
10
16
6
12
11
14
15
19
7
13
12
10
17
10
5
9
11
7
11
10
17
10
14
7
14
13
7
14
17
4
15
4
9
8
6
21
16
32
29
22
18
18
13
10
15
15
19
9
7
9
12
8
10
12
8
14
13
12
5
11
13
4
10
10
5
9
11
10
12
11
5
12
8
7
10
9
9
13
10
12
12
13
9
10
9
9
5
6
5
4
12
7
9
10
9
11
12
11
9
7
9
10
11
7
10
15
11
12
11
15
11
6
10
7
4
8
4
8
7
3
9
7
6
8
8
6
14
10
8
5
18
33
32
15
13
5
5
3
10
8
6
6
8
7
15
7
4
3
6
7
5
7
6
9
6
8
5
8
7
6
4
5
4
4
3
4
5
3
6
7
6
12
3
8
11
7
9
9
12
10
13
23
20
5
14
5
7
8
9
5
6
4
3
5
6
3
6
10
11
6
4
3
5
9
5
6
9
8
4
4
7
11
9
5
3
4
10
9
5
6
8
3
5
4
8
5
7
10
5
2
4
4
4
5
6
5
5
8
4
5
6
5
9
7
9
8
2
6
6
5
4
4
2
7
5
4
6
5
16
3
6
4
8
6
9
3
6
8
1
3
8
2
5
7
6
3
6
9
4
6
6
12
7
8
3
6
4
3
8
3
5
4
4
3
2
8
4
1
5
9
6
4
7
5
8
7
4
7
4
6
10
5
5
1
2
8
3
3
4
6
7
1
5
3
7
2
0
7
5
5
3
5
6
5
4
3
7
3
1
6
8
5
3
4
5
4
5
3
4
2
4
5
5
4
2
3
6
7
2
5
5
4
4
6
4
7
2
4
4
3
10
6
4
3
5
4
4
3
3
5
2
4
2
4
5
5
4
8
0
1
1
2
5
6
1
5
5
3
9
4
3
5
4
6
4
5
2
3
5
3
4
4
7
5
6
5
4
12
11
7
4
2
4
6
4
3
3
5
4
2
4
10
5
0
3
2
1
4
8
2
6
3
4
5
4
4
3
3
1
4
5
5
5
5
3
7
7
6
5
8
4
0
4
3
6
4
7
2
2
3
3
6
7
12
10
5
3
4
7
5
5
3
3
6
5
5
1
4
7
5
4
4
2
1
1
4
4
1
4
3
1
4
3
1
7
7
3
4
4
4
4
3
6
6
1
3
1
3
4
1
4
2
7
5
2
1
0
6
0
6
4
5
2
1
5
3
4
2
5
2
1
5
7
4
2
3
2
4
2
2
4
5
4
3
3
4
4
3
3
5
3
6
3
2
1948
