radiacao de fundo
0
0
0
0
0
0
0
0
0
0
0
0
0
0
29
254
158
100
98
115
116
122
100
83
84
78
75
83
106
98
108
75
81
72
91
66
79
84
86
86
90
74
70
97
75
77
76
78
70
76
69
91
82
77
86
77
93
99
106
116
107
109
99
117
119
101
130
135
127
108
148
142
141
158
147
153
161
154
151
170
143
182
168
176
158
183
160
178
162
165
154
169
193
154
155
203
196
201
178
170
165
175
190
189
184
204
217
194
179
203
184
185
210
153
182
173
166
203
180
161
189
195
170
171
161
162
176
167
197
162
179
168
160
164
176
180
159
150
135
170
168
144
173
140
123
167
159
131
163
138
158
150
132
139
157
141
138
111
144
151
112
131
136
119
123
117
106
128
119
120
101
114
121
113
104
131
110
115
95
104
100
96
82
107
93
109
93
83
100
107
85
78
102
115
80
88
79
76
87
88
93
98
88
65
77
85
90
71
77
75
78
65
77
76
76
58
72
62
75
84
68
76
57
69
77
51
67
53
71
55
62
62
50
61
49
49
71
51
100
74
51
66
47
47
60
60
48
53
51
45
51
63
53
62
53
45
55
49
44
44
44
42
44
37
46
39
49
43
57
38
34
45
48
41
41
37
33
36
40
41
32
41
40
41
49
37
37
37
27
40
39
43
78
30
32
34
28
32
33
33
34
35
39
35
26
36
34
21
26
33
24
21
29
22
35
13
32
39
29
18
20
32
36
31
25
29
25
24
20
29
30
29
32
31
27
20
32
30
19
23
16
17
25
33
28
49
50
19
25
14
28
24
16
20
25
19
21
16
22
24
17
28
23
21
18
23
20
14
20
15
27
24
21
22
21
19
13
17
15
15
16
13
17
24
16
15
12
18
22
17
13
15
20
14
22
13
21
24
11
17
23
15
19
18
16
14
17
14
12
17
17
18
20
17
15
14
11
11
16
13
21
16
12
12
23
16
11
18
18
15
11
14
17
17
15
18
17
8
14
18
20
13
14
14
14
9
7
10
14
16
15
12
14
17
12
11
7
14
10
9
9
20
21
9
18
15
12
14
20
7
7
9
14
17
15
15
9
11
18
13
13
13
11
6
13
5
10
11
7
10
9
7
11
13
19
15
30
33
8
14
11
12
5
10
11
4
13
18
9
10
8
9
11
10
6
7
15
4
13
9
12
13
1
9
9
9
12
7
7
10
9
11
4
10
7
8
14
5
9
6
11
11
8
12
15
5
9
7
9
4
9
10
11
10
13
11
11
7
10
11
15
13
10
10
9
22
9
9
9
14
9
7
11
9
14
11
6
14
8
9
7
10
2
10
5
6
8
10
13
20
41
27
12
8
12
10
4
8
6
8
6
5
6
7
6
4
3
9
8
6
13
7
7
7
7
5
8
7
7
8
6
4
10
7
7
2
9
8
1
3
2
5
11
6
3
6
6
6
17
22
26
15
7
8
16
10
6
6
7
9
11
4
7
9
7
5
10
3
5
4
7
7
5
3
3
5
5
8
5
5
10
9
7
7
13
4
6
5
10
5
6
2
3
13
7
7
8
10
7
9
10
5
8
6
8
8
3
10
10
8
4
9
15
5
4
7
7
4
10
10
7
4
3
2
5
5
9
4
7
8
8
6
6
6
4
7
6
9
9
11
4
6
6
5
2
2
6
6
5
5
12
9
9
6
11
5
8
5
2
5
1
12
5
4
7
11
1
7
9
6
7
3
4
8
1
7
10
6
10
5
6
7
11
9
7
6
6
2
8
5
3
6
5
6
7
3
2
7
4
4
3
3
1
2
3
7
4
2
4
6
4
8
6
2
3
8
4
2
11
6
6
7
5
3
3
7
6
4
5
5
2
5
3
6
5
9
4
6
5
6
5
2
4
3
6
5
2
3
4
9
7
7
2
7
6
4
2
4
5
6
4
7
1
1
5
6
7
7
8
8
4
7
4
8
2
2
2
5
3
5
5
3
4
5
4
5
13
15
9
5
5
7
8
3
4
4
2
1
6
6
4
4
2
8
4
3
4
5
7
4
4
5
9
5
7
2
4
6
3
3
4
4
4
5
6
2
3
6
5
2
4
4
5
5
4
2
5
4
4
10
6
5
12
7
3
4
3
3
3
3
4
6
5
6
5
6
5
7
2
5
5
4
6
5
9
1
1
3
5
3
2
2
4
4
4
3
4
4
6
3
3
5
3
4
1
1
4
4
8
3
4
2
5
2
3
3
5
3
0
3
4
2
3
1
6
1
5
2
3
7
1
2
6
6
3
1
3
7
4
2
4
5
5
6
5
0
5
4
3
1
0
6
10
2080
