radiacao de fundo
0
0
0
0
0
0
0
0
1
0
0
2
93
213
15
381
245
200
202
144
140
130
114
84
83
89
111
102
103
104
108
112
110
117
118
103
107
91
107
86
83
92
105
82
84
75
69
77
94
95
65
75
103
103
96
89
92
93
93
112
108
99
100
111
132
135
119
127
118
126
130
149
140
127
133
130
170
143
141
163
157
155
151
162
174
159
152
183
147
159
179
178
159
171
170
156
154
163
152
173
135
180
161
177
175
171
170
166
157
174
172
172
159
185
168
191
191
183
148
187
136
165
162
183
165
151
167
144
169
137
167
136
163
134
160
156
152
148
149
136
161
127
136
128
145
137
131
149
120
120
120
134
124
125
117
95
114
129
112
126
126
112
115
136
112
108
119
121
117
99
103
114
106
78
104
91
100
95
86
105
89
91
98
98
82
77
108
89
107
99
87
85
83
86
81
100
76
84
77
81
85
71
74
72
82
78
73
68
64
69
80
73
68
58
75
59
63
65
67
68
57
60
74
67
68
56
57
44
54
43
60
56
74
43
45
41
68
44
73
62
61
54
55
41
48
43
50
46
56
45
37
60
29
51
33
44
51
56
40
50
39
38
45
45
47
43
50
51
43
32
31
49
40
47
38
54
39
43
35
37
39
36
46
35
41
24
34
40
32
26
30
38
51
37
26
26
28
34
37
33
17
36
27
35
29
30
33
24
40
37
30
31
33
30
25
47
27
27
26
26
26
38
25
51
21
29
32
18
27
27
18
31
15
31
22
21
33
23
22
20
25
15
26
21
32
32
55
30
20
15
24
13
19
14
13
16
14
7
21
20
25
23
18
21
16
14
20
20
21
10
18
13
19
14
16
17
18
12
15
16
17
18
17
12
11
18
11
19
16
13
18
15
14
11
11
23
17
13
13
19
15
14
19
19
13
20
12
15
13
13
13
8
14
21
17
22
10
14
16
16
11
12
12
12
12
16
12
17
13
16
13
17
10
14
15
17
11
10
15
13
20
10
8
14
15
10
11
12
13
10
18
12
13
19
13
8
9
10
14
13
14
20
8
10
14
12
13
8
17
6
10
7
13
12
16
8
14
14
10
10
7
5
10
18
16
12
9
8
13
6
14
9
7
7
6
15
13
17
15
9
8
9
13
9
8
10
11
6
6
11
7
9
10
8
11
5
10
6
11
5
8
4
16
12
14
9
12
5
14
9
11
9
8
11
6
8
16
15
15
4
7
7
11
9
6
6
8
8
11
10
11
8
7
9
4
8
7
8
10
13
7
3
13
10
7
18
13
10
8
16
4
9
4
10
12
9
8
7
6
6
6
7
5
5
10
9
5
5
9
11
20
21
13
11
4
5
10
4
7
7
5
8
7
13
5
7
6
5
10
6
4
6
3
4
10
3
9
7
9
5
7
6
7
10
11
5
8
8
10
5
4
4
6
13
5
9
7
9
2
6
16
7
10
4
11
9
5
8
5
10
8
4
3
9
3
6
5
9
7
7
10
7
6
3
7
4
5
3
5
4
4
10
8
7
11
4
6
4
5
10
5
4
5
5
2
5
2
7
4
4
8
6
6
4
5
8
3
6
2
8
10
7
10
9
8
3
1
3
6
6
5
5
7
7
4
6
3
7
5
7
6
6
4
4
5
6
6
1
6
6
7
6
1
5
5
5
6
5
7
6
4
6
7
7
2
10
3
4
3
3
4
10
8
3
5
5
7
8
7
5
8
6
7
4
10
8
2
7
5
5
3
2
4
3
1
2
3
5
3
3
5
4
4
6
9
4
3
7
3
6
4
4
3
6
7
4
1
8
8
6
6
4
6
5
2
5
6
1
6
5
4
4
4
6
5
8
6
4
7
3
11
2
3
2
3
3
1
6
7
2
5
10
5
4
3
3
7
2
8
3
5
1
2
4
4
3
6
4
5
4
5
3
3
6
4
5
4
7
6
2
5
7
3
4
4
6
2
9
1
3
5
3
11
5
6
6
3
11
8
4
2
1
8
5
4
1
6
4
2
6
4
6
6
3
5
3
6
3
6
5
4
2
3
6
2
4
5
5
6
4
7
7
6
12
4
6
5
4
2
4
4
4
3
2
10
4
7
5
5
2
3
5
6
9
6
2
4
1
9
3
5
3
2
2
4
5
2
4
3
3
6
1
4
2
2
3
2
4
4
1
1
2
0
4
4
4
0
5
6
4
3
5
1
7
5
3
1
2
3
1
2
3
2
2
2
2
4
3
2
6
4
4
5
3
2
3
4
1
2
3
4
2
4
6
7
4
2
5
4
4
3
1
8
5
2
8
6
4
3
3
3
1
8
1804
