radiacao de fundo
0
0
0
0
0
0
0
0
0
0
0
0
0
0
29
195
118
94
89
109
129
109
113
80
94
85
94
83
104
97
86
89
76
89
91
71
79
76
93
72
77
88
91
88
79
67
66
89
106
83
94
80
88
89
81
85
103
100
92
115
110
127
95
93
121
109
145
122
140
123
94
136
136
159
175
152
140
143
131
139
167
160
169
173
136
147
185
177
162
174
170
203
157
174
185
179
224
167
171
172
193
193
212
191
189
204
184
184
188
181
181
178
187
160
175
188
163
164
183
172
177
184
190
176
159
195
171
168
179
199
170
175
168
170
171
171
153
151
146
180
165
164
149
150
168
156
144
164
138
152
149
146
134
130
133
143
131
135
133
142
121
168
142
138
127
117
125
134
109
113
95
117
116
131
103
117
121
93
93
114
108
110
109
103
87
99
102
94
120
121
90
94
82
97
103
79
79
85
86
83
81
103
74
97
80
70
92
78
88
90
94
73
76
77
68
72
88
59
77
72
58
78
53
68
76
71
68
57
61
65
60
60
66
61
52
56
59
61
105
59
70
69
58
50
51
49
50
42
38
47
47
50
51
54
58
54
53
40
36
47
41
38
53
56
45
42
52
50
51
46
34
47
37
49
43
46
33
45
43
37
36
45
39
35
27
36
30
32
45
42
24
43
57
28
31
42
36
37
38
34
25
26
32
35
30
34
35
25
31
28
34
32
24
29
21
26
32
27
18
26
22
28
24
34
30
27
21
34
25
26
39
24
25
42
25
22
24
26
32
27
27
22
22
24
21
52
39
22
24
20
30
21
21
14
18
27
24
27
17
21
24
19
21
22
18
10
28
18
18
19
14
25
22
14
13
19
20
18
15
17
19
15
16
13
18
27
10
10
12
15
10
18
23
20
13
15
22
11
18
14
18
15
20
11
16
9
10
16
17
25
14
19
17
16
20
6
14
14
16
19
13
15
21
15
18
16
23
14
22
18
13
16
20
14
16
16
15
22
11
10
11
21
10
14
19
21
5
14
11
14
20
19
9
11
13
15
8
19
5
10
10
8
13
9
13
7
10
11
19
15
15
18
8
17
9
13
11
10
11
15
10
8
16
14
8
13
14
6
5
15
9
6
6
10
13
21
24
23
21
9
8
9
13
10
11
14
7
6
15
10
6
13
9
5
9
8
8
10
13
8
13
7
10
9
8
6
15
11
9
2
10
9
14
16
15
7
8
13
9
9
6
6
4
15
9
6
14
7
7
17
11
7
15
9
13
8
6
3
13
7
7
10
13
11
14
31
14
7
12
7
11
10
10
8
6
15
8
9
12
9
8
3
4
10
6
9
10
13
19
29
41
25
8
5
7
11
7
8
6
9
4
9
3
8
3
6
11
8
9
12
2
3
8
5
5
9
7
9
3
8
5
4
9
9
10
9
6
4
12
2
2
9
11
11
4
6
4
8
13
23
12
10
11
4
6
8
8
14
6
4
11
10
14
4
3
4
7
7
6
7
7
5
12
11
6
10
6
2
3
3
8
9
8
11
4
5
5
6
3
7
0
4
5
6
3
6
6
9
6
7
4
9
11
11
6
5
7
8
6
7
5
6
12
7
7
4
5
7
5
10
4
5
4
2
9
5
6
6
4
6
15
5
8
6
6
5
5
5
7
5
7
3
9
7
3
4
7
5
5
7
9
5
8
5
13
5
9
8
3
6
5
7
4
6
6
6
5
5
9
9
4
8
3
4
7
1
9
5
4
6
3
3
5
2
5
5
5
7
5
5
4
5
4
3
10
2
10
3
3
6
7
3
4
5
6
7
5
8
7
7
3
6
1
5
9
10
12
7
10
6
2
6
4
3
4
4
6
2
5
6
4
1
8
8
7
2
6
6
19
10
2
4
2
1
6
6
1
4
5
5
6
4
3
3
1
4
1
9
3
4
7
5
6
2
7
1
5
1
3
2
4
4
10
3
5
5
5
5
7
6
3
5
5
6
5
7
11
15
8
6
8
5
4
8
7
6
5
2
4
6
7
2
3
3
8
4
8
9
6
4
5
6
5
1
0
4
5
2
3
6
7
3
3
6
5
6
3
2
4
7
5
3
4
5
3
3
1
8
4
7
3
13
10
5
6
4
4
5
5
7
6
4
0
5
3
5
7
0
2
4
2
1
4
5
6
7
3
5
2
2
4
1
6
5
3
1
1
2
6
2
3
3
7
5
5
10
3
4
2
3
4
4
3
7
6
5
4
5
7
3
6
3
6
5
5
2
3
6
0
6
5
4
3
6
6
7
4
4
2
4
5
7
4
5
4
5
2
8
5
5
6
5
14
2092
