radiacao de fundo
0
0
0
0
0
0
0
0
0
0
0
0
0
1
21
473
241
145
122
121
104
116
82
91
67
77
100
93
96
99
84
75
79
85
81
85
101
66
95
90
94
73
91
89
81
94
79
74
72
70
86
80
74
83
100
110
95
105
107
87
113
122
101
107
109
112
116
146
141
146
182
188
165
129
139
145
147
135
150
131
152
143
158
154
154
161
159
169
159
145
173
155
157
158
202
166
208
185
191
195
157
157
181
195
179
175
187
147
193
181
160
194
193
180
172
149
166
190
173
179
154
210
185
193
189
162
140
153
173
164
151
165
164
160
148
151
154
159
156
135
140
171
157
123
142
132
137
138
146
145
155
124
141
143
135
125
128
133
122
116
138
134
137
132
118
120
122
118
127
123
111
97
89
107
104
97
105
105
95
86
91
102
91
87
96
95
90
88
82
76
82
88
80
86
78
93
79
86
94
71
73
68
81
78
73
81
68
80
72
58
70
86
62
83
57
67
81
86
70
67
64
53
75
48
61
62
54
59
70
67
54
55
49
53
82
55
48
51
82
65
50
53
51
62
49
45
48
53
60
39
45
39
46
54
37
48
41
47
51
47
37
40
37
44
29
33
45
36
41
36
37
37
35
37
34
43
34
31
40
31
31
38
42
30
37
26
42
40
29
32
30
43
47
41
32
38
27
30
25
39
28
28
26
34
38
29
40
25
29
22
28
21
24
24
35
18
21
18
28
30
23
25
24
19
25
25
31
19
37
25
20
23
28
38
23
21
22
18
19
23
27
28
19
20
23
36
45
30
13
23
22
24
27
20
18
23
26
25
23
22
19
22
29
20
24
23
29
13
18
22
16
13
20
15
20
21
19
10
14
20
22
12
15
16
12
10
20
19
10
11
13
14
19
19
21
11
19
18
16
19
13
23
15
19
15
15
13
20
14
11
16
16
10
14
13
20
8
17
14
20
13
7
12
12
13
12
9
11
16
15
11
13
10
14
15
8
14
17
17
12
9
15
7
17
15
11
15
17
9
10
13
13
14
11
14
14
15
11
14
13
10
13
19
16
13
16
14
11
10
11
11
9
17
12
10
15
15
13
9
6
6
11
16
10
9
14
7
15
14
9
5
13
5
16
10
21
20
22
15
14
13
8
8
12
8
7
9
9
10
6
7
7
10
7
10
9
13
6
12
15
11
5
7
12
15
9
7
10
9
7
19
6
6
10
13
6
16
6
14
11
10
10
11
6
7
8
5
14
10
6
10
10
7
7
12
14
13
5
7
8
4
9
6
9
9
22
25
12
5
3
8
7
7
2
7
5
6
7
3
9
12
7
10
11
3
6
9
6
4
31
30
30
12
4
11
9
4
6
12
7
5
7
6
7
3
5
8
6
10
5
10
11
4
4
10
10
7
7
8
9
9
10
4
11
6
4
4
10
8
3
3
9
8
3
5
5
6
12
12
12
24
20
11
10
11
6
7
9
7
6
9
13
5
8
5
5
10
5
11
5
5
5
5
8
8
10
5
3
7
4
6
8
12
5
4
6
3
9
7
3
3
5
3
5
6
8
9
4
6
5
4
3
8
9
2
4
4
5
4
7
6
4
8
11
5
4
2
4
10
4
5
5
11
7
5
7
2
5
7
5
4
6
5
1
7
9
8
5
9
5
3
5
5
6
5
6
7
3
6
3
6
6
9
5
4
5
6
6
3
4
7
4
3
7
9
3
5
3
8
6
6
8
6
5
5
5
6
5
10
7
3
5
3
7
7
6
4
4
5
6
8
2
5
7
5
6
6
7
6
5
5
4
4
5
3
4
6
10
9
6
2
4
4
6
5
4
4
7
5
3
4
5
4
5
5
2
4
4
7
5
1
3
8
5
4
7
3
2
4
8
4
4
4
7
5
8
3
5
4
3
6
8
6
4
2
3
3
3
4
4
4
2
5
6
5
5
1
8
4
3
0
3
4
5
3
4
3
1
8
1
8
4
7
4
7
3
5
8
13
2
5
6
5
7
4
3
3
1
2
3
3
3
4
3
5
4
3
4
5
7
7
2
4
3
6
5
1
5
4
4
3
8
3
3
4
7
4
3
4
6
9
5
5
3
5
5
6
1
5
6
7
6
5
12
2
3
7
4
2
1
3
3
1
3
2
3
6
6
4
2
5
5
4
3
2
2
1
2
2
4
2
3
7
2
1
7
4
4
3
3
2
2
5
3
5
0
5
2
5
0
3
4
5
2
2
5
6
6
1
2
1
3
7
2
4
1
2
1
3
5
2
2
1
4
1
2
3
5
4
1
2
6
4
1
2
5
6
3
6
3
5
3
1
1976
