radiacao de fundo
0
0
0
0
0
0
0
0
0
0
0
0
1
0
11
202
139
85
115
118
110
93
97
97
82
73
96
64
98
108
97
73
81
66
74
75
83
99
73
62
81
86
85
76
78
72
57
84
88
53
87
73
86
73
97
76
92
85
85
77
108
113
100
110
94
112
119
121
115
120
132
117
117
147
126
133
133
124
129
127
144
156
148
165
153
188
175
157
170
194
167
148
180
182
179
178
170
166
159
192
188
171
192
148
184
184
179
165
163
183
187
177
173
159
169
175
170
155
162
155
151
168
173
177
158
176
173
170
194
164
161
188
162
158
144
173
168
165
156
157
141
155
150
134
145
156
129
122
140
141
132
125
147
136
140
121
107
136
125
127
106
103
112
107
125
118
97
108
112
110
100
103
102
107
103
98
101
105
107
105
110
91
77
104
103
84
85
85
111
121
86
100
87
80
81
87
83
67
84
79
56
74
73
77
85
87
84
81
71
60
72
66
69
64
62
64
75
62
74
68
48
64
75
62
58
72
62
57
65
56
60
49
67
62
65
63
58
57
110
79
53
44
52
49
49
48
42
43
52
50
56
59
42
49
38
40
40
50
41
40
35
40
39
39
44
37
37
42
41
42
37
36
39
42
36
37
37
39
35
33
27
34
38
37
35
37
23
30
34
22
34
45
65
36
38
28
30
38
33
28
33
28
37
33
23
29
24
31
29
23
34
24
27
23
25
21
24
23
27
24
27
25
18
24
26
22
20
24
22
22
28
26
24
33
29
24
26
25
26
19
25
22
26
12
19
36
61
20
22
25
15
24
21
15
19
20
17
21
22
18
26
19
17
14
20
26
19
21
26
21
19
19
28
17
14
16
13
16
25
13
10
16
9
13
18
19
20
18
15
19
10
22
21
11
18
16
20
10
13
15
23
13
13
13
26
12
18
18
11
14
13
20
18
14
12
18
14
20
7
25
3
12
12
9
11
15
14
10
16
14
15
16
18
8
17
18
10
19
13
13
21
22
12
10
17
9
13
16
11
11
13
17
20
10
19
10
12
13
11
10
15
14
8
9
8
15
15
13
18
15
17
12
17
7
10
10
7
13
9
10
4
15
16
8
18
10
22
14
10
8
12
12
11
9
7
19
21
26
16
10
9
12
11
9
10
9
10
9
9
8
10
13
10
10
9
11
12
13
6
6
19
7
7
14
12
5
12
11
15
7
8
7
8
8
5
9
8
4
7
12
4
9
7
9
12
6
13
8
10
13
11
11
8
7
6
7
13
15
4
9
9
10
11
4
6
19
12
11
13
11
9
6
7
4
9
9
9
4
6
8
7
14
3
8
5
10
11
11
16
10
36
27
16
7
6
5
8
5
10
7
15
6
7
9
5
13
6
6
7
8
3
10
11
8
8
4
12
9
9
7
7
10
5
3
9
9
6
7
6
4
5
11
6
5
7
10
3
12
9
9
23
17
11
6
10
7
4
8
6
2
5
5
7
6
6
3
3
10
3
9
6
8
12
3
4
4
6
9
9
6
7
7
6
7
5
4
4
5
7
2
12
8
5
6
4
4
5
4
5
4
4
4
4
1
6
10
5
6
3
9
2
3
11
10
8
10
6
3
5
6
6
12
2
7
4
5
7
5
3
7
3
1
3
5
2
4
3
6
5
7
7
5
6
10
2
8
6
7
5
7
5
10
12
1
4
7
8
3
7
4
8
9
7
6
5
5
4
10
5
2
8
5
7
5
5
3
5
6
4
7
8
4
5
2
2
6
7
7
5
6
5
4
7
3
2
5
5
5
3
3
5
3
3
3
3
8
5
5
8
7
4
7
6
8
3
2
4
7
6
3
4
5
7
10
1
4
3
4
2
5
2
3
9
6
7
3
1
7
7
4
7
7
4
5
4
4
8
2
4
4
6
4
3
4
6
4
6
6
4
2
5
3
5
6
4
4
2
5
2
4
4
2
2
2
3
2
1
5
7
3
3
5
4
5
2
12
9
9
10
8
4
5
3
6
3
5
2
4
5
2
2
2
3
2
4
3
4
3
7
7
5
5
6
4
3
9
3
5
4
6
8
4
8
4
4
5
3
1
1
6
6
1
3
1
6
6
5
4
6
3
4
9
4
7
7
3
3
1
4
5
3
1
4
8
7
5
5
2
5
3
3
3
6
3
4
6
4
2
4
5
2
4
3
6
5
5
4
5
5
2
7
0
7
5
5
2
2
3
8
6
3
2
8
2
3
5
4
3
3
2
2
5
5
1
4
6
5
3
3
5
4
5
6
5
2
7
2
9
4
2
0
4
4
2
3
7
2
5
4
0
3
1
1248
808
