radiacao de fundo
0
0
0
0
0
0
0
0
1
0
0
1
97
202
42
1166
765
716
552
377
184
192
185
171
221
118
102
124
122
139
145
212
310
388
397
344
305
217
163
152
143
146
129
112
109
107
104
114
105
114
124
127
176
158
163
196
192
224
226
263
255
234
254
259
247
256
253
215
207
181
181
179
211
148
157
155
143
178
139
169
179
208
167
175
161
172
187
173
213
174
183
221
184
186
198
186
204
202
182
190
189
186
203
191
178
208
199
179
190
165
157
182
183
189
165
199
159
170
166
156
203
187
199
158
154
196
169
174
162
157
151
175
138
167
145
157
141
163
165
168
155
149
128
134
145
134
128
145
138
123
131
122
137
143
137
128
124
125
120
124
120
107
113
123
99
129
118
116
100
126
112
99
86
97
118
90
128
116
89
114
95
87
100
89
75
92
75
98
98
99
91
99
96
82
94
86
75
77
75
74
86
89
62
88
77
72
81
83
63
65
69
82
71
63
65
74
61
55
73
61
51
76
71
60
57
67
102
64
50
84
58
53
55
56
46
51
56
66
66
49
61
56
48
51
51
46
48
40
55
45
51
44
49
47
47
40
37
54
45
41
48
54
42
38
41
40
52
37
38
26
31
36
34
38
32
43
50
54
32
43
31
38
38
30
29
36
37
31
33
28
37
24
37
31
36
40
41
33
29
23
20
26
26
24
31
25
34
27
38
21
33
26
23
28
23
31
35
27
24
34
18
29
36
23
32
20
22
48
56
21
35
17
16
27
24
22
25
14
34
22
19
16
18
22
13
21
21
25
25
18
14
16
18
14
21
20
18
14
18
12
22
22
14
23
20
23
16
18
10
18
11
13
18
17
12
20
15
15
26
15
14
16
14
16
23
20
18
19
16
18
18
21
17
13
11
15
13
10
13
17
15
11
15
15
15
15
15
10
12
13
16
18
12
12
19
21
16
14
19
12
13
15
16
10
13
10
10
19
9
12
16
15
9
13
20
17
11
11
15
11
17
15
8
11
8
14
11
9
5
20
6
13
7
16
14
10
11
15
4
16
13
13
11
25
4
14
10
11
10
21
25
18
8
11
16
9
11
9
9
14
7
12
15
11
14
8
7
6
9
14
13
6
12
7
12
7
8
16
7
11
12
9
9
9
9
12
11
11
11
6
14
7
5
9
9
8
13
10
6
10
13
10
9
5
10
9
8
8
8
9
9
12
9
11
9
11
16
17
17
8
13
8
10
6
8
8
11
6
11
8
9
7
6
3
12
7
12
7
19
31
22
14
9
7
12
5
3
9
9
5
10
7
8
4
11
5
7
4
10
6
13
4
10
8
5
8
8
11
9
6
8
2
6
10
9
5
10
4
14
6
8
9
5
6
9
14
16
18
16
7
8
13
6
8
6
4
6
6
5
10
4
10
6
4
7
2
9
5
5
2
5
7
6
6
6
8
7
9
5
3
6
8
8
5
7
8
6
6
7
4
10
5
3
4
2
7
9
3
10
14
4
12
6
4
5
9
4
5
7
8
4
8
7
5
3
6
4
3
7
10
3
5
6
5
9
8
10
3
2
8
4
7
3
9
4
5
4
9
6
3
4
10
11
6
2
8
10
3
6
2
8
6
6
8
4
5
8
4
5
4
4
4
10
4
11
6
7
2
7
5
8
8
5
6
4
5
6
9
6
7
0
7
4
7
2
7
6
11
6
2
8
13
3
6
5
9
6
5
4
4
5
4
4
5
5
3
10
8
7
2
6
3
5
7
1
2
4
5
5
6
4
4
3
8
7
4
9
6
3
1
2
3
4
6
12
7
4
8
3
2
5
7
4
4
4
9
4
5
3
8
4
2
4
4
5
3
2
6
1
6
2
7
4
6
4
5
2
3
6
9
18
9
7
7
3
7
6
5
3
3
6
5
5
9
3
3
2
4
3
6
3
3
6
7
1
6
5
5
5
4
4
3
7
3
1
6
2
4
10
3
6
3
7
4
1
2
4
2
5
6
2
6
14
4
8
4
4
2
5
4
3
3
3
5
6
7
2
3
2
7
3
1
3
6
4
1
4
3
3
4
1
5
4
3
3
12
5
2
4
4
4
2
6
6
9
3
4
5
3
2
3
3
7
3
7
7
4
7
6
3
6
2
1
4
4
2
4
5
2
3
3
3
4
4
6
3
6
0
8
3
5
6
4
5
3
9
5
4
5
3
5
5
3
1
0
4
7
4
4
5
8
2
6
7
3
7
2
9
0
2
2
4
5
4
7
1
4
7
1
3
3
2
3
4
0
4
1
6
5
5
1
4
6
2
4
10
3
8
11
4
1
3
4
1745
