radiacao de fundo
0
0
0
0
0
0
0
0
0
0
0
0
54
96
123
2467
382
251
234
259
197
187
175
123
145
101
108
81
115
73
85
84
92
82
105
95
91
96
104
102
100
84
100
71
78
89
67
79
76
80
88
66
73
87
88
92
80
110
94
105
95
109
110
117
108
109
137
120
107
126
125
147
127
123
127
134
139
167
150
159
171
171
162
188
145
174
165
171
180
158
173
151
175
188
184
169
158
164
161
159
166
185
177
168
158
173
181
192
198
176
169
184
170
194
189
185
157
177
205
166
161
168
166
167
157
167
182
190
172
166
181
161
165
144
160
128
136
144
145
160
134
159
142
134
126
138
136
154
124
128
122
127
133
132
125
107
150
125
129
122
118
128
119
121
119
128
115
118
81
91
108
118
96
105
108
105
78
94
102
72
106
105
102
108
91
96
93
90
84
92
84
95
77
98
75
76
97
68
78
70
79
57
57
78
86
75
74
76
64
82
87
80
69
61
61
72
78
60
76
66
69
79
60
61
53
68
61
76
54
55
64
91
63
59
68
48
56
51
54
59
59
62
40
52
45
50
46
52
49
49
60
36
37
53
53
45
41
40
39
44
44
42
50
35
38
38
31
37
41
39
36
26
38
23
29
27
33
38
35
31
35
32
39
50
45
38
36
36
42
33
43
40
32
27
32
24
36
41
39
32
35
25
29
42
21
28
26
20
26
24
34
27
38
23
23
31
26
22
25
33
33
27
22
27
35
19
18
30
13
25
30
37
26
20
20
38
46
24
19
24
19
21
20
20
24
26
22
21
20
26
21
18
21
18
10
21
14
14
24
14
18
16
24
15
19
23
14
19
18
22
20
12
21
23
16
17
26
19
26
14
14
19
14
20
18
27
24
10
19
20
14
10
15
15
13
15
16
18
19
15
15
12
26
16
14
18
9
16
23
15
14
15
19
18
13
21
12
11
10
21
13
14
12
11
14
12
15
12
13
18
8
12
12
18
12
14
10
12
17
5
13
10
10
15
16
10
12
12
20
17
12
15
11
12
14
10
16
9
12
9
14
9
9
10
10
11
10
11
14
9
8
10
15
6
10
12
7
13
15
9
10
17
22
23
17
16
4
10
12
9
6
14
9
10
10
9
10
15
10
5
7
14
9
8
7
7
4
10
10
8
18
6
10
10
11
7
6
12
15
8
6
10
9
10
4
6
5
6
9
8
11
8
12
7
12
3
5
6
10
5
9
14
11
11
11
10
15
7
13
26
19
11
9
8
11
9
7
6
11
7
13
4
11
4
4
9
9
8
10
7
8
5
15
23
36
18
3
5
11
8
1
8
7
6
7
8
4
6
8
8
9
6
8
4
7
5
12
4
8
7
8
9
1
7
12
13
8
7
11
4
6
8
4
11
5
6
3
8
7
8
5
18
28
13
10
7
10
11
4
6
6
7
5
5
10
5
5
13
9
7
7
8
9
5
8
9
6
9
7
7
5
7
8
6
6
5
3
4
3
7
12
7
6
10
7
6
10
7
11
7
8
5
6
7
4
5
11
13
4
9
4
4
4
5
4
3
3
6
5
3
6
10
8
6
5
6
5
5
7
6
6
5
6
9
6
3
7
3
6
4
10
1
6
4
4
6
5
4
4
3
6
12
9
9
9
6
6
5
7
1
4
8
8
4
4
5
3
6
4
9
4
4
11
5
6
2
7
6
4
4
2
4
3
4
5
4
6
2
4
1
3
5
5
5
7
4
10
1
4
1
5
4
6
3
5
2
6
6
3
5
3
1
6
4
7
5
5
0
7
3
7
3
6
4
4
5
3
3
3
6
5
7
3
5
5
4
5
5
4
5
2
8
2
5
3
6
5
5
8
2
3
2
5
2
6
2
4
2
5
3
4
3
4
1
4
2
4
1
1
5
5
6
6
4
8
4
6
3
5
4
6
3
6
10
6
7
9
3
3
3
2
6
9
3
6
10
7
1
5
6
1
4
6
9
4
7
7
4
5
6
6
5
6
10
4
6
3
5
6
6
5
8
3
3
6
4
4
4
2
4
1
1
8
3
3
8
7
6
5
6
2
3
3
4
1
1
1
7
3
2
5
2
5
3
5
4
5
1
3
7
3
2
4
3
2
4
3
3
5
3
3
1
3
6
3
0
3
2
4
7
6
2
3
5
1
8
3
5
5
2
4
2
6
3
6
5
4
4
3
3
3
3
8
4
5
2
6
6
5
3
1
2
8
5
4
2
4
6
3
3
5
2
3
6
7
2
3
2
3
5
0
3
5
7
2
3
4
4
3
2
4
3
3
1
0
3
5
9
3
5
6
2
1
1885
