radiacao de fundo
0
0
0
0
0
0
0
0
0
0
0
1
0
0
11
278
157
98
86
116
120
125
103
94
83
90
93
91
79
82
93
85
79
87
67
64
103
82
71
84
77
75
74
93
88
73
74
96
89
69
73
81
67
93
79
87
101
94
102
92
100
127
115
130
120
112
107
103
144
108
143
131
143
124
133
155
138
149
169
159
130
150
160
140
155
173
143
158
186
163
184
178
162
167
168
173
202
178
174
169
156
165
198
179
158
181
187
172
185
152
168
174
170
152
181
187
158
193
164
148
148
187
159
166
168
185
177
137
185
170
175
171
168
162
162
141
139
164
136
167
152
158
144
135
143
146
122
129
140
136
133
117
133
135
128
114
125
133
136
131
138
120
126
134
129
105
112
122
108
105
93
110
106
108
100
111
115
107
88
101
102
101
88
93
83
113
102
88
103
89
80
92
78
65
68
99
62
87
75
78
81
80
81
73
71
75
77
71
69
72
71
58
69
62
67
69
61
73
73
56
59
48
74
65
57
65
66
52
52
55
61
60
51
38
60
48
55
53
100
64
66
61
44
47
43
42
53
48
51
57
48
39
44
36
60
42
47
50
40
51
42
39
39
26
44
43
42
38
34
30
45
39
34
37
36
30
38
28
29
39
36
25
42
25
46
29
38
36
30
30
41
41
60
31
42
28
33
28
28
24
31
28
26
37
32
17
25
17
16
27
15
35
30
29
15
29
29
22
27
39
27
32
29
27
22
21
20
25
25
24
19
27
28
20
24
22
30
23
21
26
18
23
26
28
24
50
48
18
18
20
25
14
20
22
23
28
19
19
20
20
21
20
13
22
25
23
13
21
19
11
31
15
13
9
18
21
29
19
18
11
22
20
18
25
18
16
13
20
25
16
10
11
13
17
17
9
16
15
20
9
14
23
19
16
18
13
21
12
15
23
26
17
14
15
20
14
14
22
15
19
9
13
12
12
15
12
12
11
18
15
9
8
12
9
21
13
8
7
10
12
15
11
6
16
16
7
12
14
14
15
12
16
7
12
9
15
11
13
13
10
12
15
11
11
8
10
13
7
15
10
14
17
6
17
9
10
12
9
11
12
13
9
16
13
14
8
12
12
16
15
10
3
11
14
12
21
28
27
18
18
10
9
12
7
7
8
15
6
6
7
10
8
13
9
12
5
8
10
11
17
6
8
10
14
7
3
9
4
6
12
6
11
7
7
7
8
7
7
7
11
7
7
11
12
10
9
14
5
7
8
10
10
7
17
14
8
4
6
15
9
10
9
11
11
13
15
12
9
11
12
9
4
6
9
4
8
11
5
8
5
10
7
5
12
10
5
11
7
9
23
36
25
3
6
15
9
12
6
7
10
6
6
9
6
5
5
7
9
1
7
9
6
9
5
6
8
5
6
9
3
5
6
9
13
9
7
2
10
8
12
6
12
7
8
10
6
2
6
10
13
31
18
4
4
14
8
14
8
3
5
9
6
8
5
4
8
7
9
5
7
5
5
11
6
7
6
6
5
9
5
6
5
10
5
5
11
6
5
8
5
13
4
8
4
4
2
4
11
5
3
5
9
7
10
5
7
0
4
5
1
7
14
4
4
4
3
3
1
5
6
10
5
5
7
7
4
3
1
6
5
5
6
8
5
5
1
3
13
12
2
5
5
5
6
10
4
4
1
7
9
5
11
8
3
10
7
5
6
3
4
4
10
6
1
4
3
6
7
6
4
3
2
1
4
3
4
4
8
13
7
5
7
1
3
4
6
4
6
9
6
6
6
3
4
3
5
3
3
3
4
7
0
5
8
8
5
4
6
7
6
9
3
1
3
5
5
3
3
2
1
3
5
9
3
8
3
4
4
4
8
3
8
4
5
2
2
9
9
0
10
5
5
5
5
3
4
3
6
3
2
5
6
3
3
7
2
3
4
1
5
8
5
1
6
4
7
5
4
2
4
5
2
6
4
2
5
5
7
4
7
4
1
5
3
3
7
9
6
17
3
4
7
8
3
2
2
5
3
2
2
2
3
1
3
2
4
9
4
4
5
3
4
2
6
2
3
4
4
1
6
9
7
4
1
4
3
2
1
2
2
3
3
2
6
5
5
0
9
8
2
6
4
10
3
4
4
1
3
6
6
4
4
5
8
4
6
2
5
7
2
3
3
5
4
5
7
5
3
9
5
5
5
4
6
2
6
3
3
6
1
1
5
5
3
1
6
1
3
4
5
3
2
3
3
2
5
9
4
4
5
6
1
4
6
6
3
1
3
2
4
8
0
8
2
5
3
3
9
4
4
4
5
4
3
6
5
5
6
5
6
4
1
0
1993
