radiacao de fundo
0
0
0
0
0
0
0
0
0
0
0
1
2
2
32
325
225
163
147
187
141
154
116
100
105
102
121
109
117
123
101
109
91
104
95
78
103
85
85
112
77
102
97
114
95
84
98
101
102
90
83
83
99
90
108
106
115
110
128
121
117
138
147
123
131
152
133
163
165
143
148
153
145
154
164
158
175
165
186
196
201
186
177
178
165
194
199
194
197
207
179
184
195
234
206
218
236
218
232
216
206
219
200
206
207
234
216
193
221
185
202
221
218
221
223
202
206
228
225
220
224
190
234
211
205
214
195
230
229
186
206
194
211
195
187
196
195
195
198
207
182
174
151
193
186
197
164
160
196
154
170
164
157
145
170
191
162
157
151
153
144
164
119
159
147
115
162
148
143
131
132
127
115
108
120
127
116
113
116
120
114
130
135
99
93
111
117
125
145
111
115
96
112
97
97
95
90
102
114
94
93
99
96
99
111
87
94
97
86
104
94
85
78
89
93
91
82
71
87
81
72
77
77
89
77
83
89
66
66
81
74
80
66
83
75
60
67
91
130
81
83
74
62
58
69
49
54
41
57
53
54
51
57
60
50
64
51
53
62
46
38
58
53
54
43
42
46
47
42
56
50
51
60
40
55
48
45
49
42
46
44
42
35
45
40
38
34
42
49
35
52
41
62
37
37
36
37
43
47
34
42
36
33
27
29
30
46
28
29
28
38
31
35
44
34
25
33
28
26
21
22
30
27
40
32
37
39
30
34
35
22
32
36
32
40
30
32
16
28
19
37
25
29
28
29
61
65
25
17
24
21
28
26
23
21
16
24
26
17
28
20
23
25
18
26
24
20
20
21
20
21
23
16
25
21
16
22
27
18
17
25
19
26
26
17
21
33
16
18
23
17
22
23
31
20
19
21
18
25
18
31
21
15
25
13
16
19
22
19
18
18
15
27
17
27
15
15
15
17
18
15
20
16
18
15
19
16
18
20
15
20
16
15
13
17
18
21
13
18
18
15
17
20
14
9
14
17
10
14
21
23
27
22
19
12
13
12
18
13
19
18
16
13
16
16
17
9
11
10
12
20
12
14
17
15
9
12
16
11
13
12
14
18
13
18
16
13
10
13
15
18
15
13
12
11
25
34
28
19
10
13
11
13
12
11
11
6
15
12
8
8
11
8
12
14
18
10
6
9
14
15
12
9
8
16
8
8
12
7
16
10
15
15
17
6
11
13
9
12
11
9
10
12
19
16
11
11
15
8
14
12
9
10
12
7
12
9
10
8
17
10
11
20
10
13
31
15
17
6
11
7
9
10
11
13
10
16
9
10
4
8
6
11
8
10
6
6
15
16
33
42
23
10
6
12
8
7
8
11
6
14
7
13
10
8
9
9
5
7
6
11
8
15
10
5
5
6
10
5
14
5
8
5
6
9
7
10
17
9
11
5
10
9
4
12
9
8
7
17
25
18
14
5
10
4
7
7
9
6
10
5
6
11
8
8
9
8
8
11
7
11
10
12
7
4
2
11
8
10
5
11
3
7
3
9
6
4
6
9
5
6
7
11
3
5
3
15
7
8
6
5
9
7
12
7
5
6
9
3
5
8
12
7
7
6
7
3
4
5
8
5
3
4
4
6
7
12
6
5
10
6
8
10
3
7
4
6
10
7
6
4
5
3
4
7
6
5
13
8
6
7
6
6
6
11
4
6
3
3
7
13
4
4
5
2
6
7
6
5
6
7
7
3
8
5
4
5
8
5
7
5
9
6
7
3
6
5
9
10
5
2
3
2
5
4
7
5
4
6
6
3
4
10
5
4
5
11
6
3
8
6
8
6
7
3
4
7
6
11
3
3
5
6
8
5
9
6
4
5
9
7
7
6
3
7
3
2
7
5
10
8
3
2
3
4
4
4
3
6
5
5
7
4
4
8
3
6
2
9
3
5
7
6
5
10
3
2
10
6
7
4
4
8
3
10
6
6
4
7
6
7
7
5
8
5
6
10
18
14
6
4
5
9
6
3
5
3
8
6
7
8
2
8
5
4
4
5
4
7
10
7
3
6
4
2
5
4
3
1
3
5
3
9
6
6
6
4
3
3
6
8
4
3
7
9
6
2
6
9
10
4
8
11
6
4
5
5
5
1
5
10
3
7
2
2
1
8
4
3
5
3
3
2
9
0
3
5
4
5
9
5
7
5
6
1
5
8
3
5
1
4
0
7
6
7
3
4
2
5
3
6
7
3
7
4
4
5
5
3
4
4
2
4
1
4
6
2
9
2
5
8
8
3
3
4
4
1
3
5
3
6
2
2
5
4
4
3
4
5
4
5
1
2335
0
