radiacao de fundo
0
0
0
0
0
0
0
0
0
0
0
0
2
0
25
219
152
86
90
103
127
102
101
92
84
85
79
91
97
96
87
103
86
86
78
64
89
78
85
81
91
97
81
97
85
92
78
76
78
88
85
86
83
84
81
79
106
100
91
100
124
100
117
110
115
135
116
124
135
126
144
134
127
142
128
147
151
178
151
149
186
169
186
167
156
167
167
166
183
173
187
179
163
190
186
188
199
185
175
179
198
188
191
184
197
188
194
172
167
188
178
180
183
189
188
173
194
182
184
184
172
186
197
193
163
170
162
172
184
170
178
183
181
148
165
164
160
151
170
179
147
158
154
142
156
177
174
152
151
154
138
142
129
131
159
130
153
137
141
132
125
121
133
140
141
125
129
144
123
122
100
109
118
130
90
119
97
103
110
114
116
97
123
93
97
112
100
108
119
126
85
82
79
93
84
106
70
101
111
83
76
98
100
74
89
80
78
84
82
81
77
62
70
77
85
68
74
64
77
85
79
63
76
67
62
73
70
86
68
77
61
51
56
73
63
57
65
50
98
64
57
62
64
56
48
53
59
45
51
60
43
47
51
50
43
48
58
51
44
54
48
52
37
49
35
35
39
34
38
30
48
43
41
41
48
36
45
27
34
41
34
31
47
43
29
37
39
52
33
35
28
44
65
44
38
46
38
27
44
31
26
30
36
37
30
33
33
31
21
31
28
31
27
34
41
29
39
27
24
37
28
25
31
31
29
34
37
24
27
26
37
29
21
36
28
25
28
22
18
27
38
32
22
23
22
47
54
22
19
19
24
23
21
15
16
19
21
19
20
22
18
19
23
14
18
23
23
20
25
22
22
23
15
16
15
23
22
26
33
18
21
28
25
8
24
26
24
14
19
15
18
21
23
16
13
21
13
13
20
14
15
14
22
19
22
12
19
19
15
8
17
16
15
14
20
13
15
16
18
17
25
15
7
10
16
13
26
20
17
14
18
10
15
12
15
7
16
9
19
9
9
13
14
13
15
11
19
15
13
12
15
16
13
15
10
6
10
10
11
12
9
16
8
15
19
10
9
18
11
14
16
11
11
11
9
17
12
12
10
11
9
9
13
8
7
7
11
15
12
8
13
9
10
11
6
23
24
22
14
10
11
8
11
6
8
6
11
13
15
15
5
16
8
8
9
7
10
11
8
10
7
13
12
11
11
7
15
15
13
6
9
11
8
10
7
6
8
7
10
7
8
9
6
10
9
5
8
12
10
9
17
11
8
12
3
12
14
5
10
11
9
13
9
11
14
28
15
9
9
7
11
8
10
7
10
8
8
4
7
12
7
7
6
14
9
10
12
9
9
22
42
20
9
10
5
9
8
7
10
7
9
4
9
7
10
8
9
6
8
16
10
7
8
10
8
9
10
10
9
6
12
8
6
3
9
6
4
9
4
5
8
7
8
7
9
9
13
5
12
11
19
16
6
12
3
7
7
5
8
9
4
10
6
7
5
4
5
8
4
8
7
6
7
6
5
3
4
4
8
8
7
4
6
5
12
10
5
6
7
5
2
0
9
7
5
7
6
3
10
5
5
5
10
4
5
8
5
7
5
13
6
10
10
4
7
7
3
10
8
4
7
7
4
10
3
2
6
5
7
3
3
4
12
3
7
9
8
8
3
5
5
5
7
1
4
3
7
7
5
3
8
4
6
6
3
7
5
3
1
3
5
6
4
7
8
5
6
5
5
8
4
4
4
1
5
4
6
4
2
5
5
4
3
3
2
3
8
8
5
6
5
7
5
9
6
2
3
5
1
5
3
2
9
3
5
3
6
2
5
8
4
2
5
4
7
6
3
8
4
4
6
1
5
3
6
6
4
7
2
7
7
9
1
2
8
1
2
4
3
5
3
6
4
7
5
5
7
8
3
1
2
4
3
4
7
4
4
3
4
5
4
2
5
5
3
6
3
3
3
5
3
4
1
3
5
5
6
5
3
2
4
18
3
4
3
11
11
18
9
4
3
1
3
7
3
2
5
5
5
4
5
3
5
6
9
1
3
6
3
6
4
6
3
6
4
3
1
5
3
6
2
2
8
9
2
5
4
9
6
8
3
5
4
2
3
4
3
4
6
4
10
6
5
8
8
5
3
5
3
4
3
5
4
0
3
4
4
5
3
1
4
0
1
5
6
4
1
7
6
3
3
2
5
4
7
4
2
3
2
0
5
2
3
2
2
4
4
4
2
3
1
5
5
5
4
4
5
4
4
2
4
3
4
4
4
3
4
6
3
4
5
2
6
2
10
5
5
7
6
2
2
5
1
5
7
1
2
7
2
1
4
3
1
2185
