radiacao de fundo
0
0
0
0
0
0
0
0
0
0
0
0
1
0
35
374
249
115
118
105
148
130
109
96
87
89
90
109
89
83
120
107
97
89
87
67
77
96
86
88
69
87
103
89
74
88
85
109
98
82
73
86
87
100
95
108
118
85
122
116
108
112
132
124
104
143
137
138
123
129
140
145
167
179
165
167
193
160
176
153
180
188
170
174
199
202
195
194
182
202
192
190
195
197
213
217
200
208
256
192
217
183
181
229
177
222
194
193
196
217
234
184
216
195
203
194
196
185
173
197
205
182
201
202
194
184
193
199
200
182
215
199
162
178
176
202
171
189
187
199
206
147
157
168
170
184
185
154
171
167
171
153
149
155
172
150
134
133
175
141
155
151
156
136
133
121
123
129
125
120
117
134
113
138
114
120
117
115
119
125
101
106
116
101
103
118
109
95
147
98
97
92
82
94
106
74
99
91
105
88
97
69
85
93
85
96
80
79
85
88
87
71
79
89
88
71
74
64
83
76
80
95
67
86
83
85
68
65
70
70
73
79
60
69
60
68
69
56
110
76
69
70
65
57
49
55
56
52
57
44
56
49
53
46
62
60
50
51
54
43
53
48
56
47
56
49
52
50
56
46
51
47
65
37
30
45
51
37
42
46
51
51
43
44
43
32
37
38
35
39
47
40
70
41
28
37
39
46
42
34
35
45
35
29
40
34
29
31
31
29
24
38
27
32
32
40
37
41
30
31
23
34
24
21
38
27
23
33
29
30
29
28
31
32
40
31
28
19
24
19
21
18
26
31
22
47
49
24
25
24
23
32
25
27
25
15
20
19
21
23
32
30
15
20
26
21
21
21
15
26
18
22
27
24
21
15
20
32
18
23
12
25
16
30
22
14
21
18
21
17
14
16
24
19
24
10
15
21
17
17
17
24
23
13
17
15
27
14
13
8
14
12
12
11
13
19
17
12
20
18
24
12
13
24
11
14
18
14
12
19
15
17
16
10
20
11
14
15
11
9
18
12
14
10
15
16
15
18
14
17
16
14
10
13
18
12
12
11
16
19
11
16
11
22
13
11
8
17
9
12
13
12
24
16
11
7
14
15
9
9
14
15
9
16
11
12
7
17
14
14
7
9
12
7
9
22
26
29
17
20
9
8
15
10
14
12
11
15
14
7
11
12
9
13
11
9
21
9
7
9
12
9
14
17
7
9
5
13
9
12
11
8
9
8
8
9
11
15
12
10
13
11
11
6
9
15
9
9
11
6
13
13
4
8
10
11
8
9
8
5
11
11
6
13
17
26
10
7
18
12
5
5
9
9
9
8
11
12
5
11
8
8
9
9
9
10
7
13
8
20
42
19
10
5
13
11
11
10
11
9
6
15
15
9
10
12
6
5
10
7
6
9
5
9
3
7
9
12
11
6
7
8
10
9
5
6
4
11
7
10
9
7
8
10
6
9
9
5
9
25
26
16
6
11
7
4
6
4
6
3
6
5
4
9
7
7
7
6
11
7
8
9
4
5
6
9
4
5
6
4
8
7
15
12
8
5
2
9
3
4
10
5
8
4
8
4
7
5
5
13
10
5
10
6
3
7
4
8
3
7
7
7
6
11
6
4
11
10
6
1
3
8
3
7
5
5
7
5
13
4
6
10
10
6
7
8
12
4
11
8
7
10
2
7
5
3
7
2
4
6
8
13
8
7
4
2
9
5
6
3
4
4
5
7
6
7
5
8
3
10
7
4
6
8
7
4
6
5
5
4
4
6
4
6
5
2
4
4
6
5
2
5
7
5
10
4
4
7
4
8
8
4
4
6
8
5
3
4
9
2
5
13
7
2
4
3
3
3
3
8
3
4
5
10
5
7
10
5
3
5
4
3
3
4
4
5
2
9
4
8
8
5
5
4
5
4
6
3
6
10
5
6
2
6
6
4
8
5
4
3
8
3
9
5
2
4
2
5
6
5
5
5
3
6
5
1
2
3
5
4
8
9
7
4
9
8
10
9
7
8
8
4
5
3
6
2
3
3
8
4
8
4
3
2
3
5
6
4
4
7
4
3
2
5
2
9
2
5
1
5
2
3
2
4
2
7
1
1
1
5
7
4
8
6
7
8
6
6
11
5
5
13
7
5
8
4
6
3
1
4
3
4
2
6
8
5
3
4
3
4
4
4
1
7
4
2
6
3
3
4
9
8
8
10
4
5
4
3
1
6
2
2
6
4
8
6
2
4
9
1
5
3
3
1
8
4
4
3
1
7
7
3
3
3
4
4
0
5
4
3
3
3
4
1
3
3
8
4
2
7
8
8
4
2
7
0
5
3
1
5
3
3
2294
0
