radiacao de fundo
0
0
0
0
0
0
0
1
0
0
0
1
14
5
33
240
177
152
124
117
130
118
103
87
75
83
119
115
118
100
99
93
100
93
73
83
72
73
97
80
95
92
84
92
70
93
89
94
81
78
86
82
83
91
80
102
110
114
92
92
102
86
118
102
119
130
129
112
139
140
157
128
143
135
143
139
131
171
151
167
158
181
159
153
170
178
167
173
186
164
179
157
177
148
161
183
180
183
195
188
198
172
194
181
213
181
218
190
169
173
180
189
186
174
192
160
173
198
188
187
205
168
171
185
152
173
196
187
186
154
196
166
164
159
161
167
188
168
177
162
174
175
163
156
179
146
142
177
155
158
170
165
167
160
134
142
136
126
141
143
132
135
121
124
119
96
120
145
100
102
133
114
139
108
104
121
105
101
91
117
100
108
96
87
84
113
99
106
115
83
108
102
94
99
97
83
83
77
83
105
81
98
112
94
106
117
86
92
91
93
80
82
73
65
76
78
76
75
66
74
85
59
58
73
63
65
76
67
66
52
61
58
81
60
67
56
72
60
102
47
78
71
64
65
51
59
50
55
49
39
56
54
54
41
56
61
39
46
46
38
41
37
56
43
52
52
39
51
43
45
41
46
40
37
44
37
41
31
48
38
39
31
28
38
33
36
35
48
27
32
33
51
54
30
37
27
33
51
30
42
21
27
31
32
32
38
40
31
37
22
26
19
35
25
30
32
30
23
32
22
20
17
29
29
34
39
30
41
28
20
31
29
25
33
29
26
27
34
22
30
25
24
30
29
24
61
34
17
27
22
24
23
19
23
16
30
16
23
22
24
21
16
14
19
20
19
16
26
16
25
21
18
26
16
18
16
16
16
16
20
25
17
22
19
17
17
16
19
15
14
19
20
16
16
19
7
16
13
27
18
18
16
22
22
15
18
19
19
23
16
20
16
19
19
17
21
15
18
16
14
23
13
13
13
12
15
13
13
19
10
15
8
13
13
11
11
13
13
11
11
22
15
22
14
8
10
16
10
13
13
12
13
19
17
18
13
19
18
20
9
12
16
10
13
7
9
16
13
15
13
9
14
15
15
14
8
14
14
11
17
9
15
11
13
8
13
7
21
11
11
13
14
8
14
11
24
35
19
14
9
11
6
9
11
9
9
8
14
9
9
11
8
9
11
9
9
10
7
13
12
6
10
12
10
14
12
13
13
11
11
7
6
10
8
12
7
10
9
6
14
18
11
8
8
8
12
9
11
11
11
7
4
12
11
7
11
6
6
12
8
5
9
10
11
23
14
16
15
11
11
10
10
6
10
13
5
8
3
12
10
8
9
3
9
5
12
11
9
18
33
22
9
6
6
4
8
7
9
14
4
5
4
12
4
9
3
7
7
8
7
6
5
12
11
4
9
4
7
5
7
8
10
5
4
13
7
8
9
10
3
7
2
13
8
7
10
9
9
23
28
8
6
5
10
11
11
5
5
6
6
8
9
8
10
10
6
4
6
7
4
5
5
8
8
5
7
8
6
7
9
6
2
3
4
6
4
4
3
5
8
11
4
5
11
7
2
4
10
3
8
2
9
5
6
5
6
8
7
2
3
5
9
5
12
4
3
4
5
1
10
6
4
7
2
7
3
11
3
5
7
6
6
5
2
4
7
4
6
8
3
7
5
12
7
6
2
4
10
7
7
6
5
4
7
2
1
3
3
4
5
1
2
5
2
7
2
6
4
8
4
4
10
7
6
6
12
4
5
8
6
5
3
4
7
2
5
5
6
6
3
2
7
7
6
4
5
5
10
4
8
5
10
7
4
2
6
8
6
3
8
7
8
3
5
6
3
3
5
2
6
4
8
5
7
4
4
9
7
5
2
9
5
3
0
6
5
4
6
4
4
5
5
5
2
4
7
4
3
8
5
6
1
2
5
9
4
4
7
5
6
3
5
4
2
4
4
5
5
4
8
5
4
8
4
3
7
3
5
6
3
7
7
8
6
9
17
9
8
5
5
1
6
1
3
4
6
2
5
4
3
5
4
5
6
5
8
4
5
3
9
3
0
1
5
2
4
2
1
2
2
0
6
1
2
2
1
5
4
7
4
7
5
7
3
6
6
6
0
6
9
8
7
2
3
1
5
2
4
4
3
4
2
8
4
2
13
7
4
2
6
4
6
6
6
5
7
6
4
6
3
2
1
2
7
6
4
1
4
5
1
5
3
7
5
5
4
2
3
3
5
3
5
10
3
0
3
6
4
4
2
8
1
1
5
3
5
3
2
4
3
2
4
5
1
4
3
3
6
2
5
5
2
5
2
3
3
5
3
1
5
1
3
1
2106
