radiacao de fundo
0
0
0
0
0
0
0
0
0
0
0
0
1
1
12
246
175
122
105
125
136
135
138
128
100
110
108
118
123
124
103
114
109
95
106
94
101
108
93
109
100
101
107
96
101
98
90
80
84
113
114
116
126
106
104
108
121
117
136
126
123
149
114
139
134
137
169
133
152
166
178
168
184
173
165
195
160
181
189
197
190
209
184
218
205
204
193
214
194
232
224
193
225
228
233
251
221
223
253
233
210
230
224
202
201
223
223
212
229
220
224
213
255
233
212
215
223
218
242
229
212
192
205
219
208
191
223
231
210
212
216
234
197
184
204
188
193
186
197
191
175
181
209
210
171
185
188
170
161
194
169
155
154
166
183
163
168
157
187
166
150
141
157
162
162
148
144
148
133
139
137
135
156
128
135
110
133
134
155
121
130
115
114
122
111
114
120
111
160
134
118
113
115
120
101
122
94
103
104
94
111
117
111
91
83
92
90
108
94
95
89
101
110
78
87
95
81
99
96
97
83
84
68
76
76
74
99
81
75
89
66
70
73
64
56
64
61
75
131
80
75
90
59
67
75
56
72
60
70
59
59
61
59
44
74
40
50
71
60
64
61
47
64
43
42
51
45
52
53
53
56
51
56
54
43
60
57
61
46
41
36
49
43
40
41
40
53
46
55
41
41
50
67
44
52
31
39
41
46
35
40
36
27
35
39
39
41
38
36
39
42
44
30
45
21
28
31
32
31
25
24
25
26
37
29
36
21
23
32
38
37
26
37
44
27
30
32
30
24
24
29
33
37
28
27
44
68
34
24
27
22
30
27
22
25
23
32
11
22
32
21
15
24
23
21
24
19
28
22
21
21
22
27
31
26
14
19
26
21
20
20
22
20
28
29
22
24
23
17
27
18
22
18
20
24
18
24
21
26
17
25
21
12
18
18
20
22
22
17
16
23
12
17
17
23
21
17
25
6
22
21
16
13
14
21
19
20
24
18
23
15
11
19
20
17
18
14
18
27
14
12
11
21
19
16
15
21
20
15
18
16
31
15
18
18
20
16
15
19
7
20
19
26
16
11
19
23
11
9
15
13
18
15
15
18
17
12
17
14
24
12
17
10
16
14
15
15
12
9
14
12
10
11
11
20
17
42
44
20
11
13
9
12
8
16
14
10
10
6
11
12
18
9
14
12
17
8
18
13
10
11
9
12
17
15
9
13
13
12
7
19
9
9
9
17
9
9
10
9
8
7
16
16
12
7
8
6
12
10
10
14
10
20
9
16
7
14
9
12
7
12
10
19
14
20
22
25
14
7
4
10
13
9
5
13
4
16
15
9
14
9
9
7
7
11
5
8
21
16
23
49
21
14
12
9
6
7
10
13
5
3
7
8
14
15
16
11
3
6
11
15
7
4
4
6
10
6
9
7
9
2
10
10
10
10
8
10
13
5
9
7
11
9
8
6
7
12
13
12
31
34
6
9
13
11
10
6
8
12
9
8
10
7
12
5
15
7
8
6
13
4
8
13
9
6
5
6
4
7
9
9
6
5
6
6
4
10
10
7
4
9
8
11
10
11
5
11
8
8
5
11
5
6
6
16
8
5
1
11
8
17
11
14
9
9
5
3
8
9
5
8
2
7
7
4
5
6
6
7
4
6
8
5
2
7
9
10
4
4
10
4
4
9
9
8
10
10
4
6
9
9
8
12
9
13
8
6
6
11
4
7
5
8
9
12
4
4
12
12
4
2
5
4
9
7
9
3
11
4
2
7
6
7
2
12
7
5
11
9
4
5
7
3
6
7
5
5
7
5
6
1
8
2
3
11
8
12
8
8
6
5
3
4
6
9
4
5
6
8
7
6
11
9
8
11
5
4
2
1
6
9
6
6
5
3
2
6
7
13
12
5
4
3
8
2
3
9
13
5
4
6
5
5
9
8
5
3
5
6
6
6
4
3
10
4
5
4
7
5
3
8
2
6
4
7
9
10
4
3
7
8
4
7
5
5
5
22
15
8
3
6
7
2
6
5
6
3
3
12
6
3
8
4
7
8
9
4
7
5
9
4
5
3
5
9
6
3
5
0
9
4
10
7
5
7
3
4
4
5
2
5
7
5
5
3
7
4
12
10
7
10
10
14
7
9
4
6
8
8
7
4
6
4
6
4
5
3
5
6
4
3
4
7
4
2
9
2
3
4
1
6
3
7
2
7
7
7
7
3
4
4
8
4
4
2
7
3
8
5
2
7
2
2
7
3
5
8
5
5
3
6
5
3
3
2
3
4
2
5
5
2
6
0
7
1
5
8
9
0
6
8
2
4
9
6
3
4
4
4
5
6
3
2599
15
