radiacao de fundo
0
0
0
0
0
0
0
0
0
0
0
0
2
1
50
469
335
170
154
150
157
156
128
110
83
82
98
92
98
110
100
111
81
79
87
84
79
92
90
72
77
90
87
98
74
79
68
90
87
87
98
102
100
70
90
101
109
101
103
100
117
112
98
97
99
122
125
140
112
124
126
133
136
143
142
155
163
146
151
150
149
185
157
180
147
155
178
175
158
158
184
180
183
209
213
176
157
165
177
197
215
165
191
190
192
183
225
184
189
171
198
172
180
171
172
163
193
186
194
183
189
183
176
148
183
180
175
176
216
189
173
157
157
148
149
159
169
175
167
152
177
160
150
186
151
157
135
135
141
156
137
148
136
160
151
138
147
130
110
117
112
138
111
115
105
112
110
115
127
121
106
131
113
117
106
130
105
109
113
114
103
98
116
105
105
103
95
94
110
122
93
94
101
88
102
102
95
91
94
80
90
89
83
86
101
82
83
70
82
66
81
74
64
70
68
76
65
69
71
80
76
69
75
67
56
60
66
65
52
70
74
62
78
58
58
49
49
59
109
76
63
58
55
57
39
43
54
53
49
40
54
50
41
50
52
50
52
60
48
44
40
40
35
43
39
48
49
48
33
41
43
53
36
39
39
48
43
36
45
41
34
43
39
36
44
29
34
35
42
36
27
37
58
37
31
27
43
41
20
24
34
25
36
40
22
40
23
29
35
25
23
30
29
24
32
32
26
27
28
26
33
27
33
31
27
25
24
29
25
15
32
29
35
35
25
25
28
17
30
20
23
22
28
28
26
55
53
20
21
21
22
26
19
16
20
23
25
27
15
24
18
21
18
27
21
13
19
17
21
22
15
12
21
18
14
15
21
15
13
21
20
13
17
30
17
14
16
9
22
11
23
19
19
16
20
10
13
21
21
18
19
22
14
27
14
23
12
17
14
17
18
18
14
22
16
24
10
9
9
11
17
15
12
17
14
15
17
15
17
15
19
9
14
18
12
19
21
15
16
17
16
12
17
11
11
10
14
15
16
18
18
26
17
16
12
10
9
18
13
14
11
11
9
12
19
16
13
12
4
17
7
16
22
12
18
15
11
10
10
11
13
14
10
13
12
16
17
11
18
11
16
12
7
16
13
23
23
27
20
13
15
5
7
7
8
9
9
7
8
13
7
16
10
8
8
10
10
11
12
11
6
4
15
8
9
18
12
15
10
17
12
10
11
10
12
6
11
4
8
9
6
6
9
9
12
10
9
8
5
8
7
8
13
14
14
10
7
7
3
3
9
8
15
6
12
22
17
8
7
17
7
6
10
9
14
8
7
7
10
14
7
6
11
10
11
9
12
9
12
31
46
12
10
7
8
5
8
8
11
13
8
6
3
9
5
11
6
3
5
6
4
4
6
8
6
5
5
9
6
7
11
5
9
8
8
6
12
11
3
7
8
5
8
7
8
10
10
5
9
19
24
9
10
8
11
6
4
9
4
8
10
8
6
8
11
4
6
5
3
3
7
6
6
5
9
7
7
3
8
7
3
4
2
4
4
2
9
5
7
7
3
6
11
9
5
2
2
5
2
4
6
4
7
2
3
4
8
10
5
5
6
7
12
4
3
6
4
6
5
4
7
8
6
4
7
5
6
4
9
4
3
6
8
1
5
2
3
5
7
8
3
6
5
5
3
5
7
4
8
6
8
14
10
7
5
8
7
5
4
6
6
5
6
6
7
5
1
8
4
4
7
4
5
3
4
6
5
10
4
10
8
4
9
9
6
2
5
5
5
8
8
5
5
7
10
4
5
5
6
6
7
4
5
8
6
0
5
5
9
4
5
5
6
6
3
1
9
6
3
4
6
5
9
7
4
3
1
4
1
4
4
4
6
7
4
4
4
4
5
4
6
7
4
5
6
5
3
1
8
5
6
7
1
2
2
2
1
11
5
4
3
7
3
5
8
3
1
5
3
5
3
4
5
2
4
5
6
3
9
3
6
5
7
7
6
13
15
12
7
8
5
5
6
8
9
7
1
6
3
9
4
5
8
3
2
5
2
7
5
6
3
6
3
6
4
1
6
6
2
4
4
5
5
3
3
7
5
5
5
10
6
1
5
5
3
2
5
5
8
4
3
11
10
2
3
5
2
2
3
5
3
7
4
4
2
1
4
6
3
10
6
3
3
4
5
5
3
4
7
6
2
2
6
6
3
3
2
0
0
3
5
4
1
2
3
2
3
2
5
3
1
2
9
3
8
5
0
4
4
3
0
4
3
2
2
6
3
4
5
2
1
7
2
8
4
3
4
3
3
3
1
5
7
7
10
5
3
4
6
3
1
6
5
2120
