radiacao de fundo
0
0
0
0
0
0
0
0
0
1
0
0
2
0
35
260
184
98
104
146
142
115
128
107
98
96
97
102
109
111
105
104
101
82
103
93
98
99
90
107
103
95
109
108
92
89
101
92
79
84
95
79
106
87
114
110
112
128
110
118
115
108
114
128
147
134
135
135
139
153
152
128
150
167
172
160
170
170
159
183
167
191
196
168
195
178
204
218
189
221
175
212
199
207
212
196
205
199
223
194
225
197
196
209
185
214
192
174
220
210
222
197
197
205
234
218
211
199
196
201
201
194
188
209
197
195
188
195
217
171
188
144
184
193
184
169
187
179
170
167
169
193
177
161
182
166
174
183
179
163
145
176
178
164
165
158
155
135
139
143
142
150
141
143
144
125
151
124
143
138
153
134
142
140
140
132
139
112
110
114
113
97
105
129
120
113
105
108
134
103
102
119
100
116
100
107
95
106
100
106
94
118
126
100
113
104
95
89
78
83
75
83
87
88
80
82
78
96
85
81
66
68
71
76
79
82
79
77
69
90
62
64
77
81
77
61
60
46
65
76
66
110
80
66
70
57
70
58
64
61
42
53
37
40
57
58
63
56
59
47
44
65
50
52
54
41
40
55
46
42
47
40
49
46
51
40
40
47
57
56
54
46
46
40
40
44
28
39
32
37
39
33
42
37
39
54
46
39
34
48
53
43
34
33
35
33
37
33
27
39
31
32
35
31
26
23
34
29
29
33
33
37
43
31
22
25
33
39
31
32
23
27
30
32
22
28
28
37
35
23
27
25
23
18
25
28
31
27
33
45
73
29
24
25
20
20
30
17
21
24
27
20
22
22
21
27
28
30
27
25
24
17
17
13
18
22
20
25
15
25
22
19
12
27
24
18
20
20
18
20
13
20
15
21
18
7
24
20
14
20
25
24
23
29
17
25
9
21
14
16
15
22
28
19
21
27
15
20
21
20
14
19
19
24
15
19
16
17
17
20
13
13
22
22
17
17
27
23
9
20
18
15
15
20
14
13
17
8
15
11
15
20
17
13
16
17
23
17
19
13
11
10
13
15
11
11
17
16
6
7
11
9
8
10
9
6
21
13
6
14
18
15
12
7
13
10
14
15
18
9
20
14
7
13
14
14
20
18
9
15
14
22
30
26
11
29
13
10
4
13
11
11
7
4
6
11
6
7
13
13
9
13
9
17
13
11
13
8
12
16
9
9
12
15
14
17
10
9
18
15
15
12
7
14
11
9
13
15
13
13
14
11
10
6
7
10
7
11
6
15
13
11
8
13
18
7
11
5
12
10
15
14
33
13
10
7
7
8
11
9
8
7
9
6
5
12
11
17
9
15
15
7
11
9
11
9
11
40
30
12
9
3
12
12
11
7
12
8
8
7
6
8
10
13
7
9
5
6
8
5
7
7
8
5
6
11
7
6
11
3
9
8
8
7
3
9
5
7
7
14
11
10
11
8
9
5
9
19
24
11
11
1
10
9
7
8
6
5
8
6
8
5
10
4
5
6
7
8
6
7
4
10
5
4
7
5
9
5
4
12
5
7
6
11
11
11
9
8
9
9
10
8
1
9
13
6
9
10
9
5
7
11
7
6
6
5
10
8
7
5
7
12
7
3
5
5
8
5
5
5
8
6
4
10
8
9
12
6
9
7
7
5
5
9
6
5
5
5
6
9
8
5
4
4
10
4
3
12
8
9
8
5
11
7
2
4
8
6
7
4
5
5
14
8
8
7
7
7
15
8
9
7
6
4
9
9
8
3
5
5
7
6
5
4
4
10
4
5
5
8
7
4
3
11
5
5
7
3
9
7
5
3
5
5
9
3
4
8
3
5
3
4
2
4
9
6
2
6
4
4
5
7
8
3
5
4
3
6
7
3
4
3
5
3
2
3
5
6
10
6
10
3
5
3
4
5
4
5
9
9
5
5
1
2
3
6
7
6
1
8
3
9
6
4
2
5
8
2
5
4
6
6
4
7
3
5
7
8
6
11
4
5
5
2
3
2
9
12
22
10
8
5
6
6
1
5
5
7
2
3
4
6
5
4
5
10
3
1
6
9
5
4
4
4
3
5
2
6
3
4
4
2
7
3
4
7
4
5
5
5
2
7
5
4
4
6
5
3
6
4
8
9
7
11
7
8
5
3
3
3
4
7
7
3
4
3
2
5
1
2
6
5
1
6
1
6
4
6
3
3
4
7
4
6
6
5
7
4
7
3
3
2
5
4
4
3
5
3
3
5
2
5
7
4
3
4
5
3
1
7
7
2
3
4
5
5
6
6
2
4
3
2
2
4
3
3
1
1
6
2
4
2
2259
177
