radiacao de fundo
0
0
0
0
0
0
0
0
0
0
0
0
3
1
38
204
140
96
113
107
112
113
103
88
92
87
91
96
101
118
107
100
79
70
100
87
63
78
84
71
78
74
73
80
77
87
85
65
96
85
73
74
99
99
85
72
92
91
97
69
87
101
99
114
104
106
129
118
128
122
109
124
156
130
136
138
156
143
145
140
160
153
182
173
183
152
162
150
134
175
187
172
187
188
164
181
182
180
193
161
155
196
182
176
185
166
164
184
169
159
167
164
206
169
178
158
171
180
193
158
157
186
162
192
146
153
166
190
151
179
167
171
159
139
168
195
152
182
163
154
158
162
152
171
150
147
147
154
144
149
151
136
117
141
142
146
139
134
139
111
147
124
119
121
129
113
110
101
138
117
107
108
117
91
133
97
121
115
108
89
122
109
98
83
81
99
93
111
88
119
96
98
109
99
99
99
96
99
95
94
66
84
85
84
79
75
85
72
72
67
76
75
71
82
68
53
68
65
60
62
71
67
75
86
81
49
61
79
78
65
77
63
52
56
68
62
54
60
52
40
57
98
67
43
64
53
49
44
59
48
50
50
46
46
47
40
49
48
48
45
52
45
46
38
50
39
45
33
39
35
48
44
42
34
35
48
42
34
29
29
35
34
35
33
27
31
31
39
33
36
43
26
30
34
36
45
47
30
29
36
29
34
29
25
28
28
31
35
32
19
26
28
35
24
41
30
30
28
28
30
48
27
33
26
21
34
32
26
39
46
27
32
23
28
31
19
25
29
36
36
32
24
21
22
31
28
31
31
23
35
55
26
20
22
17
30
25
26
21
16
19
17
17
19
20
26
23
19
18
22
17
17
18
27
13
15
17
16
20
20
19
23
11
16
23
13
21
14
17
12
11
25
15
15
17
12
13
12
21
15
20
16
22
18
12
19
16
21
17
18
23
14
18
17
14
16
16
10
16
17
16
17
15
19
20
15
15
18
21
13
14
13
18
16
14
16
13
11
15
15
12
11
13
17
10
5
13
20
14
16
16
19
20
6
19
13
19
19
11
10
14
10
8
9
7
8
11
13
13
13
7
18
8
17
11
9
18
13
10
16
7
16
14
9
9
10
9
10
7
15
8
12
17
18
9
10
9
18
8
10
15
14
30
36
16
16
8
10
12
12
8
11
11
10
5
9
9
10
7
8
10
15
7
13
17
7
5
13
8
8
6
9
12
8
8
8
10
7
9
12
12
4
15
10
9
12
11
13
9
8
12
9
13
12
13
4
7
9
10
5
6
9
10
6
7
7
7
6
10
13
8
6
19
16
13
8
6
5
14
4
12
4
7
9
6
3
9
6
8
10
4
8
10
7
11
8
14
34
33
15
7
6
10
3
8
4
6
10
9
8
11
6
8
7
8
6
9
5
7
3
8
12
10
12
8
6
3
6
5
7
7
3
10
8
7
4
3
7
7
8
7
3
5
3
4
3
6
17
25
20
12
4
7
6
4
5
7
5
4
8
3
7
7
5
7
8
1
7
4
8
6
4
7
7
4
8
2
8
4
7
2
4
6
5
4
4
6
6
7
9
4
8
5
7
8
7
4
6
6
12
4
3
2
4
10
7
2
5
5
6
9
7
6
9
5
2
5
6
3
9
4
7
9
4
6
7
5
2
3
7
14
6
6
7
3
6
4
6
5
9
6
9
3
5
8
7
10
5
7
8
5
8
9
5
8
5
2
2
4
4
5
5
4
3
4
7
9
8
1
4
3
7
4
4
3
5
6
8
5
7
6
3
3
7
4
6
10
8
6
6
2
4
2
6
10
3
2
5
5
6
6
3
4
4
3
8
4
6
4
2
6
9
3
3
4
2
3
6
5
2
4
5
3
4
4
6
4
2
5
6
8
5
6
8
6
2
5
5
8
12
8
3
3
4
6
5
7
5
5
6
5
10
6
6
9
3
2
7
4
3
8
5
2
7
3
4
8
4
6
7
4
1
4
2
5
4
8
5
4
3
4
5
10
7
7
3
3
12
10
8
2
2
7
2
5
6
5
4
2
5
6
6
7
6
2
6
5
4
5
4
6
6
6
7
7
4
4
2
2
3
2
7
4
5
0
2
4
5
6
2
5
5
7
7
4
6
2
1
4
3
4
5
4
10
5
7
5
7
4
4
6
7
4
3
5
2
4
3
2
7
4
3
4
4
5
3
5
8
2
3
2
4
2
1
1
2
3
5
3
2
4
3
5
2
5
4
4
4
6
1
0
3
3
1
2
5
5
1
2
5
5
4
4
3
5
5
3
5
7
6
4
7
2
5
3
5
2
4
4
2
0
3
5
2094
