radiacao de fundo
0
0
0
0
0
0
0
0
0
0
0
0
10
3
18
241
173
129
126
159
154
128
134
118
99
115
123
110
126
126
119
115
97
103
97
65
118
83
103
109
122
89
89
98
83
84
92
89
102
97
79
92
69
95
71
92
114
119
109
102
127
104
118
144
133
144
137
136
128
137
162
158
151
143
160
188
177
147
177
191
181
164
193
189
201
200
202
210
185
215
187
194
209
214
222
215
215
211
234
216
214
228
212
198
210
216
231
210
202
214
211
206
196
234
202
234
229
218
215
211
221
193
205
223
200
231
201
191
196
206
213
202
210
184
194
221
178
203
193
179
190
184
199
170
180
172
159
165
167
188
162
158
175
190
165
145
191
146
142
157
175
142
150
155
160
144
107
154
119
140
126
128
122
138
111
123
124
130
119
99
121
122
112
138
124
100
120
124
116
108
132
129
93
133
101
133
104
124
117
112
133
115
93
99
119
105
102
88
98
93
92
97
85
90
92
85
91
78
84
96
70
77
70
92
75
78
73
75
68
61
66
78
70
64
67
70
71
65
84
80
68
98
71
45
60
55
58
58
61
69
53
50
55
53
60
60
63
51
41
51
55
50
46
42
51
50
50
43
49
53
48
48
49
41
47
43
52
48
41
31
30
29
44
41
40
34
29
44
36
39
49
43
48
52
46
43
45
37
40
34
35
38
41
36
31
45
33
26
30
35
34
28
40
43
28
29
35
28
31
21
37
43
25
19
29
25
30
24
28
21
24
30
31
30
30
25
36
22
23
18
20
25
27
29
30
34
51
31
37
27
49
31
24
28
18
20
20
28
29
22
25
23
22
29
28
18
19
22
32
16
26
21
13
22
21
25
30
16
15
21
25
17
26
21
21
25
19
25
26
16
26
16
19
30
28
9
19
25
19
22
22
17
18
12
21
16
20
16
19
28
9
18
31
26
19
20
14
13
27
19
12
15
22
20
20
23
21
18
17
17
13
15
14
14
19
12
17
18
19
11
15
14
16
21
16
11
19
14
19
24
14
17
20
11
16
18
11
16
15
14
15
15
8
15
18
14
11
17
15
10
17
8
9
17
14
12
14
13
11
15
12
15
18
12
9
13
9
9
15
15
16
6
13
18
12
23
20
17
20
10
5
8
13
23
26
15
15
10
11
9
13
7
13
9
11
7
13
12
10
10
16
17
5
6
11
8
11
13
15
13
12
7
5
12
12
8
10
15
15
10
6
8
10
15
8
8
10
8
13
5
7
7
13
10
9
12
9
12
10
10
14
6
4
11
16
18
13
13
8
8
10
13
19
15
14
5
14
14
6
11
7
9
10
13
11
10
6
9
11
15
29
15
9
13
11
13
8
15
20
13
8
11
8
8
14
14
6
7
7
4
12
9
7
10
9
7
9
9
11
6
12
7
10
8
8
5
5
6
6
6
10
11
12
4
7
12
10
6
9
21
11
7
5
8
11
4
10
13
17
13
14
10
4
7
11
4
10
10
10
11
5
6
5
10
6
7
12
3
10
8
9
6
8
7
5
10
10
10
6
5
9
6
12
4
2
6
7
6
12
8
4
4
6
10
8
7
5
5
7
5
8
7
9
5
6
14
9
5
5
7
9
8
11
3
4
6
2
9
3
4
6
8
10
6
10
3
5
7
12
6
9
9
7
8
3
7
3
5
10
6
3
7
8
7
6
7
8
10
6
7
10
9
3
3
12
5
11
8
10
8
5
3
4
4
9
6
9
4
7
6
4
1
5
4
4
4
6
5
6
4
9
7
6
9
0
7
5
3
8
2
8
4
4
9
1
5
8
3
4
4
6
4
5
5
7
7
3
6
3
10
2
1
2
9
10
6
7
6
6
8
4
9
4
5
4
6
3
1
6
4
6
3
9
8
4
6
2
8
2
2
5
8
2
7
5
0
7
4
5
4
3
3
5
8
9
4
7
7
7
4
5
7
1
5
4
6
6
6
5
3
9
8
2
2
8
9
8
12
11
10
5
4
3
5
2
5
6
10
16
6
7
7
7
1
4
4
3
4
4
4
6
5
5
2
2
7
4
4
5
6
4
5
7
2
2
7
8
3
1
5
4
3
4
2
5
5
3
9
1
5
8
7
11
7
9
10
2
3
5
6
7
7
4
3
8
7
5
11
4
4
10
2
3
6
5
3
5
1
3
4
3
2
9
7
6
3
2
4
1
1
5
4
4
3
4
7
5
5
3
10
4
12
8
7
3
2
6
4
4
4
5
6
4
7
4
1
3
7
6
2
4
8
5
5
4
5
5
3
3
6
4
6
1
8
2
4
3
4
5
3
1
6
2439
2
