radiacao de fundo
0
0
0
0
0
0
0
0
0
0
0
0
6
4
42
376
296
160
137
189
143
143
160
122
113
81
107
98
91
84
107
78
89
82
80
78
101
68
73
82
75
89
75
85
67
73
79
101
72
88
98
88
72
85
81
95
92
99
123
103
113
115
83
106
112
121
135
125
128
96
130
123
148
147
136
166
148
165
176
147
165
172
172
157
169
171
174
180
157
145
171
163
172
176
204
174
200
171
215
183
178
189
192
190
215
174
218
191
185
199
182
185
183
194
187
179
196
190
177
183
148
188
185
176
202
175
184
176
194
176
172
188
193
158
148
166
156
157
163
138
175
157
139
162
169
147
170
163
148
164
129
155
167
136
130
122
122
141
145
154
119
135
158
117
132
104
136
128
115
141
116
119
111
102
106
120
120
124
96
104
107
117
99
101
109
97
100
97
77
101
91
99
107
85
90
100
85
95
73
80
90
85
77
81
83
67
79
88
84
82
73
75
72
70
92
81
62
73
72
72
74
66
82
74
66
67
64
66
50
69
61
75
62
65
52
56
61
60
48
56
80
87
75
62
70
57
60
49
41
60
50
42
61
49
52
50
49
46
51
51
36
43
39
41
53
49
47
53
57
27
36
31
39
52
47
30
45
33
35
41
44
33
36
45
27
29
37
42
37
43
38
39
34
41
36
36
53
33
43
31
33
38
25
27
25
32
26
28
34
36
24
27
27
31
25
24
32
25
32
47
33
20
21
36
30
21
25
24
32
30
33
25
29
27
25
30
30
24
27
18
18
21
23
9
23
15
25
41
33
24
26
34
20
19
21
17
14
16
20
28
13
16
26
14
15
21
15
23
14
15
21
14
24
17
22
21
23
18
19
19
21
20
21
20
16
20
20
10
18
23
24
13
18
19
14
14
10
14
15
16
15
17
15
23
20
21
15
13
20
19
22
16
13
16
16
23
24
9
22
12
17
14
17
15
14
16
19
20
13
19
14
17
11
13
13
14
20
13
16
13
8
21
6
9
9
14
17
9
10
11
10
9
11
9
5
15
10
16
12
12
10
13
7
16
14
15
13
11
22
11
12
12
14
9
15
13
13
13
11
14
14
9
9
13
6
17
9
9
17
14
13
9
12
7
6
14
17
6
11
16
16
14
17
20
26
20
13
10
7
15
5
11
6
9
5
10
6
6
10
14
15
14
6
13
15
6
9
7
8
8
6
10
4
11
11
9
6
5
8
6
6
8
7
7
7
4
11
7
7
9
9
16
9
10
8
8
7
4
12
10
9
7
5
10
11
14
9
9
15
11
10
15
21
17
8
9
5
6
7
11
8
9
7
7
5
10
9
5
10
4
7
4
15
13
21
11
14
16
18
28
14
17
6
8
3
8
3
7
7
11
13
8
10
11
4
12
5
5
9
4
10
7
6
9
7
8
7
8
10
9
7
5
9
5
7
8
10
3
3
5
7
3
5
14
17
10
13
8
13
16
18
8
4
4
8
11
8
9
7
4
5
3
6
9
5
7
4
8
4
8
5
1
3
2
12
7
2
6
9
4
8
4
4
5
5
7
3
5
8
7
9
6
7
3
6
5
6
6
5
7
8
10
4
5
6
5
9
7
6
8
6
7
9
7
4
7
4
10
4
4
2
4
4
4
6
5
9
3
1
7
8
5
6
5
2
6
7
8
7
8
5
5
10
7
9
10
9
10
8
8
5
5
2
7
13
2
5
4
2
3
2
8
2
4
3
4
6
6
6
6
12
6
6
8
2
13
9
7
9
5
8
5
8
7
10
7
8
5
2
7
2
3
6
3
6
7
5
9
4
10
6
5
2
8
4
9
2
5
6
4
10
6
3
9
8
5
1
6
5
3
3
4
6
2
5
7
7
4
4
3
5
5
5
6
6
9
1
7
10
3
6
2
4
3
0
1
5
4
6
5
9
6
5
7
8
2
6
4
4
3
4
3
1
8
3
5
5
5
5
6
5
8
1
6
5
6
2
4
6
3
2
2
6
4
4
7
1
4
7
4
7
8
5
5
2
6
3
4
8
2
6
4
9
2
1
10
5
2
6
6
5
1
3
9
5
2
5
6
5
1
6
5
3
3
3
3
4
5
3
3
2
4
0
4
6
3
5
8
7
7
7
3
10
4
4
7
5
8
3
6
5
6
8
2
2
10
4
3
4
7
2
5
5
3
4
1
7
4
5
3
7
1
1
4
8
6
10
1
5
3
2
4
1
5
3
6
3
4
5
1
3
0
8
0
1
4
4
5
5
2
5
2
3
5
3
4
4
6
2
3
5
2
2
3
7
1
2
3
7
2
2
4
3
2105
