radiacao de fundo
0
0
0
0
0
0
0
0
0
0
0
0
0
2
24
299
199
124
95
147
159
152
105
105
99
101
109
118
104
94
99
117
84
96
88
96
94
83
108
99
101
104
110
118
91
94
91
107
98
81
117
100
102
107
108
109
120
99
121
116
108
131
125
122
117
147
140
152
138
146
145
158
178
159
163
180
163
198
166
181
205
169
196
207
194
196
215
217
191
202
215
191
240
203
211
211
188
222
194
239
212
209
208
208
226
217
253
230
230
221
225
234
202
214
235
222
240
213
217
215
187
224
210
211
199
197
233
211
206
211
199
190
216
188
204
213
185
171
197
174
162
183
192
171
205
191
182
157
184
179
198
176
160
156
161
154
157
176
159
144
142
158
159
152
131
127
141
164
135
155
132
145
138
109
144
121
144
121
126
105
111
106
123
119
108
129
130
110
141
120
103
111
110
102
102
104
110
114
123
133
111
113
104
112
97
102
93
101
98
108
85
94
84
75
87
98
85
86
85
76
82
81
81
90
69
88
80
80
96
68
83
71
67
60
80
75
76
71
110
75
71
89
76
60
61
68
64
73
58
59
37
65
48
59
57
51
53
58
59
47
54
49
57
61
49
50
58
59
47
41
35
51
42
40
54
38
47
39
35
43
49
49
37
50
43
40
52
39
42
38
40
43
73
45
37
30
46
45
41
41
30
39
35
40
33
30
29
30
35
35
41
36
33
45
39
31
30
33
30
25
31
37
38
37
34
25
39
37
37
29
31
30
28
37
24
31
22
26
34
28
24
30
27
22
28
57
79
28
26
27
21
24
17
30
28
20
15
22
23
19
24
22
28
24
20
29
15
17
23
20
26
20
20
22
23
17
25
21
23
12
27
20
24
22
25
23
23
21
23
14
23
23
13
20
18
20
24
22
20
36
17
18
27
20
16
15
14
23
19
20
21
15
18
20
24
16
23
18
18
12
18
15
10
30
21
19
10
13
23
20
22
22
11
20
21
14
8
18
11
21
19
12
15
18
15
19
18
13
17
18
18
23
12
11
13
19
23
22
18
13
15
15
14
19
13
15
13
12
19
9
12
19
14
15
18
15
10
13
13
10
21
12
11
9
9
8
18
17
15
16
15
10
12
14
13
23
42
23
18
12
17
20
6
11
9
8
25
12
17
9
9
14
10
6
15
5
14
16
15
11
15
17
9
17
15
6
9
8
6
17
9
12
18
8
14
11
11
12
16
12
12
12
13
8
4
10
9
10
10
8
19
7
6
15
10
12
10
11
10
10
14
10
12
9
13
29
20
12
10
7
10
16
2
4
2
7
12
11
8
8
11
13
13
4
9
4
8
19
15
43
38
19
6
11
7
7
10
7
7
5
5
12
7
7
10
8
7
7
9
10
13
5
6
13
8
3
11
5
9
13
7
8
11
6
7
8
11
7
13
8
10
5
8
13
14
5
12
14
17
22
32
7
10
8
4
7
6
5
7
8
9
1
9
6
6
6
4
3
3
11
10
9
13
11
6
6
8
7
5
6
9
5
8
4
9
3
4
8
6
14
4
14
6
12
8
4
7
4
6
7
6
6
7
8
2
8
11
5
6
8
2
7
7
5
10
15
11
6
8
7
9
10
7
8
7
15
9
8
7
8
7
5
5
5
6
6
5
10
4
7
7
5
4
7
6
8
5
4
12
5
8
10
10
9
10
8
4
3
6
4
10
10
5
6
9
7
2
5
1
4
8
5
8
6
9
8
10
4
4
5
7
2
3
9
6
6
6
4
4
7
1
4
3
3
9
4
3
8
4
8
7
5
3
5
3
3
9
6
3
4
4
10
5
9
9
8
5
5
5
6
5
5
7
6
3
7
6
5
6
10
9
7
1
8
6
8
6
5
11
7
6
7
2
2
1
11
10
3
5
3
5
6
5
4
0
9
4
1
4
7
10
8
5
2
3
7
5
7
6
6
2
3
4
4
4
5
5
3
5
7
3
7
3
8
5
5
12
14
6
10
3
4
6
6
2
6
4
3
6
4
5
5
2
6
8
5
3
5
3
4
4
7
7
3
6
7
4
8
7
7
3
3
6
8
6
3
3
4
9
3
3
8
6
2
4
9
4
5
11
6
7
9
12
7
4
3
8
2
8
7
2
7
6
4
10
5
1
7
5
3
0
1
1
4
5
3
5
4
5
7
4
3
7
5
5
5
3
10
5
3
3
7
9
2
5
7
5
4
5
0
6
7
5
5
5
5
5
7
5
3
2
6
0
8
5
5
9
3
5
5
4
3
1
6
4
0
3
4
7
8
5
5
4
4
7
4
4
6
1
4
6
6
2542
5
