radiacao de fundo
0
0
0
0
0
0
0
0
0
0
0
0
1
0
37
340
237
166
137
150
147
134
121
105
103
110
112
111
111
107
84
106
108
75
72
88
85
85
89
95
110
104
110
114
79
90
110
93
78
105
104
98
90
96
101
107
98
120
106
118
127
130
138
122
108
120
152
133
141
158
143
131
173
150
164
130
179
154
167
172
167
178
163
202
202
189
215
180
201
177
209
197
205
198
192
207
218
230
240
218
210
225
221
219
220
211
208
231
231
217
199
221
207
196
211
235
197
229
218
209
177
203
200
195
218
191
204
212
198
215
199
220
183
183
184
210
161
209
167
173
175
170
186
153
182
175
162
163
171
174
165
157
150
167
178
146
149
163
129
134
158
142
134
138
133
136
158
140
158
125
121
142
121
109
115
137
122
130
141
114
116
112
123
123
112
124
127
97
142
105
97
111
103
106
92
111
93
81
102
115
95
120
104
103
94
100
97
106
92
93
95
85
71
78
85
98
67
75
75
78
95
81
92
76
70
73
85
91
67
75
78
76
68
75
64
75
77
68
120
82
62
79
66
60
62
52
61
54
56
65
67
48
47
59
57
46
45
54
55
50
41
55
48
62
56
56
49
48
49
59
54
46
58
42
45
59
38
41
48
37
35
46
47
42
51
36
45
40
39
51
42
48
68
34
35
42
33
39
35
33
31
40
41
29
39
44
45
34
34
43
36
27
32
36
42
29
30
35
36
34
34
25
27
33
27
41
27
35
34
21
26
26
30
33
25
26
26
34
18
29
29
27
24
28
34
40
58
19
27
24
27
28
22
30
21
15
27
30
18
21
26
19
21
29
19
30
28
22
21
24
28
21
20
28
18
27
22
18
24
17
17
26
20
18
20
22
15
26
17
21
16
19
25
24
16
17
19
18
17
19
20
16
21
16
14
22
25
21
8
18
20
26
12
18
20
25
19
16
16
17
16
23
15
15
14
25
17
20
27
20
19
19
13
14
18
10
14
11
14
18
19
12
11
17
17
24
16
14
17
16
17
19
13
18
19
17
11
19
17
19
11
19
15
21
16
21
17
22
16
15
13
14
25
17
19
17
8
10
9
13
9
9
13
11
14
16
11
17
18
10
13
11
12
16
12
19
29
13
16
11
19
14
20
12
14
15
18
13
12
12
10
11
12
12
13
12
11
10
20
16
12
13
11
12
11
12
14
8
9
8
12
7
11
14
13
8
9
9
13
13
15
8
12
15
10
3
14
13
13
11
6
13
17
14
14
10
7
12
14
9
12
11
17
10
18
29
18
12
12
6
10
8
5
13
13
9
12
13
6
7
8
13
6
16
9
9
13
10
6
25
37
22
19
4
2
9
9
7
16
6
10
10
11
5
4
6
13
6
6
8
5
10
9
5
8
4
2
6
6
5
8
5
7
11
11
10
13
6
0
9
11
8
4
5
7
1
6
14
10
21
22
19
11
6
8
15
9
8
2
14
7
8
5
6
4
10
9
3
9
9
4
5
7
9
9
8
4
6
8
10
5
4
6
7
6
7
9
6
6
13
6
7
9
3
10
4
12
7
5
5
4
5
8
9
3
3
8
7
7
8
5
13
8
13
10
5
4
6
6
4
8
7
6
4
8
5
2
6
7
6
12
4
7
4
5
5
4
6
6
6
8
8
5
7
7
7
9
8
7
11
10
6
4
6
6
4
5
5
9
6
3
4
4
11
8
6
4
10
10
8
4
10
6
12
5
12
7
6
7
4
4
8
6
3
10
4
5
5
9
4
7
5
9
7
3
5
5
5
6
4
2
7
5
8
7
6
7
6
2
4
3
4
8
7
4
5
4
8
4
2
7
5
5
4
5
5
6
4
9
2
4
6
4
5
2
9
5
6
4
14
4
3
3
6
8
7
4
6
4
7
4
1
5
3
6
3
6
9
5
3
3
5
3
10
5
7
6
3
3
8
8
6
7
3
7
1
6
2
8
4
5
7
2
4
5
8
15
15
7
9
8
4
7
4
5
8
9
5
7
2
3
8
6
6
7
7
5
8
6
5
6
2
7
4
4
6
6
3
4
4
5
2
9
8
3
7
5
3
7
4
6
3
6
6
4
10
5
6
7
8
9
13
11
7
6
1
4
5
3
5
6
5
3
2
5
6
4
5
6
5
8
1
6
7
7
2
4
5
4
3
6
3
6
5
2
9
7
6
3
4
5
3
0
3
4
2
4
9
5
6
3
4
4
3
3
6
3
1
8
4
2
4
9
2
3
7
6
4
6
5
4
3
5
5
4
2
4
4
6
6
5
8
5
7
6
1
3
6
4
4
4
8
4
2460
