radiacao de fundo
0
0
0
0
0
0
0
0
0
0
0
0
2
1
24
238
168
141
186
144
147
112
101
82
77
99
114
97
99
102
102
106
83
76
90
68
73
90
85
83
95
78
55
90
90
81
60
85
74
68
90
90
78
85
86
98
105
88
92
91
100
117
106
116
106
120
112
134
150
136
113
141
138
151
129
145
187
156
153
146
167
175
175
182
155
163
191
191
154
177
179
180
183
189
181
191
207
193
200
174
184
185
203
191
181
182
192
172
181
174
180
195
197
203
189
176
192
176
205
191
188
181
191
174
183
196
183
192
176
168
170
188
152
191
178
187
161
163
179
162
173
185
176
172
147
175
154
151
143
160
129
169
125
154
150
124
150
140
133
135
113
135
119
126
124
137
109
111
119
130
126
120
120
121
116
93
108
100
95
122
108
114
110
106
94
113
103
119
95
109
112
98
91
83
116
97
101
78
96
89
77
88
94
104
89
83
86
85
70
88
85
91
85
86
72
80
72
71
85
68
74
73
66
77
82
63
63
80
61
67
74
73
57
70
65
65
60
67
89
72
56
103
49
46
77
54
56
58
57
53
48
41
51
51
45
41
37
44
38
52
43
61
61
47
36
42
51
48
55
41
42
51
40
48
41
34
39
43
38
51
33
42
34
49
34
45
38
36
39
30
30
40
42
43
29
50
48
26
41
27
33
31
31
26
28
31
31
23
33
21
37
30
24
28
25
24
31
19
39
35
30
34
37
29
26
27
33
35
17
27
32
17
22
24
25
26
28
31
24
21
27
24
20
26
23
29
40
28
28
33
63
25
31
20
23
19
15
16
13
26
25
22
22
28
24
19
18
19
22
23
23
22
18
34
23
22
22
21
22
23
13
16
26
18
22
23
18
14
20
14
16
14
14
16
18
22
20
18
12
10
18
15
13
25
16
14
17
18
15
15
12
21
17
9
12
22
14
16
17
15
15
21
14
16
16
15
13
23
16
13
14
11
13
17
18
9
18
15
11
20
10
21
12
21
12
15
13
18
14
12
12
12
13
10
23
11
19
16
15
6
17
9
13
7
17
11
13
17
16
11
20
15
15
7
13
8
15
14
13
8
9
10
9
15
10
13
12
12
16
10
16
9
13
15
10
20
14
14
13
11
10
13
21
14
10
8
15
14
12
13
20
9
11
4
8
7
4
14
13
19
15
8
11
13
8
14
11
10
9
14
9
17
16
13
11
10
8
6
13
4
4
9
11
6
12
11
11
9
7
9
8
7
16
9
10
8
12
10
9
7
12
6
8
10
14
17
9
11
11
6
4
9
27
13
15
8
5
7
11
10
9
9
10
7
8
6
16
9
4
8
13
9
6
8
9
8
11
21
22
9
7
7
6
9
4
3
9
4
3
7
8
8
10
5
9
6
5
3
11
6
3
10
5
7
3
8
5
10
8
7
11
8
3
7
7
8
3
15
10
13
15
11
6
5
7
8
7
6
17
13
9
9
8
6
10
10
9
3
7
7
9
6
6
10
8
7
11
9
10
9
9
7
6
4
5
4
4
3
8
5
8
9
13
9
9
3
9
2
5
6
1
6
11
6
10
8
7
5
7
3
5
12
8
7
6
3
7
6
6
5
5
10
6
12
7
6
3
7
5
12
6
10
6
7
6
6
7
10
6
4
2
9
9
7
9
10
8
1
8
7
6
7
8
5
6
1
5
1
4
5
4
8
4
3
5
2
5
7
5
5
1
4
3
3
2
5
10
10
5
2
3
4
4
5
4
4
4
4
5
5
1
7
2
4
4
6
9
5
9
7
2
4
8
4
6
2
3
7
3
6
4
3
7
3
6
8
2
2
8
5
4
5
6
6
8
5
7
8
5
6
4
4
8
4
2
7
4
5
8
5
2
10
5
3
6
9
5
5
7
5
2
7
8
5
4
9
6
2
5
3
4
5
2
3
11
7
5
3
0
3
5
5
5
3
1
6
3
4
5
3
6
5
4
3
3
9
7
12
5
9
4
4
7
6
5
2
3
4
9
6
8
4
3
11
6
2
3
6
5
2
5
2
5
4
3
3
2
5
5
3
4
4
3
4
4
3
8
0
3
5
5
3
3
3
2
7
6
2
4
2
5
8
4
6
14
3
7
5
3
8
3
3
3
4
8
3
4
2
3
6
7
2
2
4
1
4
7
5
4
5
1
4
5
0
7
2
6
3
5
6
4
2
2
3
1
4
2
6
3
2
2
1
1
7
6
7
2
2
5
2
4
7
7
2
4
8
5
5
2
3
2
6
4
5
5
8
5
1
4
6
2
3
2
2
2
5
2
6
7
6
5
3
2
2208
