radiacao de fundo
0
0
0
0
0
0
0
0
0
0
0
0
2
2
30
284
116
97
120
108
129
116
91
92
79
83
112
93
115
102
82
78
76
85
90
93
85
84
78
90
87
79
91
78
91
80
88
77
79
78
104
93
77
86
97
83
97
101
85
114
106
126
110
125
110
118
95
124
118
122
141
123
132
168
160
140
152
176
169
164
189
170
177
172
150
187
159
175
187
182
192
173
180
177
191
204
163
195
189
188
183
194
175
205
199
187
180
195
194
183
203
213
194
179
202
213
172
215
172
203
207
174
194
185
202
193
185
174
204
185
190
201
189
180
168
176
178
161
174
178
162
149
160
172
164
159
158
149
142
153
136
164
146
140
134
137
143
152
140
128
119
125
132
130
140
121
144
116
120
144
113
122
111
125
119
110
111
117
107
107
123
117
112
111
107
83
85
103
123
110
90
117
95
102
107
94
86
85
90
84
88
87
95
88
83
89
104
86
78
99
84
85
96
77
104
73
83
78
83
79
69
72
72
79
67
59
72
65
67
77
72
66
72
61
64
56
75
68
108
67
60
62
77
50
57
56
64
62
43
44
42
53
44
48
35
46
39
45
62
49
40
49
40
46
45
49
38
52
50
41
48
32
42
42
42
30
42
37
37
52
44
47
47
48
36
38
46
40
41
39
40
54
54
47
36
37
42
38
37
31
32
31
33
33
21
26
31
33
24
24
26
35
26
22
27
32
29
26
30
29
33
30
22
33
30
27
23
30
22
30
29
26
33
38
30
23
21
22
19
24
28
30
19
19
31
48
61
26
20
13
17
24
24
29
17
28
25
28
19
30
21
21
26
12
20
18
13
19
17
22
21
15
25
20
22
24
22
25
19
23
13
18
19
15
25
16
19
19
19
12
15
25
15
16
17
18
17
9
21
24
20
18
13
24
12
18
7
22
21
20
6
16
13
10
16
19
13
19
17
11
18
14
15
16
20
9
12
8
16
13
15
14
19
21
16
14
11
15
11
12
16
14
14
14
11
15
7
12
17
11
16
17
8
11
13
14
15
7
14
12
12
16
11
10
8
12
16
20
13
15
12
11
14
17
12
13
11
12
11
12
10
8
20
17
13
4
14
12
13
10
9
16
7
14
15
16
27
33
15
10
13
9
11
9
11
11
8
5
12
9
8
5
10
17
14
13
13
11
9
7
10
10
8
11
14
7
13
11
13
9
11
8
10
11
9
14
8
9
15
7
9
11
10
3
5
7
14
14
9
7
9
8
8
7
7
8
10
9
15
7
10
7
11
8
17
24
11
7
12
10
6
6
8
9
6
7
9
9
7
7
12
12
14
8
10
8
8
11
13
37
41
30
11
11
9
10
12
11
4
7
11
11
7
7
12
4
9
7
10
6
10
6
8
7
8
6
5
11
9
8
0
9
8
8
5
10
9
11
3
6
7
7
11
7
7
2
1
7
14
29
20
13
5
3
5
4
6
8
6
11
7
7
7
8
7
4
10
4
6
9
5
11
10
4
10
13
2
7
6
6
10
2
9
9
8
10
8
3
6
8
11
2
8
8
5
10
7
3
4
8
5
6
9
6
7
8
9
2
3
8
4
9
11
8
2
5
4
1
10
5
6
7
6
3
5
6
5
7
4
7
6
5
6
4
4
7
2
5
5
8
4
12
6
6
5
4
5
5
7
7
4
5
3
13
4
5
3
4
3
7
5
8
5
6
4
2
8
10
4
6
2
7
3
10
8
6
15
5
3
4
7
3
2
7
3
6
4
9
2
6
10
5
3
7
8
10
5
1
5
4
9
8
7
7
2
9
12
5
7
5
2
4
5
3
6
7
2
3
6
5
3
7
0
6
6
8
7
4
3
2
4
5
5
8
8
4
11
6
13
3
1
2
2
4
4
5
2
1
4
6
5
7
5
5
5
7
3
6
7
5
5
5
3
3
4
9
1
5
3
2
4
3
0
3
4
7
6
5
4
5
3
9
2
7
2
2
16
13
8
4
6
1
5
4
5
3
5
2
1
3
2
7
4
2
5
6
3
6
10
7
7
8
3
7
3
0
5
4
1
3
5
3
3
2
8
3
1
5
3
8
8
6
4
2
5
7
8
3
6
8
5
6
8
5
6
4
4
6
5
3
3
1
2
5
8
5
5
5
5
7
6
3
9
6
6
5
7
5
2
2
4
3
5
7
5
5
2
3
8
3
5
2
11
3
5
3
5
4
4
3
5
3
2
5
4
2
7
7
4
4
1
3
7
7
1
2
4
4
2
4
4
4
0
2
5
4
5
6
4
4
5
3
5
3
6
5
5
4
3
4
4
0
2
2199
