radiacao de fundo
0
0
0
0
0
0
0
0
0
0
0
0
1
1
190
1023
175
83
69
103
125
117
110
76
82
94
97
90
104
109
93
93
86
86
70
61
66
84
69
84
70
70
94
94
82
79
65
65
74
68
68
78
83
71
87
83
69
86
110
90
86
89
98
98
87
109
115
93
132
110
124
117
116
114
137
141
136
137
132
154
160
130
129
158
163
164
157
153
141
161
181
156
164
136
155
156
164
160
142
192
167
145
156
175
160
158
184
167
176
179
182
182
166
145
176
138
170
183
147
160
145
158
154
140
177
158
181
170
142
171
158
153
150
161
161
155
173
153
159
137
159
136
147
161
141
141
153
134
142
129
129
144
120
115
140
131
121
129
103
121
115
94
95
118
109
113
102
120
105
107
101
104
107
83
102
108
99
110
82
99
76
91
84
96
89
105
99
95
86
83
84
96
92
90
69
88
81
81
67
82
70
89
81
59
79
79
75
80
80
73
77
72
48
58
77
63
66
71
52
68
72
68
73
75
49
71
69
61
62
58
52
50
62
53
56
49
58
64
48
42
60
103
51
58
56
52
38
45
46
46
45
40
39
41
45
35
39
50
40
51
44
28
35
35
31
51
37
45
32
32
33
51
47
40
19
39
31
35
42
43
44
43
38
41
28
41
38
29
32
28
34
46
32
36
33
45
47
30
42
22
23
34
27
25
42
18
37
20
24
24
26
24
15
31
24
37
20
24
28
26
25
24
25
23
19
30
25
23
21
17
18
25
28
20
21
18
24
31
18
22
24
22
25
18
21
23
27
18
24
28
54
28
17
24
14
17
18
19
20
13
18
15
22
13
18
21
20
14
20
22
15
23
16
15
19
13
16
20
12
17
18
15
12
17
16
17
13
10
22
16
10
12
18
19
15
10
12
17
8
12
24
15
10
21
15
19
16
14
12
12
6
10
14
14
22
9
13
13
10
6
16
12
11
14
15
17
11
16
10
13
14
10
10
18
19
14
16
19
20
15
7
11
13
13
20
8
15
14
14
9
13
15
11
13
16
12
7
23
12
13
16
9
10
13
13
14
9
13
16
13
11
11
9
11
18
12
8
13
7
8
10
12
8
13
11
9
11
8
8
16
14
9
7
5
15
11
10
5
8
7
10
13
20
23
15
12
15
11
9
11
6
8
6
14
15
11
9
5
10
5
9
13
11
13
10
8
4
11
12
10
11
9
11
6
9
9
9
8
13
8
9
5
13
12
18
6
7
16
5
16
13
5
11
4
8
14
6
11
14
10
12
10
6
10
9
6
12
8
7
7
7
13
14
16
13
7
9
7
8
5
9
10
5
7
8
5
6
5
6
11
9
9
10
4
13
5
13
22
27
15
6
5
4
5
1
7
6
10
4
5
6
9
10
5
8
12
5
4
6
11
7
16
5
4
5
8
3
10
6
5
4
8
8
5
12
6
4
8
7
6
8
7
6
9
4
7
7
17
24
18
10
3
4
7
6
6
7
7
5
4
6
9
4
6
5
1
5
7
4
1
8
6
4
10
5
6
6
3
6
7
9
9
5
8
3
8
6
3
6
3
5
5
10
3
4
11
5
2
7
4
4
6
4
2
3
5
2
5
6
5
10
13
10
8
5
7
8
4
5
1
2
5
3
4
5
5
8
6
8
4
8
7
7
3
3
6
8
6
8
8
4
6
5
4
7
6
7
3
3
6
7
6
5
5
10
11
4
4
1
5
8
4
4
1
3
1
4
4
3
3
7
2
5
4
2
2
7
6
1
2
6
6
1
6
2
3
3
10
2
5
3
4
4
6
3
4
4
4
4
5
5
2
6
8
4
5
6
6
4
7
2
5
9
3
3
12
4
2
4
7
2
5
5
2
1
2
4
5
7
6
3
5
5
1
4
4
1
5
6
8
5
12
1
4
4
2
2
4
3
6
4
4
1
0
1
1
4
8
2
8
1
2
4
6
4
8
2
3
3
6
5
3
5
1
4
4
5
5
7
5
4
6
5
6
3
6
4
9
14
11
5
2
2
2
4
7
4
5
3
3
11
3
5
3
3
2
7
4
5
4
9
6
2
3
5
2
3
3
3
4
3
6
1
4
7
2
6
3
5
4
3
4
8
2
2
5
7
5
2
4
3
6
6
4
9
8
5
6
2
2
7
3
2
1
2
4
4
5
6
3
3
5
6
1
3
1
3
1
3
2
2
3
2
3
6
6
1
2
6
4
6
3
5
0
4
5
3
3
7
2
3
6
1
3
1
4
1
4
3
1
3
4
4
3
5
9
4
7
2
3
2
6
1
1
2
6
6
1
4
3
2
5
4
1886
