radiacao de fundo
0
0
0
1
0
0
0
0
0
0
0
1
1
0
15
219
161
110
138
126
145
132
125
107
108
99
117
111
96
103
108
101
82
91
103
103
116
83
94
78
87
92
105
100
100
90
88
86
72
91
90
96
92
97
108
112
106
108
100
119
133
132
126
112
152
131
125
145
130
148
166
156
166
141
162
165
174
200
180
154
182
184
193
201
173
174
202
183
181
194
197
199
211
193
199
212
223
213
207
203
205
211
218
191
215
231
210
222
222
181
210
223
222
219
194
237
207
193
199
207
187
206
218
235
187
194
196
193
209
198
203
181
199
183
166
181
192
203
169
171
162
161
184
180
171
173
171
171
180
152
163
160
149
177
162
133
176
151
143
132
153
141
137
142
148
128
148
113
133
145
129
145
129
121
129
129
121
128
132
120
136
136
123
107
122
117
113
113
125
87
97
113
91
139
99
102
96
82
106
104
92
97
95
91
86
97
103
92
87
88
91
87
78
79
70
96
88
70
97
66
91
86
99
77
81
65
79
69
67
71
78
67
72
62
62
74
70
77
133
69
75
66
69
69
65
64
59
63
56
59
54
53
49
38
42
58
51
47
55
50
45
57
40
52
45
56
46
52
62
43
46
59
49
45
41
46
56
43
47
52
41
43
48
31
45
46
30
40
45
41
48
61
64
42
31
29
40
32
32
24
31
31
37
36
30
45
25
38
34
34
47
22
29
31
29
30
40
41
34
27
35
28
36
35
24
25
27
29
31
38
32
25
41
38
31
36
32
30
30
18
26
22
34
28
32
74
56
24
25
18
20
25
28
25
27
21
37
34
22
22
33
19
21
28
16
16
30
20
19
18
28
23
23
21
21
12
19
22
24
23
17
22
22
15
17
15
28
15
24
21
23
23
16
27
24
22
16
17
17
12
22
19
13
15
16
9
20
15
13
14
19
20
14
17
28
17
15
22
16
8
13
18
20
22
15
19
8
13
26
19
18
13
16
15
18
15
18
18
11
12
12
12
24
15
18
13
12
8
12
13
25
14
15
19
11
16
11
17
6
18
10
18
12
14
18
15
20
10
15
15
18
20
17
11
15
12
10
10
12
10
14
17
11
17
11
9
8
14
8
10
7
11
16
11
27
25
19
22
16
8
8
21
16
11
6
10
16
16
8
16
12
18
14
16
15
11
13
11
15
10
11
6
15
11
15
10
9
13
11
7
21
14
13
8
15
11
12
15
11
8
11
6
15
15
7
18
11
12
4
15
16
11
11
8
10
8
7
10
13
10
8
11
16
10
25
20
17
10
7
10
10
10
6
8
8
9
10
8
5
14
13
9
13
9
10
2
7
14
16
44
39
17
8
8
5
8
7
7
5
9
8
9
5
14
8
8
9
5
9
14
5
10
12
7
4
14
9
8
10
6
13
7
5
7
9
7
10
14
9
10
13
7
7
5
5
10
14
7
13
28
23
9
6
6
4
7
11
6
6
7
11
10
5
12
10
3
8
7
8
6
7
4
11
8
11
10
6
12
6
5
7
11
8
5
6
6
8
7
9
8
9
9
8
4
6
7
3
4
8
6
6
3
8
8
7
4
3
2
6
5
10
15
8
11
2
2
7
7
4
5
7
8
11
9
9
6
7
6
9
3
12
5
7
3
3
8
8
3
11
6
3
4
7
9
8
5
7
6
10
6
12
5
7
6
3
9
3
8
6
6
3
4
4
10
2
3
9
5
6
8
5
14
5
11
12
2
8
9
4
4
1
5
11
2
5
8
5
7
3
10
5
4
4
6
3
4
5
4
3
2
5
3
8
9
3
2
5
4
5
8
3
4
5
6
8
7
5
5
3
12
6
7
7
3
6
11
4
6
8
5
8
10
7
4
5
8
4
6
5
9
4
4
4
3
5
7
6
10
5
3
7
7
10
6
5
4
4
5
2
5
8
8
7
5
4
5
2
2
6
4
8
7
2
6
0
8
4
8
9
5
9
8
6
6
2
10
11
9
6
4
6
7
4
4
6
4
6
5
0
4
8
4
4
4
6
6
4
3
8
3
3
2
2
5
6
6
6
7
4
3
6
3
7
5
7
5
4
7
9
1
10
4
5
4
4
1
5
8
6
4
6
11
4
3
4
4
5
5
3
4
1
8
5
14
1
7
5
3
4
4
4
4
2
6
7
4
5
2
7
4
6
3
4
5
3
5
2
1
2
1
3
1
9
2
5
7
7
2
5
3
0
6
2
7
2
1
6
5
4
4
6
2
4
5
3
8
4
5
5
7
4
3
3
7
2
6
6
4
5
9
5
3
2
5
7
2
2
5
1
5
4
4
2
2372
