radiacao de fundo
0
0
0
0
0
0
0
0
0
0
0
0
1
0
36
287
136
84
117
91
103
118
96
90
70
104
88
67
87
79
84
91
81
83
76
72
65
82
83
76
82
73
88
95
68
68
68
75
60
75
71
71
83
78
85
77
102
86
87
79
74
107
98
87
107
97
136
89
127
111
122
114
118
114
132
128
135
112
136
177
156
141
129
157
154
140
172
149
162
169
168
167
174
180
140
150
157
170
152
169
170
180
179
170
162
154
194
159
168
178
186
177
187
175
167
169
183
177
170
169
161
174
198
157
193
148
168
178
164
191
150
179
162
152
150
169
157
168
151
154
151
156
145
139
137
133
130
150
149
127
157
132
138
127
136
109
142
137
100
113
120
103
131
126
117
111
122
117
88
113
119
110
109
99
112
101
95
104
108
90
118
86
105
89
91
97
94
86
86
80
97
105
86
95
97
74
93
86
78
83
80
76
90
64
63
69
96
79
72
84
88
88
86
58
59
61
72
73
71
65
68
51
65
72
72
58
57
60
65
58
52
60
62
72
61
53
46
58
33
43
62
117
69
59
58
56
43
38
52
48
42
43
44
44
40
49
47
47
52
46
52
40
43
40
45
36
47
32
41
44
48
40
39
39
28
38
38
36
31
43
49
44
39
39
39
44
37
42
33
29
34
42
35
26
28
59
33
30
35
30
28
42
16
34
30
33
31
35
22
31
33
32
26
25
21
27
28
29
29
25
28
21
26
24
21
24
23
21
30
18
30
27
19
30
27
17
25
31
33
30
22
19
28
23
22
24
20
23
21
27
50
27
19
16
22
24
25
13
21
23
21
24
27
16
20
19
14
20
13
23
23
24
23
27
13
27
12
14
13
26
17
15
16
14
17
16
22
34
18
20
23
13
16
22
15
13
15
17
16
14
18
22
21
13
15
11
23
7
15
14
16
21
16
17
9
14
25
22
7
19
19
16
19
18
13
11
15
16
13
11
16
16
17
8
14
13
12
13
14
19
19
9
8
11
9
8
20
16
13
13
9
7
19
8
25
13
15
21
14
13
12
9
13
17
10
7
11
7
11
13
8
8
15
12
6
6
14
10
17
10
13
13
11
15
10
17
10
7
10
14
9
14
7
15
9
13
9
9
5
12
7
16
25
20
22
15
10
17
12
8
14
7
12
17
14
5
14
6
5
14
10
14
8
8
10
8
12
10
10
2
8
13
9
10
14
5
11
5
7
6
8
4
10
8
6
11
14
14
8
11
10
8
11
11
11
5
6
10
8
7
10
14
8
6
16
7
6
7
6
9
6
11
23
19
5
13
6
6
9
9
7
4
2
14
6
4
7
7
7
10
6
11
13
12
11
7
9
28
31
16
4
10
12
5
8
8
7
5
11
11
7
7
13
6
14
9
2
11
7
5
11
6
9
11
5
10
4
2
7
8
12
10
9
7
5
7
9
4
10
2
7
7
8
8
3
5
13
22
24
19
11
9
6
1
8
5
9
10
11
7
4
3
1
5
5
3
3
8
6
5
2
5
12
4
4
5
7
10
9
8
7
7
8
5
6
7
6
5
9
5
4
4
11
5
8
6
4
8
6
8
8
8
3
6
7
4
5
10
6
0
10
9
5
11
6
7
7
7
6
4
12
5
4
4
4
12
3
5
4
10
6
4
5
4
9
4
6
3
2
9
5
5
2
6
2
6
6
5
4
6
6
10
8
3
5
3
2
5
5
8
7
2
5
8
7
3
10
9
0
3
7
7
6
3
5
5
9
8
6
7
8
3
3
6
6
3
6
2
2
2
6
6
2
4
3
5
6
5
2
8
0
5
5
7
4
3
6
4
4
9
10
5
10
1
6
2
10
6
9
3
6
10
5
5
5
4
7
5
6
5
8
9
6
10
6
4
4
4
5
5
3
7
10
1
6
2
10
7
6
2
3
6
3
6
5
8
4
3
6
6
5
3
1
4
7
6
6
3
4
5
3
8
5
0
4
5
2
6
3
6
7
5
5
2
1
5
6
9
20
13
4
4
4
4
8
3
3
2
3
4
1
4
6
5
6
4
7
7
4
5
5
1
5
4
2
5
3
5
4
4
3
5
5
2
5
5
5
5
7
1
2
6
1
6
4
2
4
5
0
3
3
6
8
10
8
8
2
6
3
6
1
5
4
5
5
3
2
4
1
2
3
3
3
3
4
4
1
3
7
7
6
9
3
2
6
7
3
4
6
2
10
4
4
3
4
1
6
3
5
3
4
8
4
4
1
5
6
5
4
1
3
5
5
4
3
6
3
2
2
2
3
1
0
3
4
5
2
4
8
5
1
2
3
1995
