radiacao de fundo
0
0
0
0
0
0
0
0
0
0
0
0
2
0
27
272
144
105
111
135
129
129
148
82
95
105
118
126
118
108
124
105
106
104
93
102
97
107
103
90
100
102
101
109
90
100
84
110
96
90
104
77
111
89
106
100
115
127
119
112
131
123
118
131
148
143
158
147
147
139
158
147
189
154
154
174
197
174
187
196
206
199
173
190
179
189
219
204
209
184
215
201
203
214
228
229
202
228
231
221
223
227
243
187
224
230
230
223
217
224
217
218
231
213
210
230
207
200
208
210
232
196
214
225
213
211
213
213
214
215
202
195
203
214
199
208
200
185
191
198
181
195
213
170
175
156
182
140
166
182
143
174
173
159
164
176
162
166
163
157
140
148
162
145
141
160
160
136
147
132
129
141
125
121
148
144
121
129
117
143
118
115
131
106
101
121
95
122
141
128
115
115
114
115
107
98
106
98
111
101
137
96
91
89
92
87
85
98
77
87
94
107
82
86
85
93
73
94
77
82
78
79
81
62
82
81
83
75
81
81
90
75
66
64
82
73
80
75
116
78
78
85
59
65
54
68
68
56
58
62
65
59
70
65
49
61
60
57
60
54
41
44
46
63
53
53
48
43
48
55
47
51
57
50
49
51
41
47
37
50
41
43
50
38
48
37
29
45
45
38
45
52
89
47
29
51
39
49
43
39
47
38
25
38
48
38
43
32
19
39
35
36
30
39
32
41
34
33
30
33
37
35
32
26
31
28
39
32
29
35
19
38
30
35
36
43
35
42
31
27
30
37
30
25
28
61
55
30
37
23
37
29
35
22
21
34
20
19
14
23
20
19
26
19
19
23
27
25
22
24
33
27
18
26
19
26
20
19
21
20
21
17
22
22
12
21
28
27
23
15
18
14
23
17
26
20
20
25
22
23
21
14
18
24
25
21
18
23
26
12
18
23
23
21
16
23
17
27
23
19
13
29
19
17
19
18
13
19
15
21
32
18
7
18
21
16
13
18
14
11
23
24
13
11
18
16
17
20
22
22
22
24
20
13
15
16
19
14
12
20
18
20
14
17
16
16
9
13
15
14
13
13
19
16
9
15
14
14
14
9
11
16
13
10
14
10
13
8
14
16
14
13
10
10
15
19
35
18
19
13
13
12
12
16
22
13
11
5
11
19
9
7
12
14
13
14
11
18
8
12
14
7
13
11
11
17
7
11
5
15
14
15
17
4
10
15
9
15
10
15
5
8
4
3
13
7
18
7
11
21
6
7
12
15
14
15
11
8
9
19
7
10
8
13
17
35
20
5
8
10
11
15
10
10
8
12
5
12
6
5
9
11
13
10
12
4
8
13
18
29
49
17
8
10
9
10
14
16
6
11
11
12
7
12
14
12
7
5
6
4
10
5
7
10
17
18
6
9
8
11
13
4
8
6
6
3
11
7
16
15
6
9
7
6
6
7
5
10
12
28
21
16
11
7
6
7
6
14
6
9
6
9
5
7
9
8
10
12
9
4
8
5
7
15
8
7
10
4
6
8
6
10
7
9
6
6
10
6
7
8
3
9
5
8
7
4
6
6
11
12
7
7
5
8
6
5
9
6
12
13
9
15
7
11
3
5
8
8
8
7
7
8
7
7
4
7
14
6
11
8
4
5
3
2
6
5
8
6
6
3
10
9
7
4
6
8
3
4
10
10
8
12
8
2
10
5
10
6
5
5
3
6
5
9
9
4
9
6
4
11
7
7
10
5
2
7
10
5
6
8
5
4
8
2
5
4
7
13
7
8
6
6
10
6
4
7
6
7
6
4
4
5
2
9
10
8
2
7
13
4
9
3
9
7
11
7
4
3
5
6
8
5
4
6
5
6
4
7
2
6
5
1
3
8
3
8
6
5
10
10
4
4
7
6
3
4
8
3
3
3
5
3
6
5
6
4
7
11
9
6
8
4
5
6
7
6
1
5
5
5
6
5
5
2
6
6
1
7
11
6
7
6
4
9
7
13
25
8
18
7
4
6
10
2
5
5
2
8
4
8
9
7
4
4
4
2
4
9
2
5
5
4
6
8
6
6
4
4
4
5
4
3
5
7
3
4
6
8
4
7
3
6
6
3
3
3
5
9
5
8
7
14
12
10
6
7
4
3
8
6
5
9
6
3
4
9
6
3
2
6
3
3
8
6
3
6
5
3
3
5
6
6
8
8
3
3
3
9
6
5
5
5
7
12
5
4
4
4
5
3
2
8
5
10
4
8
5
5
3
4
4
3
4
8
3
3
7
5
1
7
5
5
3
2
6
3
2
5
10
3
2
4
5
6
6
4
4
4
4
4
5
3
2501
1
