radiacao de fundo
0
0
0
0
0
0
0
0
0
0
0
0
7
3
36
237
190
141
167
145
122
143
116
89
94
88
91
108
106
111
94
94
76
100
76
86
81
88
79
80
81
95
84
83
69
87
92
73
78
78
96
76
81
82
101
89
106
96
107
90
109
110
117
116
107
126
102
132
133
142
114
139
126
145
161
120
147
142
137
169
153
165
164
166
178
162
166
187
166
169
173
179
193
183
190
168
200
161
172
163
182
180
186
187
190
175
194
173
180
172
207
198
193
178
177
164
188
194
204
205
195
198
161
178
187
176
178
182
162
178
175
154
159
159
159
150
152
182
153
149
151
173
194
134
129
149
150
151
140
155
133
127
148
145
144
121
127
121
130
131
123
125
152
138
146
119
125
121
119
124
107
126
117
114
116
111
116
110
114
120
121
94
115
103
109
117
109
97
113
93
110
98
110
102
97
68
99
83
80
76
94
90
81
105
82
85
77
76
85
85
82
87
74
81
65
85
73
79
76
59
61
71
69
61
77
67
64
79
62
61
71
65
71
78
69
59
53
61
91
69
63
77
78
62
59
70
44
43
48
69
41
63
49
55
58
54
59
44
45
40
54
45
35
47
51
44
43
56
35
37
42
50
42
44
36
45
31
40
34
43
37
30
38
40
30
40
42
31
28
32
39
34
57
23
37
39
43
31
31
32
28
31
30
28
18
30
21
27
15
29
25
19
28
25
32
34
24
31
16
28
24
24
36
32
26
29
28
21
22
20
20
26
23
22
25
20
25
20
28
23
27
23
27
20
29
49
54
16
32
13
27
33
25
24
19
19
16
22
33
24
17
22
17
18
28
14
23
13
22
21
23
20
18
17
19
18
24
25
21
17
15
15
26
13
19
16
9
16
15
8
11
11
26
15
20
14
19
17
17
18
12
14
17
17
14
18
15
16
25
17
17
15
18
20
16
22
18
12
14
14
22
14
21
20
24
16
25
18
13
19
12
15
12
16
14
19
8
7
15
17
16
10
13
22
10
15
17
10
9
10
11
16
4
10
12
10
15
11
7
6
12
16
18
14
19
18
13
12
13
15
11
13
10
12
12
14
11
9
8
14
10
11
9
17
12
14
14
8
17
17
10
11
7
8
22
20
23
15
13
13
13
16
13
19
15
17
9
17
10
8
10
10
12
11
8
7
10
15
10
11
18
12
9
9
4
7
9
17
6
8
11
10
11
10
9
14
8
9
5
14
11
9
10
9
7
12
5
12
5
9
10
7
6
14
10
6
10
5
9
9
6
10
14
6
12
25
12
10
9
12
11
16
6
19
20
8
7
12
7
8
8
3
14
8
11
9
10
10
13
23
18
12
11
3
5
13
9
7
10
34
12
12
4
4
3
4
6
4
4
7
8
4
5
7
11
9
7
9
6
5
9
3
9
11
4
9
12
6
15
7
7
4
8
6
6
4
10
5
11
24
15
8
9
9
6
10
7
10
4
15
12
7
5
8
6
8
3
6
6
9
6
3
10
5
4
2
4
6
2
3
4
6
8
8
4
2
5
7
10
7
4
6
6
6
10
8
3
6
6
11
10
9
5
4
4
8
5
0
6
5
7
5
5
5
5
3
10
5
9
6
4
5
10
11
5
4
8
6
7
9
6
7
5
3
9
6
6
3
6
3
5
4
8
6
6
5
4
6
8
5
7
11
8
4
5
9
4
5
5
5
4
6
10
10
6
5
4
13
7
4
6
10
6
4
4
7
2
5
7
8
5
5
3
1
4
3
9
3
8
4
6
7
2
5
7
4
3
9
5
1
3
4
3
4
7
1
7
7
4
3
6
7
6
6
8
6
7
7
4
4
5
2
4
7
4
6
8
5
8
6
6
5
3
0
3
5
10
2
4
7
2
9
6
6
4
1
1
3
3
1
3
3
2
7
7
11
2
6
6
8
8
3
5
2
9
10
4
4
7
5
5
4
1
6
4
6
3
6
3
7
2
4
3
5
3
12
7
4
1
5
2
5
5
5
3
6
7
8
4
5
7
5
3
3
3
7
4
2
3
6
4
5
5
3
8
8
8
2
1
6
3
4
2
2
3
6
2
4
1
2
3
5
3
2
3
4
6
5
5
6
3
5
7
1
0
1
3
9
5
3
6
8
1
3
6
2
4
8
3
7
3
3
3
4
8
3
4
5
3
6
3
5
4
4
6
2
7
7
5
0
1
9
6
2
10
3
4
4
3
5
3
2
2
5
7
8
5
0
6
5
2
1
3
8
1
3
4
7
3
3
6
4
4
4
3
3
2
5
4
3
6
6
5
4
3
10
2
4
1
2
4
5
3
2128
