radiacao de fundo
0
0
0
0
0
0
0
0
1
0
0
0
0
1
24
221
165
161
121
93
123
119
92
79
83
92
90
94
89
95
103
92
79
70
71
89
90
66
88
97
99
85
94
87
77
62
79
79
80
63
90
70
84
88
89
80
85
107
100
117
88
103
108
115
103
124
150
108
125
132
142
132
124
157
129
144
144
158
146
127
170
153
152
157
173
183
164
160
175
182
166
176
164
190
171
206
190
178
162
190
193
171
171
184
195
184
185
174
192
199
168
180
192
168
180
174
204
197
173
197
176
174
177
148
177
155
179
202
189
171
163
168
187
183
152
162
153
187
150
137
177
163
163
168
161
150
148
140
139
140
108
142
142
124
123
126
129
132
123
123
117
130
112
126
132
116
116
107
116
114
122
102
96
109
107
119
94
120
100
74
104
99
116
117
86
83
91
88
113
91
97
86
115
87
81
96
67
101
89
82
96
75
75
68
71
66
77
66
74
80
98
63
71
77
69
71
72
69
73
55
60
68
57
76
65
60
56
63
65
67
55
67
46
47
60
56
53
58
110
55
52
48
79
51
59
50
53
49
48
51
56
37
61
47
53
46
47
46
40
38
38
36
44
58
37
46
38
37
49
49
39
35
34
39
42
41
40
42
28
40
31
38
39
24
42
34
44
36
32
36
30
51
57
33
29
37
27
29
29
25
36
31
31
37
21
36
18
32
29
30
21
34
31
25
29
25
34
27
32
25
28
20
27
27
29
32
19
21
40
24
31
29
26
34
23
33
26
22
31
19
27
18
24
25
22
66
58
20
23
23
20
25
18
17
22
20
22
24
27
25
23
21
16
22
23
16
18
18
16
16
26
20
24
24
17
18
23
32
13
24
21
17
15
22
21
18
15
20
19
19
18
24
17
13
24
18
21
12
15
11
20
13
17
20
9
16
17
12
13
23
12
21
14
13
13
18
14
9
11
17
13
17
11
14
12
17
15
26
22
11
12
14
14
17
14
13
15
11
12
8
10
12
16
9
16
16
11
11
13
8
11
23
10
14
18
12
15
11
9
20
14
21
19
18
12
9
14
3
13
13
12
9
14
7
7
9
21
11
14
10
7
10
10
15
14
15
13
9
9
14
11
12
10
8
10
20
16
29
11
17
13
11
14
9
11
10
10
11
12
16
8
8
11
15
9
13
12
7
9
6
14
11
14
11
8
8
6
13
8
11
8
7
7
7
10
8
9
7
6
6
11
4
8
6
8
8
8
8
8
7
8
8
3
7
10
12
0
9
11
6
8
7
15
8
9
34
17
8
14
5
4
7
9
7
5
11
11
9
5
5
7
6
8
10
6
13
10
7
11
22
39
24
9
7
9
9
5
2
7
14
4
10
7
3
9
2
7
7
9
8
13
8
9
6
7
5
11
4
6
5
6
3
15
3
8
8
4
7
10
6
6
7
12
5
5
5
8
13
10
21
24
9
10
6
5
8
9
10
6
7
6
9
9
6
7
4
3
3
7
4
7
7
3
4
10
8
6
5
7
5
7
6
6
12
6
6
11
6
9
9
15
11
7
6
6
8
4
2
3
4
7
4
4
6
2
5
7
7
6
3
3
9
7
9
7
6
9
4
7
2
6
3
9
8
5
6
13
5
5
5
9
4
2
5
5
6
6
2
6
4
8
7
7
7
6
4
5
9
6
8
15
10
5
2
5
4
3
8
3
2
13
3
3
4
8
6
8
9
8
3
4
4
6
3
4
5
4
10
4
4
5
5
3
7
4
5
5
6
6
7
9
3
3
10
0
8
7
7
6
2
5
1
9
6
4
1
9
6
3
3
6
3
5
6
0
8
3
3
4
1
4
8
7
4
5
4
2
3
5
3
4
9
3
4
3
3
6
8
6
6
9
7
7
7
4
4
8
4
3
9
5
5
4
7
5
4
8
7
4
4
8
8
6
7
3
4
3
7
5
5
3
3
4
5
6
8
6
6
6
5
10
4
4
5
5
3
11
10
6
5
3
2
5
5
3
4
5
3
4
4
2
2
2
4
6
6
5
3
3
3
1
5
7
2
4
4
4
5
4
5
2
1
4
4
4
3
4
4
5
3
3
4
1
5
5
3
8
5
9
3
7
12
2
12
8
5
3
2
7
3
7
3
0
1
3
5
3
2
2
3
9
3
4
5
6
7
3
2
3
8
5
3
3
10
3
0
1
3
5
1
2
2
4
7
1
10
4
5
2
5
2
5
6
7
3
1
1
3
1
2
3
4
3
6
3
5
4
4
2
4
3
2
2
6
4
2
6
7
5
5
3
9
6
2
1
3
6
3
9
8
3
5
7
2098
