radiacao de fundo
0
0
0
0
0
0
0
0
0
0
0
1
0
0
26
273
180
118
118
124
112
130
115
105
83
89
95
106
124
119
105
99
96
85
90
95
70
79
88
93
84
105
84
113
88
93
82
92
89
90
83
115
93
96
94
93
107
119
114
110
120
88
110
119
138
136
125
170
143
134
173
147
161
146
160
165
164
171
169
167
173
169
202
184
178
201
219
173
216
179
207
201
226
202
201
190
200
214
199
187
217
231
216
199
189
184
228
203
210
193
207
210
208
197
204
220
194
190
172
202
198
196
198
168
190
188
207
205
196
167
197
184
194
184
165
201
201
181
186
187
203
152
169
169
182
168
180
181
155
164
171
138
173
155
133
152
164
151
165
135
154
146
133
144
148
141
128
128
135
125
117
129
137
121
125
114
125
105
117
127
154
112
115
106
113
98
95
113
127
102
102
115
88
104
127
93
110
92
95
100
96
117
71
92
89
84
88
92
81
82
78
86
84
78
86
56
91
73
94
74
78
73
75
89
82
75
80
64
65
65
72
72
82
71
68
71
84
83
126
77
73
77
65
78
60
45
51
56
69
53
45
58
57
43
65
52
58
58
41
33
55
56
47
54
44
47
49
38
50
47
27
41
53
42
53
53
54
31
40
41
39
44
38
38
37
32
40
35
34
45
46
66
57
37
39
37
37
42
38
33
25
34
21
36
32
31
41
37
30
27
26
31
32
40
41
33
33
43
36
43
27
21
38
30
28
25
22
23
41
39
25
34
41
46
27
24
22
27
23
15
24
38
24
18
36
76
48
21
26
18
22
24
17
15
24
23
16
26
21
17
24
27
17
22
21
19
21
24
29
19
20
20
27
18
19
17
27
26
18
29
15
16
19
19
19
23
13
21
27
21
23
24
21
22
20
19
29
21
15
17
18
22
11
18
23
24
22
15
18
18
16
18
10
22
14
21
13
19
14
19
16
21
12
16
20
13
15
17
17
14
17
14
20
16
18
12
12
15
16
8
17
18
15
17
12
19
20
17
12
18
17
17
21
22
17
18
22
20
15
11
15
14
13
14
21
14
15
15
15
13
12
18
12
9
11
16
11
8
14
14
15
14
16
17
20
13
9
8
14
8
18
10
16
14
15
32
31
18
14
9
6
12
14
12
15
15
10
14
10
12
10
10
11
9
13
12
10
10
10
14
9
7
12
11
6
13
13
10
11
9
8
8
10
11
7
10
6
9
14
12
9
14
8
7
8
13
9
9
8
9
9
8
5
8
9
11
7
11
6
8
7
5
16
4
22
24
24
4
8
14
8
11
10
7
9
9
9
7
4
10
16
6
9
9
10
17
13
14
19
33
44
7
9
5
7
7
5
10
9
9
7
7
6
12
15
9
8
13
9
12
7
5
15
6
3
5
10
4
9
11
12
8
9
15
5
13
9
11
11
4
5
8
14
5
7
9
5
11
9
23
15
12
7
9
6
5
5
8
8
10
5
3
6
4
7
10
5
7
7
9
11
9
12
7
12
6
8
8
6
11
7
3
7
8
8
6
5
10
3
3
6
10
7
9
8
9
8
10
5
6
3
6
5
8
4
1
8
10
7
8
11
10
13
6
4
9
7
10
10
9
4
7
5
5
5
7
3
3
4
10
9
5
5
6
3
6
9
4
8
4
9
5
8
8
3
6
6
4
6
5
12
10
3
8
10
4
13
5
6
10
6
7
5
7
7
6
10
6
6
7
3
6
8
7
8
8
17
9
10
3
7
1
3
3
4
8
4
5
9
6
8
2
8
8
3
5
8
3
5
6
7
5
5
4
9
7
9
4
4
3
2
10
8
5
8
4
6
6
6
6
3
6
6
10
4
2
4
1
7
9
3
4
8
3
4
3
6
4
7
9
5
3
7
6
4
4
6
4
8
7
4
4
4
5
7
2
3
11
7
5
6
5
5
12
3
6
6
6
5
5
6
6
6
4
8
4
10
4
12
8
5
4
4
6
6
10
19
14
6
5
4
6
2
9
1
2
7
6
5
5
7
2
3
5
3
4
6
4
6
5
6
3
2
3
3
1
7
5
6
4
5
10
5
5
3
5
3
4
3
5
6
5
3
2
6
8
8
10
3
4
11
9
8
6
8
3
5
5
6
2
5
3
1
3
3
5
5
8
4
4
5
1
3
5
3
7
7
3
4
3
5
7
4
7
0
3
5
3
5
10
6
7
7
3
6
4
5
5
10
6
6
2
3
4
6
3
4
3
3
5
6
1
2
3
6
4
2
7
9
0
4
2
7
4
2
4
5
7
3
10
4
2
8
4
8
3
2
2
5
5
6
9
1
2362
