radiacao de fundo
0
0
0
0
0
0
0
0
0
0
0
0
1
2
33
297
130
87
82
93
107
112
94
81
82
76
104
85
96
93
92
70
68
91
66
63
58
60
74
80
73
48
76
77
76
68
63
77
69
68
62
62
78
65
88
64
77
93
111
82
96
83
91
94
114
103
104
120
112
124
126
140
124
120
131
130
140
114
129
153
137
133
134
149
167
157
137
168
148
155
147
158
156
169
153
160
172
150
164
160
140
160
171
178
167
183
167
192
172
175
143
182
173
177
154
175
165
179
178
184
158
147
167
140
132
149
158
172
151
141
171
147
151
155
147
152
151
158
147
139
141
127
120
139
135
138
131
123
111
127
126
122
126
124
139
123
117
129
115
127
142
124
131
123
120
108
117
112
121
128
117
110
89
109
109
102
99
84
99
111
91
100
95
80
96
100
85
99
80
84
114
100
83
71
74
95
66
72
79
73
74
82
72
79
83
58
64
71
61
67
63
69
58
68
54
66
70
51
50
60
64
57
52
61
59
64
61
67
61
55
54
54
54
57
65
62
54
53
63
51
50
89
75
48
56
48
59
36
61
49
42
50
44
47
40
52
51
32
39
45
47
41
41
38
48
43
40
47
53
44
28
52
37
29
39
34
34
35
32
36
28
40
38
35
43
35
37
44
41
31
34
30
26
18
23
50
39
31
31
20
28
36
31
26
34
33
23
31
26
33
26
20
29
26
18
27
23
27
33
32
22
22
28
23
27
26
16
31
26
30
31
30
41
19
29
27
27
36
22
21
22
18
32
15
21
17
15
21
16
27
44
19
25
16
17
24
18
24
16
20
17
17
19
25
8
19
20
20
21
17
24
21
21
15
28
18
15
14
19
16
12
15
19
12
18
18
21
11
19
13
16
25
18
11
16
17
12
13
14
18
12
17
11
15
12
15
15
11
16
26
18
9
15
13
15
12
13
12
13
16
17
10
16
19
10
11
15
12
13
22
11
15
13
17
20
8
15
13
9
9
12
15
12
15
14
8
15
13
17
19
5
18
12
7
22
10
13
17
8
18
10
7
13
9
10
12
10
2
15
15
15
9
11
10
12
12
5
12
13
4
6
12
6
10
11
11
10
11
10
14
14
10
9
9
9
10
13
13
17
9
9
15
29
27
23
19
9
6
8
13
10
9
11
8
12
9
7
10
10
7
7
12
9
10
11
6
13
6
15
8
7
5
2
11
8
7
5
10
12
9
9
6
10
7
4
7
8
8
14
7
8
8
6
17
4
7
14
3
3
10
10
9
9
4
8
7
8
7
7
12
12
11
27
18
7
5
12
9
7
1
2
6
2
7
8
6
6
5
8
4
7
7
13
10
9
11
15
23
29
12
11
7
4
8
3
8
3
7
7
9
6
10
6
4
10
10
4
5
9
8
4
1
3
4
8
7
7
6
8
5
8
8
7
1
6
7
3
8
6
7
8
6
9
8
3
9
12
8
29
13
10
2
10
4
6
11
7
5
5
5
7
4
6
4
13
4
7
9
3
5
5
4
9
9
6
9
4
7
9
3
7
5
5
6
4
5
4
7
7
1
8
7
5
10
3
4
9
8
6
3
9
7
1
4
6
6
6
7
9
4
5
14
7
6
6
4
6
9
3
6
3
8
8
2
2
10
4
3
9
5
6
3
3
6
2
6
7
6
6
6
3
3
4
3
6
4
4
3
6
5
6
6
4
11
6
4
4
4
7
4
7
4
3
3
6
2
2
8
5
2
3
4
10
9
10
9
1
5
1
5
8
1
7
6
10
2
8
6
7
7
6
5
3
5
6
1
7
2
5
6
8
4
4
8
7
3
4
3
6
7
7
2
8
4
9
6
9
6
7
4
6
4
2
6
4
6
2
7
3
3
7
5
6
7
5
5
3
3
3
5
4
5
3
4
2
0
3
4
2
1
7
4
2
2
2
3
5
5
1
3
9
6
5
1
5
5
4
4
3
3
6
4
8
4
4
3
4
7
2
5
3
4
2
5
2
1
8
9
16
6
10
6
4
1
3
3
4
1
6
3
1
3
5
2
0
6
3
2
5
6
10
3
1
4
6
8
4
1
4
2
4
2
3
6
2
4
6
3
2
2
2
6
3
1
3
5
4
5
2
7
3
5
4
10
14
2
3
2
1
4
1
4
2
3
3
2
4
9
3
4
1
3
2
3
3
3
2
5
1
3
7
1
2
5
1
8
1
3
5
1
1
4
3
3
3
3
4
6
3
4
4
3
1
4
1
4
2
6
2
0
2
0
3
3
6
1
3
4
3
5
3
4
4
5
5
7
5
4
4
2
2
5
4
1921
