radiacao de fundo
0
0
0
0
0
0
0
0
0
0
0
0
1
0
40
254
251
169
109
126
106
144
124
89
89
98
106
98
108
107
95
106
94
88
76
89
90
94
102
87
70
88
82
111
82
94
79
86
75
82
88
89
71
87
104
99
100
93
110
102
114
110
99
123
104
138
139
137
142
138
144
134
139
144
135
137
182
167
151
186
183
186
166
166
165
189
178
200
188
180
193
190
193
183
158
192
187
193
209
195
173
192
190
217
194
183
184
214
197
185
183
204
209
183
210
193
202
216
202
192
229
209
202
195
160
180
209
182
196
209
200
207
173
187
196
186
201
186
184
155
167
188
169
175
160
165
164
187
188
153
156
146
177
157
137
141
158
148
143
134
136
143
151
125
137
117
133
119
135
137
114
113
101
111
134
143
113
114
119
102
118
106
105
122
116
117
116
101
93
111
91
126
117
101
96
78
103
115
116
114
90
83
82
115
90
89
94
81
100
93
76
85
83
81
90
70
87
83
89
80
72
72
65
80
69
79
72
70
74
79
69
68
63
68
65
64
65
70
67
79
65
118
60
67
58
60
58
54
80
58
53
44
46
56
53
36
42
46
53
47
41
62
52
54
52
45
48
51
40
47
41
54
48
45
51
38
42
41
36
48
45
39
43
34
36
43
40
51
44
27
35
32
37
32
50
57
56
37
37
31
35
39
41
36
27
31
29
34
39
35
38
34
44
25
28
40
35
27
31
23
34
23
34
28
36
25
42
23
33
36
38
26
21
29
31
34
33
32
36
16
26
27
23
25
22
27
20
22
26
46
77
35
24
30
25
21
19
26
23
20
27
24
29
21
16
31
20
18
17
14
11
24
26
24
17
22
23
18
25
21
22
29
16
18
20
24
15
23
20
15
23
23
26
18
18
28
18
26
24
21
12
19
20
16
24
25
26
15
18
21
14
21
18
20
18
19
18
30
16
17
16
8
11
14
10
14
24
18
13
20
14
16
11
21
20
9
12
18
15
15
16
13
17
9
17
15
19
23
11
11
15
21
19
15
9
13
16
21
10
11
14
18
14
14
13
15
17
8
16
10
11
24
10
16
17
15
14
9
7
11
17
8
14
18
21
9
10
13
16
15
16
9
18
13
14
20
12
5
11
12
20
20
24
27
17
15
18
13
5
16
8
12
16
11
17
12
11
12
22
8
8
12
9
7
8
15
14
12
9
9
12
11
12
19
4
8
8
13
9
14
14
10
14
9
11
7
10
7
13
15
15
15
5
11
13
9
15
8
16
6
10
13
19
4
10
6
15
14
11
6
7
11
19
19
14
10
7
11
7
8
7
10
10
14
10
5
9
10
7
8
10
11
9
7
6
10
13
29
28
16
14
8
9
6
7
6
9
10
3
5
9
8
11
8
16
7
6
7
10
7
9
6
7
10
2
13
10
12
8
7
9
7
8
10
6
5
8
2
6
5
11
16
10
6
9
11
12
16
23
11
12
9
8
14
7
8
7
5
4
3
11
6
7
5
8
9
7
3
8
7
7
4
8
8
6
11
10
5
6
5
10
9
11
9
8
8
8
7
7
6
9
7
6
5
7
6
8
7
4
6
3
8
4
8
11
5
8
9
7
7
8
8
7
6
8
5
4
6
11
13
5
10
7
5
8
3
9
5
5
6
10
8
7
4
3
5
6
9
4
14
7
5
10
4
8
7
4
6
6
10
8
15
7
4
4
6
3
4
4
11
3
3
7
2
3
10
7
7
7
9
3
5
4
5
6
8
10
5
4
9
4
6
4
5
6
6
8
5
3
4
6
4
5
2
5
10
7
8
7
3
6
2
4
6
3
8
5
3
4
4
6
7
6
6
5
2
4
7
6
6
7
1
8
4
4
8
9
5
7
6
3
5
4
7
6
2
4
6
4
2
10
7
5
6
9
11
7
4
2
7
4
7
8
3
5
10
4
5
6
5
3
6
2
3
4
7
7
7
5
9
3
3
3
4
4
5
5
5
9
2
3
4
4
5
6
4
9
8
18
14
9
4
4
5
5
3
4
3
5
4
5
4
4
6
4
5
7
3
3
4
5
4
4
2
5
5
4
7
2
5
3
5
4
2
4
3
4
6
9
4
6
4
2
6
7
6
5
4
1
7
4
1
6
8
16
2
1
6
2
5
3
1
8
5
4
4
4
8
2
3
4
4
6
3
3
4
6
6
8
5
4
4
9
3
2
6
6
4
5
5
5
2
4
6
4
2
3
4
4
8
4
4
4
9
6
3
11
2
5
2
8
5
2
13
4
3
3
12
3
1
3
7
4
3
7
5
3
8
3
3
4
7
132
2187
