radiacao de fundo
0
0
0
0
0
0
0
0
0
0
0
0
0
0
33
223
142
106
125
132
133
133
134
92
72
82
110
98
90
103
101
77
93
82
71
66
95
78
97
93
82
65
100
68
71
102
92
99
81
78
95
102
106
73
94
101
106
104
91
100
98
118
107
119
138
119
126
104
129
126
110
156
149
143
154
162
149
169
152
144
173
170
184
177
178
198
184
184
168
193
178
176
178
183
176
183
196
195
187
188
214
168
181
176
173
195
191
186
207
190
197
168
215
208
189
190
174
190
192
176
197
164
193
175
174
175
177
196
195
189
165
188
178
173
204
175
197
175
157
165
156
169
173
146
125
165
146
157
156
165
147
142
143
151
151
124
133
142
148
121
128
107
152
113
129
133
146
141
123
135
116
119
119
120
108
127
89
102
111
103
98
107
113
118
102
99
114
99
116
92
93
94
91
90
83
75
87
65
78
84
79
75
87
97
102
88
76
88
84
66
79
80
77
73
80
76
82
84
60
63
65
70
75
61
75
76
64
71
68
56
57
60
71
76
61
60
55
84
97
55
66
61
72
51
57
41
51
52
51
48
52
49
51
58
47
46
35
55
39
53
43
46
32
45
49
45
40
48
44
33
43
36
47
45
33
35
33
45
42
46
48
48
28
47
30
46
24
43
30
35
46
52
52
34
30
36
32
41
30
34
27
38
29
36
42
39
26
26
31
42
21
31
29
36
28
29
28
23
30
28
31
24
25
29
26
34
37
28
33
25
25
26
38
33
32
28
23
17
28
23
22
31
22
33
48
46
52
14
21
17
19
35
27
27
18
16
37
17
13
16
24
27
16
24
24
23
23
27
29
21
15
24
11
16
16
10
18
27
18
17
24
15
11
21
18
11
20
18
17
12
22
24
20
18
15
22
13
8
19
10
17
25
7
16
15
15
14
14
19
24
11
20
22
28
22
15
22
15
14
18
19
13
15
16
21
14
11
11
17
7
22
20
12
15
21
11
20
14
16
12
18
20
15
14
13
17
13
10
17
14
18
10
20
17
14
7
17
7
10
9
10
21
15
15
11
11
11
16
18
16
8
11
19
13
15
16
13
15
13
7
16
8
10
14
8
15
19
10
8
16
8
10
15
19
17
27
19
25
16
16
10
8
13
12
10
11
9
5
9
13
15
10
13
8
10
12
9
12
9
9
7
9
8
17
10
10
7
14
10
10
18
13
15
15
12
9
8
5
7
6
4
13
8
7
5
4
10
7
9
10
5
7
11
14
13
7
5
9
12
12
9
9
18
17
25
24
9
10
12
10
12
9
9
8
1
7
17
10
10
8
7
11
6
6
8
14
20
18
18
31
25
11
11
10
4
10
2
9
5
2
3
5
3
12
9
12
2
7
9
11
6
7
10
5
9
11
5
7
8
4
12
5
8
10
9
7
5
6
5
6
3
4
4
8
5
12
14
14
15
21
9
6
10
5
10
4
11
6
5
4
5
7
7
6
4
5
2
2
5
5
8
6
5
5
6
7
8
9
7
5
5
8
3
5
8
10
4
8
10
7
4
8
9
8
5
6
5
6
7
7
7
7
6
6
5
8
4
5
6
6
7
12
3
4
3
4
8
3
5
6
6
2
8
5
3
8
8
7
3
9
6
4
1
3
5
4
7
7
5
5
3
7
5
3
7
5
10
13
8
8
7
2
5
3
3
8
6
6
5
8
8
8
3
5
8
4
5
4
6
7
7
4
6
7
6
8
8
8
5
6
8
9
4
5
7
6
4
4
4
3
4
5
6
5
1
6
5
10
5
4
3
3
2
4
3
5
6
3
8
5
5
11
5
4
3
6
5
1
4
2
2
3
4
3
3
6
2
5
9
9
4
6
5
3
6
7
6
10
8
5
4
4
7
5
4
5
3
3
7
9
7
5
5
5
2
7
10
4
2
5
5
4
7
8
3
3
3
1
0
2
4
3
4
9
5
3
4
7
4
7
7
10
6
4
5
7
7
6
0
6
4
1
4
3
2
6
7
5
5
5
5
8
4
4
3
6
2
1
10
4
6
6
4
0
9
8
5
9
4
6
6
5
5
4
4
3
5
4
4
9
4
3
5
6
7
8
6
3
4
4
6
6
3
7
8
1
6
11
3
2
4
4
4
10
8
6
5
5
4
6
3
2
7
6
1
2
2
3
4
6
2
4
8
1
0
5
6
2
3
7
6
5
8
2
7
3
1
2
4
4
2
3
4
2
6
7
2
9
2
6
1
4
2
5
5
2
2
6
1
3
6
4
4
2
2
6
3
3
4
3
4
4
4
6
5
6
4
2
3
2
1
3
2
1469
