radiacao de fundo
0
0
0
0
0
0
0
0
0
0
0
0
1
0
31
304
179
106
83
100
143
123
112
105
86
98
98
95
103
122
89
91
86
99
97
78
82
89
78
95
92
87
78
109
89
79
77
97
91
73
75
115
104
92
116
98
102
100
121
108
98
112
128
116
124
129
148
139
145
128
145
146
171
166
170
155
168
151
170
166
176
168
180
179
190
180
206
172
202
179
178
206
183
216
211
214
179
199
204
200
200
197
234
203
209
199
211
174
197
197
183
223
214
212
247
193
213
194
195
188
196
195
191
174
214
186
198
206
190
210
208
154
200
204
195
192
175
170
174
202
167
175
164
199
184
154
157
179
169
178
174
144
162
151
157
147
152
151
154
130
152
147
153
117
123
147
135
161
147
139
103
129
127
138
123
105
136
121
111
129
100
114
123
117
103
108
99
103
102
103
106
126
123
107
110
107
97
108
96
96
106
96
89
81
73
93
97
76
86
78
92
67
79
81
77
83
93
81
82
84
75
88
77
83
69
72
67
69
83
66
72
70
70
72
72
71
71
62
70
77
70
123
83
69
98
80
54
60
60
69
64
55
56
47
59
68
63
49
50
47
50
52
47
61
51
59
43
45
34
43
47
58
49
41
37
46
37
36
41
36
41
51
50
40
32
45
48
40
42
27
36
37
41
37
42
47
68
42
33
34
46
35
27
29
36
33
28
40
35
23
30
34
38
36
46
31
40
31
29
34
43
25
38
36
30
38
22
40
30
34
28
28
30
33
28
24
20
30
33
29
27
19
35
30
22
22
25
23
29
46
81
40
19
25
23
16
26
30
18
26
19
22
24
14
20
25
23
33
22
20
15
25
16
18
30
28
16
15
20
21
12
9
24
22
14
20
18
21
17
17
23
15
19
20
26
15
20
19
15
17
22
19
21
20
21
16
17
26
20
24
13
14
18
13
17
16
17
18
18
10
13
15
16
17
23
15
14
18
25
12
23
15
21
20
22
16
18
12
13
19
14
15
5
12
16
12
21
19
17
22
20
13
15
14
20
11
17
18
11
13
11
10
11
12
16
9
18
12
12
12
10
20
13
11
19
11
13
7
11
20
13
14
16
13
16
15
8
25
17
11
11
12
10
12
13
12
15
16
5
11
8
17
35
31
19
13
13
16
11
4
15
11
19
13
9
18
6
15
13
7
7
6
8
10
4
14
13
9
14
9
13
8
8
9
12
13
16
9
11
10
11
10
10
10
14
11
8
8
12
16
10
9
13
12
8
13
11
4
4
11
9
8
8
7
4
11
12
11
11
5
14
6
20
19
9
7
6
15
9
6
11
10
8
11
4
8
7
11
12
4
6
10
6
17
12
12
14
46
27
16
8
5
7
9
13
6
11
9
8
8
6
11
14
8
7
4
9
6
13
6
8
8
6
4
11
8
12
5
6
8
3
8
5
8
12
8
8
10
8
10
9
13
7
17
9
7
13
16
40
15
11
6
10
7
8
6
5
8
9
5
7
10
6
8
9
9
7
7
11
5
9
12
2
5
5
2
8
4
3
9
12
5
4
5
9
7
6
9
10
9
3
11
8
6
5
3
6
8
8
5
9
6
6
9
4
10
8
5
9
5
7
6
11
8
6
10
5
3
8
9
13
6
9
9
9
6
4
6
5
5
9
2
13
4
7
8
6
7
3
4
6
2
8
6
7
2
7
6
3
5
7
13
5
5
7
7
8
10
9
5
4
4
7
7
3
6
4
4
7
4
4
5
4
5
11
9
9
8
9
3
5
4
5
7
3
4
8
6
3
7
6
5
6
5
10
3
2
5
5
2
2
6
5
5
5
2
6
7
6
7
4
6
3
9
3
3
6
4
7
8
11
6
4
5
4
8
3
5
9
3
5
7
6
6
5
4
6
3
3
8
6
5
5
3
5
7
5
5
2
5
9
7
6
10
7
2
4
4
5
3
1
2
2
2
5
4
5
4
4
5
4
7
7
7
3
6
1
4
4
4
5
2
9
7
4
5
9
5
17
17
6
4
6
3
8
1
6
5
3
2
5
4
4
5
5
6
4
5
2
5
7
6
6
6
4
4
6
4
5
5
5
5
3
4
5
4
6
3
6
6
8
6
4
5
9
2
3
5
7
7
5
7
7
7
8
7
3
3
4
5
10
3
6
4
4
4
9
6
1
5
5
5
4
6
5
1
4
7
5
3
0
5
8
4
2
6
5
5
6
7
7
3
5
5
5
2
5
5
6
3
2
4
5
6
4
6
3
3
3
3
5
4
4
2
7
2
5
7
2
7
6
6
3
1
4
6
5
5
6
6
1
4
15
2332
