radiacao de fundo
0
0
0
0
0
0
0
0
0
0
0
0
13
5
9
222
162
109
111
103
136
138
133
80
89
81
94
96
103
111
96
107
91
82
81
74
97
83
95
85
82
72
93
76
56
85
80
62
87
88
87
70
75
86
95
80
90
97
98
104
99
97
96
103
117
115
113
126
128
135
113
153
137
132
149
119
130
148
149
150
146
165
158
159
159
163
194
174
151
172
155
148
188
186
163
153
171
183
198
163
196
164
175
164
163
192
186
169
187
189
177
178
173
183
200
165
163
187
163
174
170
188
178
172
180
181
172
170
153
169
155
154
152
155
175
176
157
152
163
137
157
167
143
144
147
155
154
145
159
130
130
137
130
134
143
163
123
129
126
141
145
131
138
128
158
108
124
128
127
126
129
107
114
89
133
110
109
111
117
114
94
106
102
98
108
85
113
102
86
96
92
110
84
85
96
82
77
84
106
77
80
85
81
88
89
72
68
80
75
58
76
73
65
78
78
77
60
96
59
79
70
67
60
70
66
79
77
64
64
60
64
62
63
59
70
65
58
52
64
51
63
91
65
51
49
46
60
47
46
49
49
45
43
49
40
52
42
63
58
50
41
44
42
43
35
39
32
35
44
46
42
60
55
45
40
37
37
43
58
50
24
46
34
53
35
35
40
30
42
38
35
43
21
35
33
48
37
35
39
42
31
28
50
27
27
28
27
23
28
25
30
26
34
25
30
28
25
32
21
35
28
27
32
24
26
24
18
31
31
27
38
26
23
20
27
30
33
29
11
30
26
21
20
21
23
20
23
28
33
38
70
32
20
22
16
17
22
22
19
28
23
15
22
12
28
23
19
32
18
13
23
17
18
25
21
19
25
18
17
19
21
11
22
22
23
26
15
18
18
19
17
15
18
11
23
16
19
17
14
20
17
11
16
17
25
6
17
9
16
8
16
25
9
17
20
18
17
9
11
14
20
15
14
24
16
13
18
15
15
17
16
14
21
16
15
13
19
11
16
13
14
15
14
14
12
12
7
7
13
21
20
9
19
12
13
16
13
10
13
12
7
13
13
12
13
15
11
13
12
7
9
10
15
13
19
13
14
18
10
14
19
11
14
15
4
13
14
3
11
14
9
15
10
7
11
12
17
10
7
10
11
16
17
30
15
17
8
12
12
14
14
13
10
15
10
5
6
14
9
11
7
17
12
17
7
8
9
6
6
6
12
6
14
6
11
8
11
4
11
9
12
14
12
9
8
9
13
8
11
7
16
9
10
9
8
10
7
6
6
10
8
9
12
6
11
6
4
12
11
10
15
13
34
18
17
7
8
7
10
5
6
10
6
9
8
11
12
8
14
10
9
11
6
3
9
12
17
22
27
10
10
8
8
6
11
4
8
3
8
8
7
11
10
6
5
6
12
5
10
7
7
9
8
5
5
12
8
9
7
7
9
8
5
6
8
5
8
7
4
5
7
11
8
9
3
4
9
23
16
18
8
13
7
10
5
5
7
3
11
11
7
5
6
7
10
8
10
7
11
7
10
6
6
7
3
8
3
9
3
4
6
8
4
7
7
5
10
6
5
7
8
3
8
4
6
7
3
6
5
8
3
8
5
6
6
2
7
5
4
3
6
7
4
4
10
7
5
9
6
8
7
6
4
8
4
2
5
4
8
7
3
5
10
5
3
5
3
3
7
4
6
5
7
8
8
7
7
5
3
6
8
10
8
10
6
9
5
6
8
5
5
5
6
7
12
6
6
4
3
2
5
9
5
8
5
5
8
5
4
7
4
3
3
5
6
2
5
6
4
5
2
4
3
3
4
1
1
0
6
6
7
3
10
3
5
4
6
4
2
3
5
3
3
3
4
8
4
4
3
6
4
9
5
5
3
5
5
6
4
5
6
6
11
3
4
7
5
9
4
5
6
1
4
2
4
5
4
7
6
3
1
5
6
1
5
6
6
3
4
5
7
7
6
6
5
1
6
6
4
2
3
5
5
2
5
7
9
7
9
6
2
7
5
6
4
9
11
8
18
9
8
2
5
6
4
5
3
6
2
4
2
3
2
5
3
5
3
3
6
3
1
6
6
3
3
2
7
3
2
8
11
3
3
5
2
4
5
4
4
5
4
5
5
3
4
3
7
9
9
4
7
8
4
9
5
3
8
4
7
9
2
5
4
3
8
1
7
3
4
2
2
1
3
3
4
4
3
3
2
1
4
4
8
8
4
5
6
6
2
4
2
4
1
1
6
4
1
3
7
4
3
7
2
3
6
3
3
3
6
6
3
5
5
4
5
1
4
7
6
2
4
5
5
4
8
3
4
3
1
1
7
6
1363
751
