radiacao de fundo
0
0
0
0
0
0
0
0
0
0
0
0
6
4
43
298
146
129
148
152
160
145
132
102
88
93
119
108
97
113
110
106
77
97
87
89
89
86
90
107
97
107
147
155
156
158
128
140
133
105
102
85
81
93
97
102
108
108
96
106
127
115
90
111
116
130
134
144
116
112
123
131
136
161
141
166
155
159
167
157
185
159
174
183
166
190
186
174
160
195
172
181
180
171
170
224
208
179
201
193
179
193
209
213
196
176
204
178
191
198
181
172
164
198
177
225
172
189
195
186
181
193
188
192
190
182
190
175
196
174
182
169
187
157
181
162
158
172
170
160
169
140
161
166
158
173
132
129
144
141
132
143
124
148
127
137
122
135
136
126
132
115
119
118
112
127
132
123
120
121
109
116
112
113
122
103
112
119
110
108
107
116
115
110
87
104
102
102
123
98
104
98
99
89
84
102
75
109
97
85
81
94
97
105
102
93
100
95
85
104
92
93
88
81
72
71
72
88
70
77
79
64
81
76
57
62
65
66
77
55
77
64
66
66
50
62
58
74
110
59
76
77
59
44
58
59
55
55
53
49
50
55
63
53
48
54
43
42
54
47
47
36
37
52
40
45
59
54
47
39
45
40
37
27
38
38
39
48
38
35
33
41
38
38
33
38
39
42
36
23
48
47
48
41
34
47
41
31
29
38
33
37
28
29
31
30
31
27
26
25
32
38
29
24
26
35
28
35
32
26
49
30
32
26
30
14
32
34
28
24
23
27
32
19
34
25
23
26
22
21
25
19
32
23
38
50
34
29
27
22
29
28
19
11
24
15
19
19
21
21
23
20
16
30
20
18
27
24
14
18
24
19
14
12
19
14
23
19
19
16
17
21
23
14
18
27
23
13
14
16
24
19
22
21
19
15
14
15
26
22
21
11
14
7
18
12
15
22
25
13
18
16
15
14
23
16
20
19
18
15
20
16
26
17
21
12
11
16
13
19
10
19
16
16
13
16
11
10
6
12
12
20
12
13
9
14
15
13
10
11
20
15
19
15
19
15
20
17
15
12
17
13
10
12
14
12
12
11
9
15
4
9
9
14
8
11
12
13
12
9
11
9
12
10
11
13
14
10
14
14
10
12
12
16
18
12
25
17
11
10
14
11
8
11
8
6
13
10
14
8
11
7
9
15
11
15
9
13
9
12
13
9
12
11
10
12
10
13
6
11
10
10
11
10
10
13
9
8
11
8
11
13
17
8
9
5
14
11
9
8
8
12
5
9
11
10
6
7
6
9
13
14
11
14
23
14
14
7
10
11
15
8
15
8
11
15
4
13
9
6
9
10
11
7
13
11
17
17
23
26
14
11
10
6
9
5
8
10
8
7
10
7
7
6
11
7
7
11
9
9
10
7
12
3
6
9
14
3
10
7
7
7
10
7
7
5
6
6
9
11
6
10
7
7
9
11
12
19
18
22
8
4
6
5
6
8
6
11
10
8
6
9
6
3
7
6
7
5
7
6
5
9
9
3
8
7
9
11
7
6
7
5
6
5
8
11
8
11
9
2
10
7
6
6
5
5
4
6
9
12
7
9
9
8
3
7
8
7
3
8
9
8
9
5
9
10
7
8
5
5
4
7
4
4
7
7
3
6
8
3
6
6
6
7
5
8
6
9
4
6
5
3
5
4
6
7
7
5
4
3
9
8
5
10
3
4
6
7
2
5
6
6
9
6
5
2
5
8
6
5
8
7
6
6
6
4
7
3
8
3
4
6
7
5
9
5
6
4
6
8
2
4
3
5
8
8
7
2
5
6
4
1
5
3
5
4
10
4
5
5
6
6
4
5
4
6
4
3
4
6
5
5
1
3
5
8
7
5
2
9
8
3
9
6
4
4
3
9
2
8
5
7
2
4
3
7
4
5
5
2
3
3
4
4
5
3
4
4
6
3
7
3
6
2
1
4
2
2
6
4
2
5
3
4
3
5
7
4
4
3
5
3
8
3
10
8
8
10
9
4
3
5
4
4
4
9
4
4
2
6
2
6
5
3
1
6
6
4
9
9
3
7
7
4
3
4
1
6
5
4
6
5
6
9
5
6
6
5
5
3
5
4
7
6
1
3
7
4
3
4
6
4
4
0
5
5
3
3
4
1
3
4
4
5
3
4
2
6
2
5
3
5
3
3
2
3
4
3
4
3
2
2
4
6
4
2
9
4
4
3
3
5
6
6
3
7
4
6
4
2
5
2
8
6
3
5
1
2
4
2
1
3
9
2
1
3
5
5
2
3
3
4
6
4
3
1
4
4
2
7
6
5
2
2
0
6
3
2
7
1
4
4
4
1760
