radiacao de fundo
0
0
0
0
0
0
0
0
0
0
0
0
4
2
31
274
154
90
89
147
136
130
105
92
99
88
77
96
101
109
99
93
76
86
89
79
79
94
73
91
86
81
70
97
61
86
64
78
71
76
81
63
82
85
95
99
93
102
90
109
88
103
85
125
123
111
137
113
106
112
130
126
147
152
144
138
178
155
140
144
157
162
150
175
188
168
203
182
144
167
173
164
179
145
182
182
196
215
189
181
184
181
173
188
188
200
162
185
189
199
177
203
200
159
185
195
191
177
180
189
167
186
165
162
169
180
178
168
181
192
161
175
188
180
173
177
157
167
155
154
154
151
152
147
169
147
152
154
178
139
138
168
140
153
160
150
132
131
155
147
155
138
156
131
125
130
119
139
99
120
122
118
98
115
104
114
108
110
115
104
97
96
122
104
100
97
94
95
117
104
116
122
107
96
93
89
89
82
105
88
81
92
86
74
78
73
90
88
83
93
82
82
80
82
71
73
76
80
67
62
74
65
65
85
77
61
83
67
65
60
58
63
69
54
63
49
72
62
54
74
58
115
61
59
59
48
58
42
60
54
51
52
42
63
55
53
51
42
37
49
47
45
41
44
53
47
54
50
47
55
41
44
55
39
43
39
37
43
40
35
28
38
40
29
31
29
29
36
42
33
41
33
41
23
30
57
46
45
23
29
43
41
32
28
34
23
22
36
34
23
28
22
29
23
23
28
27
23
24
26
26
20
28
25
27
30
20
19
27
26
28
34
28
26
22
18
22
39
32
27
25
24
17
29
20
30
26
22
21
33
64
33
28
15
21
18
19
17
22
16
25
22
28
27
13
26
16
21
21
21
15
19
15
21
16
16
16
17
16
20
21
18
29
17
18
18
19
25
19
19
12
23
17
15
14
23
13
14
15
11
23
15
16
16
17
18
9
16
15
18
20
15
18
17
24
14
17
9
17
17
24
19
18
12
15
13
13
11
20
8
17
14
14
22
11
17
18
8
17
15
17
14
23
9
8
16
12
14
10
12
15
14
13
17
14
11
10
17
18
15
6
18
14
24
19
15
6
19
14
7
13
12
10
9
9
12
15
13
10
11
10
11
14
17
17
7
12
14
7
15
6
7
12
8
8
8
11
11
11
5
17
19
23
29
14
17
6
11
13
10
12
8
14
7
13
8
10
12
7
17
16
8
8
14
7
13
11
9
10
8
12
10
5
10
6
14
9
6
9
11
6
13
6
14
11
14
6
8
13
9
15
11
2
8
6
8
12
12
13
7
12
7
6
11
8
20
6
8
8
10
9
6
24
17
15
14
6
10
9
7
5
11
16
7
12
9
6
4
8
9
6
9
5
15
11
7
17
30
18
10
3
7
6
5
12
10
6
6
11
5
3
4
8
7
3
13
8
10
13
7
4
4
8
7
6
7
12
6
9
9
9
9
13
11
10
7
14
9
10
6
7
8
3
1
8
10
14
15
26
21
6
8
5
7
3
6
9
6
8
4
3
4
7
4
5
7
7
8
3
4
4
9
3
4
3
9
5
9
7
9
10
12
5
7
6
11
5
5
5
7
9
8
4
2
3
5
5
12
6
2
8
7
6
7
5
4
9
6
5
6
11
6
6
8
4
11
2
2
4
8
5
7
12
6
8
7
5
5
2
4
2
8
3
4
6
7
7
5
4
5
4
5
6
5
7
10
6
2
7
11
14
3
5
5
5
5
7
10
8
8
5
4
2
8
7
3
8
7
4
11
4
3
7
4
6
5
9
12
5
0
5
6
5
7
6
2
6
3
7
4
10
5
6
7
4
7
4
8
6
1
2
5
3
5
6
5
6
3
7
5
3
9
7
5
0
8
4
7
7
5
3
6
3
1
4
5
5
6
4
7
10
6
2
9
6
6
4
7
9
6
4
7
0
8
4
6
7
8
6
8
1
6
0
5
1
4
4
4
8
2
7
2
5
10
3
4
4
3
3
5
7
4
8
6
7
6
3
3
5
6
7
7
4
5
7
8
8
10
22
11
7
6
0
3
2
2
8
2
3
5
2
2
4
6
7
1
5
5
6
7
7
7
7
5
3
8
2
6
4
3
3
1
2
3
5
6
3
6
7
8
4
3
5
3
3
4
5
2
5
5
7
0
4
9
11
2
14
6
7
6
5
3
4
2
4
1
3
1
2
6
6
4
2
2
3
7
5
4
0
2
4
5
5
6
2
3
3
4
1
3
6
2
4
3
4
5
6
2
3
3
2
0
6
4
2
1
2
4
2
4
2
2
7
3
2
2
3
2
2
4
2
2
2
5
2
1
3
5
1
7
1
2
1065
1161
