radiacao de fundo
0
0
0
0
0
0
0
0
0
0
0
0
16
4
21
203
146
116
130
124
153
126
93
108
90
90
93
109
105
89
107
93
87
90
67
79
86
73
85
75
97
98
98
92
69
54
74
81
83
88
99
106
93
73
94
92
92
94
103
107
112
109
111
133
123
122
125
95
133
140
156
151
158
150
139
143
141
172
169
158
160
166
166
165
175
166
164
153
161
192
183
175
172
184
177
206
202
160
184
179
172
195
186
179
192
176
220
171
193
171
177
178
180
180
166
185
184
162
183
176
192
204
181
184
192
177
166
165
172
182
168
158
162
166
185
174
170
157
157
165
183
171
158
151
149
176
146
154
124
138
150
154
138
138
128
153
135
137
132
136
136
143
159
132
127
121
131
139
124
117
123
101
107
106
120
113
120
123
108
113
109
100
123
95
112
99
106
87
103
91
106
103
83
83
91
107
105
80
82
101
88
86
89
85
81
97
87
89
101
87
76
72
78
80
81
78
72
85
66
81
86
83
72
61
52
70
76
72
72
77
70
63
47
62
57
77
62
71
81
72
58
79
61
51
75
49
43
61
60
54
44
45
56
53
50
49
55
54
50
41
52
43
40
40
42
50
50
44
42
44
35
51
38
53
51
37
42
37
39
31
27
41
32
33
25
33
42
31
40
37
32
43
39
26
34
60
35
35
29
35
36
32
35
25
14
29
31
31
23
30
22
33
25
35
30
38
36
24
26
22
21
31
35
23
26
33
24
30
24
28
28
22
25
28
23
30
29
23
24
24
27
26
30
21
29
28
27
34
22
36
31
22
22
17
26
25
23
18
25
20
16
26
28
24
18
12
14
23
27
15
24
17
23
22
22
18
14
16
28
19
14
18
18
22
14
16
20
15
18
24
16
18
18
19
15
13
13
15
18
19
20
22
15
15
22
14
21
17
11
19
28
16
15
13
15
23
20
15
18
9
19
13
12
14
17
11
16
8
13
12
14
14
11
16
16
11
15
16
11
9
8
13
11
18
11
18
11
12
16
15
13
16
15
15
21
19
7
21
17
9
18
14
13
13
12
15
12
12
15
13
14
15
10
20
10
6
12
9
11
17
7
15
15
14
5
7
12
13
13
11
10
6
8
15
14
15
13
21
8
11
13
15
15
13
9
17
12
7
13
15
8
5
9
16
10
15
11
9
13
6
10
9
8
11
4
7
17
13
7
12
6
8
11
8
13
11
8
12
11
11
15
5
9
12
3
9
8
11
4
7
10
9
14
9
11
15
10
8
9
7
5
12
10
5
11
17
11
8
8
13
19
14
19
12
15
6
12
6
10
11
8
6
5
10
8
8
15
13
12
9
26
10
7
6
6
11
14
31
18
9
8
5
10
6
11
6
8
11
8
12
8
12
7
13
6
8
8
5
5
8
5
10
7
7
9
10
7
8
6
8
6
5
12
8
6
8
8
8
9
11
14
8
9
6
8
5
10
13
11
11
8
5
7
4
8
6
6
12
6
9
4
8
9
8
10
6
4
6
4
4
11
5
8
12
9
9
4
8
11
8
8
4
9
4
5
5
11
7
5
7
8
9
6
8
7
7
7
4
6
9
6
2
10
7
6
5
5
7
9
7
5
13
5
6
5
5
8
3
2
8
6
5
10
7
11
11
6
13
5
9
6
2
10
8
2
2
6
4
8
6
6
10
5
6
8
5
9
11
3
11
5
6
5
3
4
8
7
5
5
7
7
5
8
7
8
8
8
5
4
7
4
7
8
4
8
5
5
0
1
10
5
6
4
8
6
5
6
6
5
4
10
5
5
4
3
7
4
3
4
13
5
5
5
2
5
6
2
4
5
3
3
2
5
5
1
7
4
5
6
2
7
3
4
2
5
6
4
3
5
6
6
2
1
3
0
3
2
5
6
8
2
6
3
5
4
7
6
5
5
3
1
5
5
3
4
7
7
4
5
5
6
4
5
5
4
7
4
7
6
1
4
3
8
6
7
5
9
10
7
5
4
12
4
2
4
3
8
12
8
6
2
5
7
3
2
6
6
4
5
3
7
1
5
3
5
4
3
3
5
4
4
8
1
6
5
3
4
8
5
4
3
3
4
4
3
3
1
6
1
4
5
10
6
2
6
5
9
4
2
5
3
4
3
10
3
3
6
3
4
2
3
5
4
4
3
6
8
7
6
7
4
5
4
3
2
5
5
4
3
3
3
5
3
2
3
5
3
2
4
4
3
7
3
4
7
4
3
1
4
2
4
5
3
6
4
4
7
1
2
7
3
4
3
8
6
5
1
4
2
6
6
4
5
5
3
3
4
5
2
1
6
3
1381
715
