radiacao de fundo
0
0
0
0
0
0
0
0
0
0
0
0
1
0
30
222
164
96
117
117
117
134
97
101
95
91
86
85
95
101
105
82
90
81
74
80
56
84
92
95
100
87
84
99
65
91
92
75
96
75
83
90
73
90
102
88
85
107
109
106
109
97
109
108
104
135
127
128
130
135
136
169
152
159
155
156
164
152
141
152
166
146
147
178
171
170
185
165
193
158
180
183
195
179
178
198
182
167
186
183
181
212
192
153
202
227
202
197
173
185
168
159
216
199
212
159
192
196
167
186
203
187
191
192
198
189
168
153
173
192
194
141
166
180
200
167
191
186
180
167
174
147
152
144
147
148
152
163
165
172
156
135
144
148
137
130
126
132
153
134
118
138
136
129
130
123
136
105
125
113
117
131
113
108
116
103
120
106
110
100
105
113
106
109
104
103
103
95
111
83
92
82
82
79
86
82
98
74
83
86
65
78
95
89
87
89
89
78
71
75
70
79
88
85
69
69
80
79
92
67
77
67
74
81
66
71
64
59
61
62
69
58
53
58
53
71
63
55
87
70
69
72
66
57
47
46
52
51
45
67
48
43
47
53
46
51
43
37
60
39
43
46
41
35
44
42
51
44
50
44
40
33
51
37
63
34
34
43
43
43
46
48
48
31
31
30
37
40
45
37
32
39
55
34
31
32
42
37
30
30
31
24
33
30
28
32
27
28
36
31
30
33
29
33
24
27
28
29
35
28
36
20
31
28
20
29
27
18
37
34
31
32
40
34
32
22
19
22
23
29
23
25
29
19
25
53
60
24
29
18
23
30
20
22
20
26
25
11
19
25
18
20
21
21
27
18
20
16
19
29
20
16
20
16
18
18
21
25
24
16
13
15
18
21
20
20
23
21
19
24
19
21
19
18
22
10
15
19
18
19
14
10
11
7
19
17
24
19
19
20
24
17
22
19
16
17
20
10
20
14
12
13
9
15
14
10
18
16
20
18
19
20
11
4
14
17
12
8
16
14
12
18
17
10
19
12
12
14
13
21
21
9
13
13
17
15
18
18
13
9
14
10
20
11
11
10
11
16
11
18
13
14
13
10
14
14
11
17
14
9
12
12
6
10
9
5
14
15
11
13
14
11
13
10
14
15
30
19
12
14
9
17
15
14
12
12
6
18
11
10
16
6
7
6
7
4
6
10
4
9
10
9
11
6
13
9
7
6
8
17
15
7
5
8
8
14
6
9
11
9
10
7
11
13
8
6
10
13
14
9
4
10
9
5
8
9
11
11
13
10
7
23
11
12
15
27
11
12
8
3
10
5
3
8
12
2
8
11
6
10
12
8
6
10
12
7
4
13
8
36
33
16
8
8
6
4
7
7
14
6
5
12
9
5
5
5
8
15
8
11
9
16
8
5
2
8
6
3
3
8
8
9
2
7
12
6
5
11
7
3
8
9
6
8
7
0
7
6
13
20
28
20
10
8
10
4
9
9
11
7
5
8
7
5
6
1
12
5
11
7
4
8
12
5
5
4
11
5
8
8
7
4
3
9
9
2
8
10
5
5
9
8
4
11
4
5
3
3
3
3
7
7
6
10
5
8
4
5
11
5
12
2
5
4
5
4
9
5
6
6
9
6
4
4
8
10
7
1
8
6
5
2
5
1
14
9
7
6
10
5
4
11
6
4
7
4
8
7
1
8
5
5
9
6
5
5
5
4
7
8
7
8
3
4
7
5
2
5
3
6
6
6
5
3
3
8
14
2
9
4
3
5
2
5
5
6
8
8
6
5
3
7
8
4
5
9
6
6
3
2
2
8
5
6
13
5
3
3
3
2
5
7
8
9
5
8
2
4
6
1
8
4
1
1
4
8
4
5
9
10
5
2
4
10
3
8
5
2
5
6
9
5
6
8
7
2
5
2
5
8
1
7
2
12
8
4
5
8
2
4
5
4
4
2
3
6
1
9
1
6
6
3
1
4
6
4
6
6
5
3
3
5
1
9
3
8
19
7
10
12
10
3
4
3
3
3
5
4
6
3
2
2
7
3
1
4
4
6
9
8
4
3
9
3
2
6
5
4
3
3
7
8
2
5
3
7
3
4
5
5
6
6
13
5
7
1
5
5
5
5
8
8
11
4
4
1
5
6
4
3
5
4
2
3
4
6
2
6
5
8
8
7
5
3
3
4
5
5
3
3
3
2
10
2
6
3
3
2
5
4
3
4
4
6
5
8
5
4
3
6
5
3
5
4
3
2
2
3
2
6
5
6
5
8
2
6
4
5
2
4
4
2
3
4
0
5
1
6
5
3
5
5
4
3
5
5
3
2
2
3
5
3
3
2181
