radiacao de fundo
0
0
0
0
0
0
0
0
0
0
0
2
0
2
17
232
173
113
118
138
154
129
131
99
75
113
116
111
135
115
118
115
99
107
104
101
101
104
111
98
125
116
92
99
102
85
93
120
102
88
87
97
83
104
114
108
104
136
106
116
136
99
125
114
113
142
127
150
160
141
146
185
169
168
176
148
181
174
173
180
173
197
190
207
222
186
201
195
215
188
204
197
203
222
204
215
204
212
213
198
223
196
249
224
214
199
199
221
207
198
221
181
238
225
189
209
214
211
215
206
192
219
205
191
193
199
220
213
211
203
185
200
215
209
218
202
186
172
182
174
188
168
180
181
164
168
181
183
178
145
175
140
169
147
161
152
152
149
170
137
168
158
145
147
162
145
124
153
135
134
125
158
120
122
132
146
137
113
117
99
111
115
134
125
108
139
140
116
126
103
112
115
109
112
109
98
115
103
129
105
112
116
120
83
97
105
95
102
94
82
79
90
74
85
91
78
71
88
74
85
85
77
65
87
76
77
83
66
71
70
51
68
76
78
72
63
67
83
146
70
65
82
66
56
68
61
70
68
56
68
54
60
61
53
44
41
57
53
63
50
46
64
42
50
42
54
49
51
51
46
55
50
55
43
44
44
38
39
38
48
48
41
42
46
43
43
50
45
36
55
41
51
70
48
30
32
31
38
32
31
35
41
33
31
34
24
42
45
48
35
42
31
36
34
39
34
43
28
20
35
39
30
26
40
42
29
37
30
32
45
25
34
38
28
29
32
30
36
31
20
17
29
31
25
23
48
82
38
24
32
19
26
18
30
28
23
25
26
24
24
25
25
25
16
22
28
24
21
24
20
20
22
18
27
18
24
16
17
20
20
21
27
22
18
22
20
21
18
25
17
15
19
24
21
17
17
16
28
17
19
18
19
25
15
18
21
29
21
14
18
20
19
8
23
10
19
15
28
11
20
19
20
14
22
17
19
15
21
22
12
10
15
11
19
19
10
15
12
27
16
23
12
10
17
21
13
13
16
15
10
14
13
11
8
23
16
15
21
15
16
9
20
11
12
11
16
16
17
17
18
17
16
17
8
16
14
10
15
13
18
13
13
11
12
11
11
5
14
10
15
17
22
9
20
12
22
30
33
21
14
17
5
15
12
12
6
13
15
10
17
13
8
11
14
11
9
15
14
14
11
11
10
14
12
14
16
12
8
16
14
11
9
14
9
11
10
9
14
15
9
15
10
4
9
12
18
14
7
10
8
16
11
19
7
13
3
10
13
11
14
5
21
8
14
18
33
17
14
14
10
12
12
6
4
12
11
7
13
11
7
13
11
11
6
1
6
8
11
12
24
43
24
6
15
4
5
10
6
8
7
5
5
12
9
8
3
11
9
10
16
9
12
9
11
8
9
7
6
7
11
8
10
10
8
10
4
8
13
7
7
9
7
6
9
10
6
7
9
7
25
21
11
9
12
9
9
8
6
8
8
6
9
7
5
9
3
8
8
8
7
12
7
13
3
11
4
8
6
9
6
9
6
7
4
10
7
7
3
13
4
3
7
12
10
11
7
5
5
7
6
3
7
9
5
7
8
13
4
7
9
6
10
10
10
9
8
8
8
10
5
7
9
6
6
7
4
1
10
4
8
11
8
5
5
5
5
6
4
9
8
5
5
2
6
7
5
3
6
4
9
12
8
9
2
11
7
7
9
0
5
4
8
4
7
11
3
5
3
12
6
5
6
6
6
9
1
3
4
4
2
9
6
5
6
7
11
6
2
4
4
4
5
9
7
6
3
4
5
2
5
9
7
7
9
4
5
6
7
6
6
7
6
6
6
11
8
6
8
6
9
8
5
2
6
4
7
4
5
4
1
2
4
7
4
7
5
9
10
7
8
11
1
4
5
6
4
7
6
3
7
7
5
6
5
4
1
4
3
3
2
6
3
5
13
2
7
6
2
7
8
10
6
3
6
10
3
8
5
1
2
6
3
2
6
4
15
16
15
5
7
6
5
3
8
3
7
3
0
6
8
3
3
2
6
3
6
10
6
4
2
5
2
6
2
6
5
3
5
3
1
4
5
5
8
6
3
3
7
7
7
6
5
5
6
6
6
9
6
15
9
10
11
10
0
8
0
11
3
4
3
3
4
9
4
2
5
3
6
4
5
11
4
5
6
6
2
2
3
7
5
3
3
1
3
4
2
4
1
1
5
4
5
5
5
5
10
4
6
2
6
0
5
4
3
9
7
3
5
3
7
4
5
4
4
6
5
1
3
4
3
2
6
4
4
5
3
9
6
5
4
2
1
6
9
4
4
2
4
3
4
2
2
2436
23
