radiacao de fundo
0
0
0
0
0
0
0
0
0
0
0
1
0
0
18
277
162
139
129
119
137
112
132
114
98
88
111
112
99
107
122
101
82
106
80
78
71
99
98
89
97
76
109
96
88
81
57
81
84
81
94
96
91
82
117
114
109
95
108
126
152
94
119
115
135
127
120
135
149
142
140
143
171
156
195
146
173
173
153
171
194
169
186
206
194
189
197
187
183
217
182
169
195
180
189
204
193
182
220
202
209
189
212
231
229
227
200
210
229
202
198
188
220
190
183
234
195
182
206
195
215
196
211
166
206
178
186
202
164
208
179
198
196
182
193
183
171
200
174
162
179
154
172
192
160
150
171
157
163
176
166
159
152
155
158
159
151
133
149
158
157
123
140
161
146
119
132
134
116
139
124
124
137
134
126
124
102
112
115
118
107
114
110
103
101
119
119
123
104
130
139
111
123
111
125
96
97
105
91
113
102
88
84
84
102
85
113
90
85
95
78
80
76
83
87
82
73
98
79
85
74
75
88
88
78
89
93
81
65
65
61
86
69
68
64
67
58
50
71
67
71
111
75
62
68
64
58
44
58
54
66
59
56
54
51
50
52
55
50
56
55
50
46
50
50
36
49
57
54
56
48
54
46
38
46
48
38
46
56
36
41
46
54
41
55
47
39
40
36
31
32
36
40
36
36
58
57
40
40
46
38
38
35
38
39
31
33
25
38
32
42
32
41
39
26
32
28
36
37
19
28
26
32
25
28
36
35
41
41
31
29
19
25
12
34
25
33
41
32
23
28
28
31
24
40
32
24
29
25
33
78
39
20
22
20
32
20
26
25
28
31
35
29
13
22
24
29
14
18
28
19
25
27
13
16
27
21
16
24
19
14
26
19
20
15
19
22
26
17
20
26
18
22
20
26
17
25
16
18
20
21
24
15
18
22
19
15
20
14
18
18
12
28
15
13
11
18
14
22
13
21
19
24
12
15
13
17
18
14
11
11
16
21
13
19
11
17
17
16
11
15
22
22
10
14
6
16
12
17
16
15
14
16
13
9
20
20
18
11
20
18
18
19
21
17
17
19
14
10
12
11
18
12
19
16
13
16
11
14
19
12
16
11
16
16
15
13
9
10
9
12
19
7
6
11
13
9
18
9
15
21
20
20
22
25
14
21
10
6
14
13
10
12
12
11
9
10
15
8
17
8
6
10
12
9
8
18
15
14
12
13
13
9
9
12
19
6
12
9
9
6
12
10
8
9
11
12
12
11
6
4
16
10
4
12
12
14
14
9
9
11
6
10
11
9
13
5
11
11
7
13
14
26
17
15
11
8
8
7
0
11
10
9
12
8
5
13
11
7
6
11
7
9
8
10
11
15
25
27
9
6
7
6
6
7
10
7
6
11
7
10
8
8
11
6
11
5
11
5
8
12
9
9
3
7
10
4
12
6
9
9
2
6
3
6
4
10
7
9
8
8
3
8
7
11
2
7
23
35
16
15
11
6
6
6
5
11
7
8
7
2
10
11
5
5
10
4
8
4
6
7
5
7
6
8
6
3
3
6
9
7
4
10
5
7
5
4
8
8
9
5
4
6
9
5
5
6
7
2
6
7
10
6
8
7
4
7
12
7
7
5
20
6
6
4
8
11
2
10
8
12
7
9
6
6
2
7
12
6
12
7
10
8
5
3
10
7
8
5
6
1
2
4
6
5
2
7
6
6
7
5
8
10
5
6
6
5
13
6
7
10
4
4
3
8
7
5
5
8
5
12
6
7
3
11
7
6
5
7
5
5
6
7
6
7
5
4
9
8
3
8
6
1
7
6
6
9
7
7
4
5
5
9
4
9
10
4
4
9
3
3
5
6
3
7
10
3
5
4
9
4
0
7
3
7
3
3
7
2
4
6
6
5
7
6
4
3
4
10
10
8
5
6
9
5
2
3
2
4
7
5
4
10
8
4
2
8
3
7
3
1
7
4
4
4
5
1
9
5
6
8
6
5
4
3
3
9
1
5
6
3
3
5
3
6
6
8
6
15
12
4
3
4
5
7
8
4
3
4
5
4
4
6
3
5
4
5
6
9
6
4
6
7
9
4
5
6
4
1
4
5
4
6
1
7
6
7
4
7
5
7
4
1
4
8
2
4
7
2
5
5
10
11
13
3
11
5
9
3
6
5
3
4
3
5
4
9
3
5
10
2
2
3
8
6
4
8
4
2
4
6
3
4
3
6
3
7
7
3
6
3
2
6
4
2
6
4
7
2
1
3
4
10
5
6
7
5
5
8
3
8
9
4
5
6
3
2
7
5
4
6
4
5
3
3
6
1
1
5
2
3
4
287
2056
