radiacao de fundo
0
0
0
0
0
0
0
0
0
0
1
0
0
1
11
215
156
92
124
143
147
132
117
98
97
93
108
106
107
115
95
108
97
89
104
87
107
87
91
114
92
81
92
85
94
82
93
86
105
102
85
81
98
89
123
109
134
108
131
112
133
132
133
148
125
140
164
172
153
143
149
152
168
170
168
156
174
186
207
162
181
204
194
188
206
194
222
205
186
207
204
213
220
219
222
232
230
226
224
213
207
217
218
213
220
219
206
199
263
220
221
222
213
228
191
212
228
195
207
207
222
218
232
208
199
199
199
213
191
201
203
178
200
205
205
178
198
201
195
159
182
188
179
167
168
160
182
155
166
174
149
153
167
159
158
152
167
149
153
151
138
159
150
140
127
143
140
147
140
143
122
137
113
116
132
124
135
147
109
112
114
129
142
103
125
122
117
117
143
113
109
127
98
97
98
109
106
95
115
93
87
97
88
87
92
97
73
97
98
89
98
99
74
64
81
89
86
81
69
90
81
81
77
88
86
78
65
74
72
70
70
74
63
68
68
72
67
77
123
77
65
66
51
63
52
66
69
61
64
62
65
60
68
54
44
51
53
60
51
46
49
49
49
51
43
42
48
53
41
42
42
51
44
49
38
57
47
28
44
38
32
44
35
44
46
36
38
40
47
39
44
57
73
44
32
34
48
31
51
34
46
43
28
44
38
33
31
37
29
37
35
29
37
43
39
25
36
45
34
26
41
30
33
36
44
30
31
20
26
29
38
37
27
44
39
31
19
26
30
31
22
26
27
29
30
63
67
22
24
18
35
33
33
24
15
25
24
17
27
30
19
16
28
20
17
19
20
22
26
19
28
21
23
19
27
18
19
19
22
19
14
31
18
19
19
24
19
23
15
26
16
24
17
19
28
17
19
20
17
18
20
22
22
18
24
10
21
13
22
19
21
19
22
18
24
17
24
22
24
18
20
15
12
31
18
17
12
19
22
14
16
12
19
19
21
16
10
16
22
20
11
17
15
16
14
17
15
16
16
12
15
27
11
19
12
19
23
15
20
11
12
17
20
17
18
20
13
9
17
13
11
16
14
14
9
16
16
11
16
18
21
8
24
22
6
14
13
11
15
13
15
15
11
12
18
25
29
24
20
18
18
9
16
18
9
17
4
11
8
14
11
10
9
16
8
12
7
12
6
11
12
14
13
8
13
10
13
13
11
7
14
12
13
11
9
10
17
12
10
10
7
9
12
3
10
19
10
9
10
8
6
10
17
11
10
9
11
9
10
5
10
6
6
13
19
29
18
12
12
6
11
10
12
9
7
13
8
9
5
10
12
13
4
9
16
8
6
8
17
32
36
20
16
10
9
7
5
8
10
9
9
13
11
5
4
4
7
5
8
9
7
15
14
5
11
8
9
10
10
4
6
9
10
8
6
9
7
14
8
5
14
7
9
6
8
6
7
15
15
20
27
18
8
7
7
6
7
11
6
11
3
8
6
10
6
3
5
8
3
9
11
4
10
12
10
12
11
5
6
5
8
7
8
10
7
7
10
5
2
11
12
10
7
5
4
5
9
8
9
5
6
8
6
5
3
5
7
8
6
8
6
7
11
4
4
6
4
8
12
9
10
6
9
4
6
6
5
7
4
8
5
7
7
10
4
9
5
5
6
9
6
7
8
6
8
4
2
7
8
9
6
11
6
5
7
10
12
6
9
5
6
2
7
8
3
5
5
9
10
3
6
10
8
3
10
8
7
11
4
7
9
10
9
4
3
4
8
5
4
5
6
3
5
5
7
4
2
6
6
4
9
6
4
7
8
8
5
8
6
5
7
3
2
3
6
5
8
9
7
5
8
3
6
10
11
4
5
5
4
6
5
9
6
0
4
5
7
6
7
10
6
6
4
7
7
8
9
5
4
6
4
2
6
3
4
6
7
8
3
12
8
5
7
4
1
0
4
7
4
4
9
3
4
4
5
7
3
5
3
4
5
10
10
8
6
12
11
16
6
5
4
3
8
8
3
4
4
3
6
2
3
0
3
3
6
4
7
11
9
2
4
5
4
6
6
3
5
2
6
2
6
6
3
5
12
5
6
5
3
3
7
5
4
5
6
10
6
8
5
7
8
6
14
8
3
2
4
4
9
3
8
1
4
3
4
8
4
7
3
6
4
3
6
6
6
4
5
2
3
6
1
4
5
4
8
5
5
11
9
8
8
4
5
5
3
6
7
7
7
5
3
3
5
1
2
3
2
4
5
3
9
0
7
6
4
5
5
7
5
3
3
3
7
6
5
6
2
3
5
4
7
3
9
2
3
7
2
6
1
4
3
2
2321
69
