radiacao de fundo
0
0
0
0
0
0
0
0
0
0
0
0
0
0
86
342
133
85
129
148
137
134
113
94
75
100
99
123
102
107
102
108
100
103
85
78
80
79
79
77
78
74
81
81
65
65
66
81
74
75
84
75
83
71
77
89
102
98
85
86
100
106
110
95
104
92
94
101
119
114
134
121
118
132
128
132
146
140
150
139
122
149
138
155
158
148
166
152
150
167
166
159
153
172
153
171
169
172
184
173
196
162
151
156
167
161
174
165
150
155
151
170
160
170
163
174
171
155
179
166
185
177
166
176
164
146
164
178
156
155
151
164
162
147
161
158
152
140
134
136
128
117
155
138
155
138
130
123
144
118
124
135
136
128
121
127
115
110
144
126
130
112
131
112
106
125
109
101
107
99
113
88
117
98
106
88
100
86
89
105
95
86
91
93
91
88
84
91
92
95
87
76
79
80
78
65
82
80
75
67
81
84
76
60
89
76
78
60
67
72
70
72
75
66
72
60
66
73
62
58
59
66
73
68
54
60
70
60
48
55
53
45
47
56
50
58
47
51
61
97
60
46
57
56
48
41
57
46
52
46
38
42
45
46
40
57
36
29
40
43
46
37
52
39
30
28
43
42
46
52
48
38
37
38
38
37
33
32
31
34
33
29
35
35
32
23
40
18
46
34
28
25
31
52
42
29
27
32
36
28
28
37
31
30
28
18
29
36
28
23
28
26
33
34
20
32
29
35
16
27
23
19
27
17
15
26
24
25
26
23
11
18
23
18
33
32
27
16
21
20
18
26
24
26
20
21
35
58
40
29
23
20
18
11
13
18
24
17
25
18
12
12
26
14
25
10
26
11
31
23
19
19
13
16
17
18
18
16
16
18
12
22
24
13
12
12
18
15
9
17
20
15
16
18
16
21
9
19
12
10
9
14
16
14
10
9
17
12
11
11
14
10
17
20
10
10
18
18
10
9
17
8
19
13
14
15
28
9
14
9
16
12
20
8
11
19
12
12
15
11
10
11
8
10
11
11
16
10
15
15
18
15
14
15
20
11
9
12
10
15
9
8
7
7
10
11
9
5
16
17
7
7
13
17
9
8
3
12
5
10
8
10
20
14
12
14
9
2
10
9
13
12
12
10
11
14
11
13
23
28
18
8
12
9
6
16
12
9
10
11
9
12
9
9
15
8
13
10
7
11
11
13
2
9
4
10
8
8
10
10
9
13
10
9
8
4
6
10
11
6
6
9
8
4
6
13
5
8
8
9
14
6
4
8
10
5
10
4
10
7
12
7
11
8
12
10
8
15
19
24
10
9
6
12
3
10
7
8
7
7
6
6
8
8
5
6
5
9
10
8
8
10
16
37
17
8
5
7
5
4
5
6
7
6
5
9
11
6
10
4
11
10
6
7
8
11
1
8
5
4
10
7
4
6
7
6
9
4
5
8
9
11
7
5
5
5
8
10
4
6
6
14
10
16
18
12
5
2
4
5
9
5
9
5
8
6
4
6
9
3
6
8
8
5
3
8
3
8
6
8
4
5
5
10
12
9
6
7
5
3
8
7
9
5
9
6
11
3
7
4
11
5
3
3
5
2
2
5
5
5
5
10
5
11
11
7
8
3
9
5
5
8
4
4
7
5
2
6
6
7
2
6
2
7
5
3
4
5
0
3
4
3
5
7
3
3
4
6
5
5
3
5
2
6
3
20
10
4
6
8
5
2
3
4
3
4
5
5
4
6
3
6
6
7
5
5
5
2
4
2
6
5
3
6
7
7
1
7
6
4
6
7
4
4
4
5
5
7
4
6
10
4
1
2
4
2
5
4
3
5
4
7
5
3
4
3
5
6
6
2
6
9
4
0
2
1
5
2
8
2
3
4
7
5
3
5
3
3
2
3
6
8
4
1
7
9
4
3
2
4
1
3
8
3
2
7
4
3
2
4
4
5
2
6
1
3
2
5
8
1
2
3
6
5
6
5
4
4
0
7
0
3
2
5
4
3
3
4
3
4
3
17
6
6
1
6
3
2
6
2
4
3
1
4
4
1
6
2
5
5
5
8
8
1
7
3
8
4
4
1
4
4
5
4
4
2
2
3
3
6
1
5
3
2
3
2
3
1
5
0
6
4
7
6
5
7
5
11
9
9
6
1
2
5
4
4
6
2
6
4
5
2
2
4
4
2
2
3
6
5
3
2
2
2
3
4
2
3
3
1
4
4
4
4
2
5
4
2
2
1
3
5
3
5
7
1
5
3
3
4
4
2
5
4
1
3
6
1
4
6
2
5
3
2
6
4
4
2
2
2
3
2
5
5
0
3
4
3
3
5
4
4
2
1901
