radiacao de fundo
0
0
0
0
0
0
0
0
0
0
0
0
0
0
50
322
152
98
98
110
103
120
106
87
74
84
86
91
97
85
101
71
85
84
83
89
63
81
83
84
84
78
89
82
77
76
53
90
61
68
72
63
80
83
56
68
90
91
106
111
102
98
118
98
115
104
85
116
115
119
107
121
121
151
138
129
130
145
109
143
152
134
130
181
170
143
164
151
157
174
172
160
138
132
157
168
153
161
170
190
189
178
163
156
160
166
170
172
153
159
166
166
154
173
140
185
176
156
175
189
165
175
166
167
151
169
167
161
155
177
137
152
147
152
128
157
139
171
156
132
154
124
154
130
157
164
139
151
131
142
138
132
123
127
126
150
125
108
125
133
130
129
118
101
104
108
122
128
116
99
119
99
107
102
104
83
112
93
89
90
96
103
105
101
77
124
86
85
77
90
92
92
79
83
76
63
85
86
67
81
69
77
78
78
85
71
87
69
76
65
63
72
61
69
69
68
67
59
67
66
56
62
57
55
54
67
52
61
55
57
65
59
58
49
69
64
56
53
53
88
58
48
62
58
46
42
53
59
61
34
48
45
46
42
40
58
47
45
33
37
40
34
32
34
31
41
40
34
35
38
38
37
44
35
45
43
44
32
37
37
40
39
28
41
24
25
32
34
32
28
32
26
27
54
54
30
33
28
32
18
21
27
42
27
27
24
33
23
19
30
31
35
26
27
32
41
22
28
28
22
25
27
22
28
33
32
30
21
25
24
22
22
21
28
31
34
22
25
22
21
23
35
21
21
24
25
25
40
45
23
25
13
23
23
18
20
17
18
19
18
20
19
19
15
19
17
23
18
13
14
13
16
12
20
26
11
18
6
18
17
16
15
22
17
14
16
19
18
19
18
13
19
17
16
12
18
18
8
13
19
17
12
16
12
22
14
17
14
20
12
16
24
16
22
14
12
9
11
9
12
9
9
13
15
18
15
16
6
12
14
10
13
16
12
10
8
10
9
21
7
9
17
14
11
9
10
14
16
20
17
15
10
13
15
17
18
14
9
19
12
9
11
11
10
19
14
11
13
12
8
11
10
20
16
14
10
9
9
14
5
11
9
15
14
12
10
9
15
4
12
5
10
12
11
7
15
11
13
14
29
22
11
16
9
10
10
1
8
11
6
11
9
7
16
11
11
6
10
8
6
10
12
8
7
12
6
14
9
6
6
11
11
12
13
7
9
7
8
8
10
10
8
10
12
10
8
6
9
8
10
10
7
12
7
12
9
6
9
9
4
12
7
16
8
8
7
11
10
19
21
15
8
9
10
10
9
10
4
9
15
13
8
9
6
12
3
9
4
7
15
7
7
15
32
24
11
9
5
9
3
6
5
10
9
5
6
5
4
14
4
8
3
2
13
5
5
3
9
8
7
5
11
4
8
10
5
7
7
6
7
7
9
9
5
13
9
8
5
7
6
8
10
13
23
14
11
7
8
6
8
10
5
7
2
6
4
5
9
5
4
4
4
12
7
10
5
6
6
2
6
4
6
7
3
4
6
4
7
4
6
4
8
3
8
3
4
3
7
12
9
3
2
7
9
5
4
6
8
4
4
9
9
7
10
9
8
10
5
4
4
5
1
4
6
3
2
6
7
5
3
5
7
7
7
6
6
9
3
3
3
4
2
7
2
10
10
3
4
8
7
4
0
2
5
10
9
11
4
7
5
4
6
0
5
3
7
3
2
4
8
2
4
5
1
4
7
5
7
4
10
7
5
5
5
8
10
7
3
1
5
3
4
7
3
8
4
5
3
7
1
4
5
5
5
4
3
6
5
3
6
5
4
4
3
4
2
6
7
5
6
5
3
7
3
4
1
4
4
3
4
4
6
4
6
1
6
4
9
4
5
3
2
4
5
4
6
4
6
1
5
6
5
8
2
7
5
3
6
3
3
5
1
3
4
5
4
5
5
4
1
2
4
5
2
9
7
2
5
3
4
5
2
2
4
7
4
2
2
6
4
7
10
12
12
7
7
4
2
6
3
1
3
3
1
6
5
2
2
6
1
0
3
5
3
8
6
2
2
3
4
3
7
9
3
7
4
3
3
2
5
3
7
2
5
4
2
4
4
1
9
5
1
5
11
4
3
5
9
7
1
3
3
3
5
3
6
4
5
3
5
5
3
5
6
3
7
3
3
4
3
5
2
2
1
3
3
8
4
3
2
2
2
1
3
10
5
5
3
3
4
4
4
3
6
1
6
3
0
3
6
8
2
5
2
2
3
4
3
3
1
4
4
4
3
3
4
4
6
2
3
2
5
4
5
3
3
8
6
5
1
2
5
4
1940
