radiacao de fundo
0
0
0
0
0
0
0
0
0
0
0
0
5
0
41
276
181
164
151
118
129
108
99
94
89
91
96
92
122
142
134
116
105
105
89
80
81
76
78
90
74
62
73
70
71
78
63
80
70
78
82
63
82
69
65
85
89
98
95
88
94
90
112
103
106
114
118
92
96
106
126
131
135
123
139
121
136
132
146
146
153
158
132
174
165
157
136
158
154
151
156
153
158
169
154
174
172
167
157
166
172
165
165
165
163
160
183
172
182
178
165
157
175
160
145
149
162
158
156
172
159
161
169
162
179
143
165
161
160
164
150
144
141
139
157
148
147
147
126
123
111
133
150
146
128
144
130
147
154
127
121
125
127
127
133
135
125
121
106
142
117
144
111
109
117
113
129
100
107
113
111
107
109
111
110
85
101
94
96
76
111
90
107
102
77
92
90
79
88
91
94
87
67
76
87
79
84
73
92
74
70
86
69
59
70
87
70
72
72
65
64
63
60
52
64
68
57
55
81
62
63
59
76
70
49
59
71
48
73
57
59
60
43
55
57
52
56
40
49
104
59
49
66
56
45
50
55
42
50
48
40
51
44
44
66
49
38
42
44
34
37
46
48
40
42
43
35
26
35
39
29
41
27
32
33
31
31
37
35
34
28
29
36
38
45
25
34
35
43
39
32
34
34
40
32
29
36
22
32
29
26
20
19
30
32
23
37
23
37
20
26
29
28
20
23
32
15
20
19
16
31
25
25
17
39
29
27
23
25
32
24
23
25
26
30
32
15
20
24
26
22
21
25
22
21
25
23
42
41
22
23
20
18
21
20
14
20
13
24
15
14
17
15
21
16
16
21
10
20
14
12
15
13
14
12
18
22
14
15
15
18
17
17
14
12
13
15
19
17
12
17
10
15
12
17
17
17
14
26
15
17
18
14
11
11
19
21
13
11
20
15
19
9
14
14
16
11
16
12
18
16
12
14
19
17
16
8
16
12
21
19
14
13
8
8
8
12
11
15
14
12
13
13
10
15
7
9
18
12
12
17
19
11
15
15
7
10
11
14
12
16
11
6
9
18
10
8
8
11
9
6
7
10
12
7
13
9
17
13
7
10
10
15
14
12
6
10
11
4
10
11
14
5
12
5
7
12
9
18
23
21
13
6
9
9
13
9
10
9
9
10
15
13
6
10
8
6
14
4
8
6
9
8
10
9
8
4
8
8
11
6
9
8
9
6
5
6
4
7
8
6
9
8
11
7
8
10
6
8
10
7
6
7
12
8
3
9
5
7
10
9
8
11
5
12
7
11
11
19
12
9
3
6
3
4
10
8
8
4
6
10
15
5
3
6
13
5
6
5
5
6
1
14
41
13
6
6
3
8
9
10
7
4
7
10
9
4
4
7
9
2
6
7
11
6
9
7
5
8
7
7
7
8
4
6
4
7
5
11
4
8
7
2
8
14
8
9
7
5
7
6
8
14
23
19
12
9
5
4
9
2
5
7
5
7
6
8
7
3
4
8
8
8
3
6
11
4
3
2
6
6
5
8
2
5
3
7
2
2
6
8
6
8
7
14
11
4
4
3
7
2
3
11
8
6
5
5
1
5
5
5
3
2
4
7
5
5
8
4
3
10
1
3
7
6
4
4
6
4
7
5
8
7
8
3
1
4
5
8
5
3
3
5
2
12
8
7
4
4
5
5
5
5
4
7
4
10
4
7
3
5
1
7
1
3
2
3
2
6
5
5
5
6
7
4
6
7
5
4
2
7
5
7
5
3
8
3
3
5
5
5
3
2
2
6
0
1
2
6
4
3
3
2
4
3
5
4
1
1
2
5
8
3
3
7
4
8
4
5
3
3
8
5
7
6
1
5
4
3
7
3
5
4
8
5
4
2
1
5
6
3
1
2
11
3
5
4
5
5
4
11
2
4
0
6
7
10
10
4
2
3
2
2
5
2
7
3
3
2
5
1
6
7
4
4
1
4
8
5
3
3
4
6
5
4
8
1
4
5
5
7
10
13
6
6
7
5
2
3
3
3
4
6
5
6
3
1
5
2
4
2
4
4
5
8
6
6
3
4
2
4
2
5
4
5
1
4
1
7
4
3
6
6
4
1
4
4
3
6
0
6
5
8
5
3
2
6
13
1
5
4
1
3
1
6
2
5
2
2
4
5
7
1
8
5
1
2
5
4
4
2
0
6
5
4
0
4
5
4
2
4
1
7
6
8
4
7
4
3
5
3
4
3
5
5
1
3
3
6
4
2
2
3
2
2
4
7
2
6
4
1
2
4
4
4
6
4
5
3
1
4
7
5
0
5
4
7
3
6
5
5
2
2
1907
