radiacao de fundo
0
0
0
0
0
0
0
0
0
0
0
0
0
2
32
313
163
105
97
110
129
104
107
72
86
116
94
103
135
121
96
89
89
70
64
70
79
59
65
81
83
70
71
80
73
71
73
57
75
62
67
62
65
72
95
79
80
87
75
91
110
113
87
94
104
88
124
121
109
124
127
122
148
104
140
146
133
133
137
132
136
147
147
160
143
160
143
155
141
151
169
157
156
150
183
183
158
175
166
162
181
156
171
173
182
172
176
162
168
164
194
177
163
178
169
160
173
153
152
169
192
140
163
168
148
166
169
154
167
155
153
137
147
145
159
149
148
142
132
128
146
151
139
138
141
141
125
131
135
121
124
133
131
115
141
121
127
136
129
121
112
97
104
100
127
108
117
108
106
105
105
104
98
107
86
107
99
95
103
86
96
71
99
85
83
106
94
94
97
98
92
74
85
77
90
67
81
73
77
80
86
80
71
75
64
78
46
74
71
68
80
90
69
64
59
66
66
75
82
60
60
46
64
67
58
64
51
62
60
60
76
59
49
67
57
67
91
41
50
75
50
51
39
38
45
40
47
46
35
54
32
37
46
41
42
45
34
45
36
44
37
39
37
40
32
35
31
25
28
51
33
42
43
30
37
41
36
34
25
29
40
32
43
30
33
32
41
33
33
58
40
34
32
39
39
29
27
28
32
28
28
29
25
25
28
33
24
26
39
21
26
23
22
20
26
18
29
25
16
26
25
27
20
27
22
25
27
22
24
28
29
13
28
29
29
18
20
16
20
21
21
16
43
33
27
14
21
37
21
18
17
20
17
13
18
16
21
15
15
21
16
15
15
19
16
23
20
18
13
21
15
29
19
18
16
14
11
26
13
21
18
20
18
24
17
25
17
14
14
15
10
12
16
15
19
13
13
12
13
12
19
17
15
11
13
16
13
12
15
11
19
18
11
12
10
12
14
12
12
16
16
19
13
14
11
13
9
8
15
2
9
14
15
14
12
8
16
11
13
10
12
13
11
12
14
12
12
9
7
16
6
9
8
7
8
12
9
14
11
6
14
10
13
10
15
16
10
15
13
11
11
9
7
9
8
19
7
11
7
14
12
9
16
11
6
10
10
12
18
13
12
11
19
20
12
7
8
15
13
15
8
6
12
12
4
7
13
4
13
9
11
13
10
8
7
11
5
12
9
8
11
8
11
12
7
13
10
4
8
5
7
11
8
15
10
7
9
11
12
7
8
7
10
6
8
3
8
16
13
6
7
8
6
9
17
9
11
8
9
15
13
13
14
11
7
7
13
9
13
6
9
11
10
8
13
2
8
5
10
8
6
14
10
13
17
25
7
7
7
3
7
11
10
25
9
6
4
4
9
5
6
7
10
9
5
10
3
8
11
7
6
9
10
4
6
8
6
8
7
6
9
8
5
3
10
7
6
9
6
2
4
3
2
19
17
7
12
5
8
4
6
3
6
16
10
7
5
5
10
13
8
4
6
7
5
7
5
2
4
4
2
4
4
5
4
3
5
3
6
5
6
6
5
6
6
5
8
4
9
0
7
5
7
7
4
7
8
3
2
1
10
6
6
3
2
4
6
7
6
3
7
2
7
4
9
7
4
4
2
5
3
6
4
8
4
4
7
6
5
3
4
7
9
4
6
4
4
3
4
7
6
3
4
2
7
10
6
11
8
6
4
5
5
7
6
4
3
7
5
6
4
4
6
5
5
6
4
5
4
4
5
4
8
5
6
4
8
4
2
3
6
3
4
4
5
3
4
5
5
2
6
7
2
4
4
6
4
5
10
8
2
7
2
5
7
4
4
3
4
4
5
2
3
3
3
9
6
1
3
8
7
5
2
6
4
3
3
8
1
1
3
4
7
5
3
4
3
9
2
1
6
6
3
5
8
7
3
4
5
3
3
4
4
5
8
4
3
8
2
3
10
4
1
5
8
5
7
4
2
2
2
1
4
6
2
6
3
4
6
13
11
8
4
5
6
4
2
8
5
3
7
6
3
2
6
0
3
6
5
1
5
7
6
5
1
0
6
5
3
5
5
4
6
6
5
9
4
1
4
2
5
7
1
5
6
6
2
4
6
3
5
7
4
7
5
9
1
3
6
2
4
2
2
4
4
9
2
5
1
6
3
3
2
5
4
4
4
1
6
9
4
3
3
7
4
2
4
4
4
3
2
1
3
4
5
4
6
3
5
3
5
2
5
3
3
5
4
4
1
3
5
4
2
5
3
5
6
3
2
5
4
3
2
10
1
3
4
4
3
1
2
5
7
4
2
4
5
3
1
1
4
1
1
0
5
5
3
4
6
2
2
2
2
1860
