radiacao de fundo
0
0
0
0
0
0
0
0
0
0
0
0
0
0
57
436
307
221
300
722
1289
836
327
113
94
92
107
100
106
113
121
132
156
120
100
112
116
112
104
96
89
93
63
83
68
82
82
74
80
63
80
79
91
78
81
93
76
88
108
81
80
106
85
95
97
107
106
113
102
124
108
115
121
130
134
108
135
156
143
157
168
127
138
157
144
149
175
131
148
159
154
152
168
157
170
169
169
190
165
162
172
169
171
161
157
157
198
166
170
158
178
169
140
160
167
134
176
156
161
162
175
154
168
158
144
153
158
140
176
161
137
140
154
137
143
131
138
139
138
125
143
148
137
127
126
153
139
135
128
139
138
131
118
114
104
113
110
143
115
132
126
120
116
106
125
91
119
106
118
91
88
101
109
80
99
94
100
95
85
115
84
78
98
90
78
98
100
92
76
82
93
79
73
91
84
78
78
98
69
59
83
79
73
63
84
80
74
79
79
69
72
70
83
78
70
77
58
76
62
62
57
72
59
56
55
65
65
65
57
56
58
59
56
63
55
48
63
47
46
71
74
55
54
57
39
53
51
45
52
45
42
47
34
44
39
44
47
41
50
50
34
36
40
44
35
35
44
33
41
29
33
32
34
41
35
32
52
41
37
26
50
27
44
40
28
25
34
43
25
41
34
35
32
50
39
29
24
30
28
24
30
30
33
26
40
26
38
19
26
35
31
26
27
20
27
21
21
39
22
21
24
22
24
28
28
33
17
29
24
15
27
16
30
29
21
30
17
18
15
27
22
22
21
24
27
17
28
43
44
21
22
19
17
15
22
16
22
25
23
27
17
14
11
16
17
22
17
18
16
21
17
18
15
18
14
13
22
13
9
19
19
31
16
10
20
13
13
12
14
23
16
20
11
11
16
16
8
21
15
15
6
14
21
17
17
21
12
18
14
11
19
13
17
20
13
13
13
21
7
12
19
15
16
12
7
11
22
13
14
10
14
13
15
9
16
13
17
14
12
13
18
22
10
10
11
4
11
11
13
12
11
12
12
10
13
10
16
9
10
9
17
17
16
6
10
9
10
11
9
10
18
15
13
10
12
8
7
12
10
8
14
9
14
11
6
9
10
12
5
6
12
5
9
10
8
11
11
14
17
23
34
19
19
7
11
9
12
9
5
11
13
10
7
10
7
6
10
11
8
8
9
17
7
10
12
7
9
8
15
11
18
12
6
6
9
6
6
11
6
8
13
1
7
5
8
7
7
11
6
10
4
13
8
9
7
13
6
7
8
6
8
6
7
10
9
8
13
18
27
18
7
7
13
6
1
10
9
9
7
5
11
11
5
4
7
11
5
6
5
4
11
8
13
32
35
19
8
7
5
5
7
4
4
6
10
3
15
6
5
12
7
8
4
5
7
7
6
6
6
4
3
4
6
7
7
7
4
5
5
7
11
11
10
4
5
7
8
6
2
5
6
4
12
15
14
7
10
10
3
4
7
6
8
11
6
6
7
5
6
7
6
13
8
10
3
3
3
4
6
1
5
7
8
9
9
9
1
3
4
3
9
8
5
11
5
11
6
3
5
9
6
5
9
8
5
6
2
10
5
5
8
3
10
3
4
6
6
5
5
7
2
5
8
6
6
5
6
11
4
7
6
6
7
2
3
4
8
6
5
2
2
1
4
5
3
7
5
3
4
4
4
4
2
10
3
6
10
4
6
6
4
6
8
4
7
4
4
3
6
4
7
5
5
5
5
2
6
7
8
10
5
7
6
8
4
4
4
9
8
3
2
8
5
3
4
4
7
4
2
3
4
3
4
8
4
0
1
3
5
6
8
7
6
6
3
2
8
3
10
5
1
2
4
10
3
6
3
9
7
4
3
5
1
4
5
4
8
4
5
6
3
3
8
3
8
4
2
2
4
4
5
2
4
3
2
5
1
5
7
3
1
3
4
4
4
2
7
3
5
3
5
0
3
3
4
3
4
5
8
4
5
3
5
4
4
6
3
4
2
6
11
7
8
3
9
5
4
7
0
9
4
3
7
3
3
5
1
2
4
6
4
5
7
2
1
4
3
2
6
6
3
5
2
6
4
6
4
4
8
2
2
4
7
4
5
3
4
4
5
2
7
4
3
9
8
6
4
7
6
8
4
0
5
6
3
2
2
4
2
3
2
5
4
5
4
6
0
0
4
5
3
4
2
3
3
5
3
3
1
4
5
2
6
0
3
5
4
1
4
2
2
4
0
5
2
4
4
3
0
0
5
3
3
8
6
5
4
6
3
1
7
3
6
2
6
4
1
6
5
3
3
4
4
4
4
4
4
4
3
5
3
5
1
1928
