radiacao de fundo
0
0
0
0
0
0
0
0
0
0
0
0
2
3
56
220
145
117
169
227
174
120
104
71
96
64
83
71
120
93
89
65
75
90
78
87
80
84
94
90
84
84
84
93
67
80
66
70
62
66
80
74
74
82
96
87
77
94
92
78
76
100
94
99
108
97
103
95
110
133
133
123
132
144
129
118
152
157
140
142
147
148
136
143
147
132
156
154
151
178
168
163
162
158
167
191
179
168
183
163
173
171
180
160
148
182
173
164
157
166
181
183
152
177
150
153
160
161
155
168
152
153
148
146
153
156
176
147
154
154
167
145
155
151
155
165
158
160
159
146
142
149
149
136
144
140
122
138
142
139
160
150
143
135
138
124
103
105
117
105
110
109
112
122
107
122
83
111
113
120
108
107
93
102
109
79
88
110
89
86
87
109
98
93
100
83
80
90
70
92
93
83
88
75
96
73
84
82
84
71
75
85
79
84
77
69
85
64
78
74
91
66
77
75
49
71
64
68
69
55
70
50
73
67
67
57
76
64
47
55
53
46
67
52
70
58
52
46
44
94
82
50
47
63
50
57
51
59
54
47
42
45
43
38
43
48
49
38
50
53
41
58
40
37
43
45
44
45
32
44
36
46
42
39
38
31
48
32
37
26
21
36
22
29
31
37
28
44
27
42
36
32
34
37
49
24
25
28
34
21
31
26
28
17
25
19
22
23
23
25
19
26
23
29
30
24
27
13
22
29
28
27
30
17
27
24
26
21
23
21
22
18
21
29
27
28
22
20
29
18
27
21
17
24
16
17
28
28
52
44
21
18
16
24
18
28
11
16
15
22
18
15
18
27
14
22
13
21
18
20
22
21
12
17
18
16
14
18
11
12
17
18
24
22
22
21
18
17
14
16
10
21
22
19
28
17
13
21
12
16
17
14
15
19
16
19
9
13
17
9
13
17
6
11
15
9
13
14
13
12
17
13
12
16
11
19
20
11
9
19
12
21
10
13
13
9
11
15
17
12
13
15
17
11
11
17
12
10
9
10
16
10
16
14
12
16
12
12
10
10
11
15
14
8
9
12
11
9
11
20
12
13
16
8
8
19
12
12
10
13
8
8
6
12
5
10
9
6
15
14
16
11
10
13
6
11
4
11
17
17
20
19
18
5
6
11
9
8
8
13
11
9
7
3
6
12
9
7
9
11
13
14
7
7
11
11
12
15
7
7
12
1
7
6
8
6
8
18
10
5
12
7
8
9
3
8
7
8
15
13
8
6
5
5
6
9
8
5
10
14
9
10
6
8
6
11
7
11
11
13
16
11
6
4
5
10
6
10
10
4
9
4
6
11
6
6
9
5
7
10
8
11
16
16
28
23
10
15
5
4
4
9
4
11
5
8
6
2
6
8
7
6
9
5
8
8
10
4
13
9
6
5
3
5
9
4
12
12
8
5
8
6
10
6
2
4
7
2
10
3
10
16
11
12
19
13
14
4
12
7
7
6
7
3
9
4
8
5
8
7
6
5
3
5
9
2
7
6
9
3
1
5
4
4
7
4
5
5
4
6
5
9
10
4
6
7
6
3
10
5
4
2
4
6
4
6
7
9
10
9
7
7
4
5
13
6
10
13
6
6
2
5
4
6
7
7
7
5
5
8
4
3
9
5
3
7
7
5
4
4
4
7
2
7
3
4
1
1
6
4
4
3
6
3
7
5
12
8
7
6
4
1
5
5
8
1
4
4
5
6
4
3
3
9
7
3
3
4
3
3
4
8
8
4
4
4
4
6
2
2
1
7
5
7
6
8
2
3
5
7
4
2
5
2
7
4
2
5
8
4
7
2
7
7
4
5
4
7
2
3
8
6
10
2
6
3
3
3
4
3
2
1
7
3
2
3
6
5
4
4
4
5
2
3
7
3
3
2
4
2
3
5
5
5
1
13
0
7
9
5
4
4
9
6
2
0
4
3
4
3
7
3
6
2
5
3
2
4
5
3
8
4
1
5
6
4
7
4
8
8
5
4
11
9
7
5
6
5
6
3
2
4
4
0
7
3
8
3
1
4
3
5
3
5
2
3
6
1
1
2
2
6
3
4
2
6
4
3
8
10
6
2
0
2
2
5
2
3
2
1
0
9
6
4
5
7
5
9
2
9
4
7
0
1
3
3
4
6
6
3
4
3
10
2
4
2
3
1
3
0
4
1
0
1
8
5
1
2
2
4
6
6
1
4
3
2
4
4
7
3
1
1
7
2
6
4
2
5
1
2
4
4
5
3
3
5
5
5
4
4
4
2
4
5
4
4
2
3
1
3
1
3
2
7
0
5
6
2
4
6
3
3
1912
1
