radiacao de fundo
0
0
0
0
0
0
0
0
0
0
0
0
1
0
56
320
238
147
156
205
210
194
167
153
112
94
109
126
132
139
125
122
96
100
81
89
82
89
80
86
71
84
88
78
61
92
78
85
83
87
91
86
107
98
89
76
105
94
111
98
93
85
102
100
121
132
118
133
116
130
137
122
160
140
136
166
131
149
163
150
149
153
187
185
176
168
203
173
173
149
192
168
177
186
150
196
167
197
205
162
203
189
178
188
205
179
200
201
192
156
189
190
193
173
200
174
186
168
199
178
186
169
156
181
194
188
176
197
180
164
192
151
156
149
153
187
166
177
158
146
155
156
168
147
141
146
156
172
150
133
150
162
162
158
150
130
120
154
133
116
133
131
136
125
127
120
137
106
128
125
123
117
120
124
103
121
100
104
106
101
88
111
99
100
106
127
96
104
109
113
94
90
92
80
92
86
85
99
98
83
92
83
79
75
77
94
83
73
71
87
89
77
68
70
71
72
86
75
72
79
83
77
58
77
71
70
76
57
70
61
67
67
59
62
64
60
69
54
58
92
60
58
67
50
52
40
51
54
42
46
52
50
48
56
54
46
41
52
39
47
49
40
32
27
51
41
45
41
37
45
58
33
35
54
47
44
42
34
41
33
31
31
27
40
29
31
45
33
37
39
35
35
53
40
31
30
33
37
40
34
34
29
29
39
35
32
37
27
37
31
22
38
38
28
26
28
23
32
24
27
23
25
40
33
23
30
29
20
33
33
16
23
24
37
33
24
17
23
19
22
26
25
28
21
30
26
31
53
28
22
25
20
29
27
22
22
19
20
16
16
27
15
20
21
26
25
20
18
19
27
26
15
16
36
16
26
21
14
30
16
18
18
20
17
18
15
19
17
16
18
18
24
18
20
24
17
15
15
18
10
16
21
21
11
20
11
17
23
16
16
18
23
12
11
20
15
13
18
10
12
8
12
15
19
18
16
24
11
7
14
14
15
15
12
9
16
10
14
8
14
12
19
19
14
14
9
12
14
10
16
9
16
15
10
13
11
9
13
16
16
13
16
6
14
10
12
14
13
15
15
14
8
13
12
9
19
14
9
11
14
11
13
12
14
9
12
16
10
17
9
4
10
13
10
7
16
11
19
27
23
17
11
14
9
15
12
9
7
8
8
14
10
12
8
8
12
10
7
19
12
14
10
7
7
10
5
13
8
12
12
20
11
15
9
7
6
12
8
12
7
4
14
6
6
8
6
8
8
4
0
9
6
8
9
8
12
9
10
8
10
8
12
8
8
12
11
16
28
21
14
7
8
6
7
7
8
7
5
6
8
10
7
9
7
8
11
5
11
5
4
10
15
31
25
15
5
8
9
8
7
5
7
12
9
12
3
6
6
6
10
6
7
8
6
5
8
9
4
6
8
4
9
7
7
5
4
8
11
3
10
5
10
5
5
8
9
8
6
6
13
7
23
17
18
10
8
7
6
4
6
7
7
8
6
12
12
6
7
6
7
6
2
6
5
4
8
7
7
6
3
7
6
10
10
5
10
4
8
7
2
3
5
14
13
4
10
8
3
6
6
7
3
4
6
4
3
9
6
8
4
5
9
6
5
8
9
7
8
4
6
8
6
6
6
3
7
3
1
6
11
5
5
5
7
6
4
5
1
5
6
2
1
2
3
6
2
3
5
5
5
5
6
9
12
7
7
4
8
11
5
8
3
3
7
3
2
6
3
7
12
3
6
4
7
3
5
3
6
8
4
6
9
7
3
5
5
10
5
6
6
3
5
6
4
4
1
7
9
8
3
4
3
7
1
8
4
4
5
3
2
4
7
3
5
9
5
3
5
4
4
5
3
8
5
3
6
6
4
4
10
6
7
5
5
6
2
7
11
4
6
4
7
4
5
8
4
6
5
4
1
8
5
5
7
2
4
5
4
4
5
9
2
5
1
5
4
6
6
6
6
5
4
4
2
3
1
7
4
7
3
4
1
4
6
4
8
7
4
11
10
13
9
9
4
5
3
7
5
5
6
7
3
6
1
1
2
8
5
5
5
3
2
10
6
5
6
5
6
7
6
4
1
6
3
3
2
4
9
3
3
3
3
1
3
5
3
4
3
6
1
6
9
6
7
8
7
6
3
3
5
2
3
5
3
3
6
5
2
3
5
3
5
2
5
4
8
3
0
6
4
1
4
5
5
6
2
1
3
5
3
4
4
4
5
5
3
2
4
2
1
2
3
2
4
2
2
2
8
1
8
1
2
4
3
6
3
2
3
6
8
1
2
5
5
4
4
1
1
3
1
7
3
3
1
5
5
3
1
4
5
6
4
1171
983
