radiacao de fundo
0
0
0
0
0
0
0
0
0
0
0
0
4
2
91
447
325
215
179
148
156
158
139
133
120
113
126
114
108
143
128
150
127
128
110
85
98
73
91
89
89
89
94
81
81
66
73
66
61
80
100
85
85
92
104
98
95
106
95
107
111
109
102
120
123
133
149
144
131
138
149
136
134
132
156
148
157
162
165
152
174
177
156
158
173
172
185
158
170
179
184
167
195
188
171
189
201
197
184
182
184
201
200
193
199
196
193
199
207
197
199
196
184
168
178
192
193
181
186
177
186
188
195
165
183
189
177
157
183
184
185
164
168
181
175
205
171
177
167
171
136
174
169
144
168
138
154
137
145
150
137
147
144
153
137
137
139
127
148
147
135
120
123
140
119
117
126
134
147
126
114
122
98
109
103
111
101
111
100
112
106
116
109
109
122
113
98
106
91
115
102
85
89
94
72
78
102
73
74
96
90
97
81
88
87
95
66
88
99
72
77
70
84
76
74
81
63
76
77
88
61
70
75
83
72
76
70
75
66
65
70
68
77
55
53
71
63
57
52
81
101
55
69
65
58
51
54
63
52
44
50
55
48
54
47
57
46
42
40
59
59
59
42
56
46
54
45
45
43
63
51
46
37
43
36
35
35
47
38
45
32
40
42
35
28
31
27
33
34
33
39
34
41
49
48
35
35
26
39
34
30
36
29
31
22
28
36
29
28
33
30
29
26
22
33
36
33
22
21
37
25
27
32
25
29
17
26
32
26
25
26
17
24
32
25
28
25
27
22
19
15
27
25
20
18
29
25
43
55
32
19
22
31
23
32
21
21
24
23
16
17
24
20
17
19
15
19
22
18
22
21
27
21
16
13
16
17
13
13
20
11
20
13
20
21
16
21
26
19
19
17
19
14
17
25
19
21
21
17
14
19
21
14
17
19
22
25
8
22
14
14
18
20
13
13
15
16
17
13
15
13
20
9
16
15
19
14
21
23
23
18
14
4
20
14
8
10
10
14
15
10
9
11
20
16
18
21
16
14
11
13
17
11
16
13
11
16
10
13
20
14
11
14
9
14
13
12
7
11
12
15
11
10
11
5
8
21
12
5
10
12
10
9
10
9
18
10
14
14
11
11
12
7
10
16
7
12
10
20
25
31
16
12
17
15
11
7
13
10
11
3
7
12
9
6
10
13
13
9
10
15
12
12
14
7
7
7
13
8
9
7
11
7
7
11
3
9
7
8
12
11
3
13
12
14
13
6
14
12
17
8
4
5
8
8
7
9
12
11
11
7
8
5
6
17
11
6
14
17
17
14
8
18
9
5
5
6
6
4
8
5
2
5
12
8
3
11
13
6
11
8
5
16
27
32
18
12
9
7
7
10
4
3
8
5
13
5
10
10
3
13
7
6
15
3
8
7
5
5
6
8
8
10
8
11
7
5
12
6
10
6
7
11
7
8
6
5
6
4
8
7
13
13
11
23
16
7
6
5
3
7
3
8
6
5
8
3
7
6
4
3
6
3
8
1
7
8
9
8
7
9
4
10
5
5
3
4
4
3
10
9
7
5
7
5
11
9
6
10
8
8
6
6
9
6
5
4
2
6
3
14
7
10
10
10
8
6
14
6
6
6
4
6
2
2
2
9
4
4
6
6
9
6
5
3
11
9
10
3
4
9
5
5
10
3
3
5
5
4
4
7
2
8
5
6
8
9
5
2
4
8
0
4
3
4
6
3
6
3
5
6
9
6
11
6
7
8
4
3
7
7
7
6
5
8
3
7
3
2
3
2
4
8
5
2
6
2
4
5
7
11
8
5
6
8
10
2
8
5
7
2
7
3
5
7
6
8
6
2
7
3
4
1
6
5
9
4
4
5
4
7
11
8
4
8
3
3
3
10
4
8
6
4
6
5
4
6
7
7
8
4
7
4
4
5
7
2
3
4
5
1
5
3
6
7
8
1
2
7
2
4
7
4
3
8
8
5
5
4
5
7
4
3
3
4
7
5
5
3
3
10
9
10
11
7
9
7
3
4
4
4
4
8
5
4
3
2
7
3
3
5
8
4
8
5
6
5
4
8
2
6
4
3
3
4
5
5
4
6
6
7
6
2
4
3
10
3
2
0
4
2
1
9
7
6
9
6
5
8
7
6
2
7
6
5
4
4
6
6
4
1
5
4
3
3
3
5
3
4
8
8
3
4
3
2
5
4
1
5
3
1
5
3
1
5
6
5
2
5
4
1
1
4
3
4
3
6
5
3
4
3
3
6
3
4
5
4
2
2
4
2
3
3
2
3
5
1
6
0
5
6
6
3
0
8
5
4
4
6
7
5
6
2021
56
