radiacao de fundo
0
0
0
0
0
0
0
0
0
0
0
0
0
0
33
181
128
117
161
188
147
94
67
71
82
82
68
84
88
95
84
77
63
76
72
67
70
55
68
71
85
68
76
80
65
82
65
64
48
78
70
73
70
76
70
70
88
98
88
103
77
79
94
95
107
85
124
104
108
89
113
120
123
135
130
145
126
126
135
130
118
139
128
152
153
136
159
123
161
133
163
134
146
155
146
149
158
134
143
151
159
171
162
152
147
164
163
151
143
169
144
163
174
169
143
183
178
151
177
161
153
175
159
154
161
140
142
141
167
129
145
149
154
142
124
158
140
142
153
136
121
125
137
125
118
142
137
104
120
120
139
133
121
155
105
134
104
124
118
117
110
103
105
117
118
94
120
111
105
93
95
100
95
90
86
92
96
85
101
94
79
98
99
91
94
79
95
87
93
81
72
84
94
81
69
75
64
77
78
78
85
79
71
85
64
53
81
82
66
62
65
60
61
82
55
59
63
48
61
53
55
52
52
50
59
50
65
41
52
49
50
52
59
64
56
54
46
48
49
72
74
48
57
48
51
33
46
39
50
39
51
41
48
44
39
38
39
25
41
49
28
21
37
32
43
38
24
33
40
45
26
26
28
37
24
30
38
31
32
38
28
26
29
29
31
31
37
18
19
29
21
32
31
57
36
24
33
30
43
29
23
27
30
21
19
26
30
24
31
26
35
21
26
25
16
23
32
17
24
23
20
30
23
21
21
24
23
13
22
16
25
28
24
29
31
29
15
18
17
17
18
18
29
19
19
21
34
56
38
20
27
17
19
18
14
23
19
17
14
14
18
20
19
18
17
21
17
19
18
16
12
21
11
23
19
12
12
14
12
13
22
15
12
18
16
21
14
7
14
19
13
12
25
19
20
14
17
21
13
16
18
16
20
10
6
7
22
16
11
12
15
14
14
15
16
22
9
10
11
12
13
9
8
13
17
18
16
9
15
14
10
9
14
12
8
13
9
17
8
13
16
14
14
13
18
13
16
16
7
12
8
9
9
9
15
9
9
12
13
9
11
8
11
5
11
7
16
7
6
9
12
13
9
9
8
10
15
5
7
11
11
7
18
9
9
12
7
7
10
8
7
11
5
10
3
5
9
14
29
28
23
10
11
9
6
14
9
6
8
10
13
8
12
6
6
11
8
6
13
7
8
11
8
6
9
13
11
12
6
8
7
3
8
5
8
8
14
9
10
9
8
9
12
6
5
13
8
10
4
4
8
16
11
10
7
4
7
5
6
7
9
6
8
6
9
11
7
15
18
10
5
5
6
9
8
7
9
8
7
7
9
9
6
6
8
2
6
10
9
4
6
8
17
26
27
15
12
9
6
6
2
3
6
11
10
5
5
4
8
4
2
11
8
6
4
7
3
5
8
4
6
5
4
5
6
9
12
4
4
4
6
3
3
7
9
8
5
7
12
11
9
9
18
19
15
17
8
13
10
2
3
5
9
5
4
7
6
5
8
2
8
8
5
6
7
1
5
4
9
4
4
6
4
5
3
5
3
5
10
5
6
4
8
5
6
4
9
11
4
3
5
5
8
6
3
7
3
0
2
10
5
6
2
6
6
6
6
6
3
6
5
7
4
7
4
6
3
6
5
6
8
4
9
6
5
5
2
8
3
4
3
10
4
4
7
6
4
4
2
5
5
7
3
9
6
4
5
8
1
3
1
4
3
4
2
2
7
1
8
6
3
2
8
1
5
5
8
5
2
2
9
5
1
3
2
3
4
4
3
6
3
6
8
4
7
5
1
2
6
4
1
4
6
4
2
5
4
7
5
3
6
1
2
3
5
2
2
5
4
4
2
5
3
1
5
1
2
8
3
4
5
4
4
6
6
5
3
6
5
2
5
9
1
6
3
7
5
3
4
2
3
5
5
6
0
6
4
4
3
2
3
3
5
6
2
1
1
3
4
6
8
5
2
6
4
1
4
3
4
3
5
3
3
3
5
4
2
5
4
12
3
5
9
9
5
5
2
0
6
4
3
4
2
7
2
2
2
8
2
5
5
4
4
6
2
6
3
1
2
1
1
5
7
3
3
4
5
3
2
7
5
2
5
2
3
3
1
2
3
0
5
3
4
9
4
6
3
8
11
2
5
3
2
4
1
9
3
4
3
3
3
5
4
4
4
2
4
1
4
4
5
6
1
5
1
0
1
6
4
4
2
3
4
2
1
3
2
4
6
1
2
5
3
3
4
3
1
1
2
7
4
4
2
3
2
9
4
5
2
3
5
6
2
5
3
3
5
5
3
5
4
3
4
2
2
3
6
2
1
4
4
2
1871
0
