radiacao de fundo
0
0
0
0
0
0
0
0
0
0
0
0
1
1
34
242
140
118
102
134
132
103
118
87
67
77
79
106
118
132
145
119
117
108
90
92
84
83
75
88
64
78
70
87
64
57
82
84
64
82
71
70
56
63
71
82
86
89
107
68
87
86
92
103
104
99
112
121
98
99
120
135
127
121
139
144
124
134
146
136
152
150
143
154
147
158
154
141
162
154
163
166
149
153
141
148
166
148
141
163
150
181
161
186
146
176
179
175
160
171
175
169
162
161
164
171
170
151
190
161
165
148
144
166
148
157
170
169
169
150
162
157
150
136
148
136
121
146
159
149
143
141
146
143
171
112
115
108
139
130
142
120
131
135
119
130
105
130
138
144
111
99
104
130
106
125
88
101
107
111
119
102
100
99
113
87
90
94
98
96
99
86
89
99
81
95
98
93
90
78
109
71
94
98
76
90
71
91
87
85
72
76
69
72
60
59
68
84
77
53
70
67
70
78
60
71
70
68
65
63
62
47
72
71
69
75
60
66
47
56
59
51
58
59
63
62
49
50
45
98
65
34
60
55
48
39
42
54
39
42
36
56
48
54
49
38
36
42
45
45
29
34
42
41
38
40
35
33
40
50
36
48
48
44
35
30
44
36
37
30
28
32
37
58
37
26
41
34
34
30
28
33
37
55
45
30
27
33
24
21
28
34
26
27
20
14
25
22
24
17
29
35
32
24
30
21
23
16
25
21
24
18
22
28
26
26
20
26
24
23
22
25
23
26
24
31
24
27
24
16
24
32
19
24
25
28
18
44
40
19
22
27
14
27
21
15
9
27
21
28
20
19
15
17
22
18
18
21
23
17
15
22
24
25
18
18
13
16
18
24
21
18
13
14
15
23
11
17
13
18
11
16
7
11
22
19
13
16
17
12
13
16
15
14
13
19
23
17
18
17
11
16
15
15
12
11
14
13
14
9
11
8
15
12
11
11
14
13
8
16
14
18
18
9
11
12
11
8
12
10
14
14
14
12
17
10
6
15
18
11
8
12
11
13
18
14
9
12
14
15
15
7
8
9
20
7
13
13
7
11
10
16
8
9
13
7
3
11
9
15
7
15
12
8
6
10
9
17
7
14
14
11
10
3
16
7
10
17
24
22
21
9
16
6
11
6
7
8
8
9
14
12
14
5
7
4
6
5
12
4
7
6
11
8
6
7
2
11
6
7
6
11
9
8
5
9
8
9
7
5
16
13
8
4
11
8
12
7
12
6
8
14
10
7
8
7
9
5
6
10
7
3
9
7
5
11
10
14
22
18
11
9
4
10
6
9
6
3
8
6
9
7
15
8
4
9
9
3
9
4
17
8
21
32
19
12
4
8
13
8
4
3
2
3
8
13
4
10
2
2
9
8
10
8
15
3
4
7
3
7
7
6
9
9
12
9
8
4
5
3
4
4
5
2
8
6
7
2
4
9
5
6
14
21
17
11
2
13
3
4
10
8
8
6
5
4
6
4
5
4
7
4
4
2
6
6
7
7
4
6
8
5
4
5
3
3
10
7
8
5
6
6
4
2
4
6
4
7
5
6
6
3
6
4
5
5
8
6
11
12
3
10
2
5
11
6
7
3
5
6
8
5
7
6
4
5
2
4
6
5
5
5
3
9
6
5
1
3
8
11
4
9
4
3
5
7
5
7
1
6
6
5
6
8
13
10
8
6
5
9
4
6
6
7
2
9
5
7
5
1
4
3
6
4
5
4
2
5
7
1
5
7
4
2
2
7
2
3
9
5
6
3
3
4
5
6
5
2
2
2
5
4
5
2
4
6
8
4
10
7
3
5
4
5
9
5
7
7
2
4
3
6
5
3
2
3
4
2
4
3
6
3
6
1
4
7
2
6
2
4
5
5
3
7
6
3
1
7
4
2
2
8
6
0
2
5
5
2
3
9
4
2
4
4
2
4
3
1
4
0
4
6
3
5
4
6
7
4
4
4
4
4
3
6
3
1
4
2
1
4
11
18
13
11
8
3
3
1
7
3
2
2
9
6
1
2
9
4
5
6
9
6
9
3
7
4
7
5
3
2
6
4
6
3
4
1
2
2
5
5
6
3
3
6
2
4
4
0
0
4
1
6
3
12
5
5
5
4
6
8
3
2
7
2
5
3
4
7
4
7
7
4
3
5
2
0
2
3
4
3
3
4
5
2
3
5
2
3
4
5
3
3
2
3
1
0
1
4
3
1
1
7
2
5
4
6
0
5
4
7
5
4
1
5
3
3
6
3
6
2
2
3
4
2
8
4
4
2
7
3
4
2
2
4
1
8
6
4
3
2
2
1
1
1885
