radiacao de fundo
0
0
0
0
0
0
0
0
0
0
0
0
19
12
81
440
288
228
226
274
215
126
118
107
90
120
123
111
110
109
140
107
103
102
90
83
89
71
83
90
94
65
71
95
75
64
74
74
79
82
90
86
98
94
95
99
89
95
96
86
116
129
120
107
109
128
138
134
144
126
117
157
140
125
138
140
148
127
151
138
142
188
151
160
176
139
190
170
167
178
148
153
174
177
162
207
149
174
225
191
184
156
194
183
188
216
210
178
196
180
178
173
193
202
194
206
198
180
191
182
181
162
189
170
169
187
177
189
161
179
163
183
178
160
158
135
169
142
148
138
127
135
157
139
142
137
163
146
161
137
132
159
150
140
138
149
150
133
122
115
97
127
148
137
112
111
110
125
131
120
118
117
127
104
109
117
112
92
107
111
106
112
104
104
78
98
108
85
85
113
100
84
73
84
90
89
76
89
91
97
111
112
96
89
99
69
85
77
73
69
82
77
79
56
89
84
76
72
73
78
73
79
60
66
53
60
61
66
68
56
75
64
60
70
66
50
69
66
62
98
50
69
58
55
60
56
51
56
47
48
40
37
56
44
56
53
46
44
50
47
44
38
47
50
44
42
38
31
56
46
37
38
31
33
36
51
45
41
32
38
27
45
30
35
37
36
35
26
29
35
36
33
36
54
42
33
35
47
31
27
24
25
29
24
31
20
27
28
23
42
24
27
27
21
36
22
26
28
27
29
26
23
27
24
30
26
29
23
22
37
15
32
22
27
42
33
21
21
25
26
25
22
32
22
15
31
37
41
40
15
26
17
20
22
16
16
33
25
13
16
19
19
28
18
22
20
23
23
16
25
19
19
16
19
14
15
18
22
21
19
17
16
15
21
20
20
19
21
28
18
17
24
23
19
17
10
26
16
12
22
19
23
20
16
17
14
14
19
9
18
13
17
18
13
17
12
19
16
17
8
12
14
13
17
14
17
12
16
11
14
18
14
8
19
15
17
14
19
13
14
13
16
19
9
12
15
12
5
11
11
12
15
8
13
9
9
11
7
18
14
12
14
11
7
10
10
10
11
14
18
9
13
7
11
11
7
13
9
11
14
7
8
9
14
13
15
17
13
13
14
5
9
6
10
9
10
17
28
18
22
16
14
12
9
12
10
11
7
12
7
8
14
18
12
12
12
17
13
9
8
8
11
12
15
9
11
8
9
11
10
7
13
14
10
7
10
11
8
9
7
10
7
3
5
10
10
12
5
10
10
8
8
12
5
7
7
14
10
10
6
7
3
8
8
12
6
11
24
21
17
8
13
16
8
10
8
11
8
11
11
3
5
9
12
6
9
6
7
3
10
4
17
38
33
19
8
10
11
7
9
7
7
9
4
7
8
8
3
5
8
5
6
5
10
6
7
4
7
9
5
7
10
5
6
17
5
7
11
8
6
9
7
5
4
9
8
6
7
1
5
4
10
24
10
11
9
7
8
10
7
8
8
10
8
5
5
7
5
5
7
7
4
5
3
5
8
6
6
7
6
8
8
4
8
5
8
8
4
4
5
7
8
6
6
13
2
11
5
4
5
4
8
2
5
3
8
8
6
11
6
6
6
3
7
8
11
8
3
6
5
3
5
12
5
2
4
7
6
7
5
1
6
5
2
8
7
3
8
5
6
5
6
9
9
9
3
5
6
4
5
6
5
3
2
7
4
5
6
4
4
4
5
6
5
2
3
8
5
2
6
1
5
6
6
4
5
4
4
6
5
10
9
3
7
10
5
2
3
5
6
1
4
6
4
7
8
7
5
5
6
6
5
1
5
5
6
8
6
2
4
7
3
5
8
3
4
4
3
6
6
6
7
5
3
1
8
5
7
3
10
5
4
5
3
4
4
3
7
0
4
4
10
2
8
3
2
4
5
8
7
12
3
4
7
6
1
6
3
4
4
5
5
6
3
10
3
5
3
2
4
4
2
5
7
5
3
5
6
2
2
6
3
5
7
4
6
5
3
11
4
6
11
6
5
4
4
4
7
2
3
6
4
3
2
5
5
2
3
4
4
4
5
6
4
6
3
3
5
10
1
4
5
4
2
3
3
4
5
3
4
4
5
6
8
2
4
2
9
7
6
6
7
3
5
8
8
8
6
8
6
6
2
1
4
2
4
8
5
4
3
9
0
8
6
4
4
5
5
10
6
3
2
6
3
6
3
4
4
8
1
3
3
3
4
3
3
7
2
7
6
2
7
2
7
6
6
2
6
5
1
5
3
4
5
1
4
1
5
5
5
5
4
0
2
11
2
8
4
4
2
3
5
4
7
3
4
3
3
2
4
8
3
1700
392
