radiacao de fundo
0
0
0
0
0
1
0
0
0
1
0
0
2
3
52
265
201
146
212
166
207
223
209
279
306
286
235
185
131
147
109
124
120
160
141
119
126
141
134
105
96
90
110
111
93
78
91
101
73
75
91
78
76
81
92
83
80
106
102
107
118
104
111
102
106
107
106
116
117
121
127
130
135
130
150
126
156
122
153
157
175
164
138
162
182
176
177
161
177
177
180
188
190
179
158
182
207
163
180
169
178
206
172
185
174
173
197
189
181
172
181
165
184
172
173
181
194
171
175
152
198
156
167
183
136
168
180
163
172
183
165
177
168
184
167
155
158
173
171
143
143
158
168
148
145
149
148
139
144
160
145
139
153
151
151
135
137
160
135
116
137
130
113
132
139
129
120
116
126
138
115
109
118
89
121
107
123
103
107
115
86
86
116
109
98
131
86
91
94
124
85
88
93
72
86
81
108
81
86
93
97
79
96
79
95
91
85
79
76
81
70
73
73
62
83
71
67
72
75
75
84
77
44
63
83
59
70
48
84
61
63
71
62
61
56
47
59
66
64
103
71
60
59
57
39
60
62
47
50
52
56
49
49
49
39
50
37
46
42
57
52
45
53
51
39
35
43
28
38
44
37
42
27
34
38
31
46
41
35
35
53
47
47
41
40
38
30
31
46
36
38
36
31
58
58
26
35
33
18
26
36
30
26
33
25
26
28
31
22
29
31
30
35
29
21
34
33
27
33
23
26
19
22
30
29
30
19
29
23
31
24
31
22
37
35
30
35
23
25
31
20
25
20
24
17
20
21
56
33
20
19
19
19
20
29
22
19
19
27
20
17
23
18
19
25
25
18
13
16
16
19
18
19
17
17
16
27
12
17
26
21
22
18
20
18
15
25
20
22
16
14
14
20
21
19
18
20
14
18
11
18
15
19
16
21
20
19
23
11
15
17
10
15
18
17
20
16
21
24
18
21
11
19
12
14
9
18
14
11
14
11
17
12
12
23
13
11
13
15
12
20
20
6
13
11
15
13
16
14
17
13
9
17
17
13
14
22
7
14
7
20
13
12
12
12
13
19
21
9
5
15
17
10
14
14
13
15
13
14
7
12
18
10
9
5
19
7
15
14
15
10
15
14
13
10
7
13
21
19
24
19
20
8
14
9
9
13
12
11
11
9
14
9
10
13
6
18
8
12
6
12
14
5
9
7
10
15
14
6
4
14
7
12
6
10
10
15
11
6
7
6
7
12
10
9
3
6
8
16
7
9
8
6
4
6
8
8
9
14
11
8
6
13
11
10
5
7
18
21
13
5
12
9
12
7
10
9
7
10
10
9
9
5
13
9
7
10
5
7
10
8
11
22
37
24
12
11
9
11
8
4
4
10
9
9
6
6
9
9
10
7
7
5
8
3
5
7
13
6
6
5
9
6
8
9
3
7
7
3
7
8
10
9
7
4
7
7
7
11
2
11
10
14
22
9
10
6
7
5
7
9
6
10
4
8
8
8
5
7
7
6
6
6
3
4
7
2
7
8
9
7
4
5
7
6
3
5
7
3
7
4
5
4
6
8
5
6
3
4
8
6
7
5
5
2
5
1
8
8
9
8
7
7
8
9
10
7
10
7
7
10
8
4
7
2
4
5
10
4
6
5
7
5
4
1
1
7
4
7
3
2
6
7
5
6
1
4
10
9
9
5
5
4
5
7
11
4
5
7
8
7
6
2
6
4
4
3
4
2
3
8
6
5
4
11
1
5
8
6
5
10
7
4
6
2
6
3
4
3
4
7
7
0
4
7
3
2
6
1
9
5
7
7
4
3
2
6
1
3
6
5
4
6
7
5
7
1
2
2
8
4
6
11
5
10
1
5
5
4
2
6
4
4
4
6
6
6
5
4
7
5
6
5
5
2
6
6
6
6
7
3
5
2
6
4
5
5
3
7
6
2
6
3
3
4
5
2
4
3
3
4
3
8
2
1
5
9
2
4
5
5
3
2
3
6
5
3
7
1
8
11
12
13
6
11
5
3
6
3
4
4
7
1
6
3
9
2
4
2
0
4
6
3
5
6
6
1
3
3
1
2
2
3
4
10
4
4
3
4
6
6
5
5
4
1
1
6
2
6
4
5
3
7
7
6
7
10
5
8
2
8
4
4
4
2
3
4
4
3
4
3
5
3
5
3
6
1
4
4
8
2
2
8
6
5
6
4
1
1
6
2
3
8
5
8
4
5
4
3
4
1
6
4
3
0
7
3
7
6
1
2
4
5
3
2
5
4
4
4
3
4
6
4
2
5
3
1
5
7
2
4
3
3
6
7
2
2
4
4
4
5
4
2077
0
