radiacao de fundo
0
0
0
0
0
0
0
0
0
0
0
1
3
3
60
450
420
220
179
173
154
127
114
101
114
102
118
136
136
166
150
116
97
99
90
93
77
97
80
88
96
81
97
89
82
70
82
73
77
77
103
93
90
93
95
95
110
117
127
104
119
117
119
121
136
139
123
132
136
159
134
155
145
153
131
157
149
157
188
171
155
165
167
183
167
205
214
159
214
188
198
220
211
215
235
248
228
227
240
245
247
233
260
212
232
211
218
198
217
186
182
196
182
197
173
165
172
160
177
169
165
203
201
179
191
161
177
170
218
170
184
190
188
163
196
171
167
164
174
138
166
152
159
151
173
178
126
146
148
127
161
113
145
140
156
136
136
136
130
144
120
127
136
141
112
113
126
134
107
132
131
108
124
103
90
113
131
124
97
105
115
91
105
100
116
100
103
101
94
101
97
95
84
103
99
101
77
81
68
76
90
84
96
109
79
70
94
64
73
73
61
71
85
60
92
62
72
80
71
69
74
64
62
68
71
76
70
62
57
67
71
68
62
64
60
70
56
62
75
101
78
51
61
61
51
54
56
47
55
53
44
47
40
49
47
40
50
52
53
30
44
45
34
39
56
36
40
33
40
45
44
45
42
32
35
32
37
39
45
43
39
39
33
44
35
37
45
33
41
30
28
46
44
46
39
28
38
27
33
43
27
31
21
33
35
33
26
33
22
18
36
31
32
28
30
26
31
32
22
21
25
30
24
16
31
25
32
23
24
31
22
25
30
30
35
29
22
30
25
28
12
16
21
24
26
36
35
55
42
19
28
15
25
20
19
26
25
16
16
16
19
26
23
14
23
20
20
23
24
26
20
23
18
31
24
16
32
15
23
11
23
21
21
16
18
22
17
13
11
20
21
11
19
17
21
11
19
19
17
18
17
14
23
18
11
21
16
17
21
22
14
27
14
22
14
16
11
15
15
15
13
23
16
14
20
22
13
17
11
13
20
16
21
14
23
14
10
7
12
12
14
19
21
18
11
11
11
13
10
11
17
13
9
16
18
18
17
10
13
9
15
10
14
6
18
8
10
13
17
13
12
16
11
14
10
8
16
11
16
8
11
9
14
10
10
13
12
13
11
12
9
14
10
10
13
16
10
25
18
22
19
15
12
8
16
11
9
10
6
7
12
7
9
12
10
6
11
13
14
6
8
9
10
11
13
11
11
9
10
5
7
5
9
8
10
8
11
10
8
5
3
10
15
6
9
11
10
12
12
6
8
9
11
8
8
4
8
8
8
9
12
9
13
4
13
8
9
21
19
13
12
9
7
11
10
11
7
6
8
6
8
10
4
5
10
8
4
13
9
12
13
19
21
22
13
12
11
15
13
8
4
3
2
11
8
8
12
9
10
5
8
4
10
10
6
6
9
4
10
6
3
7
10
6
2
10
8
7
6
6
5
8
5
8
3
8
8
10
9
7
10
12
25
15
13
7
10
3
6
6
7
8
11
12
7
6
6
4
6
9
8
6
8
8
7
5
5
6
6
9
9
5
7
7
5
10
7
5
4
9
7
4
3
7
6
6
5
7
6
6
3
5
4
5
7
13
8
6
7
7
3
5
3
9
12
5
7
5
6
1
4
7
3
3
5
1
6
5
6
4
5
6
7
4
4
6
3
2
5
5
9
9
12
4
3
9
6
6
8
7
4
8
10
10
7
6
2
5
8
4
2
4
5
4
1
6
3
2
9
9
3
3
4
7
5
8
5
8
7
6
8
4
3
6
7
7
6
5
3
8
6
4
9
4
5
5
6
5
6
4
7
4
4
4
4
4
4
2
6
5
3
7
6
5
9
3
6
11
3
5
7
6
6
4
7
1
10
3
5
5
5
4
6
4
4
5
5
4
7
2
4
2
8
8
9
7
2
2
7
4
4
5
5
4
6
4
8
2
7
4
4
5
3
7
2
5
8
5
5
4
9
8
4
10
5
3
3
3
2
4
6
3
2
4
5
3
7
4
4
9
12
7
6
4
7
5
3
3
3
3
1
5
3
2
3
4
2
4
6
2
3
4
3
6
4
5
6
3
4
2
1
4
2
8
2
6
7
3
10
5
5
5
6
2
1
3
1
0
5
4
7
9
2
8
6
7
9
6
8
6
5
1
6
3
7
3
1
2
6
2
6
2
4
5
3
3
3
4
0
5
6
8
2
3
2
2
1
2
2
2
1
2
5
3
1
5
5
4
5
7
5
6
3
3
4
3
10
3
2
4
2
4
4
4
4
5
2
4
1
3
4
6
7
5
6
1
3
6
5
7
4
6
2
2
4
5
5
3
5
4
2
4
176
1914
