radiacao de fundo
0
0
0
0
0
0
0
0
0
0
0
0
1
1
38
237
158
97
95
103
114
119
109
84
81
87
65
101
95
75
99
85
92
90
79
76
93
98
85
82
91
64
84
88
70
69
70
92
65
75
72
64
79
73
74
85
79
92
93
94
86
95
101
95
112
105
109
93
103
131
108
103
124
123
125
115
125
119
131
136
124
154
131
147
159
152
168
150
140
162
137
154
161
148
176
163
166
163
161
168
173
180
167
171
151
147
168
182
173
175
175
174
182
158
179
169
136
174
154
174
161
158
149
127
163
167
169
162
155
143
150
163
159
151
150
148
170
161
149
134
132
115
137
130
130
139
146
122
130
145
117
116
129
105
116
114
105
138
129
117
129
121
115
104
109
104
110
117
101
103
86
102
99
106
104
97
122
110
119
83
95
102
81
104
84
87
94
90
77
103
97
77
85
92
77
83
72
77
77
83
65
76
74
66
75
67
67
68
69
85
63
68
76
67
69
65
63
90
71
74
72
59
66
47
53
57
54
63
58
58
59
54
68
54
44
42
48
38
62
75
74
50
58
65
48
48
53
44
58
36
36
48
56
45
39
42
46
47
35
41
36
44
40
37
31
47
33
33
36
55
39
31
37
28
55
24
33
39
35
36
30
31
28
31
26
22
31
39
27
34
33
35
26
39
39
29
24
26
31
27
27
29
31
23
29
24
32
27
19
29
19
29
31
27
26
30
33
18
19
24
24
18
29
24
28
32
32
23
24
27
11
28
27
26
38
27
33
26
23
13
16
28
18
15
20
21
28
48
40
21
26
29
18
17
20
21
22
15
19
19
22
19
22
18
20
27
16
18
14
23
15
23
23
17
17
17
24
19
20
22
10
19
18
17
14
23
17
18
12
15
19
15
13
13
18
10
15
31
10
9
11
16
12
14
11
10
11
8
9
13
15
12
14
16
14
13
13
17
14
18
10
17
12
12
10
19
16
8
23
9
11
21
10
22
13
13
12
18
10
17
17
13
12
15
10
12
14
10
6
11
14
13
10
8
17
12
16
14
8
16
11
10
12
15
17
4
7
7
14
14
8
15
9
14
6
13
9
9
3
15
11
13
9
6
12
10
10
11
19
5
8
8
11
13
14
9
5
14
26
23
10
11
16
7
9
6
10
7
10
8
16
13
9
8
10
11
4
9
7
12
13
15
6
9
12
8
15
8
11
10
7
9
7
6
10
7
11
11
10
6
13
6
6
11
10
4
6
5
7
8
6
11
9
13
5
4
8
4
5
8
9
5
9
16
9
10
10
8
17
19
15
8
11
8
12
7
5
8
5
8
6
6
9
4
5
8
13
12
8
12
5
7
5
24
29
11
3
7
4
6
10
2
7
6
3
5
6
8
6
6
8
5
5
7
7
6
9
6
6
1
7
5
8
9
11
4
5
8
6
6
9
7
4
7
3
7
8
5
6
6
7
6
12
22
16
11
6
13
3
5
2
6
9
3
5
7
7
7
7
3
6
4
5
8
7
11
6
5
9
6
4
7
10
6
7
4
5
7
5
8
3
6
1
6
5
4
3
8
10
6
2
9
9
4
8
8
6
8
1
5
9
5
4
6
5
4
11
8
2
3
7
5
7
3
10
1
3
7
6
7
2
3
6
2
2
11
7
2
6
4
9
6
9
4
4
7
5
4
7
4
5
1
3
2
6
12
7
6
6
7
1
5
4
4
4
5
4
2
4
6
8
8
7
3
5
2
3
2
8
9
9
6
5
4
9
7
1
4
3
1
4
2
6
3
5
5
8
4
5
6
5
3
7
4
7
3
3
1
7
4
3
1
4
2
5
2
4
3
4
3
5
4
1
4
2
6
6
4
2
3
4
6
2
2
4
2
4
5
3
5
3
3
7
5
7
3
7
4
3
4
4
3
3
2
3
3
5
6
6
3
4
0
4
4
6
2
4
5
3
0
5
6
8
4
7
5
3
3
4
5
4
2
5
3
0
5
6
4
6
2
9
8
10
11
4
5
4
7
3
5
2
5
4
6
4
3
2
5
2
4
3
3
2
3
5
6
4
1
4
2
5
3
5
3
2
5
2
0
8
3
4
4
7
1
4
5
4
3
8
3
3
9
5
9
1
8
5
16
5
7
5
5
6
5
6
3
1
6
2
4
6
3
6
2
5
5
6
6
5
8
1
1
3
5
2
6
2
1
2
6
5
5
1
3
3
0
5
2
2
2
3
4
2
6
4
1
3
4
2
5
3
2
4
4
4
6
2
2
4
2
3
3
2
1
2
4
12
3
5
3
4
8
1
3
3
7
3
3
4
1
3
5
4
1919
