radiacao de fundo
0
0
0
0
0
0
0
0
0
0
0
0
0
3
71
370
206
204
245
312
240
142
124
99
106
130
132
182
131
123
122
86
99
92
74
81
100
89
83
84
97
100
90
90
75
77
88
83
79
67
95
90
80
90
89
98
86
113
105
115
114
101
120
111
109
126
142
147
160
141
151
152
137
155
154
160
174
165
177
169
170
151
168
169
182
179
180
180
163
186
211
177
194
189
180
206
209
200
184
160
223
181
189
199
184
210
204
199
188
205
204
197
178
181
194
174
212
192
200
196
180
194
170
192
169
190
201
193
203
202
178
178
171
183
166
195
189
163
165
162
146
169
173
152
153
159
168
140
148
142
145
150
151
149
136
149
139
148
136
166
143
150
172
141
142
135
146
108
139
133
132
112
109
115
135
139
101
136
102
101
104
111
106
91
107
104
113
106
94
101
106
101
99
82
114
102
85
113
103
98
87
99
86
102
72
84
75
89
90
100
104
90
83
81
76
67
70
72
77
83
66
87
58
76
81
78
70
65
76
72
55
56
69
83
62
49
83
61
71
103
73
69
58
64
58
49
65
41
59
63
52
60
50
52
52
49
46
61
50
56
51
63
54
44
58
39
51
43
52
44
26
40
36
46
36
42
36
53
40
39
37
33
38
42
39
42
40
34
38
27
30
33
48
58
46
33
40
37
47
23
28
29
40
28
36
31
30
32
31
36
28
30
35
31
26
32
28
33
27
35
27
23
22
40
30
28
24
35
26
36
26
31
22
25
31
25
34
22
24
30
26
19
28
26
29
31
43
63
28
30
18
29
17
31
27
23
20
27
26
15
14
19
23
26
15
15
25
23
28
22
20
25
28
23
18
21
11
29
22
23
14
23
9
30
18
25
12
18
17
28
15
18
9
17
19
22
17
22
19
18
23
13
17
13
19
14
18
14
14
16
12
14
22
21
16
11
17
13
13
19
13
17
15
14
13
17
15
22
16
14
17
13
15
14
16
16
12
11
16
15
15
17
12
24
19
13
12
13
9
17
17
21
13
22
9
16
17
14
13
16
16
18
13
14
6
13
13
11
6
12
12
13
14
9
10
13
12
9
9
19
11
13
9
14
11
5
14
8
10
10
10
10
15
14
9
20
15
14
32
30
20
14
13
22
11
14
7
10
5
10
10
8
14
14
8
9
8
6
2
12
7
6
8
15
5
14
8
11
8
13
4
7
17
6
11
11
5
7
11
8
7
14
8
10
11
7
5
12
11
6
20
8
15
9
11
13
11
8
8
8
10
7
5
10
11
10
19
22
20
24
10
10
13
8
14
8
12
10
7
14
10
3
10
6
9
6
2
9
6
7
9
17
31
23
26
11
11
5
11
13
7
6
11
8
5
7
7
4
10
7
8
13
7
5
9
12
7
6
7
13
11
9
7
6
4
3
7
9
11
8
6
6
6
5
12
10
5
3
10
7
11
17
18
15
12
8
6
6
3
10
7
4
6
4
6
4
5
6
7
4
6
7
7
9
5
9
5
6
7
3
6
6
8
5
9
7
13
5
6
6
11
5
8
6
5
10
5
12
4
4
9
4
13
5
7
7
8
3
7
11
8
6
5
6
13
10
7
4
6
6
9
3
11
6
7
12
3
5
5
4
2
5
6
7
4
4
5
4
6
9
6
2
6
8
7
5
4
6
7
5
4
4
4
8
4
8
4
6
3
5
5
11
8
6
7
6
6
7
3
4
5
4
10
4
4
8
6
7
8
4
12
11
5
4
6
1
7
8
2
4
4
6
6
5
8
7
9
5
3
9
4
2
2
5
3
9
3
3
9
5
5
3
5
4
8
9
2
7
3
8
5
7
4
2
9
4
4
4
2
3
8
5
6
6
3
2
7
7
3
4
5
3
10
2
4
6
3
2
5
6
7
10
9
5
8
6
0
6
7
9
6
2
5
4
8
5
4
7
4
4
4
5
4
3
5
3
5
5
2
2
6
1
2
8
7
3
5
7
4
7
13
9
7
8
3
6
2
4
4
3
2
5
4
2
2
1
4
7
5
3
6
6
4
4
3
5
2
9
6
7
0
6
4
1
4
8
5
4
5
4
5
7
5
3
2
5
3
5
9
2
7
5
10
5
13
8
7
6
3
0
3
3
9
3
1
6
6
4
8
7
4
4
4
7
2
4
3
4
6
4
0
7
6
7
4
2
5
2
3
7
5
5
1
4
0
8
1
1
2
1
5
2
5
6
3
1
3
2
6
3
8
2
3
3
4
5
5
3
5
3
9
3
2
4
3
2
7
6
6
1
5
7
2
2
6
3
7
6
7
3
4
6
876
1417
