radiacao de fundo
0
0
0
0
0
0
0
0
0
0
0
0
3
6
36
248
139
111
102
131
126
101
95
82
87
103
135
123
105
77
97
85
78
60
75
81
74
84
89
62
84
55
89
86
63
60
76
74
77
78
69
69
74
68
79
91
76
80
86
98
90
110
90
117
101
82
119
104
94
106
106
150
131
136
120
131
108
124
131
141
149
141
152
135
146
155
150
151
161
177
165
156
182
164
187
185
215
187
183
214
184
207
192
189
179
192
182
171
170
172
178
143
159
180
165
184
167
126
167
153
159
157
134
150
177
153
164
164
153
144
164
121
139
142
120
134
129
164
142
112
155
142
135
135
114
121
158
120
119
113
142
134
118
125
139
122
115
126
104
108
86
101
101
98
101
104
114
95
106
90
90
100
91
95
89
76
86
92
93
94
90
75
103
99
77
89
84
92
76
79
88
82
69
87
75
76
77
64
57
63
79
76
64
71
81
63
83
78
76
65
64
67
55
60
69
61
49
69
52
62
64
69
58
66
52
62
48
56
66
50
41
57
54
60
55
36
57
56
53
90
71
62
64
49
55
42
35
36
49
48
42
52
40
40
43
39
43
44
43
40
51
35
35
36
49
47
40
24
40
31
26
39
51
43
46
32
23
37
37
39
24
32
27
34
36
25
29
30
32
28
33
21
30
63
53
25
20
31
33
27
26
27
25
21
20
27
31
30
25
27
37
24
16
26
23
27
23
33
22
28
27
25
20
22
21
30
24
25
18
26
21
22
23
23
23
35
14
29
22
24
26
23
22
27
13
22
31
34
46
19
13
25
26
15
17
18
17
22
14
14
18
19
14
20
15
19
10
15
24
18
14
14
17
16
16
15
22
18
22
12
19
19
18
24
18
23
14
18
12
13
15
16
20
19
6
15
28
23
22
15
15
11
17
21
23
14
14
14
17
12
16
13
13
12
15
10
19
12
17
16
7
14
11
16
16
12
7
11
11
15
13
13
16
12
8
12
9
6
5
15
7
17
15
6
9
15
8
15
11
10
16
10
6
12
16
13
12
12
10
11
13
10
14
8
10
9
13
8
10
10
13
18
10
10
9
10
7
7
9
6
6
10
11
11
9
16
8
7
11
8
10
8
14
12
16
10
4
10
14
18
20
26
11
10
10
10
6
11
14
10
6
6
9
9
7
8
10
10
20
12
9
12
10
10
10
8
6
13
9
9
7
7
15
8
4
10
8
4
9
8
6
10
6
8
6
9
10
7
2
11
13
9
7
11
11
7
8
10
8
4
9
6
3
10
11
7
8
10
18
19
14
8
9
8
8
11
6
7
1
8
7
9
6
7
9
4
4
7
18
7
10
8
16
34
29
18
8
8
9
6
2
7
8
6
6
3
2
8
8
5
4
7
9
9
5
7
6
8
7
4
1
4
5
1
4
7
2
4
3
11
6
8
1
5
5
5
5
1
4
5
4
8
12
13
16
13
4
10
4
5
5
7
7
6
9
3
7
2
5
9
6
4
11
7
5
6
3
6
6
5
7
5
8
9
7
3
6
5
5
6
9
5
3
3
5
2
5
7
6
4
5
6
1
9
4
2
5
9
8
5
5
1
4
8
5
6
4
12
4
5
4
7
5
4
3
3
5
4
6
5
7
5
9
4
7
2
4
6
11
6
11
3
9
4
9
5
3
3
5
5
5
4
4
6
4
4
4
6
6
5
2
4
7
5
4
5
2
7
4
7
4
5
3
3
4
3
4
5
4
5
6
4
4
4
0
1
6
4
6
6
3
3
0
7
7
6
5
6
4
6
3
4
3
3
5
4
2
2
5
6
4
6
10
1
4
2
3
6
2
3
5
4
2
6
6
4
7
8
4
8
4
5
4
3
5
1
8
5
8
5
3
1
3
4
1
6
5
3
3
3
3
3
3
2
2
4
4
5
5
1
6
1
3
3
7
1
2
6
2
4
3
4
5
6
4
4
5
4
4
3
1
4
3
7
6
4
8
2
10
4
4
9
11
10
4
10
4
4
2
2
5
3
4
1
3
4
3
2
7
5
4
1
3
3
8
4
2
7
3
2
2
2
2
2
4
5
4
5
5
2
1
5
3
7
2
7
3
5
6
6
4
3
0
6
9
5
7
7
5
4
5
3
0
1
3
5
1
3
2
5
6
6
1
3
6
3
5
5
3
2
4
2
1
3
3
3
0
5
7
5
6
6
2
4
4
2
2
4
2
7
5
3
5
3
5
3
3
5
4
5
1
2
5
5
5
7
2
8
3
1
3
4
4
3
1
0
2
2
3
2
4
3
3
2
3
3
2
4
7
6
2
7
1856
0
