radiacao de fundo
0
0
0
0
0
0
0
0
0
0
0
0
1
1
25
228
130
108
104
108
128
124
104
94
92
85
95
110
122
151
209
159
150
99
87
67
85
90
80
81
71
69
76
74
68
85
58
74
75
74
80
86
71
79
76
74
69
98
95
90
101
74
101
107
115
111
115
127
113
117
106
120
134
121
133
145
140
130
152
138
128
135
135
137
147
155
148
144
146
161
150
146
161
157
165
131
150
126
156
169
187
164
177
172
155
179
155
161
163
150
157
159
158
162
170
164
157
160
143
145
142
143
167
144
157
150
151
153
173
174
175
164
148
141
151
130
133
132
154
157
140
147
134
129
109
144
131
125
132
125
143
134
113
123
115
124
117
109
108
131
101
113
92
125
109
92
96
122
88
128
100
92
100
103
103
93
94
94
96
93
89
87
94
85
94
97
87
86
89
101
98
73
99
91
86
69
78
88
78
69
81
77
66
64
74
63
61
80
68
73
70
81
69
71
60
61
60
54
59
67
65
53
58
65
65
54
72
56
51
53
66
62
51
45
58
47
60
47
52
92
61
54
54
53
48
52
47
47
54
42
29
50
43
32
33
42
44
43
45
52
42
37
47
30
32
40
41
29
37
46
32
30
37
40
40
36
48
21
37
32
42
21
21
32
42
45
36
26
36
36
38
35
33
60
37
31
33
28
19
24
32
40
32
26
24
24
30
36
24
24
19
22
19
30
25
28
28
26
16
17
28
12
23
34
21
31
29
35
23
27
36
31
15
17
28
18
23
25
18
19
13
13
25
30
17
15
23
56
35
24
17
24
24
23
22
18
21
14
21
17
20
17
15
21
20
13
18
16
9
16
26
10
22
17
16
19
22
21
13
12
18
13
17
13
13
19
11
16
18
19
14
16
19
16
19
17
13
14
20
18
19
19
13
13
13
9
13
16
7
13
18
11
9
19
21
17
17
13
13
15
12
12
13
16
9
17
9
10
15
13
19
11
16
14
10
8
13
8
11
8
15
7
10
15
14
12
8
14
19
14
18
8
14
16
8
19
14
7
16
18
10
9
11
10
14
8
14
12
11
11
10
9
14
13
11
6
15
7
18
19
15
8
3
12
14
11
3
17
9
17
8
5
13
8
9
11
11
16
17
22
22
12
11
12
7
15
10
10
9
15
10
8
10
6
8
9
6
10
9
11
13
14
11
13
6
9
8
8
6
5
14
6
12
9
13
14
5
19
8
6
8
10
7
12
7
8
7
6
9
5
10
9
5
10
6
9
9
11
4
8
6
9
4
7
8
9
12
13
20
7
11
7
4
7
7
11
6
12
7
11
5
5
3
9
6
6
9
10
7
6
16
8
18
30
13
7
4
7
7
8
8
7
7
3
6
10
4
3
2
8
7
6
8
5
4
7
8
7
4
9
4
3
6
6
5
7
8
5
7
3
9
3
6
7
5
4
7
5
7
10
7
3
12
23
11
4
11
6
8
9
8
1
8
7
8
3
6
3
3
8
3
7
3
6
4
1
6
5
1
4
4
2
9
3
5
10
10
5
5
9
5
4
8
1
8
4
5
7
8
8
5
3
8
6
2
5
5
5
3
2
8
4
10
3
6
4
10
5
5
9
2
2
1
7
8
5
5
5
9
8
7
6
4
5
9
4
2
2
3
8
5
3
8
8
4
7
4
5
8
4
3
9
5
3
2
8
8
9
1
3
7
5
4
6
4
9
5
6
7
6
3
1
3
4
9
5
5
5
3
6
3
3
8
7
5
9
4
3
4
2
6
4
7
3
5
4
8
5
3
8
4
4
2
4
8
5
4
3
2
5
7
4
6
6
2
4
6
5
6
10
7
3
6
5
4
7
5
3
7
0
5
3
4
3
6
4
6
2
7
7
6
6
4
6
3
6
6
5
5
4
4
9
6
10
7
5
5
3
4
0
5
7
5
4
6
3
2
3
4
6
3
7
2
2
2
3
3
0
5
4
4
8
0
2
6
5
3
4
1
7
6
13
15
6
4
4
6
4
5
5
6
2
2
4
1
1
9
1
1
0
8
5
4
7
3
3
4
5
5
4
3
1
5
2
2
5
9
5
6
4
5
2
6
4
5
5
1
6
6
6
4
3
5
2
11
4
5
7
3
6
4
2
1
2
3
2
2
4
5
2
1
4
3
6
4
3
1
3
2
2
4
3
2
7
2
4
9
7
5
5
4
4
3
7
6
1
0
3
4
3
6
5
6
7
1
4
3
2
4
5
6
8
4
5
6
1
2
2
3
4
2
3
4
3
4
5
3
7
4
2
4
5
3
3
5
4
4
3
1
3
3
2
8
1882
