radiacao de fundo
0
0
0
0
0
0
0
0
0
0
0
1
1
1
24
204
132
97
130
104
117
113
94
70
75
69
94
110
102
106
95
107
110
93
66
73
75
73
68
77
55
83
71
99
85
66
82
77
67
63
84
65
71
74
79
92
95
88
87
81
81
101
103
108
112
106
99
112
118
118
126
126
123
120
117
127
142
124
126
131
149
143
165
153
148
152
174
145
167
161
175
164
171
162
163
153
179
195
205
157
163
188
168
183
163
172
184
173
181
155
182
181
183
197
168
165
178
147
165
175
148
171
185
172
166
150
157
149
145
175
152
163
141
170
156
151
151
145
163
133
143
128
150
165
159
131
116
143
149
122
139
121
131
143
124
123
128
131
121
118
123
116
124
126
137
123
115
121
94
107
101
103
107
101
106
116
115
96
84
102
100
81
102
81
88
103
95
89
98
84
91
85
67
100
85
68
84
99
67
73
80
71
76
67
70
73
73
86
73
76
86
79
69
53
72
66
62
67
54
51
69
59
66
63
52
60
55
57
51
59
66
65
61
60
49
47
53
66
62
88
52
41
59
52
54
57
61
46
43
39
44
36
43
43
42
44
48
38
46
45
40
27
38
41
34
41
39
40
37
46
32
31
48
40
33
39
32
35
34
39
30
34
29
27
24
37
32
26
32
35
38
26
28
36
38
23
32
43
52
36
32
29
41
32
30
22
31
34
29
27
24
23
19
29
22
25
27
24
27
29
35
16
34
22
30
29
26
23
18
21
22
27
24
23
33
26
27
28
21
24
20
28
20
19
18
18
26
69
30
19
15
13
21
23
21
28
15
22
23
22
17
24
15
13
19
20
16
13
18
13
15
17
19
13
11
21
16
16
18
17
18
21
13
23
18
14
10
16
21
19
17
18
16
12
14
13
16
16
17
13
15
18
18
14
14
11
10
18
6
16
10
8
13
13
18
19
12
22
20
16
11
13
15
14
14
19
15
12
9
17
13
11
13
15
16
8
15
10
8
9
18
16
21
9
16
5
16
16
9
12
15
11
9
17
18
10
12
13
17
9
15
9
6
8
9
7
12
7
14
14
4
13
13
9
10
10
12
8
9
8
11
5
10
6
11
6
14
13
10
9
10
11
9
8
11
12
8
21
20
20
13
6
13
4
13
10
7
7
9
10
11
3
3
11
13
12
10
9
14
4
7
12
10
8
5
7
13
6
12
13
10
7
9
13
7
12
9
8
7
11
7
7
7
7
9
4
14
5
12
9
10
8
11
7
10
9
5
10
8
9
9
10
5
9
9
13
7
12
24
10
11
10
6
8
8
13
6
6
7
10
6
5
6
9
6
13
5
9
5
6
11
8
24
37
15
5
6
9
6
6
5
3
7
9
11
7
4
5
7
5
6
5
6
12
6
15
2
9
11
5
5
8
5
7
7
7
6
8
10
7
3
3
7
9
7
9
10
4
1
11
5
7
11
14
12
7
3
6
3
3
3
4
6
7
10
12
6
5
8
9
5
3
3
2
3
6
10
2
9
5
6
4
4
6
4
4
6
6
4
8
5
5
7
7
5
8
4
5
4
4
6
5
3
3
4
4
1
6
8
5
4
7
5
4
3
4
7
8
3
3
4
3
7
5
8
3
5
5
8
6
5
2
10
8
3
2
6
5
7
4
2
9
2
8
2
6
5
6
3
5
3
3
7
5
5
6
5
8
4
4
9
6
5
2
5
3
3
8
3
4
1
2
6
6
4
3
10
8
4
9
9
8
8
9
4
5
1
6
8
4
3
4
5
4
0
8
6
2
8
5
9
3
3
2
6
2
5
8
7
3
5
6
3
7
4
1
4
4
5
5
6
7
2
4
5
5
6
2
4
5
2
3
3
8
3
2
4
5
2
3
4
5
4
4
9
2
0
2
6
5
4
3
3
5
6
3
1
6
3
4
2
5
5
6
1
1
2
5
3
4
3
2
4
9
6
2
2
2
7
5
4
5
2
3
3
4
4
8
8
1
7
13
5
9
4
1
2
2
3
2
4
3
5
1
4
2
6
0
3
3
3
8
0
8
3
1
0
4
0
3
6
1
5
6
6
3
4
2
5
4
5
4
3
4
5
4
4
4
5
5
5
2
8
6
4
8
5
6
8
3
2
6
5
4
0
2
4
4
2
4
4
2
7
7
3
3
2
3
3
7
1
3
2
3
4
3
2
1
2
3
6
6
2
6
6
2
4
0
1
4
1
2
4
4
4
2
5
0
3
1
2
3
5
4
4
7
5
3
1
3
4
2
2
3
5
4
3
3
1
1
4
3
3
6
5
4
2
1
4
3
3
5
2
1880
