radiacao de fundo
0
0
0
0
0
0
0
0
0
0
0
1
0
0
31
248
152
99
83
108
117
116
83
77
75
90
120
138
137
135
138
95
96
86
61
69
71
69
77
76
73
67
79
83
67
65
71
82
65
73
62
85
79
82
92
87
76
98
74
97
95
103
99
105
101
109
98
113
107
107
114
124
123
134
127
131
130
130
133
148
159
130
146
136
140
148
144
153
147
153
139
159
167
164
153
170
176
185
163
182
175
147
159
177
166
169
179
150
157
155
148
158
197
160
152
176
138
154
168
173
157
179
155
163
160
184
145
149
156
155
153
143
165
143
145
149
153
138
141
136
151
158
137
135
139
120
119
144
132
124
153
107
113
125
126
125
142
120
120
134
118
114
116
118
105
130
95
127
92
84
110
102
89
99
109
95
90
102
98
94
106
83
86
110
87
90
76
78
94
108
94
96
79
84
71
71
84
69
60
73
60
85
74
74
76
78
64
67
55
65
73
61
58
51
65
78
68
62
64
74
55
65
62
72
57
53
57
51
62
54
40
72
59
56
60
48
59
52
46
78
69
59
59
43
59
40
46
47
49
45
40
48
44
52
52
49
51
39
34
45
45
32
39
45
41
34
31
35
30
47
30
37
37
34
38
46
43
35
36
38
34
36
48
25
22
25
25
22
34
31
24
34
43
62
46
24
33
26
30
32
29
31
31
29
39
23
19
27
22
17
19
26
20
33
39
32
19
28
23
28
27
34
16
28
22
26
26
20
24
23
17
28
21
21
28
25
28
27
23
13
23
23
18
15
21
25
27
57
38
26
16
24
22
25
17
12
15
16
18
20
15
18
20
19
20
18
18
13
15
19
26
21
22
8
16
13
10
14
13
18
22
12
18
17
21
21
12
21
21
20
17
15
13
18
14
9
16
17
12
23
10
18
11
8
17
14
10
12
13
11
18
14
10
11
21
6
12
18
12
16
7
17
9
8
16
15
14
21
7
8
16
11
10
10
9
21
12
19
10
12
10
17
16
10
8
13
14
9
8
17
14
12
9
20
14
16
10
14
13
11
13
5
11
8
6
13
13
5
12
11
10
6
12
9
13
15
7
13
8
10
14
8
9
4
5
7
9
8
11
8
9
9
10
11
8
5
8
13
8
22
20
17
9
16
8
10
5
7
11
12
11
13
8
10
8
13
9
6
8
10
11
11
7
10
9
8
15
7
8
10
11
4
7
10
12
6
10
5
15
9
8
14
11
8
6
9
11
11
9
5
7
7
14
7
7
8
7
7
12
5
9
6
11
9
5
9
7
8
21
16
11
3
12
7
8
14
7
6
9
8
7
13
8
9
10
3
8
4
9
8
3
7
15
43
23
12
5
12
6
7
4
8
7
7
5
6
5
5
6
11
8
5
6
6
4
7
3
6
10
13
8
4
7
8
6
6
7
7
7
5
12
7
2
8
11
9
7
6
5
4
7
3
8
21
15
10
2
6
4
4
4
1
7
5
10
8
7
11
10
6
6
5
7
11
6
5
8
5
5
4
6
8
5
3
4
6
1
6
6
7
5
7
7
9
8
5
3
7
8
5
7
8
7
3
7
8
6
6
5
3
6
8
1
3
4
6
7
6
5
3
4
4
6
5
8
6
3
5
3
5
4
5
3
4
7
6
5
6
1
4
4
7
3
6
4
3
6
5
1
4
2
3
3
6
8
7
6
10
4
3
3
5
5
4
3
7
1
4
5
3
2
4
8
2
7
9
5
5
4
7
5
5
1
3
2
1
6
3
4
8
6
6
6
7
5
5
3
7
4
3
5
4
10
9
6
5
2
5
6
3
4
2
4
1
2
5
3
2
5
6
2
6
5
5
5
4
2
7
2
4
7
6
7
5
4
3
1
5
4
7
8
5
4
7
7
5
5
4
2
5
3
8
3
11
6
8
3
2
5
7
0
3
3
3
4
3
3
8
2
6
4
2
4
3
4
7
4
2
6
5
2
3
2
1
5
2
4
5
2
5
4
9
7
7
2
2
5
2
5
6
3
5
4
4
2
4
3
5
2
4
6
1
5
6
1
5
4
1
5
0
2
1
4
7
3
6
2
7
3
4
3
2
4
6
1
3
4
5
4
4
4
4
3
8
5
8
3
11
8
3
4
3
2
4
4
3
0
5
3
2
4
3
4
3
4
1
3
1
7
6
8
6
3
3
2
5
5
4
5
3
3
2
3
1
5
5
1
3
11
7
6
1
3
2
4
3
3
4
4
1
2
4
3
4
2
3
1
7
7
1
2
7
4
3
2
2
3
1
3
3
2
0
6
5
1
5
4
2
1
2
4
4
0
1933
