radiacao de fundo
0
0
0
0
0
0
0
0
0
0
0
0
0
0
56
245
181
93
97
112
99
95
69
65
72
90
90
86
100
71
94
74
70
73
67
74
63
67
61
70
92
84
71
74
74
74
58
64
69
71
72
63
90
70
76
63
70
85
75
95
83
94
98
91
84
83
125
111
96
122
128
136
112
122
125
140
110
126
123
135
145
150
147
134
154
122
163
145
146
122
162
125
140
138
146
158
186
161
150
169
160
171
152
169
167
144
151
154
181
165
160
183
148
168
157
142
151
153
140
140
170
170
173
140
148
142
146
158
153
139
162
141
132
153
136
149
124
149
130
133
148
114
124
157
142
128
139
127
130
119
117
133
133
120
97
107
132
118
113
109
119
124
97
98
98
104
98
106
95
103
102
77
99
101
90
94
96
102
77
98
80
82
92
80
85
76
88
95
64
82
95
91
77
72
94
83
65
74
78
61
67
75
63
64
60
78
54
59
69
69
48
77
76
56
51
62
60
48
62
60
56
63
53
59
63
59
57
57
53
65
48
40
58
70
40
45
45
41
57
70
78
53
53
55
40
37
44
44
52
36
48
30
39
40
36
56
48
36
33
48
40
37
33
28
40
32
37
34
30
47
44
37
41
29
34
38
41
31
40
35
25
30
29
32
25
21
29
36
26
38
39
38
29
52
46
27
41
30
28
33
36
36
25
26
27
31
23
16
20
27
17
29
26
22
29
12
19
12
30
18
25
32
29
11
29
33
31
34
17
27
23
23
26
20
32
40
19
25
18
29
17
15
17
20
24
24
22
44
51
23
25
19
18
14
20
15
22
9
21
17
13
21
19
17
16
13
14
14
18
13
13
15
16
11
18
16
11
17
15
13
14
10
12
18
16
20
16
22
15
12
20
16
16
12
21
10
18
13
18
14
20
18
17
12
16
12
21
7
19
6
14
8
11
14
20
23
12
6
9
10
10
16
14
12
11
9
15
7
13
19
14
14
9
12
12
20
8
11
15
9
9
10
12
18
6
9
12
9
9
12
10
9
11
11
11
14
16
18
18
13
13
5
13
13
10
8
12
12
18
7
6
11
8
7
14
12
12
10
15
10
8
10
5
5
17
10
13
11
12
10
11
4
11
8
11
11
14
8
15
21
18
14
10
5
13
12
10
7
11
9
7
12
5
8
11
10
7
6
9
8
12
11
10
17
13
9
9
8
6
9
7
12
9
10
6
12
7
7
4
7
5
10
11
6
11
6
5
6
8
7
6
6
10
6
7
11
10
9
11
10
6
8
6
5
11
11
5
11
21
19
14
2
8
3
10
2
8
13
9
7
8
3
4
9
11
8
14
6
9
3
6
11
11
32
25
7
3
9
1
9
7
7
7
5
6
8
6
5
1
3
9
4
6
5
4
6
2
5
4
6
13
5
7
8
11
9
2
7
6
4
5
4
6
6
7
4
6
6
8
11
2
9
7
18
20
9
4
9
11
8
6
6
7
9
6
5
11
1
6
8
4
9
4
6
8
4
4
9
7
9
2
6
7
6
6
1
5
7
3
6
10
5
4
6
5
7
7
9
3
5
5
2
1
13
2
8
5
6
11
7
6
5
7
5
6
5
4
6
5
4
7
3
1
6
9
9
6
3
7
2
3
10
1
6
7
3
2
7
7
3
8
4
5
8
4
1
5
2
4
2
3
10
4
6
1
6
7
6
5
2
1
5
7
4
4
9
3
7
6
6
3
2
3
2
7
4
7
5
4
7
10
7
4
6
4
3
5
2
6
3
2
8
7
6
6
4
6
9
8
3
3
3
2
8
4
3
2
8
3
2
2
2
5
8
2
3
7
6
3
4
5
6
2
7
1
2
1
4
3
7
4
3
4
5
3
1
5
6
2
5
5
5
2
10
9
4
4
5
5
3
6
3
1
8
3
3
8
4
6
2
7
2
4
1
3
4
3
4
2
6
4
4
1
4
2
2
9
6
4
3
3
5
6
2
1
4
3
7
4
4
4
8
11
6
8
6
3
5
1
5
0
6
3
1
7
6
7
1
2
2
4
3
6
6
3
3
4
0
3
1
2
1
9
6
6
0
3
3
4
4
5
7
5
3
3
2
2
2
4
2
0
6
1
10
5
6
8
7
13
4
7
3
4
4
5
2
3
0
3
5
5
2
4
4
3
0
1
4
4
4
5
6
3
1
5
2
3
3
4
4
4
3
3
4
7
5
2
7
2
2
7
2
3
2
3
2
4
4
1
2
1
6
5
3
4
6
4
1
6
1
4
4
3
7
3
3
1
7
6
4
2
3
6
7
4
3
5
3
2
1
0
4
1857
0
