0.0
0.0
0.0
0.0
0.0
0.0
0.0
0.0
0.0
0.0
0.0
0.0
0.0
0.0
0.0
0.0
0.0
0.0
0.0
0.0
0.0
0.0
0.0
0.0
0.0
0.0
0.0
0.0
0.0
0.0
0.0
0.0
0.0
8610.0
11197.0
7294.0
6701.0
6831.0
6487.0
7059.0
7150.0
8476.0
10943.0
17279.0
23223.0
30877.0
46302.0
74874.0
80720.0
60039.0
26640.0
11704.0
7469.0
8019.0
8506.0
9766.0
11404.0
15931.0
18315.0
16264.0
11374.0
8385.0
6773.0
6426.0
6148.0
6868.0
7018.0
7685.0
8187.0
10016.0
12596.0
16637.0
22368.0
31198.0
44912.0
102896.0
305531.0
820217.0
1332635.0
1315151.0
727541.0
269625.0
67901.0
27034.0
21372.0
28278.0
56832.0
145331.0
255936.0
301594.0
217846.0
118853.0
49856.0
20103.0
9365.0
7402.0
6480.0
6246.0
5912.0
5818.0
5316.0
5747.0
5250.0
5478.0
5018.0
5460.0
4974.0
5441.0
5100.0
5174.0
5229.0
5173.0
4897.0
5176.0
5221.0
5266.0
5183.0
5177.0
5320.0
5290.0
5487.0
5620.0
5797.0
6270.0
6491.0
7121.0
7372.0
7177.0
5810.0
5791.0
5255.0
5610.0
5547.0
5884.0
5943.0
6181.0
6128.0
6347.0
6005.0
5978.0
5631.0
5828.0
6101.0
6083.0
6053.0
6122.0
6086.0
6408.0
6273.0
6726.0
6657.0
7120.0
7703.0
8523.0
10997.0
17108.0
23394.0
24954.0
18400.0
11821.0
8154.0
7477.0
7271.0
7733.0
8599.0
10690.0
13312.0
15092.0
13055.0
10972.0
8555.0
7993.0
7546.0
7619.0
7672.0
8203.0
8234.0
8505.0
8706.0
9047.0
8313.0
8176.0
7629.0
8120.0
7898.0
7670.0
6867.0
6698.0
5765.0
5665.0
5328.0
4869.0
4512.0
4502.0
4187.0
4018.0
3847.0
3491.0
3447.0
3334.0
3294.0
3283.0
3207.0
3096.0
2713.0
2896.0
2899.0
3109.0
3003.0
3037.0
2839.0
2814.0
2432.0
2743.0
2823.0
2602.0
2440.0
2345.0
2398.0
2535.0
2347.0
2422.0
2351.0
2342.0
2475.0
2581.0
2484.0
2413.0
2141.0
2362.0
2269.0
2523.0
2348.0
2422.0
2045.0
2416.0
2307.0
2388.0
2526.0
2715.0
2258.0
2239.0
2121.0
2463.0
2347.0
2448.0
2478.0
2353.0
2466.0
2353.0
2435.0
2482.0
2451.0
2439.0
2420.0
2520.0
2377.0
2627.0
2306.0
2655.0
2538.0
2685.0
2577.0
2618.0
2423.0
2463.0
2564.0
2466.0
2078.0
2582.0
2535.0
2269.0
2044.0
1986.0
2013.0
2179.0
2127.0
2145.0
1937.0
2183.0
2092.0
2260.0
2171.0
2270.0
2183.0
2256.0
2503.0
2672.0
2354.0
2424.0
2344.0
2435.0
2512.0
2499.0
2686.0
2618.0
2709.0
2976.0
3175.0
3602.0
3727.0
4404.0
4875.0
5284.0
5591.0
6265.0
6470.0
6605.0
6489.0
6852.0
6356.0
6160.0
6039.0
6106.0
5840.0
6066.0
5546.0
5898.0
5756.0
5778.0
5788.0
5868.0
5434.0
5848.0
5165.0
5356.0
5482.0
5551.0
5385.0
5269.0
5085.0
5170.0
5064.0
5293.0
5050.0
5166.0
4985.0
5067.0
4879.0
5034.0
4827.0
4809.0
4542.0
4628.0
4269.0
4998.0
4589.0
4502.0
4321.0
4595.0
4476.0
4322.0
4119.0
4159.0
4521.0
4211.0
4017.0
4296.0
4275.0
4264.0
4095.0
4147.0
4156.0
4413.0
4130.0
4029.0
3976.0
4055.0
3812.0
4296.0
3792.0
4005.0
4023.0
3962.0
3771.0
3941.0
3721.0
3798.0
4084.0
4323.0
3970.0
4158.0
4163.0
3960.0
3916.0
4039.0
4162.0
4193.0
4089.0
3978.0
3853.0
4076.0
4118.0
3985.0
4169.0
4099.0
3895.0
3916.0
3941.0
3968.0
3833.0
3630.0
3921.0
3784.0
3818.0
3820.0
3716.0
3679.0
3640.0
3700.0
3655.0
3648.0
3379.0
3470.0
3587.0
3679.0
3349.0
3316.0
3310.0
3617.0
3228.0
3309.0
3432.0
3400.0
3394.0
3265.0
3135.0
3325.0
3086.0
3245.0
3235.0
3201.0
3013.0
2907.0
2911.0
3024.0
3003.0
2876.0
2911.0
3054.0
2886.0
2754.0
2841.0
2916.0
2903.0
3019.0
2851.0
2643.0
2683.0
2812.0
2572.0
2809.0
3003.0
2858.0
2905.0
2717.0
2786.0
3055.0
2780.0
3199.0
3214.0
3459.0
3532.0
3071.0
2685.0
2769.0
2613.0
2562.0
2553.0
2658.0
2695.0
2494.0
2408.0
2560.0
2628.0
2598.0
2492.0
2648.0
2754.0
2592.0
2619.0
2564.0
2674.0
3214.0
3730.0
4992.0
6342.0
12870.0
46145.0
187631.0
559340.0
1124224.0
1380819.0
1101204.0
529230.0
170570.0
41653.0
14238.0
9368.0
7783.0
6169.0
4753.0
4137.0
3143.0
2808.0
2607.0
2536.0
2281.0
2163.0
2084.0
1870.0
1901.0
1670.0
1803.0
1828.0
1750.0
1689.0
1726.0
1614.0
1683.0
1592.0
1620.0
1606.0
1685.0
1750.0
1731.0
1602.0
1565.0
1617.0
1742.0
1682.0
1780.0
1847.0
1975.0
2505.0
3164.0
3958.0
5046.0
7501.0
9720.0
9095.0
6539.0
3552.0
2317.0
1883.0
1850.0
1863.0
2013.0
2386.0
2792.0
2880.0
2595.0
2175.0
1955.0
1724.0
1666.0
1635.0
1622.0
1753.0
2027.0
1994.0
2276.0
2492.0
3070.0
3711.0
5161.0
9274.0
23124.0
57480.0
111576.0
146003.0
128359.0
72224.0
28965.0
9189.0
4015.0
3422.0
5048.0
10606.0
21004.0
30237.0
30333.0
21762.0
11835.0
5463.0
2478.0
1343.0
1067.0
925.0
929.0
956.0
868.0
814.0
865.0
886.0
822.0
811.0
826.0
867.0
793.0
835.0
821.0
876.0
824.0
872.0
767.0
820.0
705.0
704.0
738.0
809.0
706.0
834.0
728.0
738.0
655.0
668.0
808.0
658.0
679.0
717.0
847.0
716.0
668.0
652.0
676.0
716.0
686.0
680.0
622.0
658.0
691.0
669.0
728.0
771.0
671.0
797.0
701.0
818.0
688.0
763.0
774.0
704.0
796.0
706.0
790.0
769.0
762.0
754.0
778.0
709.0
612.0
655.0
609.0
636.0
736.0
628.0
680.0
714.0
620.0
578.0
620.0
600.0
570.0
541.0
648.0
513.0
598.0
542.0
578.0
553.0
652.0
610.0
526.0
535.0
543.0
545.0
546.0
533.0
579.0
565.0
575.0
560.0
558.0
602.0
614.0
633.0
566.0
590.0
687.0
709.0
646.0
645.0
527.0
715.0
723.0
563.0
463.0
547.0
547.0
499.0
516.0
576.0
562.0
517.0
563.0
533.0
487.0
516.0
588.0
557.0
570.0
620.0
541.0
530.0
506.0
480.0
479.0
501.0
549.0
562.0
553.0
555.0
577.0
556.0
633.0
502.0
520.0
531.0
549.0
496.0
595.0
572.0
643.0
555.0
553.0
607.0
533.0
639.0
716.0
670.0
564.0
546.0
546.0
519.0
504.0
566.0
696.0
652.0
657.0
677.0
611.0
479.0
454.0
524.0
510.0
491.0
430.0
396.0
381.0
435.0
492.0
510.0
564.0
542.0
537.0
530.0
474.0
506.0
477.0
505.0
513.0
520.0
536.0
486.0
482.0
496.0
505.0
486.0
492.0
451.0
508.0
581.0
480.0
408.0
404.0
470.0
430.0
475.0
426.0
533.0
492.0
460.0
527.0
537.0
508.0
573.0
484.0
473.0
533.0
468.0
447.0
483.0
473.0
468.0
451.0
465.0
470.0
484.0
529.0
449.0
503.0
469.0
454.0
427.0
419.0
465.0
485.0
485.0
448.0
435.0
434.0
413.0
474.0
399.0
451.0
458.0
481.0
528.0
490.0
444.0
428.0
439.0
489.0
458.0
463.0
417.0
452.0
446.0
486.0
496.0
476.0
438.0
453.0
477.0
519.0
427.0
526.0
448.0
440.0
557.0
477.0
483.0
514.0
435.0
449.0
459.0
487.0
440.0
395.0
443.0
534.0
467.0
435.0
380.0
441.0
399.0
465.0
440.0
437.0
472.0
411.0
480.0
411.0
516.0
509.0
550.0
526.0
421.0
355.0
403.0
407.0
404.0
445.0
519.0
397.0
463.0
426.0
488.0
438.0
437.0
444.0
373.0
472.0
343.0
509.0
419.0
500.0
450.0
439.0
462.0
475.0
418.0
455.0
513.0
391.0
483.0
413.0
394.0
420.0
379.0
491.0
558.0
551.0
671.0
763.0
619.0
649.0
489.0
406.0
474.0
439.0
454.0
429.0
405.0
427.0
470.0
426.0
428.0
402.0
426.0
402.0
393.0
451.0
455.0
508.0
471.0
461.0
479.0
432.0
485.0
422.0
448.0
471.0
486.0
520.0
524.0
455.0
453.0
453.0
476.0
503.0
530.0
453.0
425.0
443.0
428.0
415.0
493.0
441.0
464.0
572.0
503.0
417.0
462.0
510.0
467.0
484.0
414.0
451.0
472.0
525.0
442.0
480.0
435.0
545.0
493.0
531.0
531.0
503.0
594.0
578.0
632.0
686.0
673.0
553.0
478.0
414.0
377.0
395.0
387.0
435.0
423.0
380.0
412.0
375.0
428.0
401.0
362.0
390.0
485.0
435.0
420.0
408.0
380.0
400.0
431.0
408.0
379.0
469.0
496.0
453.0
451.0
447.0
436.0
388.0
374.0
406.0
399.0
391.0
409.0
392.0
459.0
401.0
460.0
403.0
452.0
390.0
390.0
400.0
376.0
394.0
386.0
384.0
366.0
330.0
386.0
347.0
367.0
409.0
437.0
396.0
360.0
411.0
412.0
377.0
413.0
412.0
484.0
458.0
363.0
376.0
305.0
330.0
332.0
349.0
351.0
370.0
384.0
392.0
436.0
385.0
371.0
434.0
372.0
318.0
357.0
338.0
336.0
345.0
334.0
314.0
305.0
340.0
354.0
290.0
349.0
303.0
262.0
299.0
297.0
293.0
319.0
268.0
281.0
260.0
351.0
368.0
435.0
632.0
733.0
869.0
783.0
699.0
553.0
416.0
414.0
385.0
363.0
325.0
317.0
330.0
330.0
283.0
271.0
285.0
294.0
294.0
258.0
370.0
286.0
250.0
270.0
260.0
320.0
340.0
302.0
305.0
293.0
286.0
296.0
259.0
297.0
295.0
302.0
310.0
247.0
272.0
299.0
294.0
275.0
268.0
275.0
255.0
272.0
253.0
302.0
303.0
287.0
262.0
300.0
324.0
238.0
286.0
274.0
276.0
270.0
264.0
250.0
239.0
301.0
287.0
283.0
262.0
242.0
297.0
284.0
297.0
329.0
283.0
262.0
322.0
226.0
279.0
326.0
320.0
268.0
284.0
268.0
259.0
251.0
240.0
231.0
184.0
190.0
262.0
239.0
284.0
228.0
253.0
210.0
242.0
224.0
249.0
248.0
220.0
275.0
237.0
277.0
243.0
220.0
234.0
212.0
281.0
270.0
284.0
279.0
259.0
243.0
276.0
258.0
240.0
249.0
205.0
259.0
237.0
283.0
249.0
275.0
286.0
253.0
254.0
247.0
227.0
232.0
267.0
253.0
260.0
289.0
255.0
252.0
218.0
221.0
222.0
263.0
261.0
255.0
326.0
273.0
238.0
263.0
245.0
239.0
242.0
244.0
240.0
229.0
244.0
226.0
210.0
225.0
229.0
257.0
262.0
258.0
193.0
234.0
222.0
232.0
211.0
199.0
216.0
249.0
210.0
225.0
203.0
236.0
223.0
244.0
229.0
246.0
220.0
239.0
238.0
237.0
296.0
254.0
200.0
232.0
251.0
226.0
209.0
200.0
211.0
199.0
206.0
213.0
248.0
249.0
228.0
240.0
197.0
202.0
211.0
235.0
214.0
167.0
208.0
234.0
204.0
225.0
208.0
222.0
265.0
205.0
171.0
196.0
194.0
186.0
191.0
212.0
219.0
241.0
223.0
202.0
237.0
227.0
229.0
232.0
187.0
216.0
227.0
227.0
227.0
216.0
229.0
199.0
186.0
195.0
181.0
189.0
186.0
189.0
199.0
230.0
191.0
177.0
206.0
198.0
229.0
224.0
206.0
180.0
199.0
192.0
216.0
194.0
197.0
200.0
203.0
191.0
225.0
215.0
231.0
191.0
226.0
212.0
194.0
202.0
222.0
208.0
185.0
177.0
176.0
200.0
200.0
195.0
211.0
218.0
198.0
179.0
172.0
224.0
222.0
222.0
183.0
193.0
213.0
228.0
201.0
201.0
219.0
196.0
205.0
167.0
157.0
189.0
205.0
196.0
198.0
209.0
197.0
235.0
193.0
233.0
185.0
181.0
229.0
210.0
165.0
166.0
175.0
197.0
195.0
207.0
197.0
191.0
215.0
218.0
243.0
220.0
194.0
214.0
213.0
211.0
203.0
198.0
215.0
206.0
223.0
227.0
171.0
190.0
182.0
209.0
205.0
188.0
200.0
174.0
221.0
214.0
205.0
169.0
207.0
194.0
221.0
187.0
211.0
205.0
172.0
218.0
185.0
180.0
192.0
160.0
188.0
219.0
228.0
234.0
200.0
211.0
204.0
181.0
174.0
192.0
183.0
194.0
176.0
183.0
174.0
214.0
205.0
188.0
218.0
187.0
214.0
206.0
189.0
161.0
177.0
207.0
170.0
156.0
176.0
214.0
195.0
235.0
202.0
194.0
214.0
187.0
188.0
210.0
202.0
199.0
208.0
205.0
186.0
190.0
186.0
170.0
205.0
217.0
215.0
196.0
173.0
178.0
193.0
204.0
185.0
178.0
183.0
164.0
177.0
145.0
144.0
155.0
162.0
190.0
174.0
153.0
185.0
171.0
170.0
163.0
184.0
174.0
160.0
157.0
164.0
179.0
214.0
204.0
183.0
199.0
209.0
187.0
165.0
155.0
152.0
177.0
181.0
155.0
183.0
213.0
192.0
183.0
192.0
183.0
175.0
178.0
198.0
205.0
184.0
171.0
174.0
175.0
220.0
180.0
180.0
168.0
194.0
192.0
211.0
205.0
209.0
186.0
177.0
170.0
197.0
157.0
185.0
192.0
195.0
179.0
191.0
195.0
215.0
186.0
177.0
198.0
177.0
142.0
158.0
162.0
202.0
174.0
166.0
186.0
178.0
196.0
223.0
219.0
258.0
341.0
478.0
743.0
1036.0
1700.0
2477.0
3419.0
4584.0
5752.0
6589.0
7264.0
6909.0
6505.0
5348.0
4053.0
3010.0
2057.0
1349.0
888.0
554.0
476.0
326.0
266.0
197.0
190.0
177.0
179.0
160.0
173.0
182.0
161.0
189.0
144.0
168.0
173.0
185.0
164.0
158.0
158.0
141.0
145.0
145.0
160.0
138.0
158.0
150.0
131.0
167.0
157.0
140.0
141.0
154.0
124.0
157.0
154.0
146.0
168.0
149.0
130.0
154.0
148.0
163.0
183.0
195.0
165.0
149.0
143.0
128.0
125.0
148.0
159.0
148.0
129.0
141.0
188.0
178.0
171.0
167.0
151.0
177.0
182.0
173.0
161.0
176.0
188.0
191.0
160.0
174.0
186.0
182.0
180.0
199.0
176.0
176.0
167.0
185.0
187.0
154.0
151.0
134.0
126.0
163.0
147.0
136.0
151.0
162.0
142.0
139.0
139.0
117.0
137.0
148.0
146.0
158.0
148.0
132.0
164.0
156.0
156.0
170.0
145.0
138.0
153.0
139.0
159.0
171.0
172.0
164.0
131.0
128.0
115.0
176.0
140.0
144.0
141.0
154.0
160.0
150.0
180.0
242.0
309.0
324.0
226.0
186.0
167.0
151.0
134.0
143.0
142.0
157.0
144.0
149.0
151.0
121.0
115.0
119.0
158.0
151.0
141.0
127.0
140.0
144.0
153.0
137.0
123.0
123.0
119.0
117.0
119.0
126.0
134.0
143.0
164.0
201.0
201.0
183.0
172.0
146.0
160.0
150.0
138.0
141.0
145.0
140.0
173.0
159.0
139.0
153.0
133.0
124.0
128.0
125.0
141.0
122.0
137.0
120.0
143.0
149.0
141.0
129.0
122.0
127.0
138.0
134.0
131.0
158.0
156.0
158.0
166.0
135.0
120.0
108.0
116.0
116.0
109.0
124.0
144.0
147.0
190.0
167.0
165.0
175.0
162.0
137.0
156.0
153.0
153.0
138.0
126.0
152.0
133.0
214.0
234.0
230.0
229.0
223.0
239.0
203.0
188.0
147.0
130.0
118.0
127.0
134.0
125.0
130.0
137.0
129.0
144.0
126.0
142.0
134.0
114.0
150.0
162.0
135.0
142.0
122.0
105.0
125.0
146.0
132.0
151.0
130.0
119.0
119.0
121.0
119.0
128.0
134.0
152.0
124.0
126.0
131.0
141.0
148.0
143.0
131.0
111.0
124.0
131.0
132.0
150.0
143.0
115.0
130.0
148.0
144.0
140.0
143.0
136.0
135.0
121.0
122.0
134.0
103.0
123.0
138.0
116.0
130.0
111.0
133.0
139.0
134.0
154.0
138.0
126.0
149.0
149.0
147.0
208.0
302.0
437.0
476.0
540.0
526.0
487.0
522.0
444.0
356.0
308.0
212.0
181.0
145.0
131.0
141.0
117.0
124.0
114.0
118.0
93.0
102.0
115.0
126.0
125.0
109.0
112.0
118.0
103.0
110.0
103.0
112.0
109.0
138.0
115.0
103.0
127.0
106.0
153.0
93.0
124.0
133.0
129.0
135.0
137.0
112.0
104.0
114.0
120.0
115.0
109.0
119.0
143.0
128.0
110.0
102.0
120.0
105.0
152.0
135.0
126.0
121.0
93.0
94.0
108.0
110.0
115.0
107.0
104.0
118.0
108.0
127.0
127.0
120.0
114.0
114.0
131.0
118.0
116.0
124.0
123.0
109.0
108.0
104.0
111.0
111.0
96.0
107.0
104.0
86.0
116.0
115.0
140.0
156.0
133.0
111.0
108.0
139.0
143.0
135.0
113.0
105.0
99.0
105.0
98.0
109.0
91.0
86.0
114.0
119.0
106.0
115.0
116.0
105.0
107.0
107.0
117.0
113.0
128.0
111.0
118.0
119.0
131.0
146.0
126.0
113.0
98.0
116.0
107.0
98.0
109.0
109.0
85.0
80.0
101.0
124.0
125.0
108.0
119.0
103.0
110.0
107.0
106.0
109.0
107.0
131.0
104.0
86.0
116.0
108.0
104.0
126.0
126.0
141.0
117.0
145.0
135.0
134.0
123.0
106.0
103.0
110.0
129.0
125.0
121.0
117.0
116.0
124.0
135.0
135.0
125.0
126.0
99.0
121.0
100.0
106.0
103.0
98.0
113.0
109.0
121.0
176.0
142.0
163.0
172.0
162.0
265.0
335.0
383.0
565.0
585.0
694.0
665.0
597.0
598.0
555.0
446.0
357.0
218.0
192.0
154.0
144.0
143.0
151.0
140.0
136.0
125.0
142.0
125.0
125.0
138.0
111.0
107.0
103.0
90.0
100.0
134.0
101.0
92.0
130.0
129.0
115.0
110.0
108.0
101.0
104.0
119.0
109.0
113.0
114.0
129.0
123.0
109.0
131.0
101.0
104.0
108.0
110.0
124.0
128.0
111.0
108.0
117.0
122.0
110.0
133.0
103.0
112.0
115.0
97.0
102.0
126.0
121.0
117.0
118.0
115.0
111.0
99.0
112.0
107.0
108.0
111.0
95.0
110.0
110.0
108.0
106.0
139.0
119.0
116.0
121.0
130.0
123.0
129.0
127.0
109.0
121.0
101.0
99.0
93.0
143.0
107.0
95.0
90.0
82.0
113.0
104.0
97.0
121.0
117.0
105.0
104.0
114.0
106.0
121.0
97.0
101.0
107.0
99.0
117.0
124.0
118.0
122.0
101.0
117.0
115.0
111.0
103.0
96.0
115.0
110.0
110.0
106.0
94.0
106.0
102.0
115.0
124.0
105.0
89.0
99.0
108.0
132.0
122.0
132.0
99.0
97.0
112.0
117.0
110.0
114.0
121.0
110.0
116.0
109.0
128.0
124.0
111.0
121.0
116.0
100.0
94.0
91.0
84.0
86.0
117.0
130.0
111.0
119.0
111.0
113.0
108.0
107.0
119.0
116.0
107.0
109.0
112.0
95.0
81.0
96.0
95.0
99.0
98.0
95.0
101.0
102.0
125.0
116.0
149.0
131.0
171.0
145.0
125.0
136.0
112.0
101.0
92.0
89.0
105.0
100.0
106.0
98.0
95.0
85.0
88.0
108.0
85.0
74.0
89.0
106.0
84.0
92.0
95.0
121.0
107.0
100.0
94.0
101.0
95.0
98.0
95.0
101.0
87.0
91.0
95.0
99.0
98.0
93.0
106.0
97.0
87.0
121.0
117.0
110.0
110.0
115.0
119.0
127.0
118.0
140.0
120.0
109.0
100.0
98.0
90.0
88.0
94.0
102.0
102.0
111.0
105.0
108.0
102.0
89.0
95.0
93.0
100.0
110.0
112.0
99.0
97.0
94.0
100.0
95.0
88.0
89.0
91.0
121.0
95.0
99.0
112.0
109.0
105.0
101.0
97.0
117.0
109.0
121.0
135.0
124.0
107.0
104.0
97.0
92.0
85.0
106.0
101.0
104.0
93.0
90.0
93.0
93.0
87.0
76.0
105.0
106.0
92.0
105.0
116.0
99.0
111.0
110.0
103.0
85.0
105.0
109.0
106.0
98.0
82.0
76.0
93.0
113.0
113.0
103.0
108.0
145.0
175.0
187.0
178.0
162.0
166.0
150.0
131.0
126.0
116.0
98.0
93.0
88.0
101.0
94.0
109.0
96.0
102.0
108.0
93.0
99.0
88.0
72.0
90.0
90.0
74.0
67.0
76.0
85.0
95.0
103.0
99.0
94.0
90.0
103.0
110.0
106.0
100.0
85.0
80.0
83.0
92.0
98.0
102.0
89.0
84.0
74.0
86.0
85.0
92.0
99.0
98.0
86.0
86.0
91.0
95.0
141.0
125.0
113.0
115.0
100.0
80.0
93.0
99.0
82.0
82.0
78.0
86.0
76.0
86.0
78.0
82.0
68.0
80.0
88.0
89.0
84.0
84.0
101.0
99.0
101.0
101.0
89.0
96.0
119.0
122.0
125.0
112.0
109.0
111.0
87.0
84.0
80.0
74.0
77.0
79.0
78.0
93.0
89.0
103.0
92.0
77.0
81.0
82.0
81.0
82.0
86.0
96.0
86.0
82.0
84.0
97.0
94.0
87.0
96.0
102.0
113.0
98.0
106.0
119.0
121.0
122.0
113.0
100.0
87.0
85.0
98.0
96.0
95.0
87.0
89.0
92.0
79.0
83.0
78.0
74.0
67.0
67.0
88.0
90.0
86.0
64.0
86.0
95.0
95.0
86.0
83.0
82.0
103.0
85.0
80.0
68.0
71.0
73.0
111.0
87.0
99.0
79.0
82.0
94.0
93.0
105.0
114.0
88.0
90.0
79.0
74.0
76.0
74.0
74.0
104.0
93.0
95.0
81.0
70.0
67.0
87.0
61.0
79.0
85.0
82.0
89.0
104.0
89.0
100.0
90.0
81.0
103.0
93.0
85.0
95.0
97.0
99.0
108.0
100.0
91.0
78.0
79.0
95.0
89.0
108.0
96.0
109.0
108.0
102.0
101.0
101.0
86.0
88.0
101.0
108.0
101.0
85.0
105.0
100.0
97.0
94.0
98.0
101.0
101.0
113.0
102.0
104.0
102.0
134.0
124.0
117.0
112.0
123.0
102.0
103.0
89.0
80.0
62.0
71.0
79.0
78.0
84.0
87.0
80.0
71.0
86.0
116.0
144.0
113.0
102.0
87.0
85.0
94.0
75.0
66.0
73.0
73.0
80.0
66.0
109.0
89.0
80.0
89.0
84.0
109.0
96.0
87.0
88.0
76.0
73.0
62.0
71.0
78.0
82.0
90.0
82.0
80.0
72.0
88.0
91.0
119.0
115.0
116.0
107.0
129.0
109.0
99.0
92.0
99.0
125.0
109.0
210.0
287.0
415.0
467.0
534.0
535.0
384.0
258.0
155.0
122.0
103.0
97.0
100.0
72.0
67.0
50.0
57.0
79.0
71.0
97.0
88.0
81.0
91.0
83.0
87.0
93.0
98.0
91.0
91.0
98.0
94.0
93.0
86.0
75.0
110.0
89.0
85.0
91.0
85.0
71.0
54.0
58.0
65.0
91.0
90.0
105.0
88.0
80.0
77.0
86.0
101.0
89.0
83.0
73.0
59.0
54.0
81.0
95.0
94.0
119.0
107.0
96.0
80.0
72.0
93.0
100.0
85.0
71.0
81.0
87.0
82.0
75.0
65.0
68.0
105.0
92.0
106.0
98.0
75.0
101.0
89.0
95.0
93.0
108.0
136.0
96.0
80.0
78.0
75.0
73.0
81.0
77.0
83.0
82.0
85.0
76.0
82.0
105.0
93.0
76.0
78.0
98.0
79.0
84.0
89.0
89.0
82.0
89.0
77.0
110.0
103.0
105.0
102.0
79.0
74.0
90.0
87.0
74.0
88.0
73.0
74.0
91.0
88.0
74.0
90.0
82.0
80.0
90.0
69.0
89.0
95.0
77.0
71.0
91.0
87.0
82.0
80.0
79.0
73.0
85.0
58.0
49.0
54.0
63.0
61.0
71.0
71.0
78.0
80.0
80.0
86.0
72.0
85.0
109.0
97.0
113.0
144.0
171.0
173.0
185.0
181.0
156.0
138.0
115.0
109.0
91.0
85.0
58.0
50.0
82.0
78.0
98.0
88.0
74.0
76.0
85.0
73.0
77.0
77.0
70.0
77.0
72.0
66.0
86.0
80.0
93.0
79.0
75.0
79.0
98.0
88.0
95.0
80.0
79.0
88.0
75.0
70.0
71.0
64.0
71.0
76.0
61.0
58.0
61.0
63.0
84.0
71.0
62.0
76.0
79.0
94.0
94.0
93.0
71.0
68.0
76.0
81.0
93.0
87.0
93.0
75.0
104.0
89.0
81.0
70.0
94.0
113.0
122.0
110.0
118.0
130.0
107.0
100.0
105.0
97.0
83.0
59.0
81.0
73.0
73.0
83.0
70.0
76.0
76.0
85.0
83.0
70.0
71.0
86.0
72.0
87.0
74.0
89.0
78.0
70.0
60.0
86.0
80.0
81.0
99.0
86.0
88.0
107.0
75.0
72.0
76.0
56.0
77.0
82.0
72.0
78.0
75.0
80.0
75.0
89.0
81.0
73.0
77.0
66.0
87.0
83.0
86.0
81.0
80.0
90.0
82.0
81.0
76.0
86.0
87.0
70.0
67.0
74.0
74.0
79.0
80.0
77.0
81.0
74.0
74.0
81.0
78.0
83.0
79.0
94.0
64.0
75.0
79.0
77.0
63.0
75.0
78.0
71.0
69.0
86.0
67.0
83.0
89.0
83.0
77.0
66.0
86.0
104.0
106.0
107.0
99.0
103.0
91.0
89.0
68.0
57.0
66.0
78.0
90.0
85.0
99.0
130.0
132.0
130.0
123.0
118.0
121.0
114.0
99.0
90.0
77.0
85.0
82.0
83.0
84.0
83.0
79.0
69.0
74.0
73.0
73.0
66.0
70.0
84.0
82.0
91.0
67.0
62.0
73.0
76.0
78.0
74.0
91.0
80.0
85.0
88.0
80.0
75.0
93.0
78.0
68.0
70.0
73.0
77.0
86.0
60.0
80.0
88.0
96.0
86.0
81.0
76.0
59.0
69.0
81.0
69.0
61.0
71.0
74.0
74.0
76.0
67.0
75.0
64.0
60.0
58.0
79.0
77.0
79.0
79.0
81.0
76.0
80.0
74.0
69.0
80.0
67.0
60.0
68.0
63.0
90.0
85.0
75.0
77.0
68.0
68.0
57.0
62.0
58.0
61.0
82.0
83.0
66.0
72.0
68.0
73.0
72.0
86.0
94.0
78.0
61.0
83.0
88.0
100.0
127.0
107.0
107.0
115.0
122.0
161.0
217.0
267.0
373.0
404.0
363.0
273.0
166.0
145.0
112.0
84.0
69.0
78.0
62.0
58.0
61.0
74.0
67.0
76.0
78.0
77.0
84.0
78.0
69.0
70.0
70.0
77.0
73.0
71.0
53.0
65.0
76.0
76.0
69.0
83.0
92.0
89.0
75.0
76.0
72.0
68.0
59.0
62.0
67.0
69.0
73.0
96.0
84.0
116.0
165.0
164.0
156.0
260.0
272.0
278.0
288.0
260.0
213.0
185.0
144.0
113.0
100.0
102.0
89.0
69.0
77.0
56.0
71.0
58.0
72.0
69.0
73.0
54.0
53.0
57.0
54.0
48.0
57.0
60.0
56.0
77.0
96.0
79.0
97.0
90.0
68.0
59.0
61.0
68.0
80.0
63.0
79.0
80.0
82.0
92.0
90.0
77.0
88.0
79.0
69.0
67.0
82.0
76.0
75.0
72.0
59.0
73.0
71.0
66.0
73.0
71.0
80.0
70.0
64.0
61.0
56.0
51.0
55.0
67.0
77.0
69.0
73.0
75.0
68.0
78.0
78.0
68.0
64.0
77.0
81.0
95.0
74.0
114.0
116.0
105.0
71.0
72.0
90.0
102.0
92.0
78.0
62.0
66.0
77.0
85.0
81.0
82.0
90.0
79.0
69.0
65.0
75.0
67.0
68.0
62.0
57.0
50.0
54.0
59.0
72.0
63.0
71.0
69.0
62.0
61.0
48.0
60.0
72.0
68.0
61.0
63.0
79.0
78.0
74.0
55.0
56.0
59.0
63.0
71.0
75.0
73.0
66.0
54.0
64.0
79.0
71.0
77.0
73.0
71.0
69.0
80.0
65.0
55.0
53.0
65.0
59.0
72.0
62.0
60.0
54.0
54.0
66.0
67.0
64.0
70.0
59.0
50.0
70.0
87.0
73.0
74.0
77.0
61.0
55.0
58.0
45.0
53.0
64.0
63.0
72.0
77.0
63.0
59.0
60.0
70.0
59.0
81.0
77.0
71.0
52.0
52.0
74.0
75.0
55.0
69.0
81.0
78.0
66.0
63.0
62.0
66.0
67.0
72.0
67.0
58.0
70.0
68.0
81.0
77.0
68.0
59.0
76.0
79.0
90.0
89.0
80.0
75.0
68.0
81.0
78.0
81.0
65.0
72.0
72.0
57.0
60.0
71.0
69.0
61.0
65.0
68.0
71.0
87.0
63.0
67.0
61.0
53.0
43.0
57.0
52.0
51.0
58.0
54.0
43.0
51.0
57.0
85.0
71.0
65.0
72.0
61.0
67.0
59.0
53.0
44.0
49.0
47.0
68.0
67.0
60.0
46.0
52.0
60.0
51.0
57.0
52.0
63.0
54.0
63.0
76.0
85.0
93.0
88.0
85.0
74.0
60.0
77.0
62.0
67.0
71.0
77.0
64.0
66.0
65.0
58.0
59.0
54.0
53.0
58.0
53.0
58.0
67.0
70.0
65.0
66.0
62.0
78.0
71.0
66.0
66.0
72.0
74.0
87.0
77.0
82.0
96.0
91.0
80.0
83.0
59.0
83.0
84.0
79.0
89.0
83.0
83.0
110.0
103.0
138.0
166.0
235.0
267.0
272.0
258.0
230.0
216.0
202.0
180.0
147.0
109.0
106.0
87.0
80.0
62.0
62.0
65.0
60.0
61.0
67.0
65.0
60.0
62.0
71.0
76.0
71.0
65.0
57.0
59.0
78.0
64.0
52.0
53.0
50.0
50.0
48.0
54.0
66.0
62.0
71.0
61.0
66.0
78.0
60.0
75.0
81.0
75.0
77.0
68.0
71.0
71.0
81.0
68.0
58.0
55.0
59.0
79.0
65.0
60.0
64.0
61.0
70.0
74.0
59.0
52.0
58.0
60.0
49.0
60.0
64.0
63.0
60.0
66.0
61.0
60.0
57.0
72.0
74.0
62.0
64.0
71.0
57.0
45.0
49.0
62.0
61.0
70.0
77.0
63.0
56.0
46.0
53.0
59.0
69.0
68.0
69.0
65.0
55.0
57.0
44.0
51.0
54.0
70.0
57.0
61.0
65.0
76.0
91.0
93.0
76.0
78.0
80.0
75.0
76.0
97.0
77.0
79.0
62.0
73.0
66.0
63.0
52.0
65.0
63.0
58.0
64.0
62.0
68.0
61.0
51.0
73.0
64.0
63.0
61.0
59.0
59.0
58.0
56.0
59.0
57.0
65.0
54.0
52.0
78.0
69.0
73.0
84.0
66.0
57.0
57.0
56.0
58.0
58.0
58.0
45.0
48.0
54.0
52.0
47.0
55.0
63.0
55.0
62.0
71.0
69.0
62.0
52.0
49.0
57.0
45.0
52.0
75.0
54.0
61.0
56.0
56.0
49.0
45.0
47.0
68.0
68.0
69.0
70.0
63.0
65.0
65.0
73.0
88.0
98.0
91.0
97.0
86.0
77.0
71.0
73.0
81.0
75.0
65.0
58.0
71.0
75.0
64.0
71.0
60.0
55.0
57.0
58.0
54.0
58.0
51.0
55.0
61.0
55.0
44.0
60.0
55.0
67.0
71.0
68.0
69.0
65.0
57.0
66.0
64.0
60.0
57.0
57.0
63.0
41.0
52.0
50.0
65.0
68.0
69.0
72.0
69.0
68.0
71.0
64.0
65.0
66.0
67.0
68.0
70.0
59.0
66.0
68.0
66.0
53.0
53.0
53.0
57.0
52.0
64.0
58.0
54.0
67.0
67.0
63.0
55.0
72.0
65.0
72.0
71.0
80.0
77.0
85.0
63.0
63.0
70.0
67.0
72.0
71.0
70.0
70.0
60.0
55.0
54.0
55.0
67.0
59.0
57.0
67.0
50.0
64.0
70.0
60.0
64.0
66.0
67.0
65.0
53.0
47.0
60.0
68.0
68.0
59.0
63.0
61.0
76.0
71.0
81.0
74.0
66.0
50.0
61.0
67.0
76.0
76.0
69.0
69.0
49.0
49.0
40.0
39.0
51.0
49.0
54.0
58.0
67.0
67.0
60.0
60.0
71.0
60.0
65.0
56.0
65.0
64.0
62.0
58.0
56.0
47.0
64.0
57.0
65.0
68.0
75.0
66.0
74.0
71.0
63.0
66.0
76.0
67.0
58.0
69.0
84.0
78.0
81.0
70.0
65.0
59.0
72.0
58.0
59.0
68.0
56.0
47.0
59.0
59.0
69.0
87.0
80.0
98.0
87.0
91.0
117.0
129.0
131.0
136.0
140.0
115.0
103.0
80.0
65.0
66.0
63.0
60.0
60.0
61.0
54.0
60.0
47.0
40.0
44.0
50.0
57.0
62.0
68.0
62.0
66.0
69.0
55.0
61.0
53.0
51.0
53.0
61.0
59.0
54.0
56.0
46.0
47.0
43.0
40.0
41.0
45.0
47.0
54.0
62.0
65.0
62.0
59.0
60.0
47.0
64.0
59.0
61.0
63.0
64.0
66.0
59.0
66.0
56.0
51.0
52.0
51.0
44.0
42.0
42.0
38.0
32.0
44.0
40.0
46.0
45.0
45.0
48.0
44.0
49.0
48.0
61.0
58.0
57.0
53.0
51.0
45.0
68.0
53.0
50.0
56.0
51.0
52.0
61.0
62.0
58.0
48.0
43.0
42.0
47.0
43.0
53.0
44.0
38.0
48.0
44.0
46.0
46.0
49.0
52.0
57.0
53.0
59.0
54.0
51.0
47.0
59.0
61.0
42.0
40.0
44.0
46.0
56.0
46.0
38.0
41.0
31.0
31.0
37.0
42.0
46.0
52.0
47.0
48.0
45.0
54.0
67.0
73.0
69.0
79.0
72.0
74.0
73.0
73.0
69.0
82.0
71.0
68.0
67.0
50.0
46.0
57.0
52.0
68.0
57.0
40.0
50.0
77.0
77.0
56.0
58.0
53.0
53.0
59.0
72.0
62.0
64.0
79.0
64.0
45.0
48.0
64.0
71.0
60.0
53.0
43.0
40.0
26.0
31.0
31.0
60.0
69.0
60.0
59.0
59.0
58.0
41.0
40.0
50.0
38.0
43.0
50.0
49.0
50.0
48.0
51.0
46.0
45.0
34.0
32.0
31.0
41.0
50.0
46.0
45.0
37.0
36.0
40.0
39.0
41.0
44.0
44.0
62.0
62.0
57.0
70.0
69.0
63.0
66.0
56.0
66.0
58.0
60.0
59.0
60.0
56.0
53.0
52.0
59.0
57.0
47.0
42.0
58.0
73.0
56.0
43.0
47.0
50.0
40.0
52.0
59.0
59.0
52.0
43.0
47.0
43.0
54.0
41.0
59.0
42.0
51.0
61.0
54.0
51.0
50.0
45.0
66.0
80.0
59.0
47.0
61.0
49.0
36.0
57.0
40.0
