0.0
0.0
0.0
0.0
0.0
0.0
0.0
0.0
0.0
0.0
0.0
0.0
0.0
0.0
0.0
0.0
0.0
0.0
0.0
0.0
0.0
0.0
0.0
0.0
0.0
0.0
0.0
0.0
0.0
0.0
0.0
0.0
0.0
10042.0
8705.0
6078.0
4484.0
1541.0
908.0
836.0
838.0
888.0
997.0
1214.0
1613.0
1805.0
2824.0
4337.0
4280.0
3115.0
1329.0
797.0
681.0
665.0
685.0
734.0
887.0
924.0
1011.0
925.0
769.0
641.0
530.0
549.0
550.0
567.0
639.0
611.0
692.0
739.0
927.0
1083.0
1351.0
1962.0
2754.0
6533.0
19665.0
49598.0
74546.0
66172.0
33170.0
11113.0
2934.0
1533.0
1370.0
1697.0
3576.0
9012.0
14644.0
15830.0
10637.0
5526.0
2268.0
966.0
670.0
637.0
498.0
558.0
491.0
544.0
563.0
596.0
591.0
598.0
481.0
547.0
497.0
623.0
571.0
422.0
457.0
508.0
493.0
404.0
548.0
534.0
545.0
562.0
523.0
468.0
492.0
555.0
499.0
560.0
629.0
590.0
633.0
524.0
553.0
533.0
555.0
504.0
538.0
624.0
611.0
559.0
528.0
626.0
636.0
513.0
568.0
584.0
605.0
717.0
645.0
698.0
579.0
634.0
605.0
647.0
611.0
684.0
738.0
728.0
798.0
1179.0
1362.0
1468.0
1297.0
895.0
824.0
685.0
779.0
742.0
742.0
942.0
1052.0
1042.0
1072.0
821.0
772.0
783.0
716.0
814.0
738.0
744.0
908.0
801.0
820.0
816.0
706.0
682.0
752.0
960.0
1007.0
779.0
675.0
767.0
679.0
720.0
807.0
676.0
691.0
673.0
776.0
827.0
800.0
637.0
671.0
670.0
636.0
705.0
636.0
636.0
652.0
669.0
654.0
681.0
684.0
700.0
736.0
655.0
659.0
770.0
769.0
806.0
719.0
650.0
602.0
648.0
762.0
734.0
638.0
602.0
712.0
763.0
804.0
742.0
806.0
707.0
723.0
981.0
967.0
844.0
724.0
747.0
762.0
1080.0
1126.0
866.0
768.0
639.0
609.0
569.0
645.0
632.0
685.0
677.0
558.0
638.0
723.0
708.0
668.0
735.0
767.0
777.0
642.0
740.0
653.0
686.0
700.0
743.0
763.0
677.0
725.0
730.0
792.0
693.0
808.0
894.0
987.0
797.0
727.0
681.0
721.0
737.0
717.0
689.0
668.0
773.0
714.0
793.0
694.0
711.0
759.0
775.0
765.0
868.0
807.0
798.0
735.0
730.0
688.0
606.0
606.0
716.0
675.0
781.0
737.0
781.0
758.0
792.0
759.0
729.0
743.0
689.0
803.0
984.0
817.0
788.0
894.0
740.0
714.0
754.0
739.0
795.0
802.0
889.0
816.0
747.0
731.0
573.0
569.0
652.0
669.0
614.0
639.0
734.0
704.0
736.0
712.0
774.0
828.0
828.0
811.0
740.0
845.0
794.0
785.0
790.0
794.0
874.0
704.0
685.0
589.0
662.0
694.0
653.0
709.0
651.0
670.0
688.0
639.0
731.0
780.0
650.0
608.0
600.0
655.0
742.0
675.0
699.0
600.0
664.0
642.0
690.0
653.0
739.0
745.0
816.0
789.0
627.0
684.0
659.0
584.0
621.0
692.0
633.0
695.0
694.0
614.0
793.0
857.0
705.0
642.0
706.0
636.0
577.0
593.0
532.0
610.0
539.0
657.0
627.0
682.0
757.0
693.0
661.0
731.0
656.0
659.0
586.0
676.0
651.0
660.0
636.0
700.0
651.0
659.0
622.0
626.0
608.0
545.0
580.0
568.0
720.0
688.0
579.0
616.0
751.0
743.0
637.0
618.0
562.0
666.0
687.0
654.0
662.0
726.0
724.0
685.0
704.0
703.0
683.0
668.0
650.0
674.0
611.0
603.0
714.0
603.0
633.0
628.0
637.0
610.0
627.0
653.0
664.0
639.0
610.0
580.0
545.0
570.0
512.0
519.0
537.0
708.0
641.0
601.0
655.0
636.0
490.0
623.0
612.0
585.0
545.0
522.0
562.0
546.0
552.0
620.0
627.0
610.0
626.0
607.0
625.0
618.0
579.0
601.0
574.0
592.0
587.0
570.0
585.0
553.0
611.0
720.0
1077.0
3589.0
14046.0
38105.0
66993.0
72451.0
50083.0
21138.0
6038.0
1679.0
881.0
719.0
575.0
471.0
542.0
567.0
586.0
559.0
471.0
579.0
592.0
620.0
568.0
492.0
463.0
492.0
532.0
542.0
472.0
494.0
502.0
468.0
506.0
513.0
523.0
529.0
473.0
518.0
507.0
432.0
367.0
398.0
464.0
433.0
437.0
434.0
458.0
444.0
511.0
560.0
549.0
653.0
765.0
639.0
555.0
475.0
487.0
490.0
465.0
585.0
549.0
534.0
540.0
470.0
440.0
499.0
477.0
472.0
506.0
450.0
436.0
466.0
423.0
419.0
399.0
368.0
442.0
396.0
539.0
844.0
1734.0
3968.0
6798.0
7996.0
6352.0
3306.0
1356.0
794.0
643.0
704.0
717.0
850.0
1338.0
1668.0
1625.0
1183.0
728.0
543.0
494.0
416.0
468.0
428.0
416.0
431.0
453.0
430.0
473.0
407.0
418.0
473.0
473.0
462.0
455.0
468.0
446.0
442.0
401.0
371.0
362.0
372.0
403.0
361.0
369.0
437.0
429.0
454.0
481.0
481.0
487.0
393.0
390.0
413.0
432.0
370.0
365.0
388.0
379.0
405.0
374.0
380.0
428.0
379.0
386.0
352.0
330.0
369.0
355.0
369.0
417.0
430.0
401.0
461.0
471.0
461.0
388.0
371.0
385.0
379.0
416.0
388.0
416.0
426.0
406.0
390.0
421.0
419.0
408.0
397.0
456.0
472.0
395.0
404.0
400.0
357.0
349.0
375.0
361.0
399.0
410.0
356.0
394.0
396.0
354.0
337.0
335.0
329.0
309.0
315.0
344.0
398.0
382.0
388.0
323.0
332.0
364.0
333.0
339.0
385.0
348.0
336.0
371.0
398.0
369.0
395.0
354.0
381.0
344.0
430.0
374.0
397.0
392.0
416.0
401.0
395.0
370.0
325.0
361.0
359.0
359.0
331.0
308.0
271.0
318.0
323.0
388.0
438.0
441.0
440.0
442.0
390.0
355.0
356.0
397.0
391.0
396.0
393.0
384.0
335.0
413.0
398.0
386.0
402.0
381.0
393.0
385.0
361.0
354.0
321.0
354.0
401.0
412.0
555.0
584.0
583.0
527.0
482.0
412.0
367.0
376.0
382.0
449.0
441.0
551.0
613.0
553.0
488.0
444.0
407.0
442.0
387.0
360.0
295.0
272.0
298.0
333.0
298.0
299.0
294.0
303.0
248.0
301.0
254.0
256.0
282.0
281.0
323.0
290.0
282.0
278.0
320.0
369.0
353.0
326.0
318.0
351.0
314.0
336.0
277.0
275.0
271.0
237.0
239.0
239.0
324.0
287.0
282.0
316.0
290.0
327.0
296.0
330.0
329.0
352.0
344.0
347.0
348.0
358.0
322.0
349.0
298.0
281.0
305.0
316.0
315.0
291.0
278.0
221.0
209.0
243.0
255.0
345.0
358.0
277.0
234.0
216.0
225.0
242.0
227.0
281.0
269.0
287.0
300.0
289.0
285.0
260.0
249.0
219.0
238.0
213.0
243.0
223.0
225.0
231.0
257.0
294.0
262.0
261.0
236.0
253.0
246.0
288.0
291.0
312.0
349.0
307.0
248.0
340.0
305.0
283.0
272.0
266.0
270.0
277.0
296.0
301.0
267.0
309.0
256.0
257.0
272.0
279.0
317.0
259.0
287.0
271.0
284.0
253.0
293.0
286.0
303.0
267.0
271.0
266.0
239.0
220.0
219.0
257.0
281.0
280.0
259.0
247.0
265.0
264.0
255.0
259.0
271.0
276.0
246.0
268.0
277.0
266.0
233.0
292.0
293.0
312.0
268.0
253.0
231.0
220.0
269.0
281.0
292.0
285.0
243.0
309.0
492.0
686.0
761.0
660.0
636.0
581.0
496.0
398.0
364.0
269.0
243.0
224.0
209.0
257.0
275.0
261.0
264.0
248.0
266.0
268.0
274.0
231.0
254.0
253.0
267.0
248.0
256.0
242.0
231.0
247.0
259.0
254.0
243.0
242.0
256.0
245.0
223.0
217.0
209.0
207.0
267.0
263.0
216.0
205.0
182.0
229.0
217.0
206.0
215.0
239.0
243.0
249.0
253.0
257.0
253.0
221.0
216.0
238.0
249.0
229.0
247.0
238.0
225.0
232.0
219.0
197.0
223.0
262.0
255.0
244.0
236.0
231.0
202.0
209.0
235.0
243.0
228.0
218.0
193.0
256.0
223.0
249.0
245.0
237.0
248.0
195.0
187.0
212.0
251.0
239.0
265.0
264.0
245.0
233.0
267.0
211.0
199.0
186.0
215.0
214.0
217.0
252.0
235.0
233.0
246.0
261.0
260.0
237.0
220.0
220.0
226.0
227.0
269.0
250.0
274.0
317.0
277.0
205.0
202.0
242.0
236.0
233.0
209.0
238.0
245.0
224.0
225.0
230.0
237.0
219.0
189.0
246.0
245.0
213.0
242.0
244.0
307.0
330.0
310.0
276.0
258.0
246.0
237.0
234.0
230.0
198.0
218.0
250.0
250.0
273.0
268.0
240.0
209.0
230.0
227.0
186.0
217.0
219.0
208.0
218.0
249.0
215.0
218.0
213.0
217.0
198.0
215.0
202.0
216.0
204.0
206.0
210.0
198.0
205.0
258.0
411.0
718.0
1266.0
1299.0
1044.0
983.0
966.0
961.0
871.0
504.0
405.0
317.0
214.0
217.0
216.0
207.0
188.0
184.0
222.0
210.0
198.0
194.0
210.0
199.0
197.0
202.0
200.0
204.0
230.0
196.0
175.0
173.0
189.0
190.0
177.0
154.0
143.0
177.0
179.0
188.0
181.0
178.0
183.0
198.0
198.0
189.0
181.0
162.0
165.0
160.0
193.0
197.0
236.0
200.0
188.0
176.0
175.0
180.0
150.0
195.0
167.0
180.0
172.0
168.0
180.0
217.0
228.0
186.0
166.0
165.0
156.0
157.0
172.0
194.0
212.0
191.0
181.0
173.0
144.0
162.0
193.0
192.0
172.0
191.0
163.0
188.0
191.0
197.0
225.0
197.0
201.0
164.0
170.0
179.0
177.0
178.0
192.0
228.0
179.0
207.0
224.0
190.0
179.0
191.0
177.0
174.0
198.0
178.0
207.0
202.0
200.0
188.0
159.0
234.0
201.0
200.0
160.0
189.0
196.0
201.0
196.0
189.0
228.0
196.0
216.0
201.0
194.0
175.0
204.0
191.0
212.0
202.0
197.0
204.0
176.0
157.0
144.0
191.0
171.0
170.0
209.0
180.0
173.0
198.0
191.0
186.0
204.0
203.0
199.0
199.0
205.0
206.0
210.0
210.0
192.0
203.0
186.0
174.0
193.0
183.0
164.0
158.0
136.0
133.0
134.0
132.0
156.0
171.0
177.0
153.0
154.0
221.0
167.0
159.0
160.0
154.0
150.0
173.0
177.0
188.0
177.0
203.0
194.0
189.0
176.0
171.0
204.0
192.0
222.0
179.0
209.0
216.0
193.0
177.0
175.0
200.0
205.0
182.0
184.0
191.0
163.0
195.0
178.0
182.0
145.0
203.0
184.0
188.0
161.0
175.0
196.0
207.0
183.0
152.0
156.0
142.0
150.0
144.0
125.0
143.0
150.0
186.0
192.0
171.0
173.0
177.0
185.0
171.0
147.0
169.0
135.0
168.0
175.0
141.0
145.0
149.0
158.0
148.0
157.0
160.0
149.0
136.0
150.0
141.0
143.0
134.0
148.0
148.0
153.0
169.0
158.0
149.0
142.0
148.0
177.0
141.0
173.0
165.0
183.0
180.0
173.0
161.0
158.0
175.0
175.0
177.0
201.0
173.0
165.0
162.0
166.0
159.0
160.0
151.0
120.0
132.0
148.0
140.0
145.0
122.0
132.0
126.0
138.0
162.0
169.0
142.0
139.0
128.0
114.0
118.0
134.0
119.0
122.0
147.0
136.0
136.0
148.0
135.0
157.0
158.0
161.0
161.0
126.0
139.0
150.0
136.0
112.0
132.0
132.0
171.0
132.0
130.0
166.0
138.0
141.0
166.0
157.0
155.0
175.0
163.0
160.0
152.0
152.0
169.0
167.0
150.0
170.0
190.0
175.0
153.0
160.0
183.0
139.0
157.0
148.0
132.0
157.0
141.0
156.0
166.0
166.0
156.0
138.0
152.0
144.0
134.0
128.0
132.0
148.0
187.0
176.0
162.0
148.0
151.0
174.0
154.0
152.0
139.0
172.0
146.0
130.0
134.0
152.0
167.0
147.0
147.0
170.0
141.0
130.0
147.0
139.0
132.0
125.0
137.0
137.0
140.0
149.0
126.0
110.0
139.0
145.0
122.0
147.0
160.0
178.0
162.0
152.0
139.0
131.0
126.0
137.0
157.0
152.0
182.0
169.0
144.0
145.0
143.0
138.0
153.0
150.0
123.0
119.0
118.0
104.0
99.0
123.0
145.0
143.0
136.0
113.0
129.0
119.0
125.0
134.0
148.0
158.0
151.0
135.0
158.0
152.0
143.0
175.0
180.0
167.0
147.0
130.0
123.0
108.0
119.0
123.0
131.0
134.0
120.0
103.0
91.0
106.0
122.0
129.0
141.0
126.0
144.0
134.0
124.0
119.0
123.0
104.0
117.0
131.0
145.0
164.0
134.0
118.0
121.0
143.0
140.0
131.0
155.0
179.0
153.0
138.0
134.0
135.0
108.0
105.0
148.0
161.0
127.0
137.0
137.0
159.0
146.0
144.0
128.0
129.0
104.0
121.0
117.0
99.0
118.0
121.0
143.0
123.0
131.0
97.0
116.0
121.0
126.0
148.0
142.0
163.0
185.0
208.0
268.0
281.0
384.0
363.0
353.0
295.0
249.0
246.0
205.0
197.0
191.0
168.0
147.0
146.0
141.0
136.0
141.0
140.0
138.0
130.0
122.0
108.0
125.0
129.0
129.0
142.0
125.0
123.0
120.0
140.0
137.0
154.0
135.0
149.0
119.0
125.0
127.0
125.0
115.0
97.0
87.0
99.0
111.0
137.0
129.0
140.0
130.0
152.0
142.0
115.0
127.0
127.0
116.0
126.0
129.0
126.0
123.0
124.0
127.0
118.0
107.0
118.0
113.0
118.0
129.0
119.0
131.0
131.0
137.0
136.0
154.0
147.0
116.0
138.0
131.0
116.0
132.0
119.0
116.0
94.0
91.0
119.0
127.0
113.0
123.0
112.0
123.0
125.0
122.0
115.0
129.0
98.0
105.0
110.0
116.0
99.0
120.0
141.0
121.0
117.0
114.0
117.0
127.0
132.0
140.0
127.0
128.0
125.0
108.0
109.0
109.0
124.0
126.0
127.0
122.0
113.0
129.0
137.0
147.0
141.0
131.0
139.0
132.0
130.0
122.0
121.0
117.0
124.0
120.0
113.0
107.0
110.0
122.0
140.0
125.0
105.0
120.0
126.0
130.0
141.0
127.0
109.0
119.0
115.0
109.0
124.0
112.0
113.0
119.0
130.0
138.0
137.0
122.0
108.0
115.0
98.0
117.0
129.0
124.0
105.0
98.0
102.0
121.0
126.0
142.0
137.0
124.0
97.0
111.0
100.0
94.0
105.0
114.0
126.0
113.0
115.0
108.0
118.0
158.0
122.0
110.0
123.0
103.0
106.0
101.0
114.0
121.0
112.0
134.0
132.0
111.0
135.0
120.0
126.0
137.0
136.0
145.0
126.0
108.0
99.0
96.0
108.0
128.0
113.0
117.0
114.0
122.0
117.0
110.0
96.0
134.0
133.0
111.0
108.0
83.0
123.0
122.0
138.0
127.0
120.0
128.0
139.0
154.0
150.0
145.0
239.0
243.0
252.0
238.0
215.0
195.0
145.0
151.0
130.0
97.0
103.0
110.0
109.0
129.0
135.0
125.0
146.0
99.0
100.0
121.0
118.0
121.0
146.0
125.0
110.0
120.0
122.0
108.0
121.0
123.0
113.0
119.0
109.0
118.0
113.0
137.0
136.0
143.0
147.0
145.0
134.0
125.0
99.0
104.0
103.0
115.0
104.0
96.0
100.0
116.0
111.0
125.0
131.0
126.0
123.0
138.0
118.0
123.0
123.0
110.0
106.0
117.0
103.0
95.0
80.0
91.0
109.0
98.0
107.0
102.0
125.0
137.0
123.0
132.0
118.0
112.0
113.0
145.0
243.0
368.0
554.0
915.0
996.0
928.0
865.0
860.0
856.0
850.0
785.0
654.0
465.0
276.0
191.0
163.0
138.0
121.0
105.0
88.0
92.0
87.0
90.0
98.0
101.0
104.0
93.0
90.0
106.0
111.0
94.0
105.0
106.0
99.0
109.0
130.0
107.0
133.0
121.0
111.0
93.0
106.0
98.0
94.0
99.0
88.0
83.0
92.0
95.0
86.0
81.0
85.0
88.0
109.0
91.0
97.0
96.0
114.0
110.0
109.0
103.0
141.0
122.0
107.0
101.0
84.0
81.0
73.0
64.0
70.0
81.0
83.0
107.0
94.0
72.0
87.0
98.0
95.0
99.0
91.0
110.0
98.0
86.0
93.0
87.0
87.0
81.0
88.0
88.0
106.0
103.0
97.0
86.0
117.0
115.0
127.0
116.0
99.0
97.0
85.0
80.0
75.0
73.0
88.0
87.0
87.0
87.0
75.0
83.0
104.0
92.0
82.0
89.0
92.0
99.0
92.0
81.0
95.0
85.0
82.0
90.0
72.0
80.0
83.0
91.0
114.0
97.0
104.0
69.0
82.0
91.0
93.0
106.0
112.0
124.0
116.0
92.0
80.0
73.0
100.0
91.0
79.0
67.0
76.0
68.0
85.0
104.0
111.0
94.0
111.0
96.0
99.0
84.0
104.0
91.0
87.0
91.0
100.0
84.0
91.0
117.0
101.0
94.0
94.0
87.0
105.0
108.0
111.0
113.0
116.0
110.0
104.0
91.0
98.0
105.0
105.0
94.0
88.0
98.0
109.0
108.0
101.0
119.0
111.0
94.0
120.0
108.0
97.0
94.0
93.0
90.0
93.0
96.0
101.0
99.0
134.0
106.0
115.0
99.0
109.0
88.0
108.0
106.0
98.0
99.0
93.0
87.0
106.0
118.0
99.0
100.0
88.0
110.0
101.0
95.0
89.0
92.0
120.0
124.0
124.0
93.0
105.0
104.0
97.0
108.0
100.0
91.0
96.0
83.0
92.0
101.0
108.0
99.0
121.0
112.0
92.0
105.0
90.0
86.0
107.0
108.0
112.0
104.0
94.0
81.0
81.0
93.0
76.0
80.0
89.0
70.0
89.0
106.0
99.0
93.0
87.0
100.0
111.0
119.0
109.0
110.0
117.0
100.0
80.0
85.0
72.0
83.0
80.0
93.0
102.0
97.0
99.0
86.0
89.0
90.0
81.0
79.0
74.0
83.0
82.0
84.0
96.0
86.0
72.0
89.0
70.0
80.0
83.0
69.0
87.0
82.0
92.0
96.0
90.0
70.0
81.0
82.0
89.0
91.0
103.0
105.0
114.0
95.0
71.0
93.0
93.0
88.0
93.0
109.0
93.0
91.0
106.0
107.0
97.0
86.0
95.0
109.0
92.0
100.0
89.0
73.0
66.0
68.0
90.0
87.0
75.0
85.0
102.0
101.0
102.0
80.0
95.0
94.0
92.0
103.0
89.0
97.0
83.0
91.0
90.0
93.0
92.0
90.0
90.0
102.0
121.0
93.0
100.0
84.0
83.0
91.0
104.0
99.0
102.0
84.0
96.0
97.0
71.0
81.0
72.0
70.0
79.0
80.0
80.0
107.0
107.0
107.0
100.0
113.0
102.0
127.0
124.0
141.0
131.0
134.0
127.0
115.0
119.0
107.0
117.0
109.0
103.0
103.0
100.0
103.0
100.0
95.0
86.0
90.0
81.0
84.0
99.0
101.0
91.0
85.0
94.0
85.0
82.0
93.0
87.0
77.0
81.0
103.0
104.0
96.0
92.0
114.0
102.0
73.0
65.0
68.0
103.0
84.0
80.0
87.0
83.0
108.0
111.0
94.0
104.0
111.0
103.0
90.0
76.0
76.0
82.0
74.0
78.0
87.0
97.0
91.0
92.0
77.0
83.0
93.0
85.0
77.0
85.0
78.0
65.0
87.0
85.0
74.0
64.0
73.0
72.0
76.0
87.0
82.0
87.0
100.0
96.0
93.0
105.0
110.0
103.0
107.0
103.0
91.0
83.0
99.0
100.0
84.0
98.0
89.0
98.0
100.0
106.0
86.0
86.0
102.0
96.0
81.0
86.0
78.0
76.0
77.0
73.0
69.0
97.0
86.0
98.0
86.0
85.0
72.0
81.0
57.0
70.0
72.0
87.0
114.0
102.0
126.0
109.0
124.0
132.0
140.0
190.0
176.0
214.0
204.0
204.0
154.0
151.0
125.0
114.0
114.0
94.0
79.0
86.0
75.0
105.0
97.0
101.0
103.0
99.0
92.0
86.0
72.0
70.0
79.0
96.0
93.0
88.0
83.0
85.0
79.0
80.0
76.0
88.0
79.0
86.0
116.0
104.0
93.0
83.0
70.0
79.0
72.0
72.0
77.0
84.0
84.0
92.0
72.0
63.0
67.0
77.0
78.0
69.0
75.0
91.0
104.0
121.0
97.0
111.0
122.0
113.0
102.0
83.0
77.0
74.0
76.0
93.0
90.0
97.0
94.0
67.0
83.0
84.0
82.0
83.0
78.0
66.0
80.0
75.0
84.0
69.0
85.0
88.0
83.0
93.0
94.0
96.0
73.0
84.0
85.0
76.0
69.0
68.0
70.0
75.0
68.0
78.0
71.0
64.0
72.0
83.0
78.0
79.0
78.0
74.0
62.0
66.0
96.0
101.0
83.0
90.0
79.0
66.0
70.0
81.0
93.0
90.0
98.0
103.0
121.0
120.0
118.0
98.0
95.0
98.0
73.0
62.0
70.0
76.0
67.0
63.0
109.0
97.0
74.0
80.0
75.0
89.0
101.0
110.0
94.0
79.0
72.0
76.0
54.0
48.0
62.0
56.0
55.0
87.0
76.0
77.0
79.0
72.0
58.0
101.0
86.0
80.0
73.0
63.0
63.0
44.0
52.0
75.0
78.0
76.0
74.0
68.0
69.0
65.0
54.0
50.0
74.0
70.0
70.0
70.0
66.0
102.0
96.0
82.0
71.0
58.0
70.0
73.0
66.0
74.0
73.0
81.0
76.0
80.0
83.0
85.0
86.0
82.0
78.0
71.0
74.0
73.0
76.0
74.0
87.0
80.0
82.0
88.0
84.0
74.0
65.0
58.0
59.0
50.0
76.0
78.0
82.0
81.0
92.0
106.0
88.0
89.0
90.0
89.0
78.0
76.0
86.0
77.0
98.0
99.0
93.0
89.0
55.0
65.0
59.0
64.0
67.0
89.0
86.0
78.0
76.0
64.0
73.0
98.0
83.0
72.0
72.0
75.0
77.0
84.0
78.0
70.0
67.0
72.0
66.0
54.0
87.0
85.0
86.0
80.0
87.0
103.0
89.0
74.0
61.0
86.0
73.0
78.0
74.0
75.0
64.0
65.0
65.0
67.0
62.0
88.0
76.0
78.0
79.0
82.0
69.0
92.0
77.0
69.0
65.0
66.0
78.0
74.0
76.0
67.0
75.0
90.0
117.0
154.0
132.0
125.0
103.0
90.0
82.0
76.0
68.0
84.0
86.0
73.0
72.0
59.0
69.0
71.0
60.0
83.0
81.0
89.0
82.0
85.0
92.0
82.0
77.0
88.0
88.0
83.0
75.0
72.0
73.0
75.0
72.0
70.0
80.0
71.0
74.0
73.0
78.0
68.0
76.0
69.0
65.0
80.0
85.0
98.0
71.0
69.0
75.0
73.0
68.0
68.0
78.0
79.0
65.0
83.0
75.0
75.0
77.0
84.0
86.0
83.0
73.0
57.0
75.0
86.0
75.0
74.0
76.0
79.0
61.0
54.0
66.0
58.0
82.0
60.0
67.0
68.0
54.0
92.0
75.0
72.0
77.0
80.0
82.0
71.0
62.0
71.0
78.0
70.0
73.0
65.0
71.0
71.0
82.0
74.0
77.0
80.0
62.0
72.0
64.0
83.0
80.0
77.0
92.0
77.0
85.0
89.0
82.0
85.0
69.0
111.0
122.0
104.0
97.0
98.0
91.0
88.0
86.0
87.0
98.0
98.0
85.0
73.0
66.0
70.0
74.0
75.0
80.0
76.0
72.0
60.0
52.0
85.0
84.0
79.0
76.0
88.0
88.0
78.0
78.0
79.0
73.0
69.0
72.0
77.0
76.0
67.0
77.0
79.0
70.0
89.0
91.0
123.0
157.0
175.0
187.0
183.0
169.0
149.0
136.0
117.0
110.0
102.0
96.0
88.0
73.0
72.0
64.0
83.0
99.0
93.0
88.0
92.0
80.0
72.0
73.0
65.0
60.0
70.0
70.0
79.0
67.0
67.0
64.0
57.0
58.0
51.0
83.0
71.0
98.0
72.0
53.0
65.0
49.0
64.0
65.0
63.0
70.0
83.0
77.0
77.0
70.0
72.0
73.0
76.0
73.0
69.0
71.0
76.0
49.0
69.0
83.0
88.0
70.0
83.0
96.0
92.0
85.0
82.0
73.0
75.0
73.0
81.0
69.0
95.0
133.0
140.0
133.0
140.0
157.0
146.0
114.0
96.0
76.0
72.0
92.0
94.0
90.0
79.0
75.0
77.0
74.0
68.0
83.0
90.0
94.0
80.0
78.0
78.0
68.0
59.0
60.0
78.0
78.0
67.0
68.0
78.0
86.0
88.0
101.0
83.0
74.0
80.0
82.0
78.0
79.0
77.0
79.0
76.0
86.0
74.0
83.0
86.0
100.0
98.0
88.0
82.0
92.0
85.0
76.0
68.0
62.0
50.0
70.0
71.0
69.0
72.0
89.0
62.0
65.0
60.0
53.0
52.0
60.0
58.0
69.0
76.0
69.0
69.0
65.0
72.0
62.0
66.0
65.0
64.0
81.0
68.0
55.0
81.0
72.0
70.0
68.0
72.0
73.0
84.0
83.0
88.0
80.0
85.0
76.0
73.0
89.0
85.0
82.0
97.0
85.0
74.0
67.0
69.0
79.0
74.0
79.0
105.0
114.0
117.0
127.0
119.0
132.0
121.0
129.0
115.0
94.0
90.0
100.0
77.0
71.0
63.0
67.0
49.0
63.0
64.0
54.0
71.0
74.0
84.0
74.0
78.0
75.0
59.0
64.0
60.0
59.0
70.0
82.0
66.0
86.0
68.0
58.0
55.0
53.0
61.0
61.0
65.0
74.0
70.0
63.0
76.0
73.0
75.0
79.0
85.0
71.0
65.0
52.0
60.0
58.0
63.0
75.0
79.0
68.0
68.0
71.0
69.0
82.0
75.0
64.0
68.0
71.0
69.0
70.0
62.0
72.0
70.0
75.0
68.0
57.0
51.0
57.0
74.0
71.0
64.0
57.0
64.0
66.0
57.0
70.0
80.0
63.0
73.0
68.0
60.0
53.0
55.0
65.0
66.0
66.0
60.0
72.0
59.0
69.0
53.0
71.0
68.0
78.0
82.0
77.0
79.0
88.0
79.0
83.0
91.0
71.0
73.0
58.0
68.0
72.0
74.0
67.0
69.0
78.0
71.0
70.0
60.0
59.0
60.0
63.0
61.0
57.0
70.0
58.0
59.0
73.0
58.0
57.0
73.0
73.0
71.0
72.0
80.0
84.0
69.0
59.0
74.0
70.0
70.0
50.0
56.0
53.0
62.0
78.0
73.0
61.0
71.0
74.0
66.0
72.0
73.0
62.0
75.0
79.0
68.0
88.0
69.0
68.0
63.0
69.0
69.0
62.0
53.0
68.0
70.0
63.0
63.0
69.0
80.0
68.0
70.0
61.0
62.0
64.0
51.0
62.0
62.0
62.0
73.0
84.0
71.0
81.0
93.0
82.0
73.0
70.0
80.0
72.0
78.0
70.0
77.0
94.0
72.0
76.0
58.0
53.0
67.0
71.0
64.0
47.0
56.0
54.0
62.0
65.0
60.0
51.0
65.0
58.0
67.0
58.0
61.0
68.0
48.0
48.0
62.0
58.0
62.0
67.0
66.0
56.0
55.0
57.0
75.0
63.0
53.0
69.0
73.0
83.0
67.0
68.0
72.0
77.0
65.0
73.0
59.0
45.0
46.0
63.0
74.0
80.0
70.0
65.0
53.0
50.0
55.0
60.0
55.0
54.0
63.0
58.0
64.0
73.0
69.0
76.0
68.0
77.0
61.0
56.0
65.0
66.0
75.0
73.0
58.0
57.0
53.0
51.0
49.0
53.0
48.0
39.0
43.0
43.0
51.0
62.0
54.0
55.0
47.0
53.0
56.0
62.0
57.0
58.0
56.0
64.0
64.0
61.0
60.0
56.0
62.0
59.0
63.0
66.0
64.0
67.0
59.0
52.0
58.0
71.0
70.0
65.0
67.0
60.0
52.0
41.0
62.0
53.0
62.0
68.0
73.0
86.0
71.0
57.0
58.0
57.0
65.0
63.0
66.0
76.0
72.0
68.0
59.0
58.0
54.0
55.0
53.0
53.0
43.0
52.0
68.0
64.0
64.0
64.0
58.0
64.0
58.0
61.0
64.0
62.0
52.0
58.0
59.0
61.0
70.0
62.0
57.0
60.0
51.0
62.0
63.0
56.0
57.0
60.0
58.0
58.0
62.0
71.0
56.0
68.0
73.0
70.0
72.0
53.0
54.0
52.0
54.0
59.0
44.0
56.0
54.0
64.0
55.0
62.0
64.0
54.0
58.0
60.0
54.0
50.0
54.0
49.0
59.0
56.0
54.0
83.0
53.0
61.0
66.0
59.0
68.0
61.0
67.0
58.0
66.0
57.0
68.0
71.0
65.0
61.0
60.0
69.0
71.0
67.0
51.0
49.0
56.0
61.0
61.0
65.0
58.0
58.0
60.0
58.0
53.0
55.0
71.0
67.0
69.0
66.0
80.0
53.0
59.0
72.0
66.0
64.0
63.0
56.0
55.0
64.0
70.0
67.0
50.0
41.0
44.0
51.0
61.0
77.0
62.0
55.0
61.0
70.0
65.0
76.0
67.0
66.0
55.0
60.0
63.0
58.0
75.0
66.0
69.0
73.0
68.0
59.0
52.0
63.0
65.0
71.0
73.0
90.0
66.0
120.0
135.0
150.0
113.0
190.0
244.0
241.0
317.0
261.0
247.0
248.0
262.0
245.0
225.0
181.0
158.0
92.0
67.0
57.0
66.0
67.0
54.0
56.0
60.0
55.0
57.0
62.0
60.0
70.0
58.0
56.0
54.0
66.0
66.0
65.0
59.0
57.0
59.0
55.0
52.0
44.0
46.0
59.0
64.0
56.0
60.0
64.0
77.0
68.0
63.0
62.0
51.0
52.0
55.0
61.0
66.0
70.0
70.0
69.0
59.0
63.0
69.0
51.0
51.0
60.0
59.0
54.0
62.0
74.0
60.0
54.0
56.0
51.0
59.0
65.0
64.0
69.0
64.0
62.0
47.0
49.0
58.0
63.0
50.0
50.0
44.0
57.0
51.0
60.0
62.0
54.0
65.0
52.0
49.0
47.0
60.0
61.0
61.0
54.0
51.0
59.0
59.0
61.0
56.0
46.0
36.0
52.0
53.0
49.0
58.0
52.0
62.0
57.0
94.0
88.0
106.0
107.0
85.0
89.0
82.0
85.0
73.0
62.0
55.0
56.0
59.0
49.0
65.0
69.0
64.0
70.0
58.0
55.0
54.0
58.0
68.0
67.0
53.0
46.0
66.0
62.0
62.0
60.0
72.0
59.0
67.0
60.0
53.0
53.0
46.0
60.0
64.0
62.0
58.0
56.0
66.0
70.0
62.0
68.0
62.0
52.0
64.0
73.0
71.0
63.0
77.0
85.0
64.0
67.0
67.0
57.0
62.0
80.0
83.0
80.0
70.0
73.0
73.0
71.0
57.0
61.0
61.0
78.0
63.0
55.0
54.0
55.0
52.0
57.0
54.0
55.0
49.0
48.0
65.0
54.0
66.0
66.0
59.0
60.0
76.0
72.0
83.0
71.0
71.0
68.0
72.0
84.0
80.0
66.0
59.0
56.0
62.0
70.0
65.0
62.0
53.0
45.0
55.0
50.0
61.0
63.0
54.0
43.0
49.0
52.0
49.0
47.0
59.0
59.0
58.0
57.0
57.0
59.0
48.0
50.0
45.0
51.0
51.0
59.0
57.0
67.0
46.0
49.0
61.0
64.0
55.0
55.0
58.0
60.0
60.0
66.0
64.0
71.0
65.0
70.0
74.0
87.0
79.0
80.0
78.0
61.0
65.0
54.0
54.0
53.0
54.0
65.0
61.0
53.0
49.0
49.0
58.0
58.0
69.0
63.0
64.0
71.0
76.0
72.0
61.0
84.0
76.0
64.0
70.0
74.0
77.0
71.0
65.0
59.0
71.0
70.0
61.0
72.0
75.0
72.0
75.0
62.0
66.0
69.0
67.0
54.0
49.0
43.0
58.0
53.0
66.0
65.0
59.0
49.0
50.0
52.0
61.0
65.0
68.0
69.0
61.0
73.0
59.0
53.0
72.0
58.0
54.0
56.0
57.0
56.0
53.0
45.0
50.0
61.0
59.0
69.0
78.0
72.0
78.0
64.0
59.0
60.0
57.0
71.0
74.0
71.0
61.0
65.0
71.0
76.0
76.0
73.0
75.0
78.0
78.0
75.0
62.0
56.0
59.0
64.0
56.0
50.0
50.0
49.0
66.0
57.0
67.0
65.0
62.0
73.0
82.0
80.0
70.0
83.0
100.0
100.0
137.0
159.0
177.0
140.0
133.0
110.0
105.0
98.0
87.0
72.0
49.0
66.0
65.0
63.0
47.0
55.0
54.0
49.0
54.0
53.0
67.0
45.0
37.0
50.0
62.0
55.0
51.0
48.0
46.0
45.0
38.0
41.0
40.0
48.0
44.0
52.0
51.0
47.0
53.0
49.0
44.0
45.0
54.0
55.0
45.0
45.0
52.0
47.0
51.0
56.0
49.0
54.0
54.0
51.0
48.0
50.0
45.0
55.0
55.0
44.0
45.0
48.0
41.0
39.0
43.0
46.0
46.0
46.0
42.0
40.0
48.0
49.0
58.0
51.0
42.0
38.0
54.0
50.0
42.0
35.0
29.0
28.0
44.0
51.0
54.0
49.0
47.0
46.0
42.0
44.0
32.0
40.0
38.0
39.0
43.0
36.0
37.0
35.0
42.0
65.0
44.0
43.0
37.0
35.0
36.0
35.0
41.0
36.0
44.0
35.0
43.0
42.0
39.0
43.0
41.0
42.0
42.0
55.0
41.0
52.0
51.0
41.0
38.0
40.0
35.0
45.0
45.0
49.0
42.0
46.0
50.0
48.0
67.0
62.0
74.0
75.0
86.0
68.0
61.0
50.0
44.0
32.0
29.0
27.0
30.0
29.0
36.0
35.0
40.0
50.0
56.0
50.0
45.0
45.0
42.0
38.0
32.0
35.0
36.0
49.0
48.0
48.0
47.0
51.0
45.0
47.0
49.0
60.0
48.0
39.0
36.0
35.0
39.0
34.0
37.0
43.0
50.0
45.0
39.0
38.0
50.0
51.0
48.0
43.0
41.0
40.0
60.0
50.0
43.0
51.0
51.0
46.0
41.0
43.0
40.0
51.0
51.0
54.0
43.0
44.0
39.0
42.0
36.0
38.0
41.0
42.0
41.0
47.0
56.0
56.0
60.0
50.0
48.0
51.0
52.0
39.0
41.0
33.0
32.0
51.0
46.0
45.0
47.0
49.0
67.0
57.0
57.0
53.0
55.0
51.0
38.0
50.0
50.0
52.0
51.0
43.0
38.0
34.0
38.0
52.0
48.0
47.0
51.0
52.0
49.0
44.0
48.0
42.0
47.0
52.0
38.0
48.0
54.0
51.0
40.0
53.0
51.0
61.0
48.0
51.0
