0.0
0.0
0.0
0.0
0.0
0.0
0.0
0.0
0.0
0.0
0.0
0.0
0.0
0.0
0.0
0.0
0.0
0.0
0.0
0.0
0.0
0.0
0.0
0.0
0.0
0.0
0.0
0.0
0.0
0.0
0.0
0.0
0.0
14481.0
21257.0
16000.0
14542.0
14428.0
13183.0
13847.0
14026.0
16579.0
21248.0
32713.0
44865.0
59733.0
88059.0
142606.0
156629.0
118265.0
53983.0
23657.0
15354.0
15553.0
16904.0
19388.0
22597.0
30808.0
36037.0
32887.0
22965.0
17003.0
13698.0
13019.0
12343.0
13721.0
13929.0
15080.0
16807.0
19476.0
24175.0
32850.0
42401.0
60298.0
87414.0
196015.0
569664.0
1545698.0
2556535.0
2578197.0
1461444.0
554930.0
143231.0
55884.0
43421.0
54708.0
108675.0
273375.0
488032.0
589633.0
431655.0
240129.0
103232.0
43186.0
20665.0
15780.0
13912.0
13910.0
12855.0
12731.0
11989.0
12006.0
11556.0
11704.0
11126.0
11547.0
11319.0
11762.0
11045.0
11392.0
11315.0
11497.0
10758.0
11178.0
11137.0
11462.0
11201.0
11291.0
11191.0
11700.0
11595.0
12155.0
12264.0
13221.0
13629.0
15195.0
15631.0
15197.0
12538.0
12466.0
11727.0
12327.0
11950.0
12667.0
12238.0
13211.0
13383.0
13660.0
13005.0
13050.0
12308.0
12617.0
13035.0
13155.0
12895.0
13630.0
13038.0
13909.0
13664.0
14455.0
14521.0
15456.0
16098.0
18314.0
23139.0
35250.0
47131.0
50254.0
38017.0
24252.0
16818.0
15669.0
15581.0
16195.0
17536.0
22242.0
27453.0
30529.0
26568.0
22459.0
18273.0
16739.0
15404.0
15930.0
15840.0
16601.0
16481.0
17621.0
17561.0
17985.0
16810.0
17166.0
15659.0
16464.0
16336.0
15866.0
14309.0
13799.0
12459.0
11858.0
11182.0
10235.0
9424.0
9490.0
8865.0
8314.0
8204.0
7881.0
7414.0
7519.0
6726.0
7294.0
7026.0
6738.0
6332.0
6462.0
6384.0
6545.0
6656.0
6952.0
6698.0
6127.0
5670.0
6273.0
6065.0
6156.0
5612.0
5631.0
5622.0
5738.0
5539.0
5406.0
5379.0
5551.0
5621.0
5567.0
5509.0
5753.0
5521.0
5364.0
5366.0
5650.0
5836.0
5696.0
5201.0
5433.0
5340.0
5624.0
5803.0
6188.0
5593.0
5732.0
5483.0
5577.0
5662.0
5596.0
5535.0
5601.0
5512.0
5478.0
5369.0
5590.0
5206.0
5695.0
5481.0
5689.0
5546.0
5608.0
5435.0
5759.0
5597.0
5568.0
5714.0
5667.0
5284.0
5805.0
5549.0
5775.0
5127.0
5619.0
5489.0
5029.0
4956.0
5064.0
4603.0
4864.0
4761.0
4642.0
4647.0
4788.0
4636.0
4895.0
4819.0
5163.0
5103.0
5395.0
5247.0
5485.0
5418.0
5662.0
5427.0
5562.0
5492.0
5574.0
5679.0
6027.0
6093.0
6642.0
6515.0
7719.0
8041.0
9281.0
10207.0
10902.0
11559.0
12799.0
13020.0
13690.0
13291.0
14044.0
12900.0
12762.0
12249.0
12603.0
12057.0
12093.0
11514.0
11948.0
11979.0
11983.0
11530.0
11841.0
11446.0
11545.0
11361.0
11233.0
10786.0
11017.0
11125.0
10708.0
10727.0
10889.0
10663.0
10851.0
10755.0
10472.0
10224.0
10590.0
10039.0
10179.0
9895.0
9571.0
9467.0
9778.0
9242.0
9947.0
9418.0
9421.0
9114.0
9243.0
9426.0
9110.0
8741.0
9008.0
8829.0
8882.0
8699.0
8839.0
8713.0
8951.0
8530.0
8718.0
8656.0
8723.0
8690.0
8791.0
8632.0
8270.0
8265.0
8273.0
8351.0
8001.0
8008.0
8042.0
8349.0
8239.0
7867.0
8098.0
8377.0
9009.0
8310.0
8689.0
8529.0
8617.0
8627.0
8738.0
8398.0
8147.0
8341.0
8340.0
8310.0
8037.0
8296.0
8524.0
8322.0
8124.0
7847.0
8224.0
8190.0
8371.0
7901.0
7987.0
8232.0
8155.0
7852.0
7836.0
7658.0
7664.0
7511.0
7818.0
7401.0
7751.0
7360.0
7472.0
7376.0
7419.0
7051.0
7199.0
6981.0
7310.0
6986.0
7236.0
7203.0
6626.0
6789.0
6713.0
6655.0
6909.0
6857.0
6863.0
6653.0
6789.0
6266.0
6384.0
6549.0
6307.0
6568.0
6243.0
6230.0
6195.0
6050.0
6060.0
6100.0
6097.0
6001.0
6252.0
6008.0
6038.0
5625.0
5783.0
5617.0
5800.0
5851.0
5643.0
5923.0
5974.0
5992.0
6303.0
6113.0
6834.0
6935.0
7531.0
7461.0
6603.0
5910.0
5676.0
5623.0
5744.0
5639.0
5777.0
5536.0
5352.0
5324.0
5535.0
5567.0
5631.0
5307.0
5736.0
5486.0
5646.0
5709.0
5984.0
5797.0
6769.0
7797.0
9792.0
12324.0
23898.0
82577.0
337332.0
1023993.0
2113211.0
2687281.0
2211280.0
1105788.0
369819.0
94938.0
34145.0
22255.0
18242.0
15143.0
12557.0
10449.0
9306.0
8335.0
7616.0
7345.0
6873.0
6353.0
6350.0
5800.0
5843.0
5626.0
5835.0
5640.0
5450.0
5298.0
5247.0
4972.0
5047.0
4871.0
4981.0
5016.0
5076.0
5016.0
4985.0
4758.0
4985.0
4829.0
4783.0
4867.0
4666.0
4977.0
5470.0
6167.0
7590.0
9233.0
11493.0
15819.0
20368.0
19736.0
14660.0
8452.0
6224.0
4924.0
5127.0
5131.0
5613.0
6025.0
6751.0
6999.0
6649.0
5566.0
5127.0
4671.0
4789.0
4863.0
4898.0
5121.0
5324.0
5604.0
6051.0
6732.0
7890.0
8918.0
11822.0
19084.0
44768.0
107926.0
212048.0
282794.0
256079.0
150427.0
62758.0
20930.0
9504.0
8047.0
11178.0
20720.0
40581.0
59379.0
61373.0
45426.0
25656.0
12255.0
6123.0
3838.0
3209.0
2704.0
2733.0
2675.0
2464.0
2348.0
2250.0
2385.0
2457.0
2493.0
2323.0
2407.0
2195.0
2404.0
2454.0
2305.0
2218.0
2104.0
2070.0
2086.0
1990.0
2119.0
2049.0
2075.0
2150.0
2194.0
2012.0
1935.0
2077.0
1949.0
2022.0
1955.0
1908.0
1777.0
1970.0
1990.0
1977.0
2057.0
1990.0
2208.0
2089.0
2079.0
1984.0
1875.0
2029.0
2080.0
2127.0
2145.0
2024.0
2171.0
2078.0
2137.0
1991.0
1970.0
2034.0
2030.0
2068.0
2154.0
2098.0
2116.0
2168.0
2143.0
2153.0
1815.0
1712.0
1817.0
1647.0
1718.0
1720.0
1766.0
1829.0
1974.0
1835.0
1767.0
1639.0
1673.0
1662.0
1560.0
1689.0
1565.0
1527.0
1536.0
1612.0
1532.0
1791.0
1669.0
1555.0
1455.0
1451.0
1604.0
1462.0
1512.0
1483.0
1630.0
1509.0
1465.0
1496.0
1495.0
1578.0
1529.0
1653.0
1611.0
1655.0
1646.0
1508.0
1533.0
1494.0
1734.0
1583.0
1577.0
1454.0
1465.0
1498.0
1485.0
1529.0
1552.0
1520.0
1585.0
1549.0
1464.0
1481.0
1546.0
1572.0
1505.0
1541.0
1503.0
1557.0
1477.0
1609.0
1543.0
1462.0
1337.0
1492.0
1417.0
1429.0
1366.0
1474.0
1300.0
1578.0
1434.0
1582.0
1489.0
1541.0
1481.0
1539.0
1507.0
1470.0
1491.0
1455.0
1426.0
1443.0
1707.0
1801.0
1914.0
1904.0
1721.0
1581.0
1564.0
1400.0
1456.0
1681.0
1662.0
1880.0
2087.0
1745.0
1602.0
1621.0
1496.0
1459.0
1361.0
1373.0
1407.0
1343.0
1430.0
1391.0
1312.0
1356.0
1356.0
1325.0
1253.0
1349.0
1396.0
1342.0
1301.0
1438.0
1428.0
1423.0
1442.0
1420.0
1400.0
1425.0
1392.0
1284.0
1280.0
1391.0
1492.0
1401.0
1277.0
1357.0
1324.0
1329.0
1384.0
1406.0
1350.0
1270.0
1370.0
1344.0
1416.0
1432.0
1414.0
1410.0
1334.0
1365.0
1273.0
1394.0
1255.0
1342.0
1374.0
1303.0
1286.0
1226.0
1302.0
1321.0
1224.0
1195.0
1195.0
1210.0
1255.0
1321.0
1268.0
1432.0
1327.0
1351.0
1245.0
1307.0
1302.0
1193.0
1313.0
1353.0
1289.0
1390.0
1357.0
1301.0
1292.0
1251.0
1273.0
1303.0
1197.0
1170.0
1242.0
1388.0
1266.0
1354.0
1257.0
1286.0
1222.0
1222.0
1143.0
1180.0
1232.0
1359.0
1162.0
1309.0
1384.0
1276.0
1308.0
1245.0
1191.0
1160.0
1177.0
1197.0
1209.0
1282.0
1376.0
1295.0
1251.0
1242.0
1328.0
1140.0
1162.0
1197.0
1203.0
1290.0
1278.0
1149.0
1280.0
1163.0
1411.0
1309.0
1297.0
1272.0
1231.0
1138.0
1262.0
1122.0
1164.0
1224.0
1298.0
1209.0
1284.0
1199.0
1211.0
1277.0
1202.0
1226.0
1137.0
1167.0
1192.0
1205.0
1119.0
1164.0
1222.0
1268.0
1181.0
1235.0
1222.0
1320.0
1209.0
1135.0
1229.0
1195.0
1120.0
1206.0
1172.0
1318.0
1494.0
1565.0
1927.0
2243.0
1949.0
1881.0
1689.0
1464.0
1348.0
1247.0
1380.0
1293.0
1322.0
1306.0
1432.0
1281.0
1220.0
1214.0
1203.0
1300.0
1286.0
1262.0
1196.0
1316.0
1228.0
1258.0
1263.0
1152.0
1283.0
1215.0
1204.0
1255.0
1200.0
1293.0
1168.0
1244.0
1298.0
1218.0
1237.0
1234.0
1220.0
1140.0
1143.0
1179.0
1128.0
1341.0
1265.0
1267.0
1251.0
1326.0
1238.0
1402.0
1296.0
1312.0
1207.0
1466.0
1379.0
1307.0
1372.0
1419.0
1377.0
1333.0
1365.0
1376.0
1403.0
1525.0
1588.0
1578.0
1713.0
1895.0
2000.0
2061.0
1815.0
1539.0
1136.0
1068.0
940.0
1028.0
997.0
1120.0
1130.0
1046.0
1018.0
995.0
1010.0
1024.0
983.0
1023.0
1005.0
1007.0
972.0
1073.0
1009.0
1001.0
1117.0
1032.0
996.0
1059.0
1059.0
1006.0
990.0
988.0
1035.0
1037.0
978.0
986.0
1083.0
1033.0
1102.0
983.0
982.0
996.0
1096.0
1068.0
1003.0
1075.0
1025.0
957.0
991.0
1028.0
1042.0
938.0
979.0
1004.0
1013.0
968.0
917.0
753.0
817.0
822.0
884.0
930.0
1004.0
981.0
1012.0
1002.0
1153.0
1213.0
1111.0
1195.0
1128.0
1087.0
1061.0
1035.0
1024.0
995.0
1018.0
1015.0
1165.0
1038.0
1009.0
1039.0
963.0
838.0
903.0
896.0
985.0
939.0
947.0
886.0
835.0
773.0
871.0
822.0
806.0
759.0
748.0
826.0
828.0
820.0
710.0
735.0
672.0
715.0
840.0
1004.0
1137.0
1475.0
2105.0
2391.0
2263.0
2032.0
1742.0
1473.0
1119.0
994.0
893.0
923.0
835.0
784.0
820.0
707.0
700.0
861.0
796.0
708.0
749.0
841.0
759.0
696.0
717.0
790.0
753.0
789.0
685.0
686.0
706.0
730.0
739.0
752.0
825.0
778.0
793.0
676.0
691.0
705.0
686.0
688.0
737.0
750.0
771.0
690.0
810.0
735.0
749.0
698.0
707.0
763.0
806.0
756.0
739.0
683.0
751.0
727.0
789.0
716.0
724.0
648.0
703.0
767.0
736.0
765.0
696.0
727.0
676.0
682.0
677.0
712.0
727.0
825.0
733.0
747.0
669.0
708.0
701.0
722.0
622.0
754.0
695.0
642.0
636.0
617.0
660.0
688.0
688.0
617.0
627.0
664.0
648.0
680.0
671.0
668.0
642.0
709.0
738.0
672.0
669.0
707.0
661.0
651.0
711.0
741.0
698.0
656.0
631.0
595.0
640.0
691.0
680.0
684.0
683.0
699.0
626.0
561.0
721.0
722.0
668.0
759.0
653.0
700.0
662.0
587.0
665.0
751.0
644.0
665.0
677.0
612.0
713.0
688.0
643.0
582.0
694.0
621.0
566.0
692.0
651.0
732.0
728.0
697.0
646.0
741.0
698.0
734.0
655.0
672.0
680.0
616.0
589.0
650.0
613.0
600.0
589.0
632.0
648.0
581.0
606.0
647.0
585.0
616.0
539.0
554.0
553.0
633.0
654.0
693.0
725.0
665.0
652.0
677.0
614.0
584.0
635.0
622.0
668.0
591.0
610.0
657.0
617.0
597.0
600.0
633.0
600.0
665.0
641.0
649.0
656.0
561.0
609.0
606.0
637.0
628.0
617.0
605.0
625.0
687.0
586.0
627.0
639.0
584.0
598.0
627.0
616.0
602.0
574.0
631.0
605.0
577.0
617.0
572.0
542.0
543.0
578.0
617.0
642.0
566.0
602.0
562.0
587.0
576.0
532.0
455.0
538.0
572.0
546.0
512.0
491.0
507.0
565.0
597.0
578.0
609.0
615.0
571.0
574.0
581.0
503.0
553.0
539.0
533.0
559.0
569.0
648.0
654.0
609.0
589.0
579.0
560.0
563.0
529.0
564.0
578.0
526.0
575.0
584.0
544.0
549.0
616.0
582.0
527.0
546.0
513.0
499.0
506.0
475.0
487.0
517.0
485.0
528.0
470.0
519.0
539.0
568.0
638.0
615.0
583.0
575.0
510.0
545.0
542.0
570.0
526.0
565.0
558.0
504.0
534.0
522.0
521.0
520.0
541.0
506.0
515.0
495.0
525.0
524.0
507.0
557.0
490.0
446.0
477.0
558.0
566.0
509.0
487.0
584.0
541.0
532.0
589.0
545.0
481.0
552.0
565.0
498.0
503.0
516.0
555.0
519.0
494.0
557.0
538.0
525.0
601.0
610.0
526.0
536.0
565.0
540.0
579.0
579.0
493.0
472.0
547.0
541.0
543.0
519.0
514.0
507.0
486.0
515.0
469.0
469.0
451.0
450.0
523.0
555.0
544.0
536.0
545.0
556.0
562.0
549.0
509.0
468.0
459.0
449.0
439.0
500.0
560.0
521.0
501.0
532.0
603.0
484.0
495.0
539.0
544.0
505.0
470.0
520.0
567.0
545.0
578.0
552.0
496.0
529.0
571.0
506.0
527.0
545.0
546.0
534.0
487.0
508.0
496.0
500.0
507.0
543.0
501.0
480.0
524.0
527.0
583.0
564.0
490.0
459.0
485.0
511.0
511.0
456.0
441.0
475.0
464.0
469.0
494.0
563.0
516.0
542.0
519.0
469.0
451.0
444.0
471.0
493.0
472.0
509.0
507.0
478.0
536.0
490.0
587.0
518.0
554.0
530.0
516.0
515.0
467.0
482.0
459.0
458.0
482.0
491.0
469.0
570.0
527.0
469.0
469.0
452.0
469.0
473.0
437.0
551.0
482.0
465.0
421.0
449.0
413.0
432.0
500.0
542.0
597.0
569.0
603.0
575.0
626.0
517.0
469.0
440.0
447.0
469.0
472.0
547.0
568.0
521.0
458.0
535.0
501.0
562.0
498.0
496.0
455.0
455.0
423.0
442.0
496.0
498.0
496.0
526.0
475.0
446.0
462.0
498.0
541.0
700.0
881.0
1167.0
1747.0
2651.0
3592.0
5053.0
6679.0
8337.0
9237.0
10300.0
10262.0
9632.0
8246.0
6592.0
5035.0
3602.0
2510.0
1698.0
1135.0
869.0
843.0
680.0
586.0
547.0
556.0
526.0
489.0
493.0
511.0
468.0
484.0
436.0
450.0
489.0
520.0
521.0
517.0
465.0
472.0
486.0
497.0
484.0
446.0
466.0
416.0
440.0
437.0
421.0
442.0
490.0
507.0
503.0
467.0
492.0
493.0
443.0
442.0
432.0
480.0
438.0
456.0
444.0
435.0
429.0
425.0
447.0
400.0
451.0
466.0
492.0
432.0
445.0
458.0
450.0
449.0
435.0
437.0
405.0
440.0
468.0
476.0
448.0
485.0
525.0
537.0
479.0
496.0
581.0
604.0
529.0
569.0
492.0
503.0
486.0
466.0
477.0
486.0
463.0
437.0
458.0
460.0
473.0
444.0
403.0
418.0
425.0
433.0
395.0
422.0
403.0
438.0
377.0
385.0
419.0
423.0
412.0
440.0
427.0
440.0
425.0
435.0
467.0
452.0
431.0
461.0
398.0
453.0
378.0
406.0
432.0
407.0
391.0
427.0
422.0
437.0
410.0
458.0
536.0
643.0
712.0
729.0
680.0
596.0
483.0
466.0
392.0
391.0
378.0
376.0
377.0
435.0
393.0
374.0
356.0
360.0
382.0
356.0
370.0
432.0
430.0
457.0
411.0
420.0
397.0
393.0
398.0
405.0
437.0
410.0
455.0
436.0
523.0
532.0
565.0
621.0
638.0
584.0
639.0
556.0
494.0
438.0
384.0
390.0
490.0
388.0
377.0
411.0
376.0
377.0
368.0
377.0
377.0
355.0
365.0
360.0
379.0
458.0
420.0
451.0
425.0
418.0
407.0
379.0
412.0
397.0
378.0
391.0
476.0
405.0
385.0
378.0
417.0
397.0
387.0
379.0
436.0
397.0
426.0
430.0
412.0
458.0
395.0
381.0
405.0
412.0
414.0
403.0
472.0
428.0
418.0
584.0
548.0
660.0
731.0
728.0
663.0
622.0
525.0
446.0
391.0
387.0
370.0
358.0
380.0
406.0
380.0
403.0
342.0
408.0
417.0
371.0
419.0
404.0
415.0
370.0
411.0
418.0
413.0
409.0
443.0
405.0
383.0
385.0
353.0
329.0
387.0
386.0
421.0
390.0
457.0
421.0
394.0
395.0
456.0
402.0
434.0
464.0
403.0
455.0
445.0
397.0
402.0
443.0
408.0
373.0
394.0
381.0
416.0
430.0
419.0
389.0
387.0
428.0
385.0
357.0
352.0
364.0
347.0
378.0
360.0
474.0
397.0
438.0
384.0
333.0
370.0
359.0
394.0
511.0
611.0
835.0
1092.0
1333.0
1788.0
1667.0
1631.0
1668.0
1392.0
1128.0
880.0
719.0
541.0
444.0
444.0
381.0
325.0
322.0
328.0
320.0
302.0
311.0
330.0
326.0
325.0
334.0
324.0
349.0
332.0
336.0
352.0
380.0
362.0
430.0
378.0
360.0
431.0
388.0
413.0
390.0
382.0
323.0
322.0
301.0
325.0
326.0
354.0
357.0
351.0
353.0
316.0
327.0
401.0
351.0
348.0
364.0
347.0
353.0
433.0
390.0
441.0
409.0
391.0
317.0
286.0
265.0
302.0
321.0
321.0
294.0
309.0
321.0
328.0
319.0
309.0
311.0
329.0
304.0
261.0
361.0
362.0
378.0
335.0
349.0
321.0
332.0
361.0
324.0
318.0
297.0
313.0
390.0
403.0
368.0
371.0
345.0
320.0
397.0
347.0
316.0
356.0
319.0
304.0
328.0
330.0
356.0
315.0
296.0
354.0
354.0
297.0
298.0
304.0
311.0
367.0
305.0
364.0
322.0
334.0
314.0
313.0
344.0
300.0
385.0
325.0
320.0
350.0
415.0
380.0
320.0
312.0
296.0
261.0
276.0
393.0
373.0
317.0
323.0
335.0
345.0
327.0
299.0
280.0
308.0
304.0
311.0
334.0
333.0
370.0
355.0
349.0
366.0
378.0
378.0
347.0
383.0
380.0
444.0
407.0
353.0
336.0
336.0
314.0
315.0
314.0
309.0
375.0
392.0
365.0
357.0
334.0
320.0
313.0
295.0
279.0
319.0
335.0
324.0
348.0
388.0
423.0
482.0
444.0
418.0
437.0
506.0
719.0
761.0
876.0
1225.0
1331.0
1537.0
1517.0
1434.0
1390.0
1178.0
1004.0
813.0
607.0
554.0
462.0
424.0
345.0
378.0
329.0
303.0
356.0
384.0
356.0
344.0
317.0
337.0
320.0
301.0
291.0
344.0
342.0
355.0
313.0
349.0
358.0
339.0
336.0
299.0
316.0
283.0
300.0
303.0
332.0
354.0
347.0
354.0
353.0
388.0
340.0
407.0
355.0
355.0
329.0
363.0
313.0
337.0
367.0
365.0
372.0
316.0
316.0
313.0
319.0
307.0
324.0
329.0
364.0
348.0
360.0
343.0
338.0
380.0
333.0
328.0
331.0
359.0
311.0
353.0
322.0
320.0
359.0
342.0
346.0
346.0
332.0
314.0
336.0
320.0
357.0
329.0
324.0
325.0
289.0
327.0
329.0
364.0
344.0
338.0
299.0
324.0
301.0
286.0
302.0
295.0
290.0
297.0
299.0
285.0
298.0
292.0
293.0
308.0
328.0
339.0
305.0
304.0
312.0
342.0
336.0
302.0
334.0
326.0
311.0
343.0
337.0
374.0
353.0
357.0
322.0
301.0
301.0
320.0
309.0
286.0
260.0
298.0
361.0
350.0
377.0
344.0
332.0
350.0
349.0
329.0
305.0
317.0
321.0
315.0
291.0
317.0
317.0
307.0
339.0
296.0
281.0
306.0
309.0
320.0
343.0
337.0
355.0
319.0
329.0
346.0
321.0
297.0
265.0
324.0
308.0
317.0
344.0
348.0
306.0
292.0
326.0
318.0
368.0
324.0
332.0
341.0
296.0
349.0
362.0
393.0
372.0
429.0
454.0
399.0
387.0
353.0
326.0
264.0
262.0
273.0
293.0
281.0
308.0
279.0
290.0
272.0
319.0
307.0
303.0
274.0
324.0
288.0
280.0
269.0
296.0
289.0
276.0
253.0
259.0
260.0
263.0
288.0
302.0
307.0
317.0
294.0
276.0
277.0
331.0
334.0
302.0
316.0
255.0
258.0
278.0
290.0
281.0
273.0
273.0
325.0
367.0
349.0
301.0
287.0
295.0
289.0
299.0
274.0
317.0
295.0
309.0
334.0
303.0
275.0
300.0
323.0
299.0
315.0
280.0
292.0
298.0
301.0
311.0
303.0
321.0
301.0
310.0
285.0
292.0
303.0
329.0
311.0
297.0
292.0
300.0
294.0
287.0
304.0
298.0
309.0
243.0
251.0
262.0
269.0
257.0
271.0
290.0
273.0
279.0
280.0
245.0
263.0
269.0
278.0
298.0
260.0
267.0
276.0
279.0
288.0
299.0
307.0
288.0
295.0
293.0
262.0
287.0
268.0
268.0
318.0
317.0
345.0
313.0
359.0
363.0
449.0
500.0
501.0
632.0
604.0
507.0
440.0
402.0
355.0
346.0
288.0
289.0
292.0
295.0
287.0
301.0
329.0
297.0
295.0
255.0
282.0
264.0
259.0
270.0
285.0
280.0
254.0
260.0
260.0
282.0
302.0
291.0
264.0
286.0
265.0
290.0
333.0
299.0
286.0
274.0
239.0
264.0
269.0
270.0
288.0
274.0
271.0
274.0
269.0
286.0
251.0
246.0
252.0
283.0
278.0
284.0
334.0
368.0
329.0
318.0
286.0
318.0
317.0
311.0
277.0
266.0
263.0
283.0
278.0
275.0
253.0
249.0
243.0
255.0
244.0
255.0
225.0
252.0
221.0
253.0
258.0
271.0
273.0
274.0
278.0
293.0
323.0
310.0
271.0
275.0
267.0
256.0
244.0
264.0
235.0
259.0
258.0
257.0
236.0
238.0
253.0
244.0
246.0
286.0
284.0
273.0
279.0
249.0
290.0
272.0
245.0
243.0
245.0
246.0
265.0
269.0
257.0
285.0
267.0
313.0
333.0
358.0
348.0
302.0
293.0
275.0
265.0
252.0
248.0
238.0
250.0
249.0
330.0
300.0
265.0
272.0
267.0
255.0
322.0
292.0
288.0
258.0
260.0
266.0
266.0
262.0
243.0
255.0
247.0
335.0
310.0
303.0
294.0
244.0
237.0
280.0
276.0
268.0
268.0
242.0
215.0
252.0
245.0
260.0
259.0
244.0
243.0
250.0
241.0
249.0
250.0
244.0
247.0
240.0
213.0
230.0
251.0
316.0
288.0
268.0
254.0
262.0
230.0
235.0
243.0
258.0
255.0
263.0
293.0
276.0
246.0
234.0
220.0
236.0
253.0
276.0
290.0
267.0
262.0
283.0
265.0
236.0
244.0
229.0
218.0
216.0
220.0
228.0
242.0
254.0
286.0
315.0
296.0
277.0
246.0
245.0
247.0
243.0
257.0
274.0
245.0
263.0
292.0
272.0
304.0
330.0
309.0
275.0
281.0
263.0
273.0
254.0
224.0
198.0
259.0
204.0
208.0
214.0
233.0
306.0
275.0
262.0
312.0
313.0
391.0
338.0
364.0
310.0
257.0
215.0
230.0
220.0
264.0
203.0
199.0
204.0
301.0
291.0
270.0
234.0
225.0
297.0
279.0
261.0
233.0
259.0
248.0
218.0
205.0
213.0
206.0
289.0
232.0
210.0
189.0
213.0
215.0
260.0
252.0
264.0
256.0
290.0
278.0
271.0
266.0
269.0
314.0
435.0
528.0
710.0
953.0
1041.0
1248.0
1151.0
935.0
657.0
466.0
384.0
307.0
278.0
264.0
232.0
239.0
219.0
219.0
301.0
263.0
250.0
241.0
242.0
270.0
249.0
233.0
262.0
272.0
257.0
271.0
282.0
283.0
246.0
235.0
249.0
304.0
276.0
250.0
261.0
251.0
272.0
245.0
244.0
258.0
276.0
256.0
272.0
232.0
219.0
192.0
200.0
225.0
211.0
297.0
239.0
213.0
216.0
214.0
258.0
261.0
290.0
247.0
263.0
249.0
242.0
225.0
267.0
220.0
207.0
181.0
263.0
239.0
223.0
215.0
213.0
273.0
265.0
301.0
255.0
247.0
299.0
297.0
300.0
333.0
276.0
376.0
307.0
265.0
244.0
263.0
215.0
213.0
196.0
282.0
254.0
231.0
222.0
249.0
306.0
284.0
275.0
243.0
259.0
235.0
199.0
266.0
230.0
275.0
259.0
243.0
264.0
268.0
274.0
259.0
241.0
250.0
239.0
281.0
261.0
235.0
276.0
217.0
250.0
223.0
226.0
255.0
271.0
226.0
227.0
221.0
285.0
294.0
248.0
262.0
312.0
248.0
235.0
247.0
233.0
234.0
222.0
242.0
228.0
206.0
208.0
205.0
193.0
201.0
216.0
208.0
209.0
223.0
241.0
254.0
341.0
326.0
381.0
419.0
481.0
525.0
512.0
512.0
499.0
432.0
354.0
293.0
263.0
247.0
207.0
199.0
257.0
256.0
275.0
211.0
221.0
230.0
262.0
230.0
233.0
210.0
226.0
245.0
294.0
258.0
283.0
254.0
266.0
215.0
192.0
238.0
253.0
278.0
271.0
245.0
283.0
278.0
248.0
266.0
238.0
216.0
265.0
287.0
265.0
219.0
218.0
251.0
231.0
247.0
236.0
234.0
241.0
229.0
247.0
259.0
237.0
204.0
245.0
259.0
251.0
243.0
240.0
241.0
255.0
239.0
222.0
241.0
245.0
345.0
379.0
370.0
371.0
426.0
370.0
358.0
337.0
304.0
260.0
270.0
292.0
265.0
248.0
270.0
279.0
236.0
262.0
263.0
271.0
250.0
233.0
227.0
203.0
233.0
220.0
263.0
263.0
259.0
237.0
226.0
235.0
221.0
236.0
251.0
263.0
283.0
285.0
236.0
260.0
243.0
232.0
225.0
229.0
243.0
243.0
220.0
233.0
254.0
264.0
229.0
274.0
293.0
268.0
249.0
218.0
206.0
202.0
208.0
246.0
238.0
207.0
242.0
230.0
227.0
205.0
198.0
217.0
215.0
214.0
223.0
253.0
215.0
185.0
218.0
214.0
203.0
241.0
217.0
214.0
226.0
264.0
247.0
259.0
246.0
255.0
206.0
231.0
227.0
216.0
240.0
261.0
268.0
257.0
272.0
265.0
293.0
286.0
285.0
340.0
317.0
307.0
266.0
263.0
225.0
218.0
234.0
223.0
255.0
330.0
343.0
366.0
367.0
399.0
406.0
384.0
332.0
291.0
276.0
245.0
216.0
205.0
201.0
227.0
216.0
227.0
199.0
203.0
204.0
208.0
199.0
209.0
236.0
244.0
229.0
224.0
235.0
208.0
225.0
242.0
224.0
250.0
238.0
229.0
215.0
217.0
222.0
219.0
212.0
207.0
224.0
235.0
204.0
248.0
267.0
241.0
220.0
222.0
238.0
263.0
234.0
226.0
221.0
229.0
226.0
226.0
221.0
234.0
230.0
225.0
224.0
189.0
221.0
238.0
248.0
233.0
235.0
231.0
222.0
221.0
216.0
185.0
198.0
212.0
208.0
209.0
257.0
218.0
199.0
196.0
196.0
236.0
222.0
220.0
212.0
199.0
204.0
216.0
231.0
220.0
197.0
216.0
215.0
179.0
217.0
218.0
223.0
197.0
214.0
241.0
264.0
257.0
222.0
260.0
233.0
290.0
333.0
344.0
402.0
522.0
652.0
810.0
831.0
799.0
699.0
471.0
387.0
327.0
267.0
265.0
216.0
226.0
232.0
239.0
224.0
209.0
204.0
201.0
205.0
186.0
204.0
207.0
206.0
222.0
228.0
213.0
213.0
209.0
210.0
209.0
215.0
204.0
211.0
233.0
214.0
219.0
222.0
208.0
218.0
219.0
240.0
242.0
241.0
226.0
232.0
274.0
330.0
408.0
471.0
468.0
608.0
589.0
615.0
644.0
581.0
508.0
437.0
344.0
293.0
271.0
246.0
239.0
236.0
220.0
213.0
211.0
220.0
215.0
203.0
211.0
196.0
190.0
206.0
206.0
223.0
199.0
207.0
221.0
227.0
249.0
301.0
285.0
250.0
250.0
233.0
205.0
214.0
211.0
225.0
223.0
232.0
228.0
242.0
207.0
201.0
217.0
210.0
217.0
211.0
214.0
213.0
186.0
191.0
203.0
229.0
193.0
191.0
201.0
211.0
196.0
205.0
192.0
198.0
214.0
206.0
212.0
216.0
228.0
215.0
206.0
209.0
199.0
195.0
220.0
229.0
204.0
223.0
231.0
236.0
235.0
246.0
211.0
212.0
182.0
190.0
188.0
199.0
212.0
204.0
212.0
223.0
233.0
230.0
237.0
215.0
223.0
204.0
237.0
211.0
210.0
200.0
229.0
213.0
213.0
215.0
206.0
216.0
188.0
187.0
176.0
174.0
174.0
185.0
183.0
182.0
184.0
167.0
180.0
205.0
205.0
209.0
197.0
204.0
173.0
183.0
191.0
185.0
178.0
197.0
200.0
229.0
222.0
176.0
198.0
204.0
188.0
184.0
210.0
206.0
200.0
213.0
207.0
205.0
201.0
191.0
200.0
202.0
184.0
178.0
172.0
204.0
189.0
203.0
216.0
220.0
205.0
227.0
239.0
217.0
184.0
196.0
207.0
188.0
200.0
196.0
194.0
189.0
191.0
187.0
173.0
174.0
170.0
186.0
195.0
212.0
203.0
195.0
195.0
184.0
197.0
207.0
228.0
251.0
214.0
211.0
209.0
203.0
198.0
200.0
206.0
192.0
185.0
197.0
229.0
213.0
208.0
198.0
188.0
195.0
195.0
206.0
186.0
200.0
188.0
207.0
213.0
213.0
211.0
214.0
184.0
186.0
167.0
177.0
193.0
161.0
193.0
166.0
162.0
171.0
193.0
172.0
184.0
191.0
188.0
186.0
200.0
181.0
189.0
219.0
197.0
198.0
191.0
199.0
213.0
213.0
214.0
213.0
223.0
217.0
202.0
204.0
194.0
209.0
196.0
181.0
192.0
180.0
188.0
171.0
193.0
197.0
173.0
192.0
195.0
206.0
230.0
253.0
253.0
246.0
235.0
208.0
210.0
187.0
182.0
191.0
175.0
200.0
213.0
195.0
225.0
228.0
184.0
183.0
197.0
174.0
176.0
166.0
184.0
217.0
234.0
206.0
191.0
211.0
246.0
237.0
239.0
227.0
204.0
217.0
206.0
214.0
219.0
207.0
200.0
236.0
232.0
241.0
235.0
244.0
262.0
243.0
240.0
328.0
317.0
351.0
335.0
429.0
468.0
536.0
739.0
791.0
752.0
794.0
689.0
538.0
462.0
389.0
310.0
243.0
221.0
202.0
183.0
164.0
184.0
185.0
166.0
180.0
176.0
174.0
183.0
181.0
177.0
172.0
174.0
190.0
185.0
177.0
180.0
188.0
193.0
197.0
204.0
209.0
194.0
184.0
200.0
199.0
216.0
210.0
218.0
224.0
210.0
213.0
196.0
203.0
235.0
235.0
235.0
202.0
201.0
192.0
192.0
227.0
238.0
209.0
213.0
208.0
187.0
204.0
214.0
213.0
193.0
185.0
167.0
167.0
184.0
187.0
183.0
174.0
184.0
174.0
186.0
197.0
183.0
188.0
187.0
189.0
199.0
198.0
208.0
203.0
177.0
177.0
185.0
187.0
185.0
174.0
189.0
194.0
217.0
225.0
222.0
213.0
190.0
206.0
202.0
194.0
171.0
199.0
195.0
210.0
226.0
195.0
207.0
216.0
250.0
256.0
260.0
237.0
246.0
261.0
266.0
226.0
232.0
210.0
196.0
169.0
179.0
189.0
213.0
198.0
174.0
170.0
182.0
175.0
172.0
168.0
159.0
194.0
187.0
206.0
195.0
172.0
189.0
192.0
215.0
192.0
190.0
176.0
188.0
161.0
170.0
152.0
166.0
167.0
179.0
162.0
179.0
179.0
203.0
191.0
175.0
166.0
178.0
163.0
196.0
183.0
182.0
159.0
165.0
207.0
210.0
208.0
185.0
200.0
201.0
221.0
205.0
193.0
176.0
182.0
169.0
185.0
166.0
171.0
193.0
183.0
172.0
168.0
170.0
183.0
193.0
202.0
192.0
188.0
205.0
203.0
255.0
229.0
242.0
246.0
224.0
224.0
219.0
249.0
229.0
209.0
198.0
199.0
204.0
176.0
182.0
189.0
204.0
204.0
186.0
198.0
219.0
197.0
220.0
171.0
180.0
193.0
188.0
173.0
177.0
182.0
166.0
183.0
176.0
174.0
174.0
164.0
184.0
169.0
176.0
195.0
187.0
184.0
192.0
178.0
188.0
173.0
198.0
204.0
184.0
217.0
207.0
187.0
191.0
180.0
180.0
181.0
163.0
190.0
182.0
173.0
185.0
176.0
185.0
166.0
169.0
178.0
202.0
181.0
169.0
179.0
203.0
198.0
201.0
194.0
178.0
174.0
189.0
181.0
201.0
204.0
213.0
242.0
247.0
216.0
212.0
249.0
227.0
220.0
242.0
216.0
194.0
177.0
196.0
217.0
197.0
194.0
182.0
188.0
183.0
166.0
175.0
166.0
179.0
170.0
175.0
191.0
176.0
183.0
191.0
201.0
196.0
212.0
202.0
187.0
195.0
190.0
225.0
209.0
193.0
187.0
200.0
188.0
195.0
188.0
214.0
211.0
193.0
183.0
203.0
189.0
175.0
194.0
200.0
202.0
205.0
200.0
203.0
189.0
225.0
208.0
185.0
188.0
196.0
182.0
197.0
210.0
194.0
206.0
191.0
183.0
198.0
202.0
206.0
210.0
203.0
200.0
212.0
212.0
209.0
207.0
211.0
196.0
174.0
182.0
211.0
192.0
184.0
180.0
206.0
234.0
237.0
224.0
239.0
230.0
266.0
273.0
301.0
380.0
418.0
417.0
400.0
444.0
348.0
299.0
287.0
253.0
242.0
225.0
175.0
174.0
187.0
176.0
165.0
165.0
167.0
161.0
157.0
139.0
163.0
172.0
171.0
150.0
144.0
136.0
124.0
147.0
170.0
163.0
169.0
177.0
192.0
185.0
191.0
180.0
184.0
165.0
160.0
167.0
171.0
174.0
136.0
119.0
149.0
160.0
165.0
170.0
166.0
173.0
170.0
166.0
176.0
173.0
186.0
156.0
164.0
169.0
159.0
132.0
131.0
135.0
134.0
126.0
123.0
134.0
150.0
140.0
152.0
147.0
167.0
151.0
163.0
152.0
192.0
171.0
156.0
138.0
121.0
140.0
191.0
162.0
153.0
207.0
175.0
171.0
150.0
149.0
138.0
145.0
141.0
134.0
144.0
137.0
151.0
147.0
124.0
167.0
140.0
130.0
130.0
131.0
126.0
126.0
125.0
121.0
116.0
119.0
122.0
135.0
113.0
109.0
123.0
118.0
127.0
178.0
166.0
170.0
150.0
144.0
147.0
144.0
145.0
149.0
141.0
130.0
124.0
131.0
134.0
156.0
187.0
201.0
264.0
223.0
243.0
225.0
212.0
184.0
203.0
186.0
173.0
172.0
161.0
157.0
139.0
123.0
162.0
169.0
152.0
153.0
207.0
199.0
207.0
197.0
176.0
183.0
220.0
225.0
189.0
175.0
185.0
169.0
159.0
150.0
183.0
198.0
181.0
173.0
170.0
152.0
154.0
142.0
120.0
162.0
181.0
159.0
145.0
129.0
179.0
164.0
152.0
173.0
159.0
144.0
138.0
167.0
148.0
139.0
149.0
135.0
110.0
110.0
89.0
158.0
182.0
176.0
162.0
138.0
124.0
131.0
123.0
116.0
112.0
114.0
120.0
144.0
156.0
147.0
154.0
157.0
164.0
173.0
145.0
164.0
171.0
163.0
143.0
168.0
153.0
127.0
120.0
143.0
154.0
187.0
156.0
169.0
132.0
134.0
133.0
164.0
140.0
135.0
153.0
181.0
165.0
155.0
174.0
191.0
173.0
161.0
148.0
176.0
166.0
166.0
152.0
143.0
154.0
173.0
157.0
141.0
166.0
173.0
143.0
151.0
136.0
161.0
170.0
179.0
