0.0
0.0
0.0
0.0
0.0
0.0
0.0
0.0
0.0
0.0
0.0
0.0
0.0
0.0
0.0
0.0
0.0
0.0
0.0
0.0
0.0
0.0
0.0
0.0
0.0
0.0
0.0
0.0
0.0
0.0
0.0
0.0
0.0
9294.0
10864.0
5788.0
4471.0
4055.0
3930.0
4007.0
4127.0
4618.0
5929.0
9110.0
12501.0
16726.0
24481.0
39783.0
43506.0
32610.0
14617.0
6375.0
4172.0
4136.0
4617.0
5184.0
6196.0
8393.0
9803.0
8946.0
6199.0
4598.0
3681.0
3378.0
3163.0
3681.0
3926.0
4190.0
4342.0
5225.0
6533.0
8866.0
11527.0
16533.0
23246.0
52997.0
157024.0
428892.0
706308.0
704486.0
393656.0
147653.0
37192.0
14427.0
11308.0
14701.0
29408.0
75440.0
135189.0
161213.0
117275.0
64121.0
27090.0
11034.0
5083.0
4052.0
3275.0
3380.0
3112.0
3123.0
2835.0
2926.0
2831.0
2881.0
2613.0
2863.0
2572.0
2898.0
2565.0
2789.0
2790.0
2783.0
2682.0
2835.0
2580.0
2747.0
2802.0
2594.0
2660.0
2774.0
2762.0
2836.0
2893.0
3460.0
3435.0
3826.0
3852.0
3725.0
2980.0
3088.0
2855.0
3063.0
2803.0
3297.0
3122.0
3296.0
3198.0
3516.0
3172.0
3166.0
3010.0
3129.0
3113.0
3085.0
3236.0
3328.0
3135.0
3411.0
3302.0
3626.0
3435.0
3785.0
3972.0
4354.0
5692.0
9000.0
12151.0
13125.0
10023.0
6217.0
4290.0
4006.0
3930.0
3974.0
4608.0
5535.0
6966.0
7933.0
7162.0
5946.0
4721.0
4369.0
4104.0
4105.0
3890.0
4279.0
4240.0
4709.0
4606.0
4797.0
4472.0
4477.0
3951.0
4294.0
4339.0
4125.0
3931.0
3550.0
3197.0
3146.0
2835.0
2885.0
2456.0
2549.0
2288.0
2089.0
2064.0
2046.0
1826.0
1937.0
1603.0
1815.0
1920.0
1749.0
1710.0
1696.0
1695.0
1630.0
1752.0
1692.0
1627.0
1715.0
1482.0
1483.0
1638.0
1573.0
1599.0
1540.0
1441.0
1549.0
1567.0
1498.0
1465.0
1519.0
1479.0
1544.0
1546.0
1493.0
1392.0
1578.0
1440.0
1594.0
1396.0
1313.0
1291.0
1243.0
1360.0
1729.0
1666.0
1634.0
1319.0
1284.0
1273.0
1358.0
1393.0
1387.0
1524.0
1536.0
1589.0
1645.0
1440.0
1545.0
1523.0
1545.0
1433.0
1648.0
1511.0
1442.0
1478.0
1422.0
1396.0
1430.0
1396.0
1643.0
1525.0
1579.0
1659.0
1532.0
1247.0
1664.0
1545.0
1307.0
1227.0
1365.0
1156.0
1207.0
1235.0
1255.0
1196.0
1427.0
1078.0
1292.0
1392.0
1503.0
1413.0
1542.0
1490.0
1337.0
1415.0
1566.0
1372.0
1658.0
1518.0
1629.0
1502.0
1641.0
1706.0
1892.0
1685.0
1979.0
2018.0
2342.0
2702.0
2836.0
3083.0
3306.0
3552.0
3415.0
3507.0
3855.0
3526.0
3452.0
3068.0
3307.0
3186.0
3177.0
2930.0
3137.0
2985.0
3093.0
3029.0
3099.0
2929.0
3195.0
2796.0
2963.0
3013.0
3017.0
2721.0
2937.0
2918.0
2930.0
2719.0
2774.0
2784.0
2684.0
2907.0
2938.0
2635.0
2715.0
2647.0
2700.0
2320.0
2580.0
2274.0
2439.0
2535.0
2353.0
2377.0
2491.0
2605.0
2548.0
2401.0
2317.0
2370.0
2341.0
2321.0
2488.0
2329.0
2347.0
2255.0
2125.0
2243.0
2361.0
2139.0
2316.0
2292.0
2336.0
2136.0
2331.0
2221.0
2252.0
2098.0
2200.0
2136.0
2135.0
2205.0
2068.0
2210.0
2384.0
2111.0
2161.0
2397.0
2278.0
2246.0
2311.0
2063.0
2290.0
2234.0
2186.0
2075.0
2319.0
2249.0
2223.0
2145.0
2155.0
2108.0
2206.0
2182.0
2198.0
2005.0
2099.0
2180.0
2074.0
1989.0
2019.0
2096.0
2059.0
1974.0
2090.0
2052.0
1944.0
1767.0
1963.0
1838.0
2068.0
1868.0
1746.0
1836.0
1732.0
1877.0
1839.0
1956.0
1644.0
1737.0
1656.0
1717.0
1883.0
1684.0
1707.0
1658.0
1754.0
1578.0
1540.0
1434.0
1625.0
1748.0
1547.0
1574.0
1575.0
1651.0
1591.0
1599.0
1596.0
1415.0
1566.0
1638.0
1431.0
1501.0
1596.0
1470.0
1552.0
1650.0
1513.0
1529.0
1441.0
1476.0
1684.0
1645.0
1963.0
1829.0
1992.0
1995.0
1709.0
1560.0
1450.0
1453.0
1474.0
1458.0
1437.0
1488.0
1498.0
1268.0
1343.0
1585.0
1521.0
1477.0
1427.0
1504.0
1596.0
1567.0
1440.0
1348.0
1588.0
1916.0
2736.0
3276.0
6440.0
22520.0
93481.0
284414.0
583184.0
733530.0
598067.0
294946.0
95585.0
23285.0
7296.0
4654.0
3625.0
3060.0
2445.0
2082.0
1709.0
1584.0
1195.0
1326.0
1105.0
1053.0
918.0
972.0
982.0
807.0
902.0
857.0
796.0
790.0
832.0
814.0
818.0
769.0
861.0
912.0
830.0
812.0
846.0
829.0
849.0
861.0
931.0
887.0
784.0
894.0
871.0
1078.0
1619.0
2001.0
2616.0
3921.0
4920.0
4785.0
3444.0
1918.0
1301.0
1010.0
928.0
1047.0
978.0
1221.0
1434.0
1446.0
1487.0
1139.0
993.0
951.0
904.0
940.0
937.0
848.0
1047.0
951.0
1051.0
1272.0
1611.0
1787.0
2641.0
4548.0
11919.0
29258.0
58476.0
78364.0
70494.0
40407.0
16523.0
5116.0
2285.0
1985.0
2620.0
5404.0
10788.0
16242.0
16489.0
12054.0
6614.0
3037.0
1585.0
857.0
657.0
528.0
608.0
586.0
639.0
624.0
618.0
513.0
568.0
538.0
642.0
565.0
510.0
572.0
586.0
625.0
512.0
550.0
591.0
600.0
512.0
515.0
475.0
507.0
499.0
509.0
464.0
476.0
470.0
492.0
458.0
499.0
471.0
431.0
561.0
527.0
508.0
463.0
495.0
598.0
644.0
516.0
530.0
460.0
467.0
518.0
472.0
567.0
578.0
513.0
429.0
497.0
527.0
502.0
433.0
477.0
549.0
438.0
508.0
476.0
521.0
406.0
427.0
414.0
463.0
465.0
470.0
399.0
522.0
460.0
459.0
459.0
492.0
489.0
471.0
416.0
439.0
374.0
387.0
411.0
444.0
477.0
435.0
422.0
440.0
402.0
417.0
471.0
434.0
402.0
387.0
454.0
455.0
457.0
455.0
458.0
384.0
410.0
401.0
495.0
495.0
450.0
447.0
424.0
437.0
407.0
448.0
460.0
449.0
467.0
433.0
419.0
419.0
407.0
405.0
422.0
434.0
407.0
392.0
379.0
321.0
380.0
447.0
471.0
464.0
494.0
490.0
432.0
445.0
393.0
395.0
441.0
493.0
417.0
465.0
420.0
403.0
454.0
569.0
503.0
561.0
492.0
447.0
430.0
421.0
444.0
491.0
460.0
359.0
375.0
394.0
478.0
556.0
516.0
431.0
447.0
421.0
462.0
426.0
456.0
513.0
446.0
468.0
618.0
534.0
506.0
440.0
432.0
447.0
392.0
346.0
403.0
414.0
367.0
393.0
353.0
343.0
379.0
402.0
347.0
320.0
388.0
353.0
362.0
384.0
400.0
352.0
371.0
385.0
347.0
386.0
366.0
374.0
383.0
371.0
365.0
386.0
357.0
388.0
345.0
368.0
391.0
406.0
434.0
417.0
433.0
435.0
402.0
405.0
455.0
418.0
420.0
433.0
411.0
431.0
350.0
344.0
408.0
392.0
338.0
351.0
412.0
379.0
345.0
352.0
398.0
404.0
360.0
350.0
369.0
381.0
408.0
377.0
350.0
317.0
316.0
391.0
377.0
413.0
386.0
369.0
320.0
338.0
366.0
344.0
381.0
367.0
390.0
336.0
330.0
322.0
346.0
345.0
332.0
368.0
382.0
360.0
358.0
317.0
327.0
368.0
327.0
299.0
392.0
392.0
424.0
402.0
344.0
356.0
376.0
366.0
346.0
400.0
373.0
359.0
366.0
325.0
368.0
422.0
304.0
338.0
326.0
385.0
419.0
375.0
312.0
308.0
267.0
311.0
370.0
337.0
352.0
343.0
387.0
334.0
334.0
342.0
424.0
344.0
318.0
314.0
344.0
316.0
271.0
309.0
346.0
333.0
313.0
402.0
362.0
315.0
313.0
343.0
290.0
329.0
342.0
333.0
333.0
328.0
300.0
318.0
340.0
307.0
322.0
386.0
436.0
455.0
538.0
520.0
508.0
528.0
485.0
363.0
363.0
332.0
364.0
307.0
314.0
313.0
368.0
304.0
233.0
311.0
344.0
277.0
232.0
291.0
269.0
317.0
351.0
321.0
321.0
320.0
310.0
292.0
299.0
292.0
302.0
298.0
330.0
363.0
339.0
337.0
316.0
290.0
352.0
365.0
356.0
306.0
312.0
324.0
300.0
258.0
315.0
371.0
331.0
342.0
339.0
329.0
291.0
311.0
353.0
371.0
307.0
320.0
278.0
324.0
298.0
328.0
284.0
331.0
314.0
371.0
360.0
362.0
389.0
405.0
383.0
414.0
335.0
353.0
300.0
350.0
318.0
335.0
306.0
327.0
304.0
309.0
283.0
287.0
300.0
258.0
349.0
290.0
264.0
320.0
281.0
280.0
314.0
274.0
296.0
272.0
275.0
314.0
329.0
346.0
321.0
246.0
276.0
288.0
285.0
272.0
265.0
282.0
287.0
258.0
299.0
304.0
292.0
382.0
306.0
344.0
315.0
315.0
285.0
282.0
317.0
289.0
277.0
262.0
284.0
266.0
231.0
235.0
282.0
310.0
295.0
283.0
312.0
264.0
335.0
344.0
325.0
301.0
304.0
291.0
290.0
301.0
271.0
291.0
271.0
287.0
311.0
270.0
279.0
278.0
227.0
248.0
274.0
302.0
327.0
329.0
306.0
238.0
263.0
250.0
302.0
266.0
313.0
288.0
293.0
292.0
259.0
281.0
265.0
222.0
266.0
223.0
266.0
329.0
394.0
522.0
643.0
664.0
644.0
573.0
564.0
453.0
402.0
336.0
282.0
273.0
291.0
243.0
259.0
234.0
227.0
276.0
250.0
210.0
219.0
245.0
259.0
197.0
201.0
214.0
241.0
235.0
220.0
210.0
200.0
222.0
213.0
222.0
219.0
221.0
223.0
223.0
223.0
190.0
200.0
211.0
236.0
207.0
242.0
223.0
277.0
227.0
214.0
254.0
211.0
233.0
241.0
231.0
250.0
243.0
244.0
232.0
196.0
225.0
238.0
207.0
207.0
264.0
249.0
271.0
263.0
258.0
210.0
195.0
193.0
212.0
232.0
275.0
218.0
232.0
218.0
251.0
217.0
211.0
228.0
233.0
233.0
213.0
220.0
224.0
230.0
203.0
170.0
202.0
195.0
205.0
241.0
217.0
231.0
234.0
220.0
215.0
242.0
241.0
244.0
204.0
222.0
223.0
219.0
233.0
215.0
194.0
176.0
194.0
224.0
261.0
258.0
240.0
222.0
185.0
209.0
242.0
251.0
243.0
210.0
245.0
255.0
267.0
242.0
197.0
222.0
250.0
219.0
193.0
235.0
227.0
225.0
201.0
204.0
193.0
215.0
200.0
227.0
253.0
268.0
249.0
254.0
238.0
190.0
207.0
224.0
230.0
223.0
226.0
267.0
243.0
198.0
197.0
201.0
210.0
223.0
217.0
201.0
204.0
195.0
170.0
186.0
186.0
182.0
178.0
174.0
183.0
193.0
200.0
230.0
204.0
217.0
236.0
227.0
180.0
175.0
204.0
177.0
181.0
169.0
199.0
184.0
176.0
174.0
197.0
173.0
191.0
166.0
201.0
175.0
183.0
215.0
243.0
216.0
167.0
182.0
182.0
171.0
172.0
172.0
164.0
151.0
145.0
192.0
202.0
172.0
206.0
197.0
191.0
182.0
178.0
177.0
189.0
199.0
168.0
163.0
199.0
181.0
186.0
183.0
200.0
168.0
202.0
205.0
224.0
193.0
172.0
163.0
153.0
149.0
153.0
165.0
196.0
193.0
201.0
189.0
188.0
210.0
192.0
198.0
191.0
179.0
163.0
162.0
169.0
168.0
172.0
179.0
167.0
181.0
187.0
173.0
195.0
188.0
187.0
176.0
202.0
184.0
208.0
194.0
208.0
191.0
194.0
192.0
162.0
173.0
181.0
159.0
152.0
175.0
159.0
140.0
168.0
163.0
168.0
191.0
168.0
163.0
200.0
209.0
179.0
140.0
145.0
161.0
158.0
152.0
176.0
181.0
180.0
155.0
190.0
175.0
190.0
189.0
179.0
170.0
160.0
169.0
146.0
156.0
143.0
132.0
146.0
193.0
191.0
191.0
160.0
167.0
169.0
179.0
201.0
199.0
175.0
202.0
177.0
168.0
162.0
156.0
196.0
161.0
141.0
149.0
171.0
148.0
173.0
190.0
172.0
153.0
190.0
190.0
193.0
207.0
189.0
169.0
179.0
157.0
167.0
157.0
152.0
123.0
158.0
145.0
162.0
173.0
172.0
169.0
179.0
180.0
188.0
209.0
180.0
166.0
178.0
151.0
171.0
170.0
175.0
165.0
162.0
157.0
160.0
165.0
166.0
165.0
183.0
181.0
181.0
175.0
172.0
166.0
155.0
157.0
180.0
155.0
179.0
198.0
173.0
171.0
191.0
159.0
172.0
182.0
136.0
164.0
169.0
177.0
189.0
189.0
183.0
177.0
138.0
138.0
162.0
165.0
157.0
173.0
143.0
125.0
151.0
140.0
139.0
130.0
143.0
133.0
136.0
134.0
141.0
146.0
158.0
178.0
160.0
192.0
180.0
172.0
187.0
167.0
176.0
179.0
178.0
134.0
162.0
155.0
181.0
172.0
173.0
196.0
164.0
152.0
145.0
153.0
150.0
145.0
146.0
152.0
171.0
198.0
171.0
141.0
169.0
154.0
197.0
157.0
155.0
196.0
168.0
138.0
157.0
145.0
137.0
171.0
180.0
143.0
196.0
161.0
183.0
188.0
173.0
151.0
168.0
148.0
130.0
140.0
114.0
150.0
172.0
144.0
131.0
176.0
186.0
181.0
125.0
156.0
150.0
149.0
138.0
134.0
151.0
155.0
146.0
154.0
167.0
167.0
185.0
179.0
156.0
208.0
277.0
359.0
539.0
834.0
1134.0
1471.0
2081.0
2619.0
3027.0
3212.0
3197.0
3002.0
2497.0
2020.0
1519.0
1021.0
691.0
525.0
311.0
277.0
260.0
184.0
168.0
170.0
148.0
133.0
124.0
127.0
167.0
158.0
133.0
133.0
120.0
148.0
149.0
133.0
153.0
183.0
164.0
164.0
138.0
150.0
155.0
158.0
140.0
124.0
101.0
136.0
168.0
186.0
185.0
159.0
148.0
150.0
155.0
147.0
135.0
149.0
117.0
121.0
128.0
144.0
137.0
137.0
131.0
137.0
157.0
155.0
138.0
155.0
152.0
138.0
113.0
144.0
125.0
137.0
115.0
144.0
158.0
181.0
161.0
148.0
146.0
161.0
184.0
161.0
172.0
178.0
160.0
167.0
189.0
194.0
168.0
158.0
145.0
158.0
147.0
134.0
140.0
156.0
146.0
148.0
144.0
119.0
141.0
141.0
138.0
136.0
130.0
102.0
121.0
128.0
139.0
161.0
105.0
107.0
131.0
130.0
115.0
114.0
131.0
129.0
135.0
152.0
136.0
117.0
143.0
133.0
131.0
128.0
132.0
120.0
123.0
130.0
146.0
166.0
147.0
152.0
165.0
207.0
177.0
156.0
122.0
136.0
125.0
131.0
151.0
151.0
145.0
130.0
121.0
112.0
139.0
143.0
137.0
118.0
114.0
122.0
145.0
126.0
146.0
123.0
129.0
142.0
137.0
146.0
131.0
146.0
134.0
132.0
120.0
131.0
110.0
143.0
150.0
145.0
132.0
168.0
171.0
135.0
149.0
137.0
136.0
148.0
137.0
141.0
151.0
128.0
132.0
132.0
119.0
120.0
131.0
127.0
122.0
109.0
140.0
133.0
124.0
130.0
141.0
141.0
148.0
152.0
138.0
124.0
148.0
137.0
128.0
114.0
104.0
114.0
123.0
126.0
124.0
137.0
116.0
161.0
162.0
145.0
142.0
130.0
129.0
143.0
139.0
152.0
133.0
137.0
144.0
161.0
205.0
200.0
216.0
244.0
227.0
223.0
199.0
156.0
122.0
138.0
103.0
107.0
124.0
118.0
136.0
128.0
123.0
115.0
138.0
157.0
152.0
141.0
126.0
146.0
132.0
121.0
130.0
134.0
154.0
151.0
109.0
117.0
107.0
120.0
117.0
127.0
137.0
135.0
140.0
121.0
126.0
110.0
117.0
141.0
122.0
135.0
145.0
127.0
117.0
107.0
86.0
96.0
110.0
111.0
106.0
138.0
110.0
127.0
98.0
107.0
112.0
142.0
159.0
143.0
126.0
136.0
147.0
133.0
137.0
146.0
127.0
135.0
135.0
121.0
120.0
111.0
104.0
127.0
153.0
158.0
269.0
341.0
346.0
512.0
514.0
512.0
500.0
423.0
348.0
302.0
255.0
173.0
138.0
135.0
114.0
110.0
122.0
112.0
93.0
99.0
96.0
97.0
92.0
108.0
90.0
91.0
91.0
109.0
124.0
100.0
124.0
112.0
143.0
110.0
102.0
127.0
116.0
133.0
114.0
102.0
115.0
111.0
104.0
77.0
82.0
94.0
85.0
89.0
90.0
94.0
94.0
99.0
105.0
99.0
93.0
78.0
81.0
90.0
80.0
119.0
123.0
107.0
99.0
104.0
114.0
95.0
100.0
108.0
104.0
125.0
116.0
102.0
90.0
106.0
78.0
79.0
89.0
112.0
140.0
109.0
96.0
83.0
99.0
110.0
114.0
119.0
104.0
114.0
110.0
89.0
96.0
119.0
117.0
122.0
113.0
104.0
120.0
123.0
111.0
99.0
108.0
120.0
113.0
100.0
101.0
91.0
90.0
114.0
111.0
112.0
114.0
130.0
133.0
125.0
113.0
138.0
130.0
109.0
94.0
98.0
103.0
104.0
99.0
103.0
105.0
111.0
114.0
94.0
90.0
88.0
78.0
79.0
79.0
104.0
80.0
91.0
96.0
94.0
104.0
91.0
81.0
89.0
87.0
89.0
110.0
124.0
105.0
101.0
107.0
118.0
101.0
124.0
119.0
100.0
115.0
109.0
124.0
126.0
113.0
100.0
99.0
97.0
106.0
110.0
122.0
131.0
140.0
130.0
148.0
109.0
139.0
118.0
107.0
111.0
103.0
92.0
107.0
97.0
94.0
101.0
157.0
137.0
132.0
130.0
138.0
171.0
192.0
221.0
296.0
292.0
378.0
334.0
345.0
351.0
272.0
254.0
209.0
142.0
132.0
140.0
140.0
104.0
94.0
91.0
68.0
83.0
110.0
128.0
115.0
117.0
108.0
102.0
80.0
85.0
91.0
101.0
101.0
111.0
118.0
103.0
104.0
120.0
137.0
113.0
97.0
115.0
102.0
108.0
110.0
104.0
83.0
103.0
113.0
101.0
97.0
98.0
100.0
115.0
112.0
101.0
105.0
116.0
109.0
105.0
121.0
116.0
115.0
97.0
97.0
112.0
109.0
137.0
116.0
135.0
132.0
128.0
130.0
129.0
94.0
106.0
103.0
94.0
100.0
104.0
118.0
128.0
126.0
121.0
112.0
109.0
122.0
103.0
118.0
111.0
107.0
115.0
109.0
122.0
128.0
116.0
117.0
101.0
103.0
72.0
97.0
103.0
94.0
95.0
88.0
95.0
82.0
83.0
89.0
94.0
92.0
98.0
110.0
106.0
127.0
116.0
114.0
118.0
127.0
121.0
110.0
109.0
107.0
109.0
108.0
118.0
109.0
119.0
128.0
100.0
79.0
96.0
107.0
122.0
90.0
101.0
119.0
102.0
84.0
103.0
115.0
110.0
108.0
99.0
88.0
91.0
87.0
112.0
115.0
133.0
124.0
127.0
106.0
92.0
101.0
98.0
103.0
99.0
95.0
105.0
104.0
118.0
128.0
119.0
117.0
105.0
95.0
115.0
117.0
123.0
104.0
99.0
123.0
123.0
107.0
121.0
96.0
91.0
120.0
132.0
117.0
101.0
117.0
120.0
130.0
149.0
138.0
122.0
111.0
108.0
99.0
103.0
100.0
101.0
96.0
100.0
111.0
109.0
102.0
90.0
99.0
95.0
108.0
113.0
114.0
107.0
108.0
94.0
114.0
112.0
107.0
100.0
86.0
93.0
93.0
93.0
110.0
95.0
90.0
74.0
73.0
82.0
79.0
96.0
89.0
78.0
94.0
99.0
115.0
117.0
107.0
95.0
80.0
83.0
85.0
97.0
81.0
74.0
84.0
103.0
94.0
102.0
102.0
101.0
84.0
83.0
86.0
94.0
97.0
84.0
84.0
80.0
76.0
86.0
91.0
88.0
82.0
109.0
113.0
117.0
93.0
105.0
96.0
76.0
100.0
107.0
116.0
103.0
115.0
97.0
96.0
115.0
126.0
112.0
113.0
121.0
113.0
127.0
109.0
91.0
93.0
89.0
89.0
89.0
100.0
105.0
107.0
91.0
93.0
88.0
84.0
100.0
103.0
96.0
99.0
93.0
102.0
92.0
99.0
85.0
72.0
92.0
94.0
114.0
97.0
92.0
115.0
113.0
113.0
122.0
144.0
175.0
182.0
189.0
189.0
184.0
182.0
138.0
123.0
112.0
122.0
82.0
80.0
92.0
88.0
118.0
130.0
115.0
111.0
100.0
92.0
91.0
108.0
89.0
82.0
86.0
97.0
97.0
94.0
79.0
77.0
89.0
90.0
92.0
86.0
91.0
117.0
108.0
92.0
112.0
105.0
109.0
99.0
84.0
84.0
115.0
97.0
80.0
92.0
88.0
91.0
74.0
84.0
82.0
110.0
94.0
112.0
119.0
122.0
107.0
102.0
110.0
118.0
114.0
101.0
99.0
79.0
69.0
85.0
92.0
88.0
87.0
78.0
79.0
91.0
87.0
103.0
88.0
79.0
79.0
65.0
78.0
79.0
83.0
101.0
104.0
103.0
120.0
109.0
113.0
86.0
96.0
95.0
86.0
92.0
84.0
82.0
76.0
88.0
88.0
72.0
97.0
95.0
83.0
85.0
85.0
94.0
88.0
118.0
104.0
102.0
101.0
92.0
97.0
81.0
94.0
84.0
92.0
83.0
110.0
124.0
129.0
127.0
108.0
109.0
98.0
83.0
82.0
80.0
75.0
85.0
78.0
127.0
93.0
91.0
100.0
89.0
108.0
80.0
77.0
79.0
69.0
79.0
92.0
78.0
77.0
85.0
83.0
80.0
88.0
87.0
111.0
107.0
119.0
106.0
116.0
105.0
86.0
71.0
68.0
88.0
84.0
98.0
89.0
90.0
96.0
87.0
100.0
80.0
91.0
93.0
106.0
78.0
78.0
70.0
77.0
73.0
88.0
88.0
98.0
97.0
97.0
106.0
91.0
73.0
75.0
72.0
88.0
100.0
89.0
70.0
76.0
55.0
53.0
64.0
67.0
60.0
69.0
85.0
75.0
78.0
87.0
78.0
56.0
68.0
76.0
76.0
79.0
83.0
73.0
86.0
81.0
90.0
90.0
81.0
90.0
97.0
91.0
82.0
74.0
73.0
90.0
93.0
86.0
99.0
80.0
86.0
97.0
86.0
90.0
103.0
92.0
85.0
89.0
83.0
77.0
79.0
73.0
66.0
104.0
104.0
89.0
82.0
80.0
116.0
117.0
86.0
70.0
65.0
63.0
66.0
73.0
81.0
76.0
70.0
66.0
106.0
98.0
81.0
84.0
78.0
90.0
75.0
66.0
67.0
64.0
71.0
88.0
86.0
66.0
73.0
88.0
84.0
82.0
84.0
76.0
76.0
88.0
72.0
70.0
71.0
97.0
83.0
81.0
82.0
90.0
108.0
121.0
150.0
220.0
278.0
287.0
336.0
285.0
230.0
190.0
105.0
94.0
78.0
64.0
61.0
68.0
87.0
92.0
83.0
108.0
91.0
96.0
95.0
98.0
102.0
78.0
79.0
69.0
101.0
80.0
99.0
76.0
70.0
65.0
76.0
58.0
83.0
93.0
89.0
83.0
82.0
73.0
56.0
74.0
65.0
97.0
90.0
105.0
96.0
80.0
65.0
74.0
66.0
58.0
85.0
85.0
76.0
89.0
81.0
118.0
88.0
94.0
92.0
85.0
71.0
69.0
74.0
93.0
80.0
78.0
67.0
87.0
72.0
67.0
73.0
75.0
84.0
94.0
102.0
90.0
81.0
106.0
92.0
99.0
97.0
102.0
103.0
108.0
90.0
82.0
77.0
75.0
68.0
74.0
78.0
84.0
82.0
80.0
82.0
89.0
82.0
71.0
59.0
79.0
81.0
71.0
85.0
74.0
80.0
75.0
74.0
86.0
78.0
96.0
89.0
86.0
86.0
95.0
91.0
69.0
70.0
66.0
66.0
75.0
77.0
80.0
77.0
75.0
78.0
72.0
77.0
80.0
89.0
86.0
74.0
74.0
78.0
79.0
70.0
88.0
91.0
78.0
81.0
61.0
59.0
68.0
80.0
76.0
73.0
76.0
76.0
80.0
66.0
67.0
74.0
101.0
119.0
132.0
168.0
166.0
177.0
184.0
174.0
158.0
133.0
100.0
109.0
95.0
84.0
81.0
75.0
80.0
93.0
83.0
78.0
81.0
70.0
68.0
67.0
67.0
57.0
67.0
71.0
82.0
83.0
80.0
68.0
79.0
92.0
80.0
68.0
62.0
67.0
73.0
69.0
69.0
91.0
73.0
66.0
51.0
49.0
67.0
96.0
88.0
80.0
72.0
75.0
72.0
69.0
76.0
76.0
90.0
81.0
85.0
98.0
96.0
89.0
95.0
82.0
81.0
82.0
78.0
78.0
85.0
75.0
86.0
71.0
71.0
109.0
128.0
136.0
133.0
170.0
150.0
158.0
132.0
96.0
78.0
81.0
79.0
84.0
94.0
77.0
76.0
92.0
89.0
88.0
89.0
74.0
69.0
76.0
74.0
75.0
67.0
78.0
89.0
100.0
71.0
73.0
73.0
84.0
71.0
76.0
77.0
69.0
76.0
75.0
92.0
83.0
78.0
69.0
82.0
73.0
70.0
58.0
63.0
86.0
88.0
90.0
71.0
79.0
106.0
86.0
73.0
72.0
66.0
89.0
87.0
76.0
71.0
74.0
70.0
85.0
74.0
65.0
74.0
73.0
60.0
72.0
69.0
84.0
75.0
71.0
70.0
68.0
75.0
79.0
77.0
70.0
73.0
66.0
84.0
76.0
78.0
75.0
82.0
81.0
76.0
71.0
77.0
82.0
82.0
89.0
98.0
122.0
103.0
92.0
98.0
98.0
77.0
78.0
68.0
77.0
84.0
83.0
83.0
98.0
112.0
145.0
126.0
137.0
141.0
129.0
139.0
126.0
103.0
92.0
92.0
87.0
79.0
69.0
75.0
62.0
71.0
75.0
77.0
70.0
77.0
80.0
59.0
57.0
80.0
58.0
73.0
74.0
72.0
70.0
78.0
67.0
95.0
93.0
68.0
83.0
57.0
58.0
63.0
85.0
68.0
70.0
83.0
71.0
89.0
71.0
82.0
74.0
63.0
72.0
70.0
60.0
70.0
75.0
85.0
83.0
79.0
72.0
73.0
76.0
64.0
63.0
72.0
68.0
66.0
64.0
72.0
68.0
79.0
93.0
92.0
84.0
88.0
86.0
70.0
61.0
70.0
73.0
82.0
65.0
61.0
63.0
60.0
73.0
71.0
75.0
72.0
67.0
68.0
66.0
55.0
77.0
75.0
69.0
61.0
64.0
69.0
83.0
68.0
70.0
65.0
69.0
78.0
64.0
102.0
94.0
90.0
100.0
106.0
132.0
140.0
171.0
175.0
240.0
171.0
183.0
119.0
91.0
71.0
78.0
64.0
59.0
60.0
59.0
63.0
77.0
59.0
73.0
75.0
76.0
68.0
74.0
78.0
63.0
74.0
77.0
68.0
57.0
71.0
71.0
77.0
84.0
72.0
93.0
79.0
76.0
71.0
75.0
61.0
59.0
64.0
64.0
64.0
78.0
62.0
68.0
70.0
63.0
85.0
101.0
113.0
129.0
145.0
145.0
137.0
163.0
144.0
112.0
103.0
91.0
77.0
82.0
89.0
82.0
91.0
85.0
86.0
84.0
80.0
72.0
70.0
72.0
90.0
82.0
75.0
78.0
86.0
80.0
75.0
84.0
70.0
72.0
78.0
66.0
62.0
70.0
77.0
73.0
75.0
91.0
74.0
63.0
58.0
73.0
76.0
68.0
79.0
79.0
83.0
74.0
63.0
62.0
50.0
71.0
67.0
85.0
77.0
61.0
85.0
77.0
68.0
72.0
78.0
65.0
62.0
59.0
46.0
48.0
57.0
60.0
59.0
58.0
59.0
61.0
58.0
50.0
51.0
54.0
56.0
71.0
71.0
50.0
76.0
82.0
73.0
79.0
84.0
68.0
70.0
63.0
58.0
59.0
67.0
87.0
91.0
91.0
94.0
83.0
61.0
53.0
66.0
58.0
53.0
61.0
67.0
66.0
66.0
49.0
63.0
74.0
62.0
58.0
68.0
60.0
64.0
47.0
62.0
58.0
58.0
71.0
81.0
76.0
69.0
67.0
65.0
56.0
50.0
67.0
70.0
56.0
61.0
53.0
50.0
59.0
71.0
69.0
74.0
75.0
67.0
67.0
60.0
70.0
73.0
70.0
72.0
83.0
67.0
63.0
63.0
73.0
86.0
83.0
78.0
78.0
85.0
74.0
78.0
59.0
87.0
75.0
80.0
71.0
80.0
80.0
88.0
78.0
82.0
89.0
73.0
74.0
51.0
53.0
55.0
53.0
52.0
60.0
74.0
80.0
87.0
69.0
60.0
55.0
73.0
54.0
62.0
69.0
67.0
73.0
69.0
67.0
64.0
80.0
61.0
61.0
70.0
69.0
69.0
61.0
61.0
66.0
54.0
62.0
56.0
47.0
67.0
73.0
76.0
85.0
77.0
72.0
82.0
80.0
80.0
73.0
79.0
59.0
51.0
61.0
73.0
73.0
65.0
67.0
72.0
81.0
76.0
82.0
57.0
73.0
67.0
78.0
80.0
71.0
57.0
61.0
66.0
65.0
79.0
71.0
73.0
72.0
68.0
69.0
70.0
64.0
64.0
64.0
74.0
65.0
61.0
77.0
79.0
76.0
75.0
60.0
55.0
58.0
79.0
75.0
59.0
76.0
66.0
61.0
81.0
79.0
69.0
63.0
57.0
53.0
66.0
60.0
62.0
55.0
69.0
59.0
65.0
65.0
61.0
65.0
74.0
73.0
84.0
72.0
71.0
71.0
68.0
65.0
64.0
64.0
58.0
75.0
68.0
71.0
75.0
83.0
87.0
75.0
55.0
58.0
55.0
77.0
90.0
83.0
85.0
112.0
104.0
124.0
109.0
142.0
153.0
166.0
208.0
203.0
217.0
204.0
211.0
173.0
150.0
132.0
105.0
86.0
78.0
60.0
64.0
58.0
63.0
58.0
62.0
59.0
55.0
61.0
64.0
68.0
71.0
68.0
63.0
66.0
79.0
67.0
65.0
65.0
57.0
56.0
65.0
78.0
77.0
76.0
50.0
46.0
51.0
46.0
60.0
54.0
70.0
65.0
70.0
66.0
59.0
64.0
71.0
62.0
60.0
63.0
64.0
44.0
41.0
44.0
48.0
49.0
48.0
55.0
61.0
57.0
69.0
64.0
64.0
55.0
72.0
78.0
72.0
53.0
54.0
52.0
59.0
63.0
58.0
56.0
47.0
53.0
49.0
62.0
52.0
57.0
61.0
65.0
64.0
60.0
54.0
71.0
51.0
58.0
64.0
64.0
63.0
71.0
80.0
78.0
77.0
55.0
63.0
70.0
62.0
60.0
55.0
58.0
68.0
82.0
90.0
78.0
75.0
77.0
76.0
77.0
70.0
75.0
82.0
78.0
63.0
74.0
55.0
54.0
51.0
58.0
55.0
61.0
67.0
59.0
72.0
71.0
71.0
76.0
67.0
52.0
44.0
63.0
64.0
70.0
69.0
59.0
56.0
62.0
60.0
52.0
52.0
69.0
72.0
73.0
73.0
66.0
60.0
63.0
59.0
41.0
47.0
46.0
48.0
50.0
41.0
49.0
58.0
57.0
50.0
44.0
52.0
49.0
57.0
57.0
60.0
66.0
52.0
57.0
70.0
64.0
60.0
73.0
60.0
66.0
62.0
64.0
59.0
47.0
47.0
54.0
54.0
61.0
61.0
61.0
69.0
49.0
60.0
67.0
64.0
68.0
67.0
63.0
73.0
66.0
72.0
73.0
66.0
63.0
53.0
59.0
54.0
58.0
58.0
60.0
57.0
57.0
57.0
60.0
58.0
56.0
62.0
69.0
59.0
59.0
74.0
74.0
71.0
69.0
66.0
74.0
83.0
75.0
68.0
58.0
70.0
61.0
54.0
49.0
61.0
72.0
69.0
62.0
66.0
49.0
59.0
71.0
65.0
70.0
65.0
60.0
66.0
59.0
49.0
45.0
51.0
53.0
66.0
56.0
62.0
63.0
59.0
58.0
60.0
51.0
60.0
56.0
55.0
60.0
66.0
56.0
63.0
64.0
63.0
63.0
51.0
58.0
62.0
52.0
68.0
69.0
71.0
92.0
82.0
88.0
85.0
84.0
78.0
77.0
70.0
65.0
66.0
77.0
60.0
52.0
48.0
45.0
52.0
47.0
44.0
56.0
52.0
49.0
44.0
49.0
65.0
70.0
61.0
50.0
60.0
68.0
85.0
72.0
66.0
60.0
69.0
73.0
73.0
60.0
75.0
67.0
60.0
64.0
60.0
71.0
60.0
47.0
54.0
61.0
59.0
53.0
52.0
57.0
56.0
58.0
57.0
64.0
64.0
56.0
67.0
54.0
60.0
70.0
80.0
72.0
68.0
55.0
44.0
59.0
59.0
62.0
65.0
64.0
64.0
67.0
58.0
56.0
63.0
64.0
65.0
61.0
65.0
57.0
63.0
74.0
74.0
65.0
67.0
69.0
66.0
74.0
87.0
93.0
101.0
109.0
124.0
133.0
122.0
140.0
132.0
112.0
103.0
91.0
101.0
82.0
63.0
57.0
60.0
58.0
56.0
58.0
61.0
61.0
68.0
60.0
61.0
68.0
54.0
59.0
59.0
53.0
52.0
58.0
53.0
41.0
54.0
54.0
44.0
44.0
45.0
41.0
45.0
46.0
47.0
52.0
49.0
40.0
38.0
36.0
48.0
50.0
55.0
61.0
53.0
38.0
54.0
53.0
47.0
51.0
54.0
52.0
45.0
40.0
36.0
44.0
33.0
44.0
50.0
52.0
55.0
55.0
63.0
62.0
60.0
65.0
53.0
55.0
52.0
54.0
44.0
41.0
31.0
38.0
44.0
39.0
49.0
44.0
42.0
49.0
40.0
52.0
45.0
49.0
48.0
39.0
45.0
48.0
44.0
47.0
47.0
46.0
41.0
66.0
58.0
51.0
43.0
45.0
37.0
34.0
36.0
35.0
44.0
51.0
50.0
52.0
53.0
52.0
44.0
49.0
45.0
42.0
35.0
43.0
39.0
29.0
34.0
46.0
50.0
48.0
46.0
37.0
43.0
59.0
62.0
71.0
77.0
72.0
81.0
76.0
80.0
96.0
82.0
74.0
55.0
49.0
56.0
57.0
61.0
56.0
53.0
49.0
51.0
59.0
52.0
42.0
56.0
49.0
47.0
51.0
50.0
52.0
67.0
61.0
61.0
57.0
65.0
56.0
58.0
52.0
61.0
53.0
56.0
39.0
44.0
45.0
42.0
42.0
47.0
55.0
63.0
59.0
47.0
44.0
57.0
49.0
45.0
56.0
45.0
39.0
52.0
73.0
64.0
58.0
51.0
54.0
49.0
47.0
49.0
62.0
52.0
65.0
50.0
46.0
56.0
52.0
52.0
44.0
47.0
42.0
39.0
59.0
55.0
48.0
63.0
72.0
66.0
65.0
54.0
52.0
47.0
52.0
53.0
56.0
52.0
45.0
35.0
54.0
60.0
51.0
39.0
37.0
61.0
53.0
55.0
48.0
45.0
51.0
69.0
57.0
47.0
47.0
58.0
69.0
52.0
42.0
46.0
56.0
53.0
57.0
45.0
32.0
52.0
57.0
47.0
45.0
57.0
61.0
54.0
53.0
52.0
51.0
52.0
47.0
