0.0
0.0
0.0
0.0
0.0
0.0
0.0
0.0
0.0
0.0
0.0
0.0
0.0
0.0
0.0
0.0
0.0
0.0
0.0
0.0
0.0
0.0
0.0
0.0
0.0
0.0
0.0
0.0
0.0
0.0
0.0
0.0
0.0
10369.0
10511.0
4582.0
3136.0
2219.0
1907.0
1932.0
2094.0
2316.0
2790.0
4219.0
5865.0
7397.0
11301.0
18297.0
19546.0
13907.0
5901.0
2756.0
1885.0
1896.0
2106.0
2293.0
2882.0
3803.0
4373.0
4036.0
2780.0
1987.0
1846.0
1673.0
1622.0
1675.0
1814.0
1838.0
2075.0
2323.0
3056.0
4170.0
5502.0
7272.0
10513.0
24151.0
75152.0
200789.0
323549.0
308641.0
166524.0
57936.0
14384.0
5842.0
4980.0
6354.0
13873.0
35688.0
62493.0
71119.0
50445.0
26532.0
11151.0
4526.0
2103.0
1897.0
1621.0
1596.0
1477.0
1485.0
1347.0
1384.0
1301.0
1372.0
1296.0
1252.0
1198.0
1451.0
1308.0
1281.0
1276.0
1276.0
1258.0
1219.0
1223.0
1397.0
1253.0
1207.0
1346.0
1220.0
1321.0
1343.0
1409.0
1662.0
1627.0
1662.0
1849.0
1711.0
1373.0
1422.0
1317.0
1319.0
1357.0
1517.0
1441.0
1493.0
1582.0
1571.0
1436.0
1514.0
1565.0
1444.0
1455.0
1565.0
1660.0
1681.0
1503.0
1595.0
1608.0
1730.0
1645.0
1680.0
1825.0
1973.0
2638.0
4160.0
5744.0
5770.0
4493.0
2937.0
1951.0
1809.0
1812.0
1916.0
2149.0
2624.0
3223.0
3626.0
3213.0
2747.0
2240.0
2091.0
2044.0
2115.0
1958.0
2033.0
2017.0
2087.0
2118.0
2268.0
2321.0
2088.0
1919.0
2229.0
2316.0
2031.0
1697.0
1814.0
1631.0
1583.0
1428.0
1444.0
1226.0
1307.0
1398.0
1257.0
1179.0
988.0
1098.0
1077.0
924.0
1008.0
1128.0
1095.0
1010.0
1025.0
956.0
1002.0
1021.0
1044.0
981.0
959.0
977.0
1157.0
1063.0
854.0
996.0
936.0
787.0
1058.0
942.0
889.0
979.0
991.0
960.0
1026.0
1062.0
990.0
931.0
933.0
948.0
1218.0
969.0
1010.0
877.0
919.0
934.0
1072.0
1333.0
1325.0
1125.0
919.0
922.0
846.0
1042.0
1096.0
1123.0
996.0
954.0
858.0
875.0
963.0
881.0
1024.0
1005.0
1041.0
936.0
974.0
802.0
825.0
909.0
1079.0
1054.0
1003.0
1091.0
1131.0
1251.0
1206.0
1018.0
1110.0
1170.0
1104.0
941.0
861.0
842.0
891.0
887.0
988.0
818.0
948.0
887.0
896.0
1050.0
947.0
1022.0
995.0
1131.0
1159.0
1049.0
969.0
970.0
814.0
921.0
948.0
968.0
909.0
1061.0
1140.0
1063.0
1183.0
1199.0
1252.0
1705.0
1621.0
1554.0
1705.0
1657.0
1823.0
1791.0
1951.0
1846.0
1788.0
1756.0
1849.0
1495.0
1737.0
1461.0
1742.0
1567.0
1527.0
1792.0
1746.0
1602.0
1534.0
1543.0
1549.0
1553.0
1527.0
1472.0
1338.0
1440.0
1662.0
1454.0
1317.0
1423.0
1509.0
1513.0
1535.0
1464.0
1516.0
1372.0
1476.0
1345.0
1201.0
1156.0
1346.0
1324.0
1356.0
1329.0
1377.0
1440.0
1261.0
1118.0
1261.0
1320.0
1319.0
1339.0
1345.0
1327.0
1204.0
1180.0
1357.0
1222.0
1316.0
1314.0
1162.0
1209.0
1280.0
974.0
1147.0
1158.0
1239.0
1142.0
1126.0
1184.0
1186.0
1175.0
1195.0
1160.0
1229.0
1133.0
1317.0
1196.0
1234.0
1236.0
1218.0
1183.0
1278.0
1181.0
1185.0
1181.0
1055.0
1146.0
1150.0
1189.0
1136.0
1135.0
1205.0
1142.0
1248.0
1035.0
1141.0
1211.0
1158.0
1124.0
1012.0
1094.0
1132.0
1160.0
1149.0
1134.0
1051.0
970.0
1025.0
1030.0
1103.0
1142.0
1026.0
1010.0
1009.0
1083.0
1081.0
1170.0
1133.0
972.0
899.0
855.0
912.0
978.0
887.0
900.0
927.0
931.0
977.0
974.0
984.0
999.0
952.0
1001.0
845.0
925.0
836.0
953.0
952.0
1024.0
970.0
796.0
878.0
1004.0
1028.0
838.0
943.0
912.0
827.0
891.0
1023.0
1012.0
935.0
1009.0
1031.0
1031.0
951.0
1164.0
946.0
879.0
897.0
978.0
884.0
902.0
962.0
905.0
831.0
858.0
979.0
893.0
734.0
867.0
951.0
856.0
828.0
952.0
989.0
827.0
935.0
1020.0
1344.0
1620.0
3002.0
10961.0
45717.0
137204.0
273785.0
329349.0
256232.0
118028.0
36220.0
8454.0
3084.0
2092.0
1826.0
1344.0
1052.0
901.0
787.0
744.0
726.0
778.0
674.0
618.0
688.0
653.0
632.0
593.0
690.0
648.0
587.0
497.0
522.0
553.0
566.0
496.0
533.0
591.0
645.0
582.0
542.0
520.0
570.0
585.0
566.0
543.0
468.0
644.0
633.0
661.0
909.0
1085.0
1358.0
1850.0
2453.0
2106.0
1526.0
969.0
681.0
657.0
667.0
668.0
718.0
822.0
795.0
767.0
750.0
659.0
698.0
619.0
641.0
586.0
529.0
522.0
639.0
573.0
708.0
727.0
901.0
840.0
1224.0
2114.0
5326.0
14126.0
27108.0
35208.0
30265.0
16663.0
6210.0
2160.0
1161.0
1133.0
1386.0
2403.0
5211.0
7290.0
7251.0
5025.0
2802.0
1409.0
749.0
588.0
602.0
512.0
519.0
500.0
507.0
489.0
423.0
475.0
462.0
460.0
529.0
525.0
476.0
517.0
594.0
542.0
478.0
508.0
475.0
441.0
464.0
470.0
460.0
442.0
434.0
449.0
476.0
471.0
480.0
477.0
451.0
470.0
430.0
394.0
401.0
454.0
415.0
395.0
437.0
484.0
429.0
381.0
363.0
418.0
470.0
538.0
513.0
487.0
464.0
485.0
483.0
519.0
585.0
547.0
507.0
494.0
497.0
468.0
388.0
415.0
466.0
488.0
477.0
435.0
453.0
408.0
442.0
432.0
504.0
373.0
453.0
406.0
418.0
426.0
418.0
439.0
433.0
372.0
373.0
378.0
359.0
385.0
391.0
350.0
326.0
408.0
360.0
397.0
346.0
336.0
361.0
401.0
393.0
425.0
416.0
435.0
364.0
398.0
412.0
496.0
415.0
477.0
436.0
454.0
373.0
477.0
474.0
357.0
382.0
309.0
339.0
420.0
405.0
344.0
305.0
401.0
358.0
357.0
283.0
314.0
322.0
344.0
400.0
399.0
425.0
370.0
419.0
462.0
403.0
318.0
326.0
357.0
385.0
411.0
417.0
404.0
393.0
442.0
498.0
407.0
336.0
362.0
365.0
423.0
367.0
396.0
418.0
409.0
404.0
381.0
383.0
435.0
528.0
504.0
458.0
479.0
412.0
369.0
430.0
407.0
516.0
491.0
530.0
575.0
545.0
504.0
504.0
483.0
395.0
412.0
390.0
393.0
351.0
355.0
325.0
315.0
294.0
348.0
331.0
331.0
334.0
316.0
303.0
345.0
371.0
332.0
336.0
335.0
353.0
351.0
335.0
365.0
396.0
364.0
368.0
365.0
313.0
330.0
316.0
325.0
301.0
325.0
312.0
330.0
307.0
274.0
310.0
300.0
304.0
289.0
297.0
313.0
379.0
319.0
325.0
339.0
379.0
297.0
350.0
270.0
279.0
290.0
315.0
283.0
271.0
317.0
312.0
338.0
324.0
347.0
353.0
318.0
342.0
305.0
329.0
329.0
273.0
299.0
322.0
354.0
341.0
319.0
327.0
314.0
307.0
316.0
327.0
340.0
274.0
316.0
353.0
316.0
341.0
313.0
314.0
302.0
294.0
269.0
269.0
252.0
359.0
339.0
338.0
330.0
331.0
295.0
327.0
289.0
295.0
323.0
374.0
362.0
361.0
356.0
356.0
343.0
359.0
335.0
330.0
276.0
259.0
270.0
273.0
323.0
269.0
284.0
256.0
288.0
346.0
323.0
291.0
308.0
298.0
295.0
273.0
257.0
259.0
350.0
311.0
331.0
277.0
265.0
294.0
251.0
258.0
267.0
263.0
272.0
234.0
249.0
256.0
283.0
294.0
252.0
276.0
305.0
313.0
260.0
263.0
221.0
232.0
262.0
321.0
275.0
344.0
445.0
499.0
714.0
708.0
646.0
493.0
419.0
350.0
343.0
303.0
292.0
279.0
317.0
304.0
297.0
297.0
306.0
340.0
269.0
261.0
239.0
279.0
286.0
280.0
274.0
269.0
328.0
304.0
269.0
272.0
275.0
240.0
275.0
265.0
269.0
264.0
282.0
266.0
273.0
275.0
269.0
270.0
284.0
253.0
235.0
255.0
236.0
273.0
233.0
299.0
274.0
277.0
248.0
273.0
241.0
295.0
271.0
295.0
275.0
271.0
256.0
288.0
291.0
301.0
239.0
212.0
247.0
226.0
241.0
297.0
273.0
292.0
271.0
299.0
272.0
290.0
279.0
279.0
224.0
288.0
297.0
274.0
244.0
262.0
281.0
276.0
267.0
265.0
272.0
288.0
232.0
241.0
244.0
245.0
269.0
244.0
245.0
282.0
284.0
292.0
274.0
259.0
294.0
257.0
248.0
258.0
224.0
246.0
246.0
275.0
272.0
260.0
274.0
261.0
276.0
278.0
271.0
242.0
258.0
245.0
273.0
218.0
233.0
243.0
214.0
217.0
292.0
235.0
231.0
236.0
242.0
272.0
251.0
235.0
278.0
318.0
305.0
335.0
300.0
279.0
230.0
223.0
204.0
211.0
226.0
245.0
256.0
229.0
251.0
267.0
255.0
275.0
250.0
216.0
278.0
252.0
293.0
273.0
258.0
256.0
230.0
244.0
274.0
230.0
253.0
232.0
248.0
235.0
195.0
175.0
211.0
205.0
247.0
252.0
324.0
339.0
484.0
728.0
911.0
907.0
858.0
796.0
713.0
569.0
397.0
356.0
277.0
237.0
223.0
202.0
203.0
178.0
180.0
244.0
196.0
204.0
217.0
249.0
252.0
238.0
219.0
212.0
212.0
216.0
193.0
246.0
230.0
176.0
186.0
206.0
189.0
203.0
243.0
226.0
237.0
229.0
221.0
233.0
211.0
204.0
228.0
235.0
243.0
282.0
264.0
257.0
241.0
217.0
227.0
200.0
196.0
178.0
184.0
183.0
227.0
202.0
211.0
189.0
222.0
214.0
236.0
212.0
199.0
211.0
225.0
234.0
242.0
261.0
236.0
227.0
187.0
175.0
198.0
211.0
215.0
193.0
187.0
237.0
184.0
194.0
216.0
202.0
192.0
193.0
237.0
223.0
213.0
179.0
183.0
193.0
185.0
197.0
189.0
212.0
217.0
201.0
198.0
220.0
209.0
251.0
193.0
249.0
222.0
183.0
153.0
164.0
201.0
257.0
235.0
228.0
200.0
205.0
207.0
231.0
253.0
247.0
220.0
193.0
189.0
197.0
206.0
201.0
193.0
211.0
193.0
193.0
200.0
197.0
201.0
224.0
208.0
230.0
221.0
211.0
202.0
178.0
181.0
208.0
227.0
183.0
160.0
183.0
180.0
220.0
213.0
224.0
234.0
208.0
146.0
169.0
172.0
204.0
211.0
213.0
199.0
194.0
227.0
208.0
200.0
211.0
212.0
199.0
205.0
210.0
194.0
206.0
209.0
218.0
205.0
174.0
177.0
167.0
179.0
238.0
221.0
206.0
219.0
215.0
192.0
176.0
160.0
185.0
194.0
185.0
197.0
182.0
192.0
190.0
191.0
185.0
178.0
215.0
170.0
192.0
212.0
225.0
196.0
196.0
190.0
175.0
167.0
178.0
164.0
181.0
177.0
159.0
191.0
179.0
201.0
159.0
160.0
181.0
180.0
159.0
169.0
182.0
146.0
141.0
143.0
149.0
160.0
154.0
209.0
166.0
174.0
183.0
196.0
210.0
169.0
184.0
191.0
173.0
202.0
202.0
208.0
178.0
168.0
172.0
184.0
200.0
184.0
187.0
204.0
189.0
190.0
174.0
192.0
210.0
153.0
174.0
198.0
166.0
150.0
194.0
191.0
200.0
195.0
153.0
172.0
193.0
160.0
156.0
148.0
173.0
176.0
180.0
168.0
157.0
144.0
132.0
175.0
164.0
146.0
141.0
151.0
161.0
133.0
158.0
144.0
143.0
160.0
179.0
173.0
166.0
155.0
156.0
154.0
142.0
168.0
180.0
159.0
180.0
165.0
155.0
178.0
157.0
158.0
155.0
133.0
145.0
181.0
172.0
155.0
167.0
166.0
166.0
180.0
172.0
192.0
170.0
176.0
158.0
151.0
147.0
156.0
194.0
169.0
157.0
162.0
184.0
183.0
196.0
177.0
176.0
160.0
171.0
148.0
168.0
190.0
174.0
177.0
168.0
163.0
188.0
156.0
169.0
138.0
160.0
156.0
159.0
187.0
182.0
166.0
169.0
184.0
159.0
197.0
181.0
197.0
187.0
160.0
145.0
135.0
149.0
132.0
144.0
137.0
178.0
171.0
163.0
184.0
193.0
157.0
168.0
178.0
197.0
181.0
139.0
146.0
142.0
140.0
157.0
194.0
180.0
169.0
157.0
152.0
162.0
153.0
168.0
178.0
178.0
176.0
168.0
181.0
195.0
178.0
186.0
159.0
165.0
159.0
160.0
166.0
146.0
151.0
144.0
136.0
141.0
160.0
143.0
139.0
155.0
147.0
173.0
174.0
167.0
156.0
144.0
106.0
155.0
129.0
153.0
115.0
150.0
145.0
158.0
145.0
173.0
187.0
161.0
149.0
147.0
153.0
171.0
158.0
141.0
112.0
122.0
147.0
124.0
133.0
161.0
149.0
141.0
125.0
132.0
163.0
149.0
153.0
135.0
148.0
130.0
145.0
151.0
139.0
135.0
149.0
142.0
114.0
132.0
126.0
149.0
180.0
179.0
177.0
195.0
159.0
152.0
131.0
142.0
161.0
165.0
139.0
131.0
172.0
161.0
159.0
146.0
148.0
142.0
158.0
144.0
141.0
155.0
145.0
117.0
143.0
130.0
124.0
151.0
149.0
159.0
172.0
179.0
206.0
308.0
435.0
616.0
735.0
956.0
1294.0
1449.0
1504.0
1365.0
1357.0
1174.0
901.0
689.0
473.0
329.0
282.0
194.0
170.0
159.0
172.0
149.0
160.0
166.0
155.0
146.0
131.0
137.0
141.0
136.0
132.0
144.0
175.0
163.0
165.0
156.0
160.0
143.0
162.0
150.0
156.0
132.0
134.0
133.0
119.0
135.0
143.0
150.0
140.0
131.0
127.0
119.0
139.0
130.0
120.0
129.0
133.0
126.0
130.0
131.0
133.0
127.0
141.0
124.0
128.0
127.0
130.0
125.0
144.0
131.0
130.0
143.0
135.0
143.0
127.0
110.0
143.0
136.0
133.0
133.0
117.0
122.0
145.0
132.0
127.0
130.0
132.0
143.0
151.0
157.0
151.0
140.0
164.0
144.0
119.0
134.0
133.0
144.0
163.0
143.0
146.0
127.0
154.0
142.0
125.0
104.0
109.0
133.0
123.0
109.0
118.0
124.0
156.0
130.0
125.0
114.0
118.0
129.0
129.0
128.0
140.0
111.0
100.0
112.0
119.0
126.0
127.0
125.0
121.0
137.0
138.0
114.0
141.0
106.0
128.0
120.0
160.0
155.0
185.0
148.0
152.0
143.0
133.0
126.0
127.0
107.0
126.0
142.0
137.0
155.0
137.0
131.0
113.0
107.0
104.0
119.0
133.0
123.0
133.0
137.0
130.0
151.0
127.0
110.0
110.0
142.0
105.0
108.0
109.0
107.0
113.0
123.0
106.0
140.0
135.0
126.0
161.0
171.0
146.0
149.0
141.0
136.0
167.0
151.0
159.0
137.0
140.0
152.0
148.0
142.0
138.0
135.0
119.0
121.0
107.0
140.0
102.0
101.0
112.0
118.0
125.0
104.0
117.0
114.0
122.0
118.0
142.0
132.0
119.0
121.0
110.0
125.0
109.0
115.0
145.0
140.0
127.0
111.0
121.0
132.0
124.0
150.0
136.0
148.0
144.0
140.0
139.0
148.0
144.0
211.0
211.0
231.0
225.0
241.0
204.0
162.0
159.0
158.0
138.0
136.0
127.0
110.0
106.0
142.0
159.0
130.0
118.0
103.0
112.0
105.0
96.0
107.0
124.0
131.0
149.0
144.0
159.0
116.0
128.0
134.0
146.0
132.0
137.0
120.0
145.0
116.0
120.0
130.0
135.0
126.0
112.0
109.0
127.0
122.0
133.0
141.0
116.0
125.0
126.0
106.0
121.0
129.0
122.0
118.0
118.0
124.0
151.0
118.0
124.0
121.0
111.0
118.0
109.0
94.0
88.0
116.0
117.0
118.0
121.0
133.0
126.0
120.0
109.0
94.0
109.0
129.0
139.0
170.0
194.0
314.0
567.0
651.0
865.0
760.0
713.0
662.0
609.0
497.0
423.0
262.0
162.0
141.0
148.0
138.0
113.0
104.0
102.0
111.0
113.0
115.0
105.0
115.0
128.0
120.0
106.0
102.0
108.0
111.0
106.0
111.0
106.0
131.0
120.0
101.0
112.0
98.0
106.0
94.0
105.0
109.0
109.0
97.0
106.0
92.0
89.0
95.0
87.0
87.0
90.0
88.0
111.0
91.0
88.0
98.0
112.0
100.0
109.0
98.0
89.0
95.0
86.0
98.0
88.0
104.0
109.0
98.0
124.0
139.0
117.0
106.0
85.0
103.0
86.0
106.0
108.0
105.0
112.0
114.0
110.0
104.0
89.0
84.0
78.0
79.0
88.0
88.0
99.0
89.0
93.0
101.0
110.0
110.0
117.0
116.0
111.0
104.0
101.0
88.0
95.0
100.0
81.0
81.0
93.0
85.0
86.0
93.0
116.0
112.0
99.0
104.0
101.0
102.0
142.0
111.0
124.0
107.0
89.0
98.0
95.0
110.0
101.0
111.0
109.0
102.0
117.0
134.0
107.0
95.0
91.0
88.0
93.0
100.0
111.0
104.0
97.0
111.0
116.0
92.0
83.0
90.0
90.0
77.0
91.0
87.0
99.0
98.0
93.0
99.0
89.0
94.0
115.0
130.0
122.0
140.0
142.0
125.0
115.0
99.0
97.0
92.0
95.0
91.0
94.0
87.0
99.0
97.0
105.0
109.0
110.0
111.0
94.0
111.0
94.0
83.0
82.0
112.0
111.0
101.0
110.0
152.0
144.0
133.0
114.0
114.0
150.0
161.0
151.0
167.0
150.0
229.0
203.0
173.0
195.0
208.0
167.0
154.0
122.0
125.0
104.0
115.0
107.0
131.0
114.0
96.0
97.0
111.0
131.0
117.0
117.0
102.0
96.0
90.0
91.0
121.0
100.0
117.0
102.0
99.0
118.0
154.0
129.0
112.0
101.0
79.0
109.0
110.0
97.0
102.0
109.0
122.0
114.0
100.0
112.0
120.0
89.0
121.0
128.0
109.0
103.0
98.0
115.0
84.0
101.0
94.0
74.0
81.0
113.0
102.0
115.0
118.0
116.0
111.0
102.0
109.0
106.0
102.0
100.0
104.0
117.0
134.0
114.0
94.0
94.0
118.0
125.0
115.0
117.0
112.0
118.0
97.0
102.0
88.0
92.0
78.0
85.0
73.0
85.0
101.0
111.0
124.0
105.0
106.0
100.0
91.0
74.0
83.0
86.0
93.0
97.0
90.0
96.0
115.0
95.0
107.0
110.0
118.0
114.0
133.0
127.0
123.0
105.0
101.0
102.0
117.0
114.0
94.0
108.0
103.0
115.0
99.0
110.0
90.0
101.0
103.0
90.0
93.0
81.0
99.0
80.0
86.0
77.0
69.0
78.0
111.0
93.0
101.0
88.0
100.0
97.0
105.0
94.0
95.0
121.0
95.0
100.0
101.0
94.0
104.0
96.0
99.0
104.0
91.0
95.0
120.0
130.0
100.0
98.0
102.0
96.0
105.0
100.0
108.0
109.0
112.0
106.0
107.0
100.0
93.0
97.0
112.0
112.0
95.0
99.0
117.0
120.0
148.0
124.0
137.0
130.0
114.0
124.0
114.0
106.0
100.0
107.0
100.0
85.0
101.0
95.0
102.0
81.0
84.0
106.0
86.0
78.0
95.0
88.0
92.0
86.0
83.0
83.0
87.0
84.0
85.0
84.0
91.0
89.0
92.0
92.0
82.0
79.0
80.0
100.0
101.0
108.0
97.0
107.0
90.0
81.0
77.0
80.0
75.0
88.0
89.0
92.0
86.0
83.0
76.0
89.0
102.0
84.0
76.0
71.0
84.0
93.0
105.0
92.0
92.0
86.0
94.0
91.0
88.0
96.0
92.0
90.0
102.0
115.0
113.0
122.0
114.0
103.0
94.0
88.0
80.0
77.0
86.0
87.0
90.0
90.0
93.0
90.0
86.0
88.0
104.0
91.0
68.0
91.0
91.0
107.0
87.0
82.0
68.0
76.0
87.0
77.0
97.0
93.0
82.0
77.0
79.0
86.0
86.0
88.0
92.0
85.0
92.0
88.0
110.0
102.0
93.0
90.0
88.0
95.0
94.0
88.0
85.0
96.0
103.0
102.0
114.0
106.0
100.0
107.0
120.0
133.0
143.0
203.0
203.0
193.0
168.0
149.0
148.0
117.0
107.0
107.0
107.0
121.0
102.0
103.0
87.0
92.0
83.0
90.0
95.0
83.0
91.0
81.0
95.0
88.0
88.0
87.0
67.0
77.0
75.0
80.0
79.0
78.0
73.0
87.0
98.0
99.0
97.0
101.0
100.0
96.0
90.0
83.0
83.0
105.0
98.0
87.0
94.0
94.0
98.0
92.0
94.0
87.0
105.0
120.0
115.0
108.0
123.0
116.0
120.0
103.0
94.0
95.0
80.0
77.0
66.0
66.0
70.0
73.0
68.0
58.0
66.0
56.0
62.0
72.0
74.0
67.0
63.0
77.0
73.0
89.0
113.0
120.0
111.0
105.0
99.0
98.0
94.0
97.0
76.0
86.0
80.0
71.0
80.0
88.0
78.0
80.0
90.0
67.0
67.0
70.0
64.0
66.0
68.0
73.0
70.0
75.0
102.0
100.0
75.0
72.0
75.0
82.0
91.0
96.0
105.0
106.0
89.0
98.0
102.0
123.0
100.0
114.0
103.0
85.0
76.0
76.0
80.0
92.0
80.0
69.0
86.0
82.0
68.0
71.0
85.0
74.0
104.0
92.0
96.0
90.0
80.0
82.0
85.0
65.0
64.0
72.0
72.0
102.0
89.0
64.0
61.0
63.0
62.0
79.0
82.0
82.0
79.0
64.0
75.0
71.0
76.0
72.0
67.0
73.0
69.0
66.0
85.0
71.0
77.0
78.0
81.0
81.0
70.0
68.0
73.0
75.0
64.0
73.0
85.0
89.0
90.0
80.0
89.0
82.0
72.0
73.0
92.0
95.0
100.0
88.0
71.0
67.0
63.0
67.0
73.0
74.0
65.0
67.0
92.0
87.0
81.0
90.0
85.0
82.0
73.0
70.0
75.0
71.0
69.0
93.0
88.0
92.0
79.0
66.0
74.0
68.0
78.0
89.0
91.0
96.0
105.0
111.0
96.0
88.0
107.0
96.0
97.0
71.0
78.0
78.0
60.0
71.0
85.0
74.0
72.0
83.0
85.0
96.0
78.0
69.0
61.0
58.0
94.0
88.0
71.0
88.0
73.0
74.0
70.0
76.0
99.0
89.0
81.0
77.0
99.0
89.0
86.0
81.0
84.0
85.0
85.0
70.0
97.0
80.0
65.0
79.0
80.0
83.0
63.0
81.0
80.0
82.0
78.0
85.0
83.0
107.0
103.0
88.0
84.0
91.0
95.0
93.0
91.0
99.0
107.0
107.0
135.0
178.0
182.0
167.0
167.0
186.0
133.0
122.0
102.0
107.0
106.0
122.0
95.0
90.0
70.0
79.0
71.0
70.0
58.0
86.0
80.0
83.0
99.0
96.0
102.0
90.0
98.0
82.0
83.0
94.0
75.0
77.0
75.0
80.0
91.0
79.0
74.0
86.0
80.0
69.0
66.0
65.0
55.0
93.0
91.0
74.0
84.0
81.0
78.0
67.0
64.0
58.0
94.0
101.0
88.0
80.0
71.0
100.0
78.0
93.0
95.0
81.0
76.0
74.0
63.0
100.0
83.0
77.0
79.0
89.0
81.0
79.0
79.0
65.0
81.0
84.0
88.0
86.0
72.0
95.0
91.0
92.0
88.0
89.0
103.0
102.0
75.0
75.0
82.0
77.0
73.0
62.0
66.0
70.0
70.0
66.0
59.0
77.0
78.0
86.0
94.0
87.0
70.0
63.0
92.0
104.0
94.0
89.0
85.0
103.0
101.0
113.0
100.0
95.0
72.0
79.0
78.0
85.0
72.0
85.0
98.0
105.0
84.0
78.0
69.0
83.0
80.0
78.0
68.0
95.0
98.0
73.0
68.0
75.0
82.0
85.0
88.0
86.0
97.0
94.0
81.0
87.0
66.0
71.0
65.0
72.0
61.0
55.0
78.0
62.0
58.0
86.0
110.0
126.0
118.0
143.0
175.0
143.0
166.0
170.0
145.0
128.0
110.0
88.0
82.0
81.0
84.0
78.0
58.0
70.0
82.0
100.0
76.0
68.0
71.0
74.0
66.0
86.0
74.0
68.0
88.0
93.0
66.0
81.0
89.0
74.0
80.0
76.0
81.0
74.0
77.0
75.0
63.0
62.0
85.0
82.0
97.0
88.0
84.0
81.0
86.0
64.0
71.0
64.0
68.0
85.0
76.0
71.0
83.0
92.0
74.0
91.0
83.0
94.0
93.0
105.0
82.0
92.0
76.0
84.0
68.0
67.0
64.0
59.0
57.0
73.0
117.0
130.0
112.0
96.0
131.0
140.0
121.0
91.0
81.0
70.0
73.0
95.0
81.0
90.0
95.0
71.0
88.0
91.0
72.0
76.0
85.0
72.0
84.0
78.0
88.0
86.0
77.0
90.0
83.0
77.0
78.0
78.0
82.0
76.0
75.0
86.0
102.0
81.0
63.0
67.0
85.0
69.0
70.0
65.0
59.0
78.0
67.0
80.0
84.0
97.0
76.0
77.0
83.0
106.0
97.0
97.0
80.0
78.0
82.0
77.0
86.0
83.0
86.0
68.0
74.0
64.0
86.0
84.0
71.0
72.0
73.0
65.0
67.0
72.0
90.0
88.0
80.0
83.0
88.0
83.0
80.0
69.0
66.0
98.0
72.0
77.0
66.0
72.0
68.0
69.0
90.0
73.0
70.0
72.0
79.0
87.0
113.0
106.0
84.0
104.0
120.0
118.0
103.0
91.0
97.0
94.0
78.0
101.0
96.0
110.0
145.0
123.0
127.0
131.0
136.0
109.0
106.0
83.0
85.0
89.0
77.0
80.0
75.0
74.0
82.0
70.0
59.0
61.0
56.0
69.0
64.0
60.0
64.0
68.0
65.0
57.0
57.0
63.0
65.0
80.0
75.0
68.0
78.0
83.0
72.0
74.0
62.0
64.0
72.0
67.0
79.0
75.0
89.0
79.0
87.0
83.0
87.0
86.0
83.0
61.0
65.0
72.0
67.0
83.0
67.0
57.0
65.0
64.0
70.0
70.0
82.0
72.0
75.0
71.0
78.0
86.0
66.0
63.0
65.0
65.0
69.0
72.0
73.0
69.0
68.0
75.0
64.0
68.0
68.0
64.0
68.0
72.0
69.0
78.0
52.0
60.0
57.0
68.0
77.0
78.0
76.0
76.0
82.0
73.0
80.0
75.0
72.0
66.0
56.0
57.0
58.0
75.0
70.0
105.0
103.0
85.0
80.0
80.0
85.0
97.0
109.0
115.0
127.0
111.0
101.0
89.0
88.0
103.0
87.0
78.0
70.0
79.0
89.0
72.0
67.0
62.0
62.0
58.0
61.0
61.0
82.0
50.0
63.0
59.0
68.0
67.0
71.0
73.0
64.0
75.0
86.0
72.0
82.0
69.0
66.0
61.0
61.0
60.0
56.0
40.0
59.0
62.0
63.0
67.0
76.0
74.0
74.0
75.0
104.0
82.0
101.0
94.0
101.0
91.0
96.0
82.0
98.0
91.0
96.0
73.0
66.0
79.0
93.0
77.0
65.0
66.0
71.0
83.0
85.0
79.0
81.0
92.0
58.0
66.0
62.0
77.0
66.0
63.0
68.0
72.0
71.0
55.0
65.0
72.0
58.0
74.0
72.0
55.0
62.0
63.0
62.0
71.0
73.0
78.0
69.0
76.0
89.0
81.0
75.0
56.0
65.0
69.0
71.0
64.0
64.0
69.0
70.0
69.0
65.0
70.0
71.0
77.0
75.0
75.0
72.0
82.0
76.0
75.0
75.0
64.0
63.0
52.0
58.0
59.0
61.0
60.0
56.0
66.0
66.0
68.0
77.0
74.0
73.0
81.0
85.0
76.0
71.0
64.0
54.0
49.0
51.0
59.0
71.0
67.0
74.0
66.0
56.0
71.0
60.0
59.0
66.0
67.0
78.0
79.0
66.0
58.0
56.0
63.0
60.0
68.0
79.0
52.0
48.0
64.0
67.0
67.0
68.0
59.0
67.0
70.0
71.0
73.0
79.0
75.0
57.0
53.0
62.0
66.0
55.0
58.0
64.0
53.0
56.0
66.0
57.0
71.0
62.0
56.0
79.0
70.0
65.0
71.0
70.0
66.0
62.0
71.0
59.0
64.0
66.0
83.0
63.0
73.0
58.0
66.0
54.0
54.0
68.0
67.0
68.0
62.0
85.0
64.0
54.0
57.0
53.0
59.0
54.0
63.0
62.0
73.0
60.0
56.0
56.0
53.0
66.0
53.0
68.0
52.0
61.0
64.0
53.0
67.0
65.0
63.0
65.0
70.0
69.0
74.0
69.0
55.0
71.0
54.0
63.0
48.0
50.0
51.0
48.0
35.0
49.0
55.0
57.0
68.0
71.0
57.0
51.0
56.0
62.0
59.0
60.0
47.0
54.0
65.0
61.0
85.0
89.0
83.0
90.0
72.0
60.0
55.0
69.0
68.0
57.0
53.0
48.0
46.0
54.0
59.0
60.0
56.0
55.0
51.0
55.0
70.0
64.0
77.0
89.0
69.0
60.0
69.0
74.0
72.0
71.0
60.0
77.0
66.0
65.0
71.0
83.0
73.0
64.0
72.0
75.0
65.0
67.0
67.0
71.0
70.0
63.0
53.0
64.0
53.0
66.0
75.0
71.0
76.0
59.0
70.0
60.0
56.0
51.0
51.0
61.0
63.0
60.0
63.0
55.0
68.0
52.0
62.0
68.0
67.0
64.0
74.0
76.0
74.0
82.0
72.0
69.0
74.0
88.0
76.0
75.0
70.0
69.0
92.0
63.0
65.0
74.0
78.0
76.0
71.0
117.0
122.0
137.0
146.0
191.0
191.0
210.0
230.0
275.0
238.0
215.0
189.0
183.0
165.0
143.0
113.0
87.0
73.0
73.0
67.0
62.0
59.0
60.0
64.0
72.0
59.0
55.0
55.0
59.0
57.0
59.0
56.0
52.0
58.0
68.0
66.0
74.0
69.0
75.0
78.0
69.0
65.0
76.0
83.0
81.0
70.0
63.0
61.0
66.0
56.0
72.0
78.0
71.0
74.0
75.0
63.0
69.0
63.0
58.0
55.0
51.0
68.0
79.0
68.0
57.0
50.0
51.0
40.0
48.0
58.0
57.0
67.0
60.0
57.0
53.0
53.0
63.0
60.0
66.0
44.0
46.0
54.0
58.0
79.0
74.0
71.0
68.0
75.0
70.0
70.0
66.0
62.0
53.0
65.0
50.0
60.0
53.0
58.0
58.0
56.0
58.0
64.0
71.0
56.0
71.0
68.0
67.0
68.0
66.0
69.0
65.0
59.0
68.0
90.0
92.0
94.0
107.0
102.0
101.0
109.0
92.0
85.0
100.0
72.0
61.0
70.0
62.0
69.0
66.0
61.0
61.0
64.0
51.0
58.0
63.0
73.0
68.0
67.0
64.0
43.0
50.0
59.0
61.0
61.0
67.0
62.0
46.0
52.0
57.0
55.0
62.0
53.0
58.0
54.0
56.0
63.0
76.0
63.0
58.0
59.0
60.0
65.0
60.0
50.0
62.0
54.0
51.0
41.0
46.0
51.0
55.0
67.0
59.0
55.0
57.0
54.0
63.0
51.0
59.0
72.0
63.0
66.0
72.0
69.0
57.0
46.0
55.0
50.0
57.0
53.0
66.0
58.0
66.0
64.0
62.0
69.0
54.0
51.0
65.0
63.0
71.0
67.0
82.0
67.0
69.0
64.0
64.0
76.0
64.0
57.0
63.0
68.0
73.0
55.0
59.0
57.0
58.0
68.0
67.0
47.0
51.0
59.0
38.0
56.0
57.0
55.0
48.0
52.0
64.0
67.0
60.0
63.0
57.0
54.0
66.0
65.0
57.0
68.0
64.0
62.0
52.0
69.0
65.0
70.0
64.0
72.0
62.0
59.0
58.0
50.0
60.0
58.0
79.0
58.0
59.0
62.0
62.0
56.0
58.0
67.0
62.0
46.0
48.0
48.0
52.0
61.0
61.0
75.0
69.0
61.0
56.0
60.0
47.0
50.0
83.0
87.0
81.0
69.0
76.0
78.0
89.0
84.0
66.0
78.0
69.0
63.0
57.0
51.0
57.0
47.0
52.0
48.0
47.0
56.0
68.0
61.0
50.0
57.0
54.0
68.0
75.0
67.0
68.0
69.0
60.0
68.0
58.0
40.0
49.0
50.0
56.0
48.0
58.0
62.0
57.0
54.0
59.0
60.0
67.0
64.0
67.0
68.0
70.0
67.0
71.0
64.0
69.0
71.0
64.0
76.0
83.0
84.0
84.0
70.0
57.0
50.0
52.0
68.0
77.0
73.0
73.0
74.0
64.0
63.0
64.0
74.0
70.0
68.0
63.0
63.0
72.0
64.0
67.0
67.0
58.0
63.0
61.0
53.0
65.0
56.0
52.0
62.0
74.0
60.0
64.0
73.0
73.0
63.0
66.0
86.0
90.0
82.0
117.0
157.0
127.0
125.0
123.0
129.0
112.0
100.0
67.0
59.0
59.0
69.0
61.0
63.0
60.0
58.0
58.0
67.0
51.0
61.0
58.0
71.0
59.0
59.0
48.0
45.0
43.0
50.0
44.0
42.0
56.0
46.0
64.0
54.0
58.0
57.0
55.0
57.0
62.0
62.0
68.0
62.0
46.0
51.0
45.0
44.0
47.0
55.0
57.0
56.0
68.0
68.0
66.0
60.0
56.0
59.0
52.0
40.0
53.0
63.0
58.0
57.0
48.0
47.0
46.0
44.0
51.0
48.0
56.0
50.0
59.0
62.0
70.0
65.0
65.0
57.0
54.0
55.0
45.0
47.0
47.0
61.0
55.0
48.0
63.0
48.0
50.0
51.0
44.0
43.0
40.0
40.0
38.0
29.0
34.0
38.0
38.0
50.0
64.0
57.0
46.0
37.0
34.0
41.0
32.0
36.0
30.0
36.0
44.0
42.0
36.0
42.0
49.0
47.0
54.0
54.0
47.0
45.0
42.0
40.0
35.0
34.0
35.0
43.0
35.0
43.0
40.0
53.0
66.0
78.0
74.0
64.0
67.0
71.0
64.0
88.0
71.0
65.0
66.0
61.0
59.0
57.0
46.0
39.0
35.0
33.0
47.0
54.0
49.0
56.0
57.0
55.0
50.0
56.0
50.0
41.0
51.0
61.0
54.0
49.0
54.0
69.0
60.0
54.0
46.0
57.0
72.0
74.0
66.0
59.0
57.0
54.0
54.0
56.0
49.0
56.0
56.0
48.0
46.0
48.0
51.0
48.0
56.0
54.0
54.0
48.0
38.0
46.0
42.0
44.0
34.0
41.0
50.0
50.0
58.0
70.0
68.0
55.0
54.0
51.0
52.0
46.0
44.0
42.0
45.0
42.0
49.0
53.0
53.0
52.0
44.0
50.0
57.0
49.0
53.0
48.0
47.0
50.0
55.0
55.0
56.0
61.0
50.0
59.0
73.0
57.0
59.0
58.0
51.0
46.0
44.0
46.0
44.0
47.0
48.0
43.0
43.0
38.0
51.0
49.0
52.0
48.0
54.0
55.0
63.0
53.0
60.0
50.0
54.0
47.0
57.0
43.0
47.0
44.0
50.0
45.0
43.0
47.0
39.0
