0.0
0.0
0.0
0.0
0.0
0.0
0.0
0.0
0.0
0.0
0.0
0.0
0.0
0.0
0.0
0.0
0.0
0.0
0.0
0.0
0.0
0.0
0.0
0.0
0.0
0.0
0.0
0.0
0.0
0.0
0.0
0.0
0.0
7874.0
20997.0
22632.0
22506.0
24506.0
23998.0
25474.0
26348.0
30223.0
38602.0
59260.0
83623.0
113030.0
163369.0
262762.0
306836.0
246612.0
119310.0
50520.0
29545.0
29015.0
31674.0
36319.0
41268.0
57011.0
68648.0
64999.0
46668.0
34323.0
26440.0
24409.0
23402.0
25765.0
26256.0
28460.0
30925.0
37225.0
45577.0
61183.0
78985.0
108860.0
159284.0
353758.0
1012186.0
2778219.0
4819707.0
5187063.0
3187688.0
1307863.0
356039.0
126406.0
90120.0
109927.0
203800.0
497193.0
914417.0
1164311.0
909062.0
525185.0
236456.0
100393.0
47758.0
35733.0
31205.0
30436.0
28249.0
27627.0
25849.0
26257.0
25527.0
25616.0
24481.0
25262.0
24440.0
25225.0
24358.0
24904.0
24417.0
24835.0
23764.0
24711.0
24305.0
24673.0
24274.0
25197.0
24687.0
24868.0
24893.0
26284.0
26919.0
28538.0
28840.0
32567.0
33364.0
32248.0
27154.0
26873.0
25086.0
25561.0
25410.0
27116.0
26674.0
28236.0
28467.0
29552.0
27914.0
27945.0
26467.0
27212.0
27295.0
27874.0
27360.0
29031.0
28761.0
30355.0
29816.0
31401.0
31763.0
33971.0
35054.0
40628.0
49594.0
72738.0
97187.0
107055.0
82021.0
53792.0
35858.0
32576.0
31662.0
33247.0
35861.0
44696.0
55440.0
62343.0
55966.0
46408.0
36765.0
32615.0
30701.0
31191.0
30825.0
32688.0
32380.0
34952.0
34857.0
35019.0
33356.0
32649.0
30822.0
31063.0
30757.0
30592.0
28360.0
26542.0
23885.0
22584.0
20847.0
19638.0
17639.0
17587.0
16462.0
15548.0
14934.0
14504.0
13191.0
13347.0
12504.0
12641.0
12392.0
12464.0
11387.0
11523.0
11221.0
11438.0
11657.0
12346.0
11139.0
10541.0
9764.0
10549.0
10222.0
10168.0
9914.0
9707.0
9246.0
9436.0
9338.0
9339.0
8972.0
8949.0
8749.0
9052.0
9323.0
9346.0
9144.0
8883.0
8685.0
9174.0
9060.0
9107.0
9148.0
9243.0
8789.0
9235.0
9331.0
9423.0
8537.0
9256.0
8952.0
8997.0
8943.0
9102.0
9233.0
9026.0
8896.0
9241.0
9146.0
9049.0
8878.0
9553.0
8890.0
9119.0
8673.0
9474.0
8968.0
9395.0
9373.0
9166.0
9345.0
9283.0
8869.0
9063.0
8484.0
8390.0
8131.0
8418.0
7940.0
7818.0
7944.0
7837.0
7354.0
7547.0
7423.0
7151.0
6976.0
7375.0
7211.0
7308.0
7150.0
7700.0
7780.0
7540.0
7772.0
8239.0
8228.0
8302.0
8172.0
8759.0
8793.0
8934.0
9148.0
9838.0
10019.0
11186.0
11604.0
12770.0
13470.0
15738.0
17484.0
19618.0
20969.0
23228.0
23998.0
25114.0
24878.0
25386.0
24348.0
23918.0
22753.0
23209.0
22344.0
22732.0
21404.0
22094.0
21538.0
21259.0
20919.0
21740.0
20883.0
21044.0
20361.0
20649.0
20020.0
20181.0
19729.0
20082.0
19539.0
20040.0
19378.0
19419.0
19178.0
19110.0
18389.0
19200.0
18167.0
18465.0
18041.0
18012.0
17409.0
17731.0
17145.0
17560.0
17083.0
17037.0
16639.0
17276.0
17115.0
16851.0
16042.0
16518.0
16144.0
16145.0
15825.0
16090.0
15628.0
15798.0
15148.0
15799.0
15375.0
15507.0
15159.0
15116.0
14752.0
15227.0
14788.0
15264.0
14167.0
14785.0
14526.0
14934.0
14579.0
14537.0
14208.0
14827.0
14915.0
15177.0
14879.0
15394.0
15626.0
15389.0
14801.0
15812.0
15467.0
15395.0
15244.0
15199.0
14881.0
15052.0
14841.0
15362.0
14721.0
14786.0
14670.0
14935.0
14974.0
14709.0
14261.0
14464.0
14392.0
14152.0
14042.0
13988.0
13894.0
14068.0
13526.0
14110.0
13702.0
13975.0
13073.0
13631.0
13041.0
13317.0
12709.0
13035.0
12651.0
12701.0
12687.0
12768.0
12550.0
12384.0
11882.0
12177.0
11699.0
12320.0
11648.0
11762.0
11653.0
11638.0
11349.0
11546.0
11051.0
11008.0
11245.0
11118.0
10876.0
10796.0
10983.0
10808.0
10736.0
10657.0
10680.0
10883.0
10426.0
10357.0
10063.0
10466.0
9973.0
10205.0
10124.0
9983.0
10450.0
10231.0
10330.0
10849.0
10851.0
11535.0
12514.0
13720.0
13723.0
11746.0
10299.0
10029.0
9815.0
9619.0
9324.0
9501.0
9689.0
9522.0
9454.0
9608.0
9519.0
9510.0
9434.0
9755.0
9687.0
9725.0
9746.0
10019.0
10374.0
11958.0
13912.0
17294.0
22112.0
45696.0
159224.0
637792.0
1924648.0
4035429.0
5319046.0
4577042.0
2422520.0
872230.0
242432.0
90629.0
58786.0
49160.0
40992.0
35193.0
30127.0
27167.0
24440.0
22814.0
21562.0
20504.0
19165.0
18964.0
17872.0
17463.0
16352.0
16728.0
16001.0
15724.0
14995.0
15117.0
14700.0
14716.0
13913.0
14046.0
14180.0
14139.0
13986.0
13674.0
13448.0
13428.0
13390.0
13664.0
13436.0
13254.0
13805.0
14599.0
16120.0
18502.0
22024.0
26902.0
34909.0
43688.0
44454.0
34762.0
22454.0
15996.0
13577.0
13380.0
13723.0
14543.0
15672.0
17149.0
17254.0
16827.0
14802.0
13998.0
13003.0
13039.0
12952.0
13387.0
13583.0
14240.0
14859.0
16522.0
17673.0
20555.0
23315.0
29598.0
44433.0
94222.0
215497.0
422106.0
574830.0
539052.0
331596.0
145951.0
51278.0
23155.0
18526.0
24402.0
44392.0
82701.0
120640.0
127975.0
96882.0
57462.0
28168.0
14293.0
8397.0
6817.0
6141.0
6123.0
5631.0
5419.0
5209.0
5036.0
4773.0
5146.0
4971.0
4948.0
4970.0
4718.0
4811.0
4771.0
4598.0
4663.0
4428.0
4504.0
4550.0
4456.0
4436.0
4343.0
4417.0
4481.0
4462.0
4338.0
4400.0
4457.0
4159.0
4237.0
4218.0
4051.0
3942.0
3991.0
3969.0
4201.0
3952.0
4000.0
4154.0
4158.0
3972.0
3888.0
3877.0
3914.0
3798.0
3946.0
4100.0
3875.0
3933.0
4140.0
3983.0
4189.0
3934.0
4147.0
4181.0
4465.0
4470.0
4672.0
4873.0
4986.0
4745.0
4488.0
3782.0
3455.0
3390.0
3286.0
3216.0
3349.0
3359.0
3639.0
3496.0
3411.0
2991.0
2856.0
2772.0
2629.0
2567.0
2597.0
2569.0
2495.0
2351.0
2538.0
2450.0
2518.0
2452.0
2449.0
2375.0
2401.0
2263.0
2402.0
2411.0
2360.0
2391.0
2391.0
2391.0
2324.0
2278.0
2345.0
2220.0
2333.0
2293.0
2311.0
2328.0
2341.0
2326.0
2274.0
2319.0
2268.0
2212.0
2261.0
2148.0
2200.0
2125.0
2231.0
2195.0
2064.0
2062.0
2241.0
2231.0
2167.0
2060.0
2327.0
2224.0
2182.0
2194.0
2075.0
2061.0
2201.0
2036.0
2061.0
2105.0
2146.0
2190.0
2047.0
2063.0
2131.0
2177.0
2309.0
2131.0
2164.0
2091.0
2030.0
2038.0
2070.0
2172.0
2153.0
2169.0
2161.0
2206.0
2119.0
2035.0
1950.0
2210.0
2197.0
2111.0
2008.0
1908.0
2067.0
2191.0
2112.0
2058.0
2160.0
2281.0
2159.0
1972.0
2106.0
2117.0
2142.0
2090.0
1975.0
1953.0
1904.0
2019.0
1978.0
2036.0
2031.0
2089.0
1989.0
1921.0
1928.0
1954.0
1974.0
2028.0
2147.0
1947.0
1975.0
1884.0
1958.0
1983.0
2007.0
2048.0
2013.0
1953.0
2024.0
2002.0
1997.0
2001.0
2048.0
2083.0
2042.0
2012.0
2065.0
2041.0
1940.0
1980.0
2022.0
2068.0
1975.0
2043.0
1991.0
2080.0
2168.0
1923.0
2014.0
1911.0
2026.0
1867.0
2028.0
1986.0
2048.0
2007.0
2096.0
1919.0
1954.0
1966.0
1936.0
2022.0
2030.0
1951.0
2026.0
1950.0
1937.0
1920.0
1916.0
1926.0
1909.0
1951.0
1949.0
1984.0
1972.0
2109.0
1942.0
2060.0
1946.0
1995.0
1943.0
1853.0
1935.0
1879.0
1970.0
1927.0
2035.0
1830.0
1953.0
1953.0
1923.0
1858.0
1886.0
1902.0
1891.0
1795.0
1999.0
2007.0
1978.0
2054.0
1991.0
1984.0
1876.0
1970.0
1939.0
1910.0
1907.0
1802.0
1941.0
1880.0
1955.0
2023.0
1915.0
1911.0
1933.0
1928.0
1911.0
2119.0
2023.0
1979.0
1941.0
1975.0
2096.0
2059.0
2068.0
1874.0
2078.0
1983.0
1938.0
1843.0
1954.0
1978.0
1864.0
1986.0
1970.0
1828.0
1910.0
1923.0
1973.0
1906.0
1875.0
1895.0
2051.0
1940.0
1998.0
2125.0
2122.0
2068.0
2051.0
1959.0
1928.0
2031.0
1989.0
2068.0
2107.0
1984.0
2214.0
2049.0
2066.0
2084.0
2081.0
1981.0
2292.0
2110.0
2208.0
2173.0
2306.0
2057.0
1991.0
2140.0
1996.0
2083.0
2059.0
2136.0
2139.0
2110.0
1998.0
2101.0
2189.0
2068.0
2115.0
2197.0
2228.0
2105.0
2201.0
2218.0
2103.0
2201.0
2182.0
2169.0
2244.0
2287.0
2265.0
2234.0
2306.0
2381.0
2215.0
2276.0
2387.0
2361.0
2330.0
2283.0
2524.0
2286.0
2487.0
2440.0
2449.0
2446.0
2607.0
2482.0
2591.0
2598.0
2681.0
2667.0
2724.0
2741.0
2846.0
2807.0
3070.0
3054.0
3029.0
3007.0
3262.0
3311.0
3582.0
3737.0
4002.0
4473.0
5056.0
5482.0
5519.0
4802.0
3524.0
2406.0
1833.0
1484.0
1425.0
1322.0
1417.0
1366.0
1493.0
1438.0
1371.0
1403.0
1377.0
1312.0
1364.0
1401.0
1366.0
1292.0
1435.0
1315.0
1327.0
1322.0
1363.0
1400.0
1435.0
1501.0
1455.0
1488.0
1471.0
1259.0
1325.0
1314.0
1407.0
1349.0
1366.0
1351.0
1381.0
1357.0
1474.0
1491.0
1448.0
1458.0
1500.0
1493.0
1396.0
1538.0
1614.0
1521.0
1512.0
1440.0
1435.0
1504.0
1425.0
1447.0
1389.0
1408.0
1363.0
1376.0
1484.0
1410.0
1447.0
1444.0
1507.0
1402.0
1557.0
1467.0
1645.0
1577.0
1457.0
1578.0
1676.0
1600.0
1723.0
1775.0
1799.0
1942.0
1893.0
1836.0
1633.0
1263.0
1020.0
1088.0
1046.0
999.0
1112.0
1152.0
1123.0
1041.0
970.0
945.0
866.0
813.0
761.0
789.0
872.0
830.0
848.0
871.0
797.0
811.0
766.0
771.0
858.0
821.0
990.0
1115.0
1260.0
1185.0
1262.0
1184.0
1061.0
1021.0
853.0
795.0
781.0
845.0
843.0
829.0
806.0
774.0
905.0
870.0
861.0
780.0
777.0
707.0
723.0
716.0
710.0
689.0
728.0
738.0
758.0
736.0
711.0
723.0
741.0
733.0
769.0
764.0
727.0
717.0
734.0
672.0
696.0
736.0
754.0
790.0
776.0
737.0
737.0
856.0
801.0
753.0
784.0
744.0
696.0
762.0
655.0
748.0
694.0
726.0
671.0
757.0
689.0
689.0
661.0
639.0
621.0
600.0
667.0
622.0
666.0
698.0
627.0
658.0
730.0
640.0
660.0
643.0
646.0
681.0
704.0
604.0
631.0
592.0
618.0
647.0
589.0
649.0
665.0
626.0
656.0
549.0
613.0
619.0
608.0
642.0
630.0
616.0
640.0
621.0
594.0
590.0
643.0
581.0
687.0
558.0
667.0
552.0
572.0
594.0
518.0
637.0
637.0
570.0
569.0
660.0
592.0
596.0
600.0
597.0
590.0
584.0
698.0
555.0
663.0
511.0
534.0
549.0
625.0
491.0
574.0
602.0
559.0
609.0
625.0
578.0
587.0
609.0
622.0
516.0
616.0
537.0
580.0
567.0
528.0
464.0
577.0
528.0
567.0
506.0
606.0
572.0
543.0
514.0
561.0
508.0
496.0
498.0
518.0
561.0
592.0
543.0
543.0
521.0
481.0
466.0
473.0
511.0
479.0
482.0
488.0
593.0
522.0
531.0
500.0
443.0
474.0
507.0
494.0
553.0
484.0
475.0
530.0
476.0
493.0
501.0
539.0
535.0
533.0
551.0
517.0
508.0
502.0
511.0
477.0
510.0
527.0
508.0
523.0
451.0
454.0
484.0
483.0
469.0
452.0
501.0
478.0
504.0
445.0
453.0
438.0
448.0
453.0
459.0
472.0
440.0
460.0
454.0
429.0
414.0
449.0
476.0
440.0
459.0
457.0
429.0
474.0
485.0
501.0
483.0
482.0
464.0
509.0
527.0
521.0
524.0
535.0
513.0
520.0
463.0
492.0
490.0
448.0
410.0
408.0
414.0
492.0
477.0
537.0
540.0
428.0
466.0
489.0
439.0
442.0
477.0
474.0
438.0
427.0
462.0
479.0
495.0
497.0
415.0
455.0
489.0
449.0
424.0
422.0
428.0
448.0
482.0
429.0
434.0
447.0
425.0
472.0
481.0
437.0
428.0
462.0
449.0
476.0
507.0
498.0
476.0
465.0
457.0
397.0
419.0
458.0
468.0
422.0
476.0
454.0
466.0
535.0
463.0
425.0
439.0
363.0
440.0
370.0
421.0
415.0
460.0
393.0
425.0
374.0
467.0
458.0
439.0
528.0
455.0
423.0
510.0
425.0
441.0
467.0
453.0
456.0
417.0
475.0
487.0
460.0
478.0
467.0
474.0
451.0
430.0
507.0
452.0
470.0
490.0
498.0
430.0
516.0
402.0
457.0
415.0
418.0
393.0
389.0
399.0
352.0
438.0
355.0
442.0
460.0
474.0
457.0
410.0
443.0
462.0
451.0
406.0
410.0
402.0
403.0
374.0
368.0
453.0
463.0
436.0
436.0
486.0
490.0
447.0
438.0
425.0
445.0
413.0
368.0
449.0
512.0
397.0
426.0
402.0
419.0
351.0
414.0
396.0
438.0
469.0
452.0
460.0
420.0
398.0
400.0
413.0
423.0
457.0
397.0
452.0
418.0
431.0
404.0
411.0
407.0
378.0
409.0
404.0
379.0
417.0
360.0
329.0
399.0
355.0
453.0
448.0
446.0
443.0
454.0
438.0
396.0
395.0
418.0
377.0
418.0
466.0
421.0
378.0
449.0
445.0
421.0
386.0
440.0
397.0
348.0
340.0
350.0
374.0
412.0
413.0
406.0
390.0
386.0
437.0
385.0
394.0
429.0
409.0
431.0
411.0
413.0
464.0
442.0
418.0
393.0
373.0
404.0
419.0
461.0
452.0
589.0
557.0
546.0
562.0
446.0
444.0
405.0
356.0
388.0
357.0
375.0
476.0
481.0
423.0
405.0
449.0
417.0
443.0
416.0
431.0
370.0
383.0
381.0
324.0
422.0
374.0
391.0
464.0
438.0
443.0
459.0
541.0
688.0
900.0
1241.0
1960.0
3013.0
4707.0
6962.0
9742.0
12832.0
16419.0
19300.0
21215.0
21171.0
19902.0
17066.0
13810.0
10436.0
7446.0
4991.0
3379.0
2210.0
1555.0
1133.0
913.0
731.0
746.0
658.0
568.0
490.0
537.0
575.0
474.0
472.0
422.0
452.0
449.0
498.0
499.0
469.0
486.0
470.0
486.0
513.0
463.0
411.0
448.0
486.0
403.0
425.0
451.0
482.0
446.0
423.0
420.0
422.0
438.0
472.0
413.0
378.0
423.0
454.0
400.0
395.0
433.0
394.0
405.0
440.0
478.0
444.0
505.0
436.0
440.0
439.0
424.0
393.0
380.0
455.0
400.0
380.0
432.0
428.0
472.0
487.0
464.0
519.0
556.0
628.0
631.0
651.0
665.0
696.0
666.0
624.0
564.0
552.0
525.0
497.0
487.0
398.0
462.0
473.0
400.0
378.0
366.0
354.0
389.0
361.0
368.0
376.0
346.0
348.0
324.0
287.0
338.0
342.0
332.0
350.0
337.0
330.0
341.0
324.0
367.0
347.0
311.0
339.0
315.0
343.0
355.0
434.0
379.0
329.0
335.0
330.0
311.0
329.0
355.0
389.0
415.0
470.0
592.0
887.0
1053.0
1063.0
976.0
749.0
487.0
424.0
327.0
322.0
272.0
337.0
344.0
358.0
329.0
332.0
337.0
338.0
314.0
340.0
372.0
354.0
311.0
333.0
318.0
318.0
334.0
326.0
334.0
367.0
313.0
361.0
357.0
402.0
444.0
499.0
630.0
710.0
677.0
626.0
574.0
487.0
375.0
350.0
360.0
385.0
379.0
355.0
318.0
340.0
331.0
329.0
333.0
325.0
328.0
319.0
341.0
323.0
314.0
324.0
323.0
328.0
310.0
304.0
325.0
304.0
348.0
317.0
311.0
303.0
350.0
301.0
301.0
246.0
292.0
268.0
276.0
302.0
348.0
313.0
423.0
421.0
389.0
408.0
362.0
325.0
328.0
306.0
297.0
315.0
310.0
328.0
304.0
430.0
399.0
386.0
428.0
476.0
535.0
489.0
446.0
333.0
288.0
294.0
283.0
250.0
227.0
315.0
322.0
303.0
251.0
289.0
312.0
263.0
241.0
327.0
343.0
305.0
294.0
305.0
294.0
312.0
315.0
287.0
308.0
257.0
303.0
260.0
343.0
323.0
300.0
307.0
338.0
284.0
298.0
272.0
324.0
301.0
304.0
296.0
263.0
251.0
296.0
273.0
336.0
329.0
288.0
299.0
275.0
256.0
281.0
302.0
294.0
298.0
278.0
286.0
294.0
252.0
248.0
298.0
249.0
284.0
235.0
297.0
337.0
302.0
315.0
279.0
298.0
288.0
316.0
361.0
414.0
441.0
528.0
613.0
786.0
914.0
855.0
890.0
750.0
658.0
518.0
394.0
338.0
324.0
310.0
273.0
318.0
287.0
290.0
264.0
239.0
217.0
276.0
273.0
288.0
287.0
282.0
276.0
282.0
282.0
282.0
280.0
291.0
330.0
315.0
294.0
330.0
323.0
310.0
242.0
244.0
287.0
264.0
267.0
277.0
242.0
296.0
283.0
256.0
271.0
291.0
289.0
306.0
275.0
260.0
242.0
250.0
262.0
304.0
303.0
277.0
255.0
286.0
275.0
226.0
246.0
227.0
258.0
244.0
246.0
263.0
256.0
287.0
257.0
263.0
249.0
254.0
235.0
228.0
296.0
265.0
238.0
251.0
246.0
261.0
264.0
287.0
247.0
255.0
228.0
230.0
291.0
266.0
308.0
290.0
259.0
273.0
303.0
271.0
274.0
266.0
259.0
288.0
273.0
283.0
283.0
259.0
268.0
275.0
254.0
243.0
258.0
253.0
264.0
274.0
253.0
307.0
281.0
244.0
223.0
241.0
294.0
261.0
302.0
286.0
281.0
265.0
305.0
302.0
242.0
244.0
238.0
250.0
260.0
249.0
239.0
266.0
261.0
300.0
234.0
236.0
231.0
273.0
233.0
253.0
290.0
310.0
269.0
297.0
269.0
259.0
297.0
298.0
318.0
309.0
339.0
317.0
286.0
279.0
274.0
258.0
218.0
236.0
240.0
284.0
283.0
261.0
300.0
279.0
270.0
241.0
240.0
263.0
243.0
255.0
264.0
270.0
314.0
308.0
303.0
323.0
400.0
353.0
447.0
518.0
629.0
860.0
1171.0
1555.0
1996.0
2297.0
2654.0
2750.0
2623.0
2532.0
2204.0
1781.0
1312.0
989.0
739.0
573.0
424.0
387.0
296.0
269.0
265.0
309.0
276.0
255.0
233.0
283.0
292.0
242.0
229.0
226.0
296.0
265.0
276.0
240.0
250.0
278.0
256.0
236.0
241.0
263.0
234.0
258.0
253.0
258.0
254.0
252.0
267.0
254.0
261.0
220.0
286.0
245.0
268.0
252.0
263.0
285.0
274.0
240.0
261.0
258.0
278.0
243.0
254.0
264.0
234.0
240.0
270.0
288.0
250.0
275.0
271.0
254.0
278.0
263.0
229.0
262.0
258.0
219.0
316.0
252.0
260.0
269.0
271.0
264.0
293.0
248.0
281.0
257.0
230.0
238.0
220.0
252.0
198.0
212.0
248.0
229.0
194.0
195.0
213.0
207.0
223.0
229.0
211.0
212.0
204.0
213.0
211.0
204.0
186.0
224.0
230.0
248.0
240.0
245.0
246.0
268.0
237.0
213.0
235.0
232.0
251.0
243.0
257.0
281.0
225.0
262.0
232.0
234.0
217.0
260.0
248.0
246.0
245.0
242.0
224.0
220.0
276.0
296.0
276.0
305.0
295.0
288.0
247.0
190.0
198.0
217.0
217.0
219.0
239.0
219.0
244.0
214.0
212.0
252.0
208.0
233.0
225.0
236.0
228.0
220.0
224.0
253.0
200.0
203.0
208.0
215.0
221.0
233.0
234.0
233.0
243.0
211.0
212.0
188.0
212.0
229.0
204.0
220.0
201.0
199.0
192.0
185.0
244.0
259.0
261.0
264.0
299.0
294.0
250.0
238.0
233.0
233.0
222.0
195.0
222.0
221.0
199.0
197.0
200.0
235.0
205.0
209.0
198.0
196.0
217.0
193.0
217.0
203.0
221.0
240.0
220.0
227.0
229.0
217.0
197.0
228.0
256.0
235.0
214.0
205.0
202.0
202.0
194.0
189.0
206.0
220.0
240.0
238.0
226.0
220.0
229.0
218.0
202.0
198.0
230.0
257.0
266.0
226.0
233.0
225.0
234.0
212.0
212.0
191.0
204.0
196.0
179.0
205.0
204.0
202.0
196.0
196.0
194.0
207.0
211.0
203.0
243.0
227.0
222.0
217.0
203.0
223.0
194.0
194.0
201.0
226.0
240.0
208.0
211.0
211.0
199.0
196.0
230.0
233.0
195.0
250.0
213.0
189.0
190.0
162.0
163.0
185.0
180.0
217.0
210.0
204.0
182.0
174.0
176.0
194.0
199.0
200.0
192.0
201.0
213.0
210.0
229.0
211.0
227.0
217.0
193.0
184.0
197.0
210.0
199.0
227.0
271.0
285.0
277.0
267.0
267.0
302.0
332.0
341.0
325.0
316.0
304.0
262.0
224.0
234.0
228.0
197.0
208.0
213.0
238.0
222.0
239.0
247.0
243.0
226.0
238.0
242.0
242.0
196.0
187.0
193.0
184.0
216.0
210.0
184.0
183.0
189.0
172.0
207.0
222.0
212.0
249.0
180.0
197.0
214.0
218.0
221.0
215.0
182.0
204.0
184.0
186.0
168.0
197.0
212.0
197.0
200.0
208.0
234.0
202.0
229.0
252.0
258.0
229.0
236.0
221.0
254.0
223.0
198.0
193.0
195.0
202.0
170.0
171.0
193.0
196.0
199.0
183.0
196.0
200.0
170.0
162.0
165.0
194.0
189.0
196.0
215.0
210.0
191.0
183.0
196.0
230.0
232.0
226.0
238.0
199.0
203.0
194.0
195.0
196.0
175.0
175.0
169.0
198.0
190.0
152.0
171.0
185.0
195.0
189.0
207.0
198.0
179.0
222.0
181.0
179.0
174.0
171.0
208.0
199.0
186.0
208.0
204.0
173.0
220.0
259.0
219.0
244.0
212.0
227.0
208.0
202.0
160.0
174.0
178.0
177.0
146.0
238.0
219.0
201.0
216.0
191.0
189.0
237.0
192.0
191.0
185.0
174.0
205.0
193.0
188.0
157.0
172.0
169.0
204.0
193.0
181.0
184.0
187.0
193.0
218.0
199.0
199.0
176.0
183.0
166.0
140.0
145.0
157.0
158.0
179.0
195.0
173.0
171.0
178.0
198.0
167.0
175.0
177.0
172.0
177.0
190.0
228.0
212.0
197.0
202.0
164.0
169.0
147.0
157.0
165.0
186.0
145.0
203.0
159.0
164.0
154.0
142.0
147.0
164.0
165.0
162.0
180.0
173.0
183.0
157.0
152.0
175.0
150.0
140.0
160.0
163.0
175.0
154.0
170.0
208.0
200.0
206.0
199.0
185.0
149.0
146.0
146.0
158.0
169.0
174.0
202.0
217.0
206.0
223.0
225.0
194.0
176.0
174.0
151.0
178.0
169.0
156.0
161.0
192.0
171.0
166.0
145.0
178.0
229.0
236.0
281.0
268.0
360.0
421.0
377.0
355.0
258.0
206.0
152.0
138.0
154.0
196.0
203.0
199.0
170.0
208.0
214.0
180.0
174.0
167.0
205.0
193.0
165.0
168.0
161.0
133.0
143.0
137.0
142.0
140.0
194.0
207.0
174.0
161.0
166.0
149.0
181.0
164.0
171.0
142.0
166.0
178.0
163.0
204.0
258.0
313.0
402.0
625.0
988.0
1397.0
1744.0
1985.0
2023.0
1570.0
1108.0
665.0
482.0
295.0
213.0
186.0
195.0
188.0
186.0
143.0
196.0
155.0
193.0
167.0
165.0
192.0
171.0
163.0
183.0
227.0
214.0
193.0
184.0
160.0
150.0
178.0
165.0
236.0
194.0
188.0
166.0
164.0
177.0
164.0
171.0
157.0
200.0
191.0
211.0
178.0
168.0
171.0
158.0
167.0
179.0
200.0
165.0
143.0
148.0
149.0
150.0
164.0
196.0
187.0
154.0
146.0
125.0
121.0
163.0
154.0
161.0
181.0
200.0
174.0
133.0
136.0
152.0
175.0
169.0
179.0
176.0
191.0
252.0
282.0
300.0
369.0
324.0
378.0
266.0
218.0
168.0
202.0
178.0
177.0
179.0
225.0
179.0
163.0
166.0
175.0
190.0
185.0
159.0
153.0
178.0
151.0
151.0
164.0
152.0
187.0
160.0
139.0
180.0
168.0
178.0
172.0
149.0
147.0
158.0
161.0
157.0
147.0
175.0
192.0
221.0
165.0
148.0
167.0
175.0
162.0
136.0
131.0
177.0
196.0
169.0
147.0
183.0
141.0
145.0
141.0
141.0
132.0
135.0
141.0
146.0
142.0
135.0
149.0
149.0
127.0
147.0
132.0
138.0
144.0
137.0
161.0
205.0
196.0
192.0
221.0
236.0
267.0
276.0
298.0
311.0
293.0
232.0
205.0
175.0
156.0
150.0
131.0
149.0
152.0
159.0
154.0
157.0
158.0
155.0
144.0
151.0
128.0
128.0
164.0
168.0
156.0
164.0
152.0
166.0
189.0
178.0
153.0
157.0
142.0
153.0
132.0
174.0
163.0
150.0
161.0
146.0
133.0
157.0
163.0
137.0
126.0
120.0
157.0
153.0
172.0
165.0
161.0
160.0
155.0
138.0
166.0
149.0
136.0
173.0
170.0
158.0
201.0
169.0
167.0
194.0
183.0
184.0
152.0
171.0
192.0
205.0
216.0
197.0
238.0
241.0
221.0
211.0
184.0
159.0
151.0
164.0
148.0
154.0
145.0
155.0
134.0
139.0
166.0
153.0
165.0
148.0
164.0
140.0
143.0
141.0
136.0
161.0
155.0
177.0
163.0
144.0
154.0
160.0
166.0
186.0
166.0
163.0
169.0
133.0
167.0
148.0
153.0
149.0
137.0
143.0
137.0
141.0
183.0
163.0
150.0
176.0
185.0
175.0
164.0
135.0
130.0
143.0
141.0
148.0
122.0
115.0
131.0
159.0
150.0
124.0
134.0
156.0
142.0
143.0
160.0
132.0
143.0
165.0
175.0
151.0
169.0
150.0
155.0
139.0
153.0
140.0
132.0
136.0
171.0
165.0
160.0
155.0
128.0
124.0
148.0
180.0
165.0
161.0
151.0
168.0
170.0
155.0
181.0
222.0
205.0
183.0
169.0
174.0
164.0
156.0
152.0
149.0
164.0
204.0
243.0
271.0
252.0
279.0
272.0
269.0
245.0
194.0
198.0
169.0
163.0
154.0
145.0
132.0
156.0
159.0
148.0
153.0
165.0
149.0
140.0
156.0
143.0
160.0
152.0
142.0
154.0
156.0
144.0
127.0
138.0
142.0
150.0
119.0
118.0
138.0
132.0
118.0
128.0
136.0
126.0
137.0
143.0
147.0
143.0
159.0
154.0
145.0
154.0
146.0
138.0
128.0
112.0
137.0
150.0
130.0
145.0
156.0
164.0
142.0
160.0
155.0
148.0
165.0
157.0
156.0
154.0
143.0
123.0
107.0
129.0
142.0
140.0
133.0
133.0
144.0
135.0
130.0
152.0
142.0
140.0
144.0
138.0
146.0
154.0
149.0
136.0
125.0
131.0
130.0
134.0
146.0
155.0
140.0
131.0
126.0
142.0
118.0
98.0
111.0
139.0
174.0
166.0
205.0
215.0
260.0
312.0
352.0
501.0
715.0
972.0
1232.0
1400.0
1360.0
1073.0
869.0
547.0
376.0
216.0
169.0
163.0
143.0
128.0
136.0
126.0
132.0
124.0
125.0
126.0
127.0
123.0
128.0
136.0
124.0
123.0
113.0
130.0
141.0
153.0
146.0
126.0
109.0
131.0
125.0
114.0
138.0
156.0
145.0
150.0
146.0
169.0
157.0
169.0
194.0
241.0
257.0
332.0
446.0
656.0
836.0
925.0
1052.0
1035.0
965.0
928.0
862.0
678.0
484.0
356.0
246.0
180.0
152.0
142.0
149.0
134.0
101.0
144.0
143.0
143.0
118.0
141.0
135.0
121.0
143.0
149.0
152.0
163.0
201.0
205.0
226.0
229.0
227.0
234.0
213.0
179.0
161.0
150.0
159.0
150.0
156.0
136.0
161.0
144.0
148.0
155.0
135.0
127.0
148.0
133.0
137.0
135.0
154.0
139.0
151.0
146.0
145.0
138.0
142.0
139.0
131.0
141.0
132.0
141.0
155.0
129.0
118.0
124.0
120.0
123.0
118.0
133.0
129.0
147.0
136.0
146.0
150.0
184.0
207.0
196.0
207.0
230.0
222.0
211.0
207.0
210.0
177.0
149.0
166.0
168.0
135.0
132.0
143.0
157.0
136.0
174.0
148.0
141.0
152.0
144.0
137.0
122.0
125.0
115.0
142.0
136.0
136.0
127.0
117.0
101.0
121.0
133.0
139.0
127.0
112.0
92.0
114.0
121.0
153.0
117.0
107.0
126.0
120.0
117.0
113.0
123.0
129.0
116.0
128.0
118.0
116.0
116.0
119.0
125.0
119.0
118.0
112.0
95.0
123.0
136.0
123.0
118.0
125.0
113.0
128.0
124.0
134.0
112.0
117.0
120.0
116.0
139.0
121.0
131.0
137.0
132.0
126.0
138.0
143.0
138.0
143.0
127.0
122.0
142.0
150.0
140.0
131.0
122.0
138.0
130.0
127.0
138.0
148.0
130.0
140.0
138.0
121.0
117.0
95.0
92.0
97.0
107.0
119.0
107.0
113.0
136.0
143.0
140.0
134.0
142.0
143.0
124.0
126.0
141.0
129.0
120.0
99.0
117.0
107.0
122.0
114.0
111.0
128.0
140.0
115.0
115.0
116.0
121.0
122.0
121.0
104.0
126.0
108.0
103.0
101.0
94.0
111.0
115.0
120.0
106.0
137.0
122.0
116.0
110.0
112.0
129.0
101.0
114.0
129.0
127.0
120.0
117.0
135.0
114.0
117.0
133.0
106.0
95.0
89.0
109.0
111.0
96.0
102.0
117.0
130.0
113.0
110.0
114.0
122.0
106.0
111.0
112.0
115.0
106.0
102.0
113.0
126.0
136.0
142.0
122.0
129.0
104.0
104.0
138.0
141.0
145.0
141.0
130.0
135.0
120.0
120.0
112.0
124.0
125.0
135.0
138.0
136.0
143.0
149.0
135.0
142.0
134.0
141.0
149.0
124.0
116.0
122.0
118.0
119.0
126.0
119.0
130.0
120.0
141.0
150.0
141.0
150.0
167.0
172.0
160.0
171.0
153.0
153.0
196.0
188.0
183.0
146.0
192.0
230.0
279.0
397.0
418.0
383.0
356.0
351.0
359.0
316.0
281.0
218.0
155.0
150.0
125.0
112.0
130.0
124.0
121.0
134.0
142.0
133.0
106.0
102.0
108.0
145.0
147.0
122.0
119.0
117.0
117.0
117.0
111.0
101.0
97.0
109.0
124.0
114.0
132.0
124.0
110.0
124.0
124.0
137.0
149.0
137.0
139.0
122.0
132.0
145.0
130.0
123.0
111.0
103.0
111.0
111.0
103.0
114.0
124.0
116.0
120.0
113.0
107.0
93.0
116.0
108.0
98.0
105.0
105.0
119.0
133.0
130.0
131.0
134.0
114.0
118.0
111.0
132.0
128.0
118.0
117.0
97.0
118.0
119.0
121.0
116.0
114.0
123.0
145.0
151.0
145.0
120.0
126.0
107.0
114.0
141.0
135.0
117.0
107.0
122.0
128.0
141.0
131.0
138.0
123.0
117.0
127.0
118.0
146.0
155.0
136.0
136.0
174.0
155.0
149.0
154.0
148.0
151.0
131.0
114.0
129.0
133.0
120.0
129.0
141.0
135.0
140.0
121.0
114.0
110.0
119.0
139.0
108.0
119.0
114.0
117.0
141.0
122.0
128.0
125.0
120.0
115.0
121.0
102.0
117.0
128.0
138.0
117.0
119.0
130.0
120.0
111.0
108.0
117.0
126.0
125.0
93.0
90.0
104.0
114.0
110.0
106.0
133.0
125.0
132.0
117.0
120.0
125.0
119.0
117.0
120.0
126.0
134.0
124.0
127.0
123.0
94.0
87.0
84.0
116.0
122.0
134.0
121.0
140.0
137.0
149.0
142.0
159.0
217.0
186.0
176.0
182.0
176.0
158.0
135.0
150.0
150.0
134.0
111.0
117.0
120.0
130.0
120.0
106.0
127.0
108.0
109.0
104.0
121.0
118.0
117.0
125.0
110.0
90.0
109.0
109.0
104.0
96.0
93.0
96.0
105.0
119.0
121.0
121.0
107.0
104.0
129.0
128.0
129.0
118.0
102.0
104.0
92.0
102.0
109.0
104.0
112.0
113.0
137.0
128.0
110.0
119.0
112.0
125.0
110.0
126.0
117.0
119.0
116.0
142.0
124.0
105.0
105.0
111.0
122.0
136.0
138.0
136.0
113.0
103.0
108.0
121.0
109.0
111.0
112.0
109.0
116.0
99.0
111.0
107.0
108.0
129.0
133.0
137.0
137.0
128.0
157.0
145.0
136.0
130.0
119.0
81.0
88.0
107.0
120.0
120.0
122.0
137.0
128.0
143.0
133.0
121.0
124.0
134.0
118.0
115.0
123.0
132.0
119.0
121.0
126.0
128.0
119.0
121.0
106.0
119.0
134.0
141.0
131.0
127.0
125.0
120.0
119.0
109.0
104.0
110.0
113.0
116.0
131.0
121.0
128.0
124.0
126.0
92.0
110.0
112.0
117.0
118.0
130.0
130.0
123.0
119.0
105.0
99.0
97.0
106.0
121.0
121.0
121.0
128.0
124.0
107.0
120.0
117.0
103.0
97.0
105.0
105.0
113.0
107.0
101.0
117.0
118.0
112.0
115.0
103.0
112.0
128.0
108.0
132.0
129.0
144.0
153.0
131.0
116.0
134.0
145.0
158.0
188.0
210.0
196.0
203.0
241.0
211.0
189.0
173.0
158.0
132.0
127.0
120.0
116.0
124.0
134.0
123.0
107.0
111.0
99.0
106.0
94.0
100.0
106.0
87.0
93.0
94.0
113.0
114.0
100.0
94.0
95.0
91.0
87.0
76.0
84.0
83.0
72.0
97.0
108.0
103.0
96.0
98.0
93.0
85.0
96.0
104.0
101.0
103.0
106.0
104.0
119.0
116.0
103.0
102.0
81.0
81.0
75.0
84.0
104.0
106.0
93.0
91.0
93.0
101.0
90.0
95.0
84.0
94.0
96.0
85.0
79.0
82.0
76.0
83.0
71.0
91.0
81.0
78.0
85.0
73.0
91.0
102.0
90.0
92.0
119.0
107.0
95.0
90.0
82.0
76.0
84.0
97.0
89.0
98.0
99.0
79.0
72.0
84.0
116.0
102.0
107.0
100.0
85.0
79.0
76.0
81.0
77.0
75.0
75.0
72.0
84.0
87.0
85.0
87.0
82.0
88.0
108.0
107.0
98.0
99.0
97.0
111.0
105.0
102.0
95.0
93.0
86.0
87.0
103.0
88.0
95.0
115.0
112.0
153.0
150.0
160.0
130.0
139.0
138.0
119.0
103.0
105.0
103.0
99.0
95.0
76.0
64.0
88.0
111.0
110.0
101.0
149.0
138.0
148.0
180.0
151.0
146.0
158.0
161.0
123.0
106.0
102.0
83.0
76.0
84.0
101.0
108.0
88.0
85.0
96.0
74.0
66.0
70.0
69.0
98.0
114.0
112.0
103.0
101.0
107.0
111.0
101.0
110.0
101.0
78.0
94.0
100.0
104.0
98.0
94.0
90.0
82.0
71.0
68.0
95.0
89.0
100.0
85.0
77.0
74.0
71.0
68.0
62.0
77.0
76.0
81.0
106.0
123.0
102.0
127.0
95.0
111.0
116.0
109.0
107.0
98.0
92.0
81.0
93.0
86.0
81.0
80.0
73.0
100.0
115.0
80.0
107.0
113.0
101.0
96.0
137.0
110.0
89.0
103.0
107.0
87.0
70.0
87.0
109.0
94.0
121.0
111.0
136.0
105.0
105.0
99.0
86.0
75.0
96.0
89.0
89.0
90.0
102.0
97.0
107.0
89.0
88.0
94.0
87.0
