0.0
0.0
0.0
0.0
0.0
0.0
0.0
0.0
0.0
0.0
0.0
0.0
179.0
263.0
257.0
234.0
274.0
215.0
193.0
202.0
223.0
186.0
195.0
208.0
198.0
199.0
176.0
175.0
185.0
183.0
168.0
156.0
171.0
162.0
179.0
178.0
152.0
170.0
160.0
154.0
142.0
152.0
143.0
137.0
187.0
161.0
183.0
190.0
202.0
174.0
158.0
166.0
186.0
221.0
276.0
255.0
196.0
210.0
176.0
185.0
223.0
244.0
251.0
235.0
212.0
189.0
178.0
199.0
187.0
203.0
159.0
185.0
166.0
159.0
154.0
117.0
131.0
166.0
133.0
130.0
112.0
110.0
113.0
118.0
124.0
108.0
112.0
125.0
113.0
98.0
108.0
98.0
92.0
103.0
106.0
153.0
210.0
334.0
333.0
312.0
259.0
192.0
192.0
170.0
212.0
264.0
281.0
493.0
1307.0
3539.0
6272.0
7548.0
5936.0
3315.0
1627.0
1270.0
2088.0
3459.0
4486.0
4071.0
3092.0
2061.0
1385.0
965.0
882.0
1007.0
1059.0
835.0
540.0
322.0
270.0
313.0
387.0
439.0
380.0
269.0
176.0
139.0
118.0
174.0
191.0
197.0
170.0
133.0
91.0
82.0
81.0
55.0
50.0
45.0
39.0
50.0
35.0
55.0
42.0
48.0
39.0
47.0
50.0
43.0
39.0
41.0
43.0
46.0
34.0
43.0
41.0
43.0
36.0
49.0
52.0
39.0
34.0
64.0
71.0
59.0
53.0
51.0
43.0
39.0
49.0
32.0
43.0
43.0
36.0
44.0
55.0
38.0
37.0
39.0
48.0
42.0
40.0
42.0
32.0
41.0
56.0
37.0
34.0
38.0
46.0
42.0
38.0
40.0
60.0
88.0
95.0
77.0
66.0
55.0
35.0
39.0
32.0
37.0
38.0
36.0
48.0
45.0
37.0
39.0
40.0
40.0
40.0
38.0
43.0
45.0
31.0
49.0
50.0
50.0
43.0
46.0
38.0
31.0
46.0
38.0
41.0
55.0
74.0
115.0
133.0
137.0
119.0
78.0
68.0
33.0
39.0
35.0
41.0
30.0
31.0
39.0
57.0
43.0
33.0
39.0
41.0
45.0
42.0
35.0
34.0
37.0
46.0
34.0
64.0
49.0
62.0
64.0
31.0
49.0
34.0
41.0
39.0
39.0
34.0
40.0
34.0
33.0
44.0
33.0
41.0
30.0
27.0
38.0
47.0
40.0
44.0
42.0
37.0
37.0
35.0
30.0
44.0
35.0
27.0
34.0
35.0
34.0
39.0
38.0
31.0
36.0
41.0
29.0
50.0
39.0
30.0
34.0
36.0
41.0
30.0
50.0
43.0
39.0
46.0
74.0
104.0
150.0
165.0
140.0
125.0
94.0
53.0
39.0
44.0
29.0
30.0
37.0
24.0
50.0
34.0
38.0
38.0
43.0
32.0
38.0
24.0
21.0
29.0
38.0
26.0
34.0
30.0
44.0
39.0
33.0
42.0
42.0
33.0
42.0
38.0
50.0
58.0
54.0
59.0
66.0
63.0
53.0
47.0
40.0
38.0
44.0
35.0
36.0
37.0
34.0
41.0
35.0
37.0
48.0
33.0
37.0
44.0
36.0
30.0
40.0
39.0
34.0
32.0
33.0
31.0
47.0
41.0
59.0
31.0
35.0
36.0
26.0
33.0
39.0
30.0
28.0
28.0
22.0
31.0
38.0
33.0
34.0
30.0
23.0
39.0
21.0
38.0
39.0
37.0
41.0
35.0
29.0
33.0
21.0
32.0
35.0
32.0
27.0
35.0
32.0
27.0
27.0
29.0
43.0
43.0
33.0
37.0
25.0
39.0
36.0
41.0
37.0
47.0
32.0
40.0
44.0
32.0
31.0
38.0
33.0
31.0
34.0
42.0
26.0
45.0
36.0
38.0
37.0
33.0
31.0
32.0
32.0
34.0
29.0
36.0
26.0
36.0
31.0
32.0
27.0
39.0
32.0
30.0
37.0
26.0
37.0
30.0
36.0
30.0
41.0
34.0
47.0
34.0
35.0
32.0
33.0
29.0
35.0
38.0
28.0
23.0
33.0
36.0
31.0
32.0
28.0
35.0
36.0
37.0
32.0
31.0
33.0
33.0
37.0
36.0
25.0
31.0
33.0
39.0
40.0
27.0
28.0
23.0
36.0
30.0
28.0
26.0
50.0
26.0
35.0
30.0
37.0
31.0
28.0
37.0
24.0
29.0
32.0
31.0
33.0
43.0
43.0
27.0
27.0
30.0
29.0
37.0
31.0
25.0
31.0
35.0
36.0
27.0
29.0
35.0
32.0
29.0
34.0
28.0
18.0
29.0
30.0
31.0
31.0
34.0
39.0
37.0
37.0
32.0
24.0
34.0
20.0
32.0
29.0
30.0
31.0
31.0
44.0
31.0
39.0
36.0
28.0
26.0
42.0
26.0
38.0
37.0
23.0
34.0
36.0
41.0
33.0
38.0
37.0
35.0
34.0
43.0
29.0
40.0
32.0
40.0
35.0
27.0
29.0
37.0
29.0
28.0
37.0
24.0
30.0
33.0
30.0
38.0
20.0
31.0
39.0
36.0
25.0
25.0
30.0
46.0
29.0
31.0
33.0
34.0
29.0
45.0
31.0
35.0
34.0
38.0
36.0
48.0
29.0
28.0
36.0
38.0
34.0
33.0
34.0
34.0
52.0
36.0
36.0
41.0
30.0
25.0
41.0
30.0
41.0
28.0
33.0
30.0
31.0
36.0
30.0
29.0
39.0
35.0
35.0
30.0
42.0
31.0
30.0
44.0
29.0
35.0
35.0
27.0
31.0
28.0
23.0
35.0
37.0
30.0
31.0
29.0
34.0
36.0
34.0
35.0
39.0
35.0
41.0
34.0
35.0
28.0
31.0
46.0
37.0
38.0
32.0
32.0
51.0
33.0
37.0
31.0
37.0
38.0
32.0
38.0
45.0
25.0
39.0
39.0
45.0
46.0
32.0
45.0
44.0
48.0
43.0
36.0
43.0
45.0
34.0
39.0
49.0
45.0
45.0
47.0
39.0
38.0
34.0
37.0
40.0
37.0
38.0
42.0
46.0
45.0
50.0
45.0
43.0
48.0
59.0
46.0
41.0
49.0
52.0
38.0
59.0
53.0
50.0
47.0
51.0
60.0
50.0
47.0
55.0
59.0
62.0
67.0
87.0
69.0
68.0
90.0
80.0
74.0
87.0
111.0
91.0
100.0
87.0
110.0
112.0
122.0
119.0
117.0
116.0
131.0
145.0
125.0
113.0
111.0
110.0
124.0
125.0
118.0
125.0
119.0
125.0
126.0
105.0
121.0
101.0
111.0
116.0
105.0
112.0
126.0
131.0
148.0
144.0
141.0
137.0
132.0
117.0
94.0
85.0
84.0
82.0
71.0
74.0
98.0
75.0
86.0
65.0
82.0
86.0
83.0
91.0
87.0
84.0
87.0
86.0
94.0
107.0
133.0
150.0
221.0
319.0
467.0
817.0
1282.0
2086.0
2987.0
4407.0
5584.0
6710.0
7808.0
8591.0
9374.0
10181.0
11222.0
11958.0
12848.0
13243.0
13173.0
12139.0
10511.0
8570.0
6682.0
4710.0
3149.0
1896.0
1083.0
639.0
399.0
226.0
163.0
106.0
102.0
87.0
83.0
79.0
76.0
61.0
78.0
68.0
68.0
65.0
63.0
52.0
56.0
62.0
42.0
53.0
47.0
59.0
61.0
53.0
52.0
47.0
49.0
54.0
58.0
51.0
54.0
38.0
48.0
44.0
46.0
41.0
50.0
49.0
47.0
56.0
35.0
53.0
51.0
46.0
50.0
52.0
42.0
53.0
39.0
49.0
35.0
49.0
43.0
46.0
46.0
51.0
49.0
48.0
35.0
46.0
54.0
32.0
43.0
45.0
39.0
48.0
45.0
45.0
41.0
37.0
49.0
49.0
56.0
47.0
53.0
42.0
44.0
44.0
51.0
55.0
67.0
59.0
89.0
154.0
200.0
347.0
497.0
738.0
1032.0
1445.0
1760.0
2088.0
2223.0
2313.0
2233.0
2063.0
1722.0
1384.0
1069.0
756.0
505.0
349.0
228.0
161.0
148.0
130.0
127.0
171.0
245.0
286.0
354.0
393.0
490.0
469.0
470.0
426.0
368.0
313.0
251.0
196.0
136.0
115.0
74.0
74.0
48.0
25.0
28.0
32.0
31.0
32.0
33.0
25.0
30.0
26.0
23.0
38.0
25.0
31.0
33.0
27.0
34.0
28.0
33.0
37.0
28.0
21.0
37.0
30.0
24.0
40.0
31.0
30.0
32.0
26.0
27.0
27.0
24.0
29.0
26.0
28.0
28.0
26.0
35.0
23.0
24.0
33.0
29.0
24.0
30.0
32.0
23.0
25.0
25.0
37.0
30.0
31.0
18.0
25.0
30.0
21.0
27.0
33.0
29.0
29.0
23.0
32.0
29.0
29.0
28.0
20.0
20.0
23.0
34.0
34.0
36.0
18.0
31.0
27.0
27.0
24.0
36.0
31.0
23.0
30.0
21.0
29.0
27.0
33.0
33.0
24.0
24.0
31.0
29.0
18.0
25.0
23.0
28.0
19.0
35.0
26.0
24.0
33.0
43.0
33.0
34.0
20.0
18.0
32.0
16.0
18.0
16.0
30.0
19.0
25.0
42.0
17.0
30.0
31.0
28.0
28.0
30.0
31.0
40.0
28.0
29.0
30.0
22.0
25.0
31.0
22.0
38.0
30.0
24.0
39.0
23.0
27.0
23.0
34.0
27.0
18.0
27.0
24.0
23.0
26.0
23.0
28.0
27.0
25.0
27.0
36.0
30.0
25.0
24.0
19.0
26.0
29.0
29.0
28.0
31.0
32.0
27.0
26.0
32.0
26.0
23.0
26.0
22.0
20.0
27.0
26.0
18.0
23.0
25.0
30.0
24.0
24.0
33.0
20.0
32.0
24.0
29.0
25.0
27.0
25.0
35.0
32.0
30.0
24.0
28.0
16.0
33.0
22.0
35.0
27.0
37.0
37.0
31.0
36.0
33.0
29.0
24.0
37.0
30.0
29.0
30.0
18.0
12.0
19.0
27.0
26.0
22.0
31.0
25.0
21.0
25.0
29.0
35.0
23.0
31.0
35.0
25.0
28.0
28.0
26.0
25.0
23.0
33.0
27.0
25.0
28.0
32.0
23.0
26.0
27.0
21.0
20.0
27.0
26.0
27.0
18.0
31.0
25.0
27.0
28.0
31.0
33.0
25.0
28.0
23.0
22.0
17.0
16.0
22.0
21.0
19.0
28.0
27.0
22.0
30.0
23.0
31.0
30.0
26.0
18.0
34.0
28.0
23.0
26.0
22.0
30.0
21.0
23.0
34.0
17.0
18.0
26.0
35.0
25.0
27.0
24.0
23.0
22.0
29.0
34.0
25.0
36.0
28.0
25.0
31.0
23.0
25.0
23.0
26.0
25.0
31.0
28.0
23.0
25.0
24.0
29.0
25.0
29.0
20.0
24.0
27.0
27.0
33.0
17.0
28.0
34.0
21.0
27.0
25.0
28.0
27.0
28.0
25.0
25.0
26.0
34.0
28.0
28.0
24.0
34.0
23.0
29.0
22.0
27.0
28.0
24.0
25.0
31.0
19.0
22.0
20.0
26.0
32.0
28.0
23.0
35.0
34.0
30.0
26.0
17.0
19.0
28.0
23.0
26.0
18.0
27.0
22.0
25.0
20.0
28.0
20.0
18.0
32.0
23.0
38.0
26.0
29.0
29.0
23.0
29.0
29.0
31.0
25.0
34.0
23.0
30.0
30.0
26.0
32.0
19.0
17.0
28.0
26.0
39.0
25.0
23.0
30.0
26.0
30.0
27.0
28.0
22.0
18.0
43.0
27.0
22.0
22.0
25.0
32.0
29.0
24.0
25.0
35.0
23.0
24.0
34.0
32.0
24.0
26.0
32.0
18.0
35.0
14.0
17.0
21.0
25.0
32.0
26.0
16.0
30.0
29.0
21.0
31.0
28.0
34.0
23.0
24.0
26.0
23.0
31.0
29.0
29.0
22.0
26.0
25.0
21.0
27.0
22.0
24.0
40.0
32.0
25.0
37.0
26.0
18.0
25.0
40.0
39.0
37.0
22.0
32.0
21.0
19.0
36.0
28.0
29.0
28.0
34.0
33.0
23.0
22.0
27.0
23.0
29.0
30.0
29.0
27.0
25.0
29.0
27.0
42.0
28.0
20.0
23.0
27.0
15.0
23.0
31.0
24.0
38.0
39.0
22.0
24.0
33.0
23.0
33.0
27.0
27.0
19.0
27.0
24.0
35.0
35.0
21.0
27.0
28.0
22.0
34.0
27.0
25.0
24.0
32.0
30.0
24.0
36.0
30.0
31.0
25.0
29.0
27.0
26.0
25.0
41.0
23.0
25.0
25.0
28.0
32.0
24.0
31.0
26.0
25.0
34.0
22.0
26.0
19.0
25.0
37.0
33.0
27.0
41.0
28.0
34.0
20.0
29.0
26.0
27.0
37.0
39.0
33.0
29.0
32.0
28.0
28.0
24.0
26.0
51.0
39.0
27.0
18.0
33.0
28.0
28.0
31.0
33.0
29.0
32.0
35.0
42.0
31.0
28.0
37.0
33.0
29.0
22.0
29.0
37.0
29.0
28.0
33.0
32.0
30.0
35.0
40.0
28.0
38.0
31.0
32.0
35.0
23.0
24.0
24.0
15.0
26.0
38.0
25.0
26.0
29.0
33.0
26.0
30.0
24.0
26.0
20.0
34.0
45.0
26.0
30.0
27.0
27.0
23.0
27.0
33.0
34.0
30.0
22.0
32.0
24.0
28.0
24.0
31.0
28.0
20.0
24.0
26.0
32.0
22.0
27.0
36.0
27.0
24.0
30.0
33.0
26.0
21.0
30.0
28.0
43.0
34.0
33.0
24.0
29.0
35.0
28.0
26.0
32.0
20.0
27.0
33.0
29.0
38.0
22.0
20.0
18.0
23.0
21.0
29.0
28.0
22.0
29.0
33.0
29.0
26.0
30.0
28.0
35.0
24.0
28.0
34.0
28.0
27.0
24.0
27.0
27.0
25.0
24.0
28.0
23.0
25.0
25.0
26.0
38.0
28.0
34.0
21.0
25.0
28.0
33.0
33.0
28.0
27.0
29.0
20.0
29.0
27.0
29.0
40.0
28.0
28.0
32.0
35.0
42.0
25.0
28.0
28.0
31.0
26.0
29.0
26.0
25.0
28.0
27.0
23.0
47.0
26.0
33.0
31.0
25.0
26.0
29.0
26.0
35.0
16.0
27.0
31.0
32.0
22.0
32.0
37.0
24.0
32.0
29.0
25.0
33.0
37.0
24.0
37.0
31.0
33.0
25.0
34.0
28.0
24.0
33.0
23.0
27.0
30.0
31.0
29.0
27.0
37.0
29.0
30.0
34.0
32.0
22.0
20.0
33.0
29.0
32.0
37.0
20.0
33.0
17.0
36.0
32.0
24.0
36.0
21.0
23.0
31.0
19.0
35.0
22.0
29.0
28.0
25.0
26.0
24.0
33.0
34.0
27.0
26.0
28.0
35.0
19.0
32.0
31.0
29.0
27.0
35.0
31.0
21.0
28.0
28.0
27.0
23.0
25.0
35.0
27.0
20.0
21.0
34.0
28.0
27.0
36.0
26.0
23.0
27.0
22.0
25.0
29.0
25.0
21.0
15.0
21.0
35.0
27.0
31.0
38.0
28.0
31.0
28.0
37.0
36.0
30.0
24.0
30.0
25.0
33.0
27.0
25.0
30.0
31.0
24.0
33.0
18.0
30.0
25.0
29.0
28.0
25.0
21.0
31.0
23.0
28.0
30.0
33.0
25.0
30.0
25.0
33.0
22.0
19.0
34.0
30.0
22.0
24.0
26.0
29.0
28.0
28.0
29.0
20.0
34.0
35.0
23.0
32.0
27.0
36.0
39.0
28.0
30.0
29.0
46.0
39.0
31.0
41.0
32.0
43.0
44.0
44.0
44.0
45.0
32.0
37.0
33.0
35.0
29.0
35.0
31.0
30.0
33.0
16.0
34.0
37.0
36.0
34.0
31.0
25.0
25.0
26.0
32.0
29.0
30.0
32.0
23.0
33.0
29.0
19.0
38.0
41.0
30.0
37.0
35.0
32.0
37.0
36.0
36.0
45.0
50.0
47.0
53.0
43.0
42.0
46.0
42.0
49.0
58.0
43.0
32.0
44.0
36.0
34.0
37.0
35.0
33.0
39.0
43.0
33.0
34.0
35.0
40.0
32.0
35.0
33.0
33.0
38.0
31.0
26.0
19.0
39.0
42.0
25.0
25.0
35.0
24.0
32.0
39.0
26.0
29.0
30.0
21.0
29.0
25.0
35.0
31.0
27.0
30.0
19.0
28.0
40.0
26.0
33.0
39.0
39.0
45.0
56.0
44.0
44.0
51.0
40.0
45.0
45.0
38.0
44.0
34.0
34.0
26.0
30.0
21.0
30.0
25.0
22.0
24.0
32.0
27.0
24.0
39.0
30.0
23.0
25.0
21.0
31.0
22.0
36.0
21.0
24.0
26.0
12.0
19.0
22.0
27.0
17.0
19.0
28.0
32.0
16.0
21.0
26.0
27.0
31.0
24.0
22.0
31.0
24.0
15.0
18.0
23.0
28.0
19.0
27.0
23.0
24.0
22.0
25.0
20.0
18.0
25.0
21.0
14.0
33.0
17.0
18.0
22.0
20.0
17.0
22.0
18.0
25.0
26.0
27.0
22.0
14.0
18.0
25.0
22.0
20.0
22.0
20.0
22.0
20.0
19.0
16.0
22.0
21.0
20.0
23.0
27.0
16.0
20.0
21.0
19.0
22.0
16.0
15.0
14.0
14.0
20.0
24.0
14.0
21.0
21.0
22.0
20.0
22.0
17.0
15.0
31.0
18.0
26.0
18.0
15.0
26.0
19.0
21.0
22.0
17.0
26.0
19.0
22.0
22.0
26.0
17.0
11.0
21.0
14.0
15.0
20.0
17.0
21.0
12.0
29.0
23.0
15.0
17.0
19.0
27.0
12.0
18.0
