1
0
1
0
0
0
0
0
0
0
0
0
0
0
0
0
0
0
0
0
0
0
0
0
0
0
0
0
0
0
0
0
0
0
0
0
0
0
0
0
0
0
0
2
0
0
1
1
2
693
10619
12698
13020
13133
13275
13345
13404
13373
13178
13463
13345
13321
13365
13387
13461
13292
13378
13307
13271
13230
13177
13060
13021
13047
13013
13116
13070
12756
13059
12799
13011
13086
12810
12782
12703
12838
12757
12669
12644
12540
12665
12671
12539
12693
12492
12391
12531
12517
12443
12186
12345
12431
12309
12249
12245
12133
12169
12170
12077
12236
11987
12311
12107
12134
12065
11894
12027
11984
11880
11959
12061
11912
11878
12055
11896
11767
11751
11766
11775
11787
11695
11762
11765
11771
11593
11536
11828
11704
11418
11682
11492
11659
11499
11714
11523
11327
11709
11524
11392
11527
11547
11637
11798
11630
11642
11644
11723
11809
11670
11728
11915
11969
12108
11856
11868
11868
11659
11856
11659
11764
11343
11316
11145
11149
11266
11242
10980
10923
10772
11001
10850
10704
10692
10530
10708
10614
10444
10611
10252
10533
10339
10292
10169
10382
10177
10195
10089
10169
9996
10070
9966
9796
9917
9910
9545
9693
9530
9727
9721
9658
9475
9387
9422
9410
9464
9302
9286
9270
8997
9192
9178
9346
9255
9155
9200
9108
9187
9285
9229
9378
9352
9500
9630
9681
9568
9796
9748
9733
9976
9821
9909
9973
10056
9876
10010
10243
10181
10142
10086
10298
10329
10317
10379
10346
10579
10402
10448
10400
10391
10411
10350
10405
10318
10497
10457
10523
10450
10354
10458
10432
10381
10430
10441
10444
10447
10269
10432
10454
10381
10345
10578
10463
10506
10295
10418
10399
10475
10547
10590
10725
10477
10648
10349
10692
10415
10597
10602
10462
10499
10652
10342
10543
10446
10552
10488
10550
10320
10471
10445
10455
10390
10576
10619
10513
10398
10551
10699
10542
10457
10539
10620
10668
10499
10684
10429
10829
10724
10834
10702
10804
10848
10852
10695
10716
10799
10855
10948
10751
10953
10854
10899
11039
11085
11042
10916
11016
10962
11035
11111
11136
11238
11149
10926
11283
11199
11246
11289
11553
11200
11584
11682
11529
11675
11585
11670
11707
12017
11648
11905
11843
12028
11972
11910
11933
12094
12126
12098
12234
12412
12461
12536
12584
12779
12490
12574
12764
12821
12932
12813
12917
12664
12812
12741
12752
12914
13089
13324
13277
13209
13180
13327
13375
13169
13178
13279
13395
13337
13393
13558
13651
13729
13596
13861
14256
13830
14008
13906
13544
12481
11609
10623
9587
8806
8109
7809
7401
7248
7536
7530
7581
7452
7504
7426
7327
7370
7224
7467
7296
7431
7418
7699
7635
7819
8165
8561
8773
9076
9214
9390
9722
9958
9921
9972
9838
9438
9334
9038
8515
8635
7846
7720
7522
7279
6931
6555
6390
5893
5466
5001
4663
4245
3967
3746
3795
3583
3622
3531
3684
3556
3538
3587
3565
3586
3572
3602
3720
3590
3595
3513
3689
3565
3637
3672
3627
3549
3665
3753
3712
3751
3756
3959
4042
4431
5038
5931
7811
10653
15298
22392
32375
45698
62631
81470
102309
122246
140429
155075
168331
176072
181792
184687
186184
187448
186523
182710
176312
165481
147581
122582
94969
68640
46790
31308
21270
15327
12160
10402
9141
8417
7802
7338
6820
6727
6301
6048
5858
5518
5176
5046
4719
4379
4213
4128
3817
3875
3804
3823
3826
3884
4008
3927
3952
4054
3990
4139
4075
4033
3984
3903
3827
3728
3585
3410
3245
3230
2949
3008
2965
2827
2628
2760
2572
2544
2442
2512
2435
2391
2276
2287
2073
2141
1952
1979
1851
1834
1613
1535
1404
1354
1212
1176
1191
1052
985
952
892
887
808
849
784
776
708
750
729
718
720
773
759
755
749
715
666
724
685
705
698
714
711
651
639
634
630
659
679
620
617
668
638
591
616
650
643
590
627
618
624
606
590
595
621
574
557
615
578
550
570
583
587
596
545
585
547
540
570
525
528
535
510
579
513
559
519
524
521
535
502
492
528
480
503
507
495
542
486
510
471
484
476
526
486
489
462
472
492
474
486
461
453
465
488
502
455
471
458
467
423
457
441
439
413
459
435
444
458
435
415
461
390
420
403
414
388
398
441
398
393
417
404
394
424
382
424
378
411
396
391
395
377
394
363
429
364
407
399
407
373
391
362
395
373
354
373
405
371
392
334
382
368
375
336
385
391
357
356
364
334
386
346
345
358
364
349
370
357
337
347
383
360
378
346
359
362
338
323
342
314
308
348
339
346
332
356
308
348
314
366
319
316
307
328
331
335
363
353
337
306
302
315
299
301
352
298
323
308
321
320
351
346
326
322
310
316
302
330
318
302
251
294
290
279
275
321
294
290
295
282
310
287
277
275
270
309
318
284
262
290
294
263
290
273
310
271
280
271
272
297
259
281
257
286
279
253
270
231
265
286
298
275
284
285
238
232
266
259
242
251
262
246
271
278
237
258
239
259
261
263
254
249
239
242
247
275
264
215
252
269
233
224
249
237
224
246
266
258
207
235
264
181
242
230
238
232
248
219
227
223
228
228
221
231
225
224
221
201
213
227
223
219
189
187
202
215
194
177
212
185
192
182
187
201
185
188
184
211
193
163
196
196
179
205
180
189
173
180
176
162
172
194
192
180
185
182
191
178
196
178
194
181
180
186
191
179
198
174
164
192
187
159
174
182
174
186
169
202
165
174
179
156
176
166
184
168
177
187
194
169
175
192
181
189
196
205
188
206
184
182
181
205
205
229
199
212
233
223
220
219
218
259
254
273
265
256
264
285
