
 0   189 
 1   195 
 2   228 
 3   204 
 4   213 
 5   212 
 6   189 
 7   217 
 8   187 
 9   208 
 10   217 
 11   176 
 12   207 
 13   206 
 14   204 
 15   191 
 16   204 
 17   184 
 18   210 
 19   250 
 20   206 
 21   197 
 22   226 
 23   191 
 24   197 
 25   196 
 26   214 
 27   208 
 28   203 
 29   187 
 30   210 
 31   206 
 32   242 
 33   178 
 34   218 
 35   206 
 36   198 
 37   216 
 38   217 
 39   246 
 40   233 
 41   212 
 42   218 
 43   225 
 44   212 
 45   212 
 46   248 
 47   223 
 48   212 
 49   181 
 50   207 
 51   198 
 52   190 
 53   202 
 54   209 
 55   186 
 56   194 
 57   206 
 58   218 
 59   194 
 60   214 
 61   231 
 62   204 
 63   237 
 64   213 
 65   206 
 66   236 
 67   224 
 68   218 
 69   206 
 70   229 
 71   225 
 72   210 
 73   222 
 74   218 
 75   230 
 76   224 
 77   226 
 78   224 
 79   208 
 80   204 
 81   231 
 82   249 
 83   210 
 84   210 
 85   210 
 86   229 
 87   228 
 88   225 
 89   243 
 90   256 
 91   220 
 92   229 
 93   242 
 94   243 
 95   217 
 96   238 
 97   219 
 98   214 
 99   215 
 100   220 
 101   220 
 102   231 
 103   225 
 104   259 
 105   222 
 106   227 
 107   251 
 108   221 
 109   205 
 110   221 
 111   228 
 112   246 
 113   232 
 114   220 
 115   247 
 116   209 
 117   234 
 118   221 
 119   194 
 120   234 
 121   241 
 122   234 
 123   229 
 124   235 
 125   242 
 126   233 
 127   228 
 128   263 
 129   238 
 130   220 
 131   231 
 132   219 
 133   214 
 134   246 
 135   221 
 136   238 
 137   225 
 138   222 
 139   240 
 140   219 
 141   232 
 142   231 
 143   247 
 144   243 
 145   204 
 146   208 
 147   221 
 148   269 
 149   250 
 150   210 
 151   239 
 152   249 
 153   246 
 154   226 
 155   239 
 156   229 
 157   211 
 158   237 
 159   216 
 160   217 
 161   254 
 162   220 
 163   228 
 164   200 
 165   222 
 166   216 
 167   206 
 168   225 
 169   211 
 170   245 
 171   233 
 172   229 
 173   197 
 174   244 
 175   208 
 176   216 
 177   193 
 178   193 
 179   213 
 180   214 
 181   224 
 182   204 
 183   210 
 184   241 
 185   230 
 186   215 
 187   204 
 188   193 
 189   213 
 190   219 
 191   205 
 192   195 
 193   229 
 194   203 
 195   215 
 196   179 
 197   185 
 198   213 
 199   168 
 200   195 
 201   190 
 202   201 
 203   200 
 204   184 
 205   177 
 206   146 
 207   173 
 208   186 
 209   167 
 210   166 
 211   148 
 212   150 
 213   167 
 214   157 
 215   159 
 216   155 
 217   184 
 218   145 
 219   164 
 220   149 
 221   179 
 222   155 
 223   165 
 224   141 
 225   127 
 226   153 
 227   162 
 228   160 
 229   153 
 230   178 
 231   183 
 232   149 
 233   160 
 234   157 
 235   134 
 236   151 
 237   144 
 238   135 
 239   132 
 240   144 
 241   113 
 242   142 
 243   126 
 244   163 
 245   142 
 246   148 
 247   146 
 248   155 
 249   124 
 250   152 
 251   149 
 252   178 
 253   160 
 254   165 
 255   145 
 256   168 
 257   154 
 258   171 
 259   174 
 260   165 
 261   149 
 262   166 
 263   175 
 264   155 
 265   161 
 266   176 
 267   176 
 268   177 
 269   172 
 270   179 
 271   201 
 272   191 
 273   191 
 274   183 
 275   162 
 276   185 
 277   173 
 278   188 
 279   152 
 280   183 
 281   195 
 282   216 
 283   153 
 284   213 
 285   216 
 286   180 
 287   189 
 288   200 
 289   201 
 290   190 
 291   192 
 292   221 
 293   231 
 294   203 
 295   238 
 296   309 
 297   325 
 298   438 
 299   643 
 300   786 
 301   884 
 302   1048 
 303   964 
 304   784 
 305   613 
 306   481 
 307   333 
 308   277 
 309   278 
 310   334 
 311   327 
 312   462 
 313   661 
 314   876 
 315   747 
 316   592 
 317   422 
 318   335 
 319   271 
 320   257 
 321   239 
 322   233 
 323   247 
 324   265 
 325   285 
 326   378 
 327   555 
 328   790 
 329   1130 
 330   1453 
 331   1640 
 332   1611 
 333   1364 
 334   974 
 335   686 
 336   493 
 337   332 
 338   267 
 339   239 
 340   236 
 341   320 
 342   584 
 343   945 
 344   1090 
 345   935 
 346   597 
 347   384 
 348   237 
 349   191 
 350   188 
 351   167 
 352   173 
 353   171 
 354   172 
 355   195 
 356   194 
 357   195 
 358   177 
 359   170 
 360   186 
 361   207 
 362   189 
 363   194 
 364   197 
 365   227 
 366   319 
 367   378 
 368   534 
 369   662 
 370   785 
 371   768 
 372   770 
 373   660 
 374   518 
 375   381 
 376   304 
 377   257 
 378   260 
 379   199 
 380   230 
 381   213 
 382   251 
 383   230 
 384   263 
 385   231 
 386   250 
 387   243 
 388   252 
 389   250 
 390   249 
 391   256 
 392   292 
 393   275 
 394   316 
 395   292 
 396   319 
 397   317 
 398   364 
 399   322 
 400   318 
 401   343 
 402   363 
 403   395 
 404   438 
 405   439 
 406   479 
 407   452 
 408   531 
 409   566 
 410   653 
 411   865 
 412   1227 
 413   2299 
 414   4743 
 415   10407 
 416   21730 
 417   41527 
 418   71621 
 419   111031 
 420   154970 
 421   197458 
 422   233510 
 423   257091 
 424   272041 
 425   278410 
 426   281577 
 427   281462 
 428   282670 
 429   280120 
 430   274762 
 431   254844 
 432   208332 
 433   137592 
 434   72619 
 435   30570 
 436   10344 
 437   3111 
 438   914 
 439   368 
 440   211 
 441   85 
 442   49 
 443   4 
 444   5 
 445   3 
 446   1 
 447   0 
 448   1 
 449   1 
 450   2 
 451   4 
 452   3 
 453   4 
 454   1 
 455   1 
 456   0 
 457   0 
 458   1 
 459   1 
 460   1 
 461   3 
 462   0 
 463   1 
 464   0 
 465   0 
 466   1 
 467   2 
 468   2 
 469   1 
 470   0 
 471   1 
 472   0 
 473   3 
 474   4 
 475   2 
 476   1 
 477   1 
 478   0 
 479   1 
 480   2 
 481   0 
 482   1 
 483   1 
 484   3 
 485   3 
 486   1 
 487   2 
 488   1 
 489   2 
 490   0 
 491   3 
 492   2 
 493   1 
 494   0 
 495   2 
 496   2 
 497   2 
 498   4 
 499   0 
 500   1 
 501   3 
 502   0 
 503   1 
 504   3 
 505   2 
 506   3 
 507   2 
 508   2 
 509   1 
 510   0 
 511   3 
