 373 
 318 
 316 
 324 
 314 
 310 
 307 
 299 
 287 
 299 
 278 
 301 
 289 
 294 
 305 
 288 
 301 
 297 
 268 
 309 
 258 
 301 
 279 
 277 
 273 
 264 
 263 
 255 
 261 
 272 
 284 
 268 
 271 
 240 
 258 
 289 
 279 
 270 
 239 
 263 
 264 
 287 
 292 
 262 
 296 
 291 
 267 
 273 
 299 
 301 
 310 
 307 
 297 
 325 
 295 
 294 
 270 
 307 
 302 
 296 
 332 
 301 
 321 
 285 
 331 
 275 
 321 
 298 
 326 
 308 
 282 
 288 
 276 
 321 
 298 
 313 
 304 
 297 
 323 
 336 
 299 
 306 
 322 
 283 
 326 
 301 
 313 
 292 
 312 
 356 
 290 
 324 
 334 
 387 
 385 
 367 
 359 
 313 
 283 
 312 
 294 
 295 
 312 
 295 
 276 
 305 
 289 
 298 
 278 
 271 
 298 
 312 
 283 
 271 
 303 
 298 
 326 
 359 
 382 
 373 
 344 
 344 
 290 
 234 
 250 
 278 
 249 
 216 
 260 
 249 
 223 
 253 
 259 
 245 
 251 
 224 
 218 
 211 
 195 
 192 
 182 
 175 
 204 
 191 
 164 
 179 
 164 
 166 
 170 
 158 
 183 
 148 
 151 
 175 
 164 
 170 
 171 
 146 
 175 
 165 
 171 
 179 
 164 
 170 
 224 
 229 
 323 
 402 
 429 
 420 
 367 
 291 
 220 
 203 
 233 
 209 
 197 
 214 
 208 
 201 
 206 
 221 
 242 
 232 
 234 
 260 
 247 
 239 
 248 
 257 
 245 
 270 
 230 
 271 
 244 
 260 
 270 
 278 
 251 
 266 
 264 
 268 
 293 
 278 
 299 
 265 
 249 
 269 
 286 
 273 
 301 
 276 
 278 
 279 
 283 
 280 
 299 
 274 
 283 
 273 
 260 
 271 
 248 
 281 
 289 
 297 
 296 
 269 
 277 
 267 
 314 
 310 
 276 
 264 
 294 
 261 
 296 
 278 
 306 
 278 
 285 
 264 
 287 
 266 
 264 
 286 
 277 
 264 
 241 
 249 
 258 
 217 
 265 
 274 
 263 
 240 
 254 
 252 
 231 
 252 
 251 
 256 
 266 
 268 
 283 
 266 
 298 
 281 
 295 
 293 
 306 
 309 
 309 
 330 
 332 
 381 
 384 
 447 
 475 
 579 
 563 
 518 
 456 
 369 
 290 
 268 
 267 
 237 
 243 
 249 
 224 
 215 
 265 
 325 
 412 
 537 
 584 
 522 
 391 
 300 
 195 
 234 
 304 
 384 
 573 
 700 
 805 
 713 
 522 
 331 
 256 
 245 
 328 
 589 
 877 
 778 
 516 
 307 
 201 
 214 
 177 
 183 
 168 
 170 
 169 
 182 
 173 
 166 
 145 
 171 
 206 
 326 
 577 
 1128 
 1877 
 2397 
 2402 
 1799 
 1067 
 566 
 335 
 276 
 559 
 1312 
 1656 
 1119 
 591 
 270 
 163 
 133 
 146 
 123 
 96 
 107 
 126 
 100 
 110 
 103 
 112 
 109 
 115 
 102 
 122 
 112 
 118 
 110 
 107 
 136 
 125 
 177 
 293 
 675 
 1328 
 2573 
 3656 
 4031 
 3287 
 2110 
 1053 
 458 
 242 
 130 
 117 
 109 
 111 
 137 
 157 
 168 
 179 
 215 
 224 
 215 
 245 
 217 
 255 
 197 
 216 
 198 
 189 
 145 
 145 
 136 
 99 
 112 
 104 
 87 
 93 
 84 
 93 
 105 
 107 
 108 
 145 
 128 
 114 
 136 
 163 
 229 
 357 
 803 
 2152 
 5689 
 13076 
 26787 
 45395 
 64716 
 79647 
 89222 
 93442 
 94668 
 93354 
 88700 
 72376 
 44495 
 19592 
 6557 
 1837 
 447 
 136 
 77 
 39 
 23 
 8 
 2 
 1 
 0 
 1 
 1 
 1 
 0 
 0 
 3 
 2 
 0 
 1 
 0 
 0 
 1 
 1 
 1 
 4 
 0 
 1 
 0 
 2 
 0 
 2 
 0 
 0 
 0 
 1 
 0 
 1 
 1 
 2 
 1 
 0 
 0 
 0 
 0 
 0 
 0 
 2 
 0 
 0 
 1 
 0 
 3 
 1 
 2 
 0 
 0 
 0 
 2 
 1 
 1 
 2 
 0 
 1 
 2 
 0 
 0 
 0 
 0 
 0 
 3 
 1 
 1 
 3 
 0 
 0 
 1 
