 2307 
 2370 
 2363 
 2315 
 2433 
 2405 
 2420 
 2421 
 2612 
 2513 
 2484 
 2545 
 2591 
 2509 
 2555 
 2569 
 2720 
 2684 
 2612 
 2672 
 2660 
 2618 
 2791 
 2667 
 2656 
 2756 
 2728 
 2744 
 2679 
 2710 
 2731 
 2773 
 2717 
 2704 
 2833 
 2929 
 2831 
 2840 
 2877 
 2940 
 3030 
 2943 
 3069 
 3027 
 3183 
 3145 
 3335 
 3280 
 3404 
 3400 
 3429 
 3487 
 3485 
 3487 
 3612 
 3793 
 3727 
 3712 
 3881 
 3839 
 3959 
 3989 
 4033 
 4075 
 3982 
 4146 
 4334 
 4282 
 4290 
 4288 
 4319 
 4230 
 4284 
 4130 
 4353 
 4090 
 4207 
 4171 
 4027 
 3982 
 3946 
 4052 
 3912 
 3922 
 3979 
 3840 
 3768 
 3728 
 3956 
 3888 
 3894 
 3948 
 4050 
 4038 
 4005 
 4167 
 4249 
 4318 
 4303 
 4522 
 4495 
 4526 
 4710 
 4711 
 4836 
 4991 
 5048 
 5173 
 5276 
 5302 
 5457 
 5407 
 5392 
 5537 
 5627 
 5798 
 5723 
 5881 
 5884 
 5953 
 5948 
 5969 
 6073 
 6029 
 6094 
 6050 
 5966 
 5913 
 6022 
 6060 
 5781 
 5822 
 5662 
 5633 
 5569 
 5438 
 5441 
 5279 
 5061 
 4906 
 4828 
 4590 
 4465 
 4286 
 4133 
 3989 
 3867 
 3808 
 3635 
 3448 
 3410 
 3331 
 3234 
 3239 
 3145 
 3177 
 3141 
 3090 
 3164 
 3097 
 3171 
 3193 
 3153 
 3114 
 3166 
 3442 
 3396 
 3443 
 3553 
 3663 
 3867 
 3913 
 3973 
 4243 
 4191 
 4392 
 4546 
 4594 
 4895 
 4993 
 5111 
 5332 
 5392 
 5478 
 5930 
 6075 
 6206 
 6246 
 6434 
 6672 
 6907 
 7250 
 7365 
 7702 
 8048 
 8381 
 8653 
 8759 
 9091 
 9532 
 9799 
 9862 
 10210 
 10619 
 11203 
 11535 
 12073 
 12416 
 12893 
 13350 
 13926 
 14203 
 14448 
 14980 
 15425 
 16250 
 16659 
 17067 
 17595 
 18174 
 18630 
 19282 
 19737 
 20269 
 20791 
 21210 
 21646 
 22253 
 22421 
 22874 
 23305 
 23269 
 23681 
 23802 
 23864 
 24198 
 24262 
 24247 
 23934 
 24006 
 23914 
 23906 
 23988 
 23621 
 23685 
 23126 
 22937 
 22713 
 22569 
 21792 
 21543 
 20986 
 21043 
 20644 
 20178 
 19754 
 19440 
 18961 
 18828 
 18317 
 17818 
 17385 
 17199 
 16914 
 16560 
 16609 
 16029 
 16023 
 15828 
 15536 
 15302 
 15096 
 15103 
 14670 
 14547 
 14280 
 13821 
 13248 
 12982 
 12229 
 11661 
 10965 
 10375 
 9960 
 9137 
 8628 
 8437 
 8105 
 7947 
 7872 
 7609 
 7970 
 8062 
 8223 
 8432 
 8827 
 9016 
 9803 
 10084 
 10743 
 11147 
 11898 
 12651 
 13732 
 14517 
 15884 
 16515 
 17857 
 18701 
 19891 
 20915 
 21834 
 22785 
 23495 
 24095 
 24427 
 24697 
 24786 
 24752 
 24862 
 24289 
 24211 
 23888 
 23649 
 23133 
 22847 
 22526 
 22185 
 21853 
 21932 
 21457 
 21514 
 21323 
 21179 
 20726 
 20632 
 20427 
 20469 
 20530 
 20125 
 19897 
 19728 
 20072 
 19744 
 19939 
 19541 
 19595 
 19188 
 19106 
 19039 
 18917 
 18737 
 18673 
 18559 
 18720 
 18296 
 18130 
 18519 
 17879 
 18018 
 17607 
 17503 
 17428 
 17259 
 17124 
 17263 
 17217 
 17014 
 16907 
 16730 
 16946 
 16525 
 16286 
 16312 
 16180 
 15685 
 15451 
 15131 
 14883 
 15064 
 15331 
 15573 
 15168 
 15257 
 14630 
 11983 
 7869 
 4200 
 2235 
 1250 
 950 
 732 
 719 
 687 
 653 
 649 
 616 
 674 
 602 
 592 
 596 
 610 
 615 
 623 
 650 
 622 
 646 
 626 
 611 
 603 
 588 
 602 
 651 
 668 
 583 
 657 
 668 
 629 
 688 
 673 
 696 
 686 
 665 
 719 
 683 
 659 
 699 
 683 
 723 
 716 
 682 
 680 
 699 
 722 
 665 
 709 
 743 
 823 
 902 
 925 
 876 
 849 
 810 
 787 
 737 
 701 
 713 
 771 
 807 
 787 
 793 
 823 
 746 
 808 
 834 
 814 
 822 
 829 
 805 
 815 
 838 
 812 
 810 
 874 
 850 
 848 
 891 
 838 
 884 
 928 
 892 
 900 
 896 
 864 
 887 
 889 
 944 
 929 
 900 
 906 
 943 
 869 
 892 
 927 
 920 
 888 
 947 
 896 
 899 
 956 
 900 
 919 
 927 
 899 
 933 
 967 
 975 
 923 
 952 
 945 
 921 
 913 
 948 
 929 
 946 
 951 
 917 
 926 
 951 
 940 
 922 
 945 
