 31 
 39 
 45 
 37 
 39 
 38 
 33 
 39 
 29 
 34 
 37 
 28 
 32 
 34 
 33 
 35 
 26 
 29 
 33 
 30 
 33 
 36 
 19 
 26 
 32 
 38 
 28 
 33 
 28 
 29 
 33 
 13 
 29 
 22 
 25 
 30 
 25 
 24 
 20 
 28 
 32 
 26 
 26 
 23 
 17 
 23 
 23 
 33 
 29 
 35 
 31 
 22 
 25 
 25 
 21 
 26 
 31 
 24 
 16 
 28 
 26 
 27 
 31 
 28 
 32 
 23 
 22 
 45 
 26 
 27 
 24 
 19 
 21 
 19 
 27 
 16 
 27 
 25 
 29 
 31 
 24 
 22 
 27 
 28 
 32 
 27 
 24 
 34 
 27 
 28 
 22 
 28 
 22 
 23 
 27 
 25 
 32 
 23 
 32 
 29 
 30 
 30 
 39 
 25 
 38 
 32 
 31 
 25 
 31 
 23 
 13 
 12 
 29 
 28 
 19 
 23 
 25 
 22 
 23 
 19 
 27 
 27 
 24 
 29 
 22 
 34 
 32 
 29 
 25 
 15 
 26 
 20 
 15 
 17 
 17 
 15 
 22 
 14 
 20 
 21 
 26 
 15 
 16 
 10 
 17 
 24 
 16 
 15 
 13 
 22 
 20 
 19 
 13 
 12 
 14 
 12 
 14 
 10 
 15 
 16 
 9 
 11 
 19 
 9 
 15 
 11 
 17 
 17 
 13 
 16 
 27 
 33 
 49 
 45 
 55 
 47 
 30 
 30 
 26 
 17 
 21 
 22 
 17 
 17 
 20 
 21 
 34 
 16 
 14 
 20 
 28 
 23 
 18 
 23 
 24 
 17 
 18 
 29 
 26 
 35 
 21 
 16 
 24 
 15 
 28 
 29 
 18 
 29 
 28 
 26 
 27 
 14 
 29 
 33 
 29 
 24 
 27 
 26 
 25 
 27 
 26 
 33 
 22 
 18 
 26 
 23 
 28 
 27 
 22 
 26 
 23 
 20 
 28 
 13 
 22 
 19 
 20 
 21 
 16 
 19 
 26 
 19 
 15 
 23 
 27 
 22 
 25 
 21 
 30 
 16 
 25 
 9 
 25 
 23 
 21 
 30 
 19 
 13 
 30 
 20 
 28 
 22 
 12 
 16 
 22 
 18 
 33 
 23 
 20 
 26 
 18 
 17 
 20 
 19 
 24 
 25 
 17 
 21 
 21 
 26 
 13 
 39 
 26 
 34 
 54 
 38 
 32 
 37 
 35 
 23 
 16 
 25 
 21 
 27 
 20 
 27 
 18 
 31 
 24 
 49 
 49 
 51 
 57 
 49 
 45 
 39 
 38 
 46 
 59 
 83 
 97 
 114 
 99 
 95 
 124 
 92 
 46 
 29 
 27 
 22 
 12 
 19 
 14 
 13 
 13 
 16 
 22 
 14 
 12 
 15 
 17 
 17 
 12 
 18 
 16 
 27 
 47 
 126 
 228 
 312 
 406 
 392 
 355 
 449 
 429 
 223 
 66 
 22 
 14 
 10 
 8 
 10 
 9 
 11 
 7 
 12 
 9 
 6 
 9 
 9 
 3 
 8 
 3 
 13 
 12 
 9 
 7 
 10 
 6 
 10 
 0 
 5 
 8 
 8 
 15 
 29 
 89 
 156 
 296 
 389 
 396 
 249 
 136 
 68 
 21 
 8 
 9 
 4 
 12 
 8 
 8 
 8 
 10 
 4 
 5 
 2 
 3 
 8 
 5 
 3 
 5 
 5 
 10 
 4 
 8 
 5 
 4 
 8 
 7 
 10 
 12 
 6 
 11 
 22 
 26 
 19 
 22 
 28 
 23 
 21 
 34 
 29 
 34 
 56 
 95 
 244 
 598 
 1403 
 2886 
 4653 
 6735 
 7889 
 7346 
 4867 
 2152 
 652 
 152 
 39 
 20 
 15 
 4 
 4 
 5 
 1 
 0 
 0 
 2 
 0 
 0 
 1 
 0 
 0 
 0 
 0 
 0 
 0 
 0 
 0 
 0 
 0 
 0 
 0 
 0 
 0 
 0 
 0 
 0 
 0 
 0 
 0 
 0 
 0 
 0 
 0 
 0 
 0 
 0 
 0 
 0 
 0 
 0 
 0 
 0 
 0 
 0 
 0 
 0 
 0 
 0 
 0 
 0 
 0 
 0 
 1 
 0 
 0 
 0 
 0 
 0 
 0 
 0 
 0 
 0 
 0 
 0 
 0 
 0 
 0 
 0 
 0 
 0 
 0 
