 1350 
 1321 
 1353 
 1387 
 1279 
 1300 
 1239 
 1217 
 1208 
 1184 
 1215 
 1221 
 1242 
 1177 
 1194 
 1175 
 1161 
 1157 
 1183 
 1170 
 1158 
 1133 
 1095 
 1142 
 1137 
 1044 
 1076 
 1121 
 1055 
 1055 
 1038 
 1110 
 1053 
 1054 
 1023 
 1057 
 1075 
 1134 
 1092 
 1144 
 1143 
 1187 
 1121 
 1170 
 1122 
 1188 
 1170 
 1150 
 1205 
 1203 
 1240 
 1233 
 1255 
 1227 
 1234 
 1197 
 1212 
 1234 
 1181 
 1232 
 1184 
 1227 
 1172 
 1187 
 1233 
 1173 
 1155 
 1193 
 1259 
 1229 
 1283 
 1237 
 1191 
 1260 
 1227 
 1297 
 1226 
 1225 
 1250 
 1240 
 1254 
 1226 
 1238 
 1231 
 1201 
 1244 
 1235 
 1256 
 1257 
 1287 
 1322 
 1315 
 1406 
 1451 
 1504 
 1536 
 1513 
 1439 
 1310 
 1245 
 1256 
 1203 
 1253 
 1154 
 1163 
 1287 
 1237 
 1216 
 1185 
 1179 
 1178 
 1171 
 1168 
 1192 
 1206 
 1266 
 1361 
 1532 
 1489 
 1484 
 1415 
 1281 
 1098 
 1075 
 1110 
 1015 
 1052 
 984 
 969 
 894 
 993 
 870 
 915 
 910 
 884 
 959 
 783 
 883 
 831 
 820 
 841 
 817 
 762 
 807 
 754 
 700 
 756 
 718 
 777 
 729 
 693 
 707 
 701 
 702 
 690 
 684 
 717 
 730 
 713 
 705 
 686 
 696 
 766 
 824 
 878 
 1101 
 1456 
 1789 
 2110 
 1937 
 1680 
 1284 
 1139 
 929 
 950 
 920 
 953 
 1003 
 881 
 946 
 978 
 971 
 932 
 986 
 1004 
 1019 
 1057 
 1013 
 1020 
 1058 
 1107 
 1141 
 1125 
 1129 
 1091 
 1209 
 1163 
 1145 
 1260 
 1161 
 1181 
 1164 
 1248 
 1187 
 1141 
 1142 
 1169 
 1207 
 1242 
 1153 
 1258 
 1243 
 1162 
 1204 
 1226 
 1308 
 1168 
 1149 
 1187 
 1188 
 1188 
 1234 
 1290 
 1184 
 1204 
 1207 
 1222 
 1257 
 1230 
 1252 
 1239 
 1207 
 1256 
 1225 
 1154 
 1211 
 1203 
 1188 
 1205 
 1220 
 1194 
 1229 
 1185 
 1193 
 1173 
 1179 
 1207 
 1184 
 1125 
 1112 
 1143 
 1228 
 1155 
 1140 
 1141 
 1141 
 1161 
 1100 
 1149 
 1127 
 1177 
 1102 
 1086 
 1115 
 1100 
 1186 
 1170 
 1247 
 1250 
 1309 
 1450 
 1423 
 1454 
 1506 
 1509 
 1641 
 1702 
 1829 
 2166 
 2489 
 2554 
 2334 
 1943 
 1579 
 1341 
 1147 
 1149 
 1049 
 1017 
 996 
 1038 
 1034 
 1199 
 1406 
 1907 
 2237 
 2517 
 2386 
 1920 
 1361 
 1067 
 1062 
 1216 
 1633 
 2247 
 2851 
 3039 
 2789 
 2122 
 1549 
 1208 
 1099 
 1406 
 2398 
 3339 
 3224 
 2109 
 1399 
 953 
 790 
 768 
 797 
 839 
 774 
 798 
 793 
 759 
 743 
 785 
 789 
 970 
 1476 
 2774 
 5104 
 8326 
 10663 
 10702 
 8354 
 5327 
 2926 
 1660 
 1470 
 2715 
 5536 
 7125 
 5414 
 2968 
 1515 
 762 
 599 
 530 
 512 
 557 
 515 
 514 
 514 
 501 
 546 
 472 
 504 
 487 
 486 
 517 
 511 
 535 
 506 
 530 
 518 
 553 
 791 
 1338 
 3017 
 6304 
 11178 
 16080 
 17423 
 15169 
 10066 
 5386 
 2479 
 1151 
 632 
 568 
 518 
 577 
 644 
 740 
 759 
 844 
 836 
 952 
 1024 
 1037 
 1092 
 1094 
 1079 
 1049 
 868 
 877 
 757 
 663 
 575 
 498 
 505 
 435 
 446 
 414 
 427 
 455 
 422 
 491 
 511 
 538 
 552 
 628 
 697 
 759 
 1086 
 1760 
 3779 
 9790 
 25600 
 59539 
 118891 
 199873 
 286210 
 356111 
 401536 
 420958 
 429363 
 425763 
 402978 
 332261 
 215693 
 103511 
 38765 
 11595 
 3055 
 899 
 395 
 175 
 94 
 38 
 14 
 5 
 3 
 3 
 4 
 8 
 2 
 3 
 7 
 3 
 3 
 3 
 7 
 6 
 3 
 10 
 2 
 5 
 6 
 3 
 1 
 3 
 3 
 2 
 3 
 3 
 5 
 6 
 1 
 3 
 3 
 1 
 4 
 6 
 2 
 4 
 1 
 3 
 8 
 3 
 3 
 6 
 4 
 3 
 2 
 3 
 2 
 5 
 2 
 4 
 4 
 4 
 3 
 4 
 5 
 4 
 4 
 2 
 5 
 4 
 3 
 3 
 4 
 5 
 4 
 3 
 4 
 5 
 5 
