 3538 
 3429 
 3370 
 3439 
 3362 
 3324 
 3318 
 3234 
 3246 
 3164 
 3232 
 3075 
 3020 
 3054 
 3154 
 3048 
 3008 
 3121 
 2976 
 2913 
 2978 
 2855 
 2929 
 2863 
 2824 
 2866 
 2772 
 2744 
 2743 
 2682 
 2700 
 2738 
 2661 
 2737 
 2655 
 2797 
 2684 
 2739 
 2758 
 2733 
 2795 
 2897 
 2906 
 2949 
 2878 
 2869 
 2948 
 2921 
 2923 
 3079 
 2930 
 3064 
 2953 
 2921 
 2972 
 3095 
 2956 
 3034 
 2959 
 3062 
 3012 
 3128 
 3051 
 2997 
 2967 
 3061 
 3060 
 3064 
 2951 
 3114 
 3024 
 3122 
 3014 
 3121 
 3018 
 3022 
 3106 
 3040 
 2999 
 3057 
 3157 
 3164 
 3171 
 3057 
 3067 
 3087 
 3044 
 3016 
 3117 
 3118 
 3213 
 3286 
 3441 
 3643 
 3695 
 3649 
 3612 
 3428 
 3241 
 3148 
 3018 
 3011 
 2965 
 2978 
 2976 
 3045 
 2957 
 2996 
 2884 
 2963 
 2867 
 2935 
 2969 
 2913 
 2940 
 3057 
 3184 
 3468 
 3574 
 3501 
 3436 
 3085 
 2870 
 2669 
 2561 
 2588 
 2575 
 2442 
 2435 
 2357 
 2370 
 2362 
 2260 
 2146 
 2157 
 2205 
 2121 
 2103 
 2039 
 2025 
 1913 
 1960 
 1842 
 1846 
 1864 
 1797 
 1733 
 1736 
 1754 
 1722 
 1793 
 1654 
 1630 
 1597 
 1732 
 1631 
 1659 
 1703 
 1734 
 1642 
 1694 
 1715 
 1754 
 1894 
 2008 
 2563 
 3253 
 3921 
 4368 
 4211 
 3624 
 2969 
 2476 
 2180 
 2054 
 2074 
 2143 
 2237 
 2126 
 2199 
 2166 
 2210 
 2295 
 2270 
 2417 
 2331 
 2425 
 2460 
 2516 
 2554 
 2613 
 2636 
 2566 
 2640 
 2583 
 2666 
 2726 
 2762 
 2682 
 2694 
 2772 
 2667 
 2746 
 2698 
 2846 
 2809 
 2739 
 2825 
 2870 
 2802 
 2722 
 2878 
 2761 
 2754 
 2816 
 2748 
 2845 
 2796 
 2769 
 2735 
 2816 
 2765 
 2804 
 2820 
 2745 
 2766 
 2751 
 2729 
 2801 
 2740 
 2758 
 2711 
 2825 
 2755 
 2777 
 2746 
 2734 
 2715 
 2697 
 2805 
 2635 
 2596 
 2704 
 2690 
 2705 
 2769 
 2632 
 2695 
 2661 
 2633 
 2688 
 2677 
 2604 
 2540 
 2481 
 2567 
 2607 
 2574 
 2589 
 2550 
 2563 
 2611 
 2516 
 2574 
 2593 
 2586 
 2717 
 2754 
 2936 
 2921 
 3030 
 3154 
 3230 
 3350 
 3446 
 3454 
 3757 
 4140 
 4700 
 5323 
 5553 
 5063 
 4336 
 3432 
 2887 
 2612 
 2246 
 2318 
 2222 
 2325 
 2241 
 2305 
 2495 
 3058 
 4005 
 4863 
 5190 
 4731 
 3892 
 2911 
 2474 
 2243 
 2436 
 3165 
 4338 
 5234 
 5343 
 4711 
 3761 
 2942 
 2408 
 2228 
 2910 
 4359 
 5516 
 5233 
 3717 
 2544 
 1879 
 1808 
 1744 
 1672 
 1684 
 1729 
 1646 
 1603 
 1504 
 1487 
 1564 
 1662 
 2144 
 3347 
 6086 
 11250 
 17502 
 22126 
 21918 
 17083 
 10614 
 5986 
 3575 
 3533 
 6728 
 12493 
 15054 
 11158 
 6154 
 3113 
 1638 
 1243 
 1122 
 1081 
 1071 
 1097 
 1092 
 1128 
 1077 
 1112 
 1143 
 1044 
 1034 
 1057 
 1032 
 1014 
 1036 
 1105 
 1062 
 1104 
 1227 
 1757 
 3183 
 6978 
 14412 
 24516 
 33646 
 36136 
 30055 
 19930 
 10735 
 5106 
 2448 
 1469 
 1107 
 1101 
 1132 
 1266 
 1360 
 1548 
 1717 
 1852 
 2075 
 2113 
 2187 
 2264 
 2146 
 2164 
 1976 
 1903 
 1760 
 1494 
 1368 
 1124 
 1140 
 1014 
 965 
 877 
 923 
 881 
 921 
 980 
 934 
 1072 
 1016 
 1117 
 1263 
 1462 
 1662 
 2290 
 4071 
 8849 
 23757 
 59997 
 136466 
 264296 
 434493 
 609232 
 750153 
 837654 
 879310 
 891773 
 878386 
 820638 
 661393 
 417570 
 201513 
 76247 
 23376 
 6282 
 1791 
 805 
 380 
 154 
 63 
 17 
 13 
 12 
 12 
 10 
 12 
 14 
 15 
 15 
 6 
 10 
 10 
 18 
 13 
 11 
 11 
 10 
 16 
 15 
 19 
 4 
 10 
 8 
 6 
 8 
 9 
 17 
 6 
 9 
 12 
 10 
 11 
 14 
 12 
 16 
 10 
 8 
 13 
 14 
 12 
 11 
 11 
 14 
 12 
 11 
 8 
 12 
 15 
 13 
 11 
 9 
 16 
 8 
 16 
 19 
 14 
 13 
 12 
 10 
 15 
 10 
 9 
 15 
 14 
 14 
 9 
 11 
 9 
 5 
