 1504 
 1471 
 1482 
 1551 
 1433 
 1550 
 1618 
 1590 
 1619 
 1662 
 1644 
 1642 
 1618 
 1697 
 1675 
 1673 
 1695 
 1749 
 1734 
 1725 
 1623 
 1689 
 1711 
 1697 
 1694 
 1703 
 1711 
 1730 
 1706 
 1764 
 1607 
 1738 
 1781 
 1762 
 1789 
 1715 
 1817 
 1768 
 1872 
 1917 
 1901 
 1904 
 1930 
 1981 
 1962 
 1975 
 2004 
 2141 
 2160 
 2164 
 2186 
 2260 
 2190 
 2221 
 2234 
 2289 
 2374 
 2364 
 2490 
 2415 
 2419 
 2508 
 2606 
 2526 
 2582 
 2633 
 2650 
 2767 
 2705 
 2791 
 2771 
 2778 
 2693 
 2793 
 2762 
 2800 
 2690 
 2683 
 2718 
 2640 
 2609 
 2519 
 2597 
 2515 
 2552 
 2485 
 2467 
 2502 
 2450 
 2513 
 2580 
 2427 
 2550 
 2600 
 2588 
 2549 
 2604 
 2647 
 2683 
 2731 
 2868 
 2825 
 3007 
 2896 
 2979 
 2980 
 3102 
 3076 
 3104 
 3233 
 3330 
 3276 
 3364 
 3496 
 3512 
 3549 
 3523 
 3689 
 3601 
 3737 
 3696 
 3730 
 3726 
 3694 
 3729 
 3650 
 3722 
 3785 
 3681 
 3633 
 3615 
 3590 
 3607 
 3511 
 3472 
 3348 
 3297 
 3208 
 3086 
 3023 
 3070 
 2849 
 2769 
 2700 
 2573 
 2550 
 2370 
 2411 
 2288 
 2220 
 2228 
 2136 
 2098 
 2027 
 2098 
 2085 
 1994 
 1978 
 2053 
 1986 
 1990 
 2086 
 2108 
 2142 
 2176 
 2168 
 2261 
 2297 
 2435 
 2528 
 2584 
 2687 
 2700 
 2902 
 2878 
 3107 
 3122 
 3289 
 3297 
 3533 
 3532 
 3658 
 3849 
 3856 
 3950 
 4162 
 4202 
 4307 
 4355 
 4527 
 4495 
 4867 
 4920 
 5032 
 5249 
 5465 
 5639 
 5894 
 5919 
 5874 
 6318 
 6525 
 6616 
 6869 
 6917 
 7407 
 7568 
 8027 
 8120 
 8462 
 8656 
 8809 
 9160 
 9563 
 9840 
 9922 
 10413 
 10507 
 10928 
 11466 
 11878 
 12115 
 12478 
 12603 
 13164 
 13285 
 13416 
 14185 
 14057 
 14650 
 14554 
 14814 
 15237 
 15038 
 15449 
 15325 
 15437 
 15422 
 15689 
 15625 
 15490 
 15332 
 15321 
 15022 
 14933 
 15030 
 14978 
 14510 
 14334 
 14194 
 14126 
 13775 
 13829 
 13316 
 13135 
 12844 
 12839 
 12450 
 11947 
 11914 
 11665 
 11575 
 11204 
 11074 
 10971 
 10484 
 10626 
 10213 
 10084 
 9922 
 9869 
 9895 
 9449 
 9421 
 9247 
 9152 
 9081 
 8894 
 8416 
 8350 
 7751 
 7493 
 6925 
 6683 
 6185 
 5763 
 5563 
 5305 
 5166 
 4934 
 5100 
 4994 
 5191 
 5118 
 5360 
 5489 
 5595 
 5890 
 6014 
 6630 
 6866 
 7198 
 7638 
 8213 
 8818 
 9508 
 10077 
 10601 
 11520 
 11783 
 12410 
 13306 
 13955 
 14535 
 14965 
 15055 
 15526 
 15468 
 15900 
 15749 
 15977 
 15580 
 15464 
 15498 
 14937 
 14923 
 14518 
 14218 
 14051 
 13948 
 13914 
 13696 
 13521 
 13419 
 13439 
 13445 
 13309 
 13039 
 13105 
 12923 
 13089 
 12759 
 12802 
 12803 
 12721 
 12615 
 12533 
 12604 
 12685 
 11989 
 12190 
 11936 
 11822 
 11887 
 11854 
 11735 
 11980 
 11601 
 11489 
 11439 
 11571 
 11173 
 11205 
 10940 
 11082 
 10909 
 11046 
 10846 
 11014 
 10591 
 10628 
 10523 
 10543 
 10572 
 10506 
 10252 
 10116 
 9925 
 9778 
 9505 
 9640 
 9468 
 9701 
 9867 
 9575 
 8049 
 5385 
 2819 
 1604 
 1103 
 844 
 766 
 696 
 655 
 626 
 592 
 501 
 475 
 491 
 443 
 422 
 440 
 465 
 462 
 411 
 409 
 417 
 434 
 426 
 433 
 454 
 450 
 482 
 453 
 480 
 453 
 475 
 474 
 421 
 481 
 494 
 471 
 515 
 458 
 428 
 498 
 528 
 461 
 475 
 490 
 505 
 505 
 500 
 497 
 480 
 521 
 499 
 518 
 606 
 620 
 578 
 609 
 521 
 559 
 569 
 512 
 547 
 500 
 522 
 511 
 527 
 594 
 559 
 567 
 533 
 572 
 546 
 581 
 605 
 591 
 629 
 570 
 574 
 605 
 620 
 637 
 641 
 608 
 631 
 587 
 608 
 590 
 616 
 598 
 622 
 608 
 655 
 655 
 621 
 594 
 629 
 628 
 657 
 685 
 651 
 637 
 611 
 649 
 688 
 664 
 685 
 702 
 631 
 632 
 666 
 650 
 684 
 674 
 659 
 618 
 676 
 651 
 661 
 635 
 690 
 666 
 653 
 627 
 664 
 718 
 694 
 711 
