 657 
 681 
 595 
 627 
 634 
 621 
 620 
 634 
 647 
 600 
 612 
 606 
 629 
 634 
 613 
 592 
 563 
 572 
 587 
 622 
 553 
 586 
 535 
 556 
 588 
 545 
 540 
 555 
 570 
 524 
 539 
 586 
 510 
 513 
 537 
 567 
 527 
 545 
 528 
 560 
 547 
 575 
 549 
 530 
 556 
 546 
 615 
 572 
 614 
 581 
 559 
 634 
 587 
 551 
 584 
 622 
 606 
 559 
 616 
 619 
 550 
 600 
 604 
 585 
 628 
 605 
 595 
 598 
 592 
 622 
 576 
 567 
 613 
 589 
 625 
 603 
 651 
 555 
 615 
 648 
 575 
 593 
 597 
 601 
 629 
 600 
 620 
 625 
 666 
 649 
 610 
 682 
 695 
 725 
 779 
 750 
 722 
 690 
 662 
 610 
 602 
 614 
 578 
 571 
 586 
 581 
 582 
 581 
 570 
 586 
 555 
 587 
 545 
 581 
 625 
 614 
 674 
 751 
 762 
 698 
 711 
 632 
 566 
 566 
 504 
 482 
 509 
 472 
 519 
 478 
 492 
 438 
 469 
 504 
 417 
 433 
 422 
 405 
 410 
 403 
 429 
 389 
 398 
 349 
 375 
 373 
 364 
 381 
 358 
 337 
 362 
 315 
 360 
 321 
 341 
 319 
 338 
 317 
 312 
 358 
 350 
 325 
 382 
 364 
 421 
 475 
 650 
 814 
 894 
 850 
 681 
 530 
 439 
 427 
 436 
 398 
 437 
 388 
 444 
 431 
 428 
 434 
 467 
 465 
 466 
 467 
 482 
 494 
 525 
 526 
 484 
 517 
 532 
 566 
 542 
 574 
 537 
 521 
 534 
 513 
 519 
 526 
 538 
 541 
 563 
 571 
 519 
 562 
 590 
 533 
 584 
 554 
 577 
 610 
 583 
 563 
 590 
 558 
 563 
 539 
 543 
 601 
 582 
 603 
 588 
 599 
 599 
 556 
 594 
 578 
 573 
 593 
 552 
 554 
 585 
 568 
 584 
 517 
 556 
 576 
 514 
 556 
 534 
 545 
 516 
 521 
 576 
 554 
 516 
 528 
 513 
 576 
 538 
 514 
 573 
 532 
 550 
 492 
 544 
 556 
 566 
 514 
 523 
 542 
 527 
 525 
 572 
 587 
 588 
 620 
 631 
 611 
 633 
 642 
 680 
 736 
 788 
 839 
 980 
 1191 
 1146 
 1083 
 931 
 711 
 591 
 523 
 473 
 498 
 493 
 473 
 444 
 480 
 526 
 608 
 887 
 1028 
 1235 
 1096 
 857 
 641 
 546 
 507 
 623 
 743 
 1221 
 1607 
 1729 
 1525 
 1111 
 742 
 519 
 490 
 664 
 1233 
 1932 
 1673 
 1073 
 626 
 436 
 390 
 385 
 371 
 418 
 356 
 319 
 350 
 322 
 327 
 304 
 357 
 433 
 670 
 1230 
 2337 
 3799 
 4916 
 4690 
 3671 
 2210 
 1136 
 652 
 619 
 1250 
 2683 
 3330 
 2386 
 1201 
 544 
 335 
 242 
 253 
 240 
 244 
 218 
 218 
 224 
 239 
 253 
 243 
 230 
 232 
 219 
 238 
 224 
 228 
 217 
 199 
 242 
 269 
 360 
 639 
 1370 
 2979 
 5363 
 7660 
 8187 
 6800 
 4292 
 2131 
 1003 
 457 
 303 
 237 
 250 
 220 
 300 
 321 
 335 
 355 
 430 
 437 
 472 
 470 
 498 
 478 
 439 
 425 
 388 
 376 
 329 
 286 
 277 
 230 
 239 
 226 
 218 
 200 
 206 
 199 
 221 
 221 
 185 
 228 
 232 
 255 
 305 
 395 
 489 
 772 
 1788 
 4514 
 11767 
 27714 
 55673 
 94729 
 134443 
 166633 
 185786 
 194723 
 195327 
 193785 
 184376 
 149085 
 90670 
 39969 
 13304 
 3623 
 828 
 275 
 144 
 70 
 25 
 11 
 2 
 4 
 1 
 3 
 1 
 1 
 2 
 2 
 1 
 2 
 0 
 0 
 2 
 1 
 2 
 2 
 3 
 2 
 1 
 2 
 4 
 7 
 2 
 4 
 3 
 0 
 1 
 1 
 3 
 1 
 1 
 2 
 1 
 0 
 0 
 0 
 1 
 3 
 5 
 2 
 1 
 3 
 2 
 0 
 2 
 0 
 2 
 2 
 1 
 5 
 1 
 4 
 3 
 0 
 0 
 2 
 3 
 1 
 1 
 1 
 0 
 2 
 0 
 0 
 1 
 4 
 2 
 1 
 4 
