 24 
 19 
 24 
 19 
 24 
 24 
 23 
 20 
 23 
 21 
 26 
 17 
 12 
 15 
 10 
 20 
 23 
 16 
 19 
 11 
 16 
 29 
 16 
 22 
 21 
 19 
 20 
 21 
 11 
 17 
 18 
 20 
 13 
 19 
 14 
 13 
 13 
 12 
 18 
 17 
 11 
 12 
 23 
 22 
 27 
 19 
 28 
 27 
 10 
 14 
 14 
 20 
 14 
 21 
 14 
 18 
 16 
 12 
 25 
 19 
 13 
 27 
 11 
 25 
 25 
 20 
 12 
 17 
 14 
 18 
 22 
 20 
 19 
 16 
 19 
 18 
 21 
 15 
 14 
 21 
 16 
 28 
 20 
 17 
 21 
 24 
 18 
 14 
 23 
 21 
 16 
 20 
 12 
 16 
 19 
 27 
 23 
 29 
 23 
 23 
 16 
 26 
 20 
 18 
 23 
 23 
 20 
 26 
 17 
 24 
 19 
 16 
 19 
 16 
 18 
 19 
 19 
 22 
 16 
 28 
 18 
 18 
 18 
 21 
 16 
 18 
 15 
 22 
 9 
 19 
 18 
 21 
 15 
 14 
 19 
 11 
 18 
 16 
 13 
 14 
 17 
 12 
 11 
 14 
 14 
 11 
 8 
 9 
 16 
 13 
 7 
 10 
 16 
 15 
 15 
 9 
 14 
 14 
 11 
 11 
 8 
 18 
 9 
 16 
 8 
 15 
 26 
 35 
 22 
 40 
 28 
 19 
 16 
 10 
 15 
 13 
 8 
 10 
 18 
 12 
 7 
 15 
 15 
 16 
 21 
 15 
 18 
 10 
 10 
 21 
 10 
 10 
 17 
 20 
 22 
 11 
 10 
 25 
 16 
 24 
 22 
 23 
 21 
 18 
 17 
 20 
 21 
 10 
 14 
 14 
 19 
 23 
 24 
 18 
 18 
 20 
 8 
 15 
 23 
 22 
 25 
 23 
 24 
 26 
 15 
 22 
 22 
 18 
 14 
 18 
 15 
 32 
 21 
 20 
 21 
 20 
 15 
 18 
 14 
 18 
 25 
 22 
 22 
 24 
 8 
 23 
 20 
 22 
 19 
 16 
 14 
 22 
 26 
 17 
 16 
 10 
 12 
 16 
 17 
 21 
 19 
 18 
 26 
 18 
 21 
 15 
 18 
 17 
 18 
 22 
 21 
 30 
 20 
 20 
 24 
 25 
 35 
 35 
 31 
 48 
 44 
 33 
 29 
 35 
 25 
 11 
 17 
 21 
 22 
 17 
 21 
 17 
 24 
 24 
 30 
 37 
 52 
 27 
 27 
 21 
 21 
 21 
 18 
 23 
 40 
 57 
 61 
 59 
 44 
 32 
 23 
 19 
 24 
 41 
 71 
 57 
 29 
 22 
 20 
 15 
 18 
 8 
 9 
 17 
 6 
 13 
 18 
 13 
 12 
 12 
 15 
 21 
 45 
 77 
 113 
 170 
 176 
 136 
 89 
 45 
 20 
 23 
 38 
 76 
 118 
 103 
 47 
 18 
 18 
 3 
 9 
 8 
 9 
 7 
 10 
 3 
 8 
 5 
 3 
 12 
 7 
 5 
 10 
 7 
 9 
 9 
 5 
 8 
 11 
 12 
 19 
 54 
 116 
 191 
 259 
 279 
 253 
 160 
 66 
 36 
 14 
 10 
 8 
 8 
 10 
 4 
 11 
 6 
 15 
 11 
 12 
 11 
 16 
 23 
 15 
 16 
 18 
 10 
 15 
 10 
 14 
 12 
 8 
 9 
 8 
 5 
 7 
 5 
 6 
 9 
 6 
 8 
 7 
 13 
 17 
 9 
 11 
 20 
 26 
 57 
 137 
 378 
 986 
 1995 
 3387 
 4695 
 5944 
 6474 
 6895 
 6972 
 6884 
 6561 
 5418 
 3364 
 1541 
 530 
 135 
 32 
 5 
 4 
 2 
 2 
 1 
 0 
 0 
 0 
 0 
 0 
 0 
 0 
 0 
 0 
 0 
 0 
 0 
 0 
 0 
 1 
 0 
 0 
 0 
 0 
 0 
 0 
 0 
 0 
 0 
 0 
 0 
 0 
 0 
 0 
 0 
 0 
 1 
 0 
 0 
 0 
 0 
 0 
 0 
 0 
 0 
 0 
 0 
 0 
 0 
 0 
 0 
 0 
 0 
 0 
 0 
 0 
 0 
 0 
 0 
 0 
 0 
 0 
 0 
 0 
 0 
 0 
 0 
 0 
 0 
 0 
 0 
 0 
 0 
 0 
