 182 
 175 
 182 
 141 
 174 
 182 
 171 
 157 
 164 
 165 
 160 
 168 
 173 
 154 
 170 
 150 
 152 
 163 
 166 
 175 
 151 
 153 
 146 
 141 
 145 
 137 
 145 
 157 
 137 
 152 
 155 
 137 
 156 
 147 
 146 
 154 
 154 
 159 
 132 
 153 
 160 
 142 
 163 
 137 
 174 
 141 
 139 
 163 
 167 
 136 
 169 
 156 
 150 
 147 
 159 
 158 
 151 
 158 
 163 
 156 
 177 
 163 
 157 
 167 
 164 
 163 
 174 
 162 
 175 
 152 
 197 
 136 
 152 
 154 
 162 
 164 
 156 
 176 
 164 
 166 
 165 
 196 
 139 
 189 
 168 
 149 
 162 
 180 
 193 
 164 
 159 
 184 
 184 
 192 
 193 
 209 
 202 
 207 
 198 
 165 
 174 
 152 
 162 
 150 
 168 
 161 
 151 
 148 
 145 
 161 
 156 
 145 
 154 
 147 
 149 
 177 
 171 
 213 
 206 
 197 
 197 
 158 
 155 
 140 
 157 
 167 
 129 
 152 
 135 
 143 
 132 
 129 
 140 
 120 
 119 
 113 
 118 
 98 
 110 
 112 
 112 
 99 
 97 
 97 
 100 
 94 
 91 
 98 
 109 
 92 
 106 
 74 
 94 
 80 
 95 
 102 
 98 
 99 
 88 
 86 
 108 
 98 
 94 
 95 
 117 
 147 
 211 
 268 
 275 
 264 
 237 
 178 
 142 
 143 
 111 
 111 
 136 
 113 
 128 
 137 
 125 
 121 
 127 
 138 
 143 
 135 
 149 
 154 
 148 
 154 
 149 
 147 
 138 
 155 
 143 
 137 
 174 
 145 
 153 
 141 
 184 
 157 
 153 
 167 
 144 
 150 
 153 
 182 
 176 
 158 
 160 
 169 
 171 
 191 
 167 
 157 
 153 
 173 
 188 
 183 
 161 
 157 
 163 
 167 
 175 
 171 
 182 
 164 
 164 
 162 
 141 
 157 
 152 
 164 
 161 
 166 
 144 
 153 
 160 
 143 
 138 
 169 
 174 
 171 
 172 
 149 
 155 
 157 
 168 
 162 
 170 
 143 
 152 
 130 
 156 
 156 
 144 
 144 
 168 
 186 
 162 
 141 
 144 
 154 
 145 
 180 
 168 
 158 
 181 
 178 
 204 
 182 
 193 
 192 
 227 
 226 
 223 
 269 
 340 
 324 
 315 
 293 
 244 
 228 
 201 
 168 
 133 
 128 
 126 
 170 
 135 
 146 
 155 
 189 
 279 
 323 
 340 
 276 
 240 
 186 
 153 
 171 
 196 
 223 
 276 
 354 
 369 
 379 
 292 
 211 
 167 
 157 
 193 
 305 
 408 
 375 
 259 
 161 
 139 
 133 
 106 
 111 
 115 
 102 
 110 
 105 
 133 
 100 
 85 
 112 
 136 
 209 
 414 
 667 
 1056 
 1346 
 1375 
 1049 
 681 
 393 
 253 
 222 
 406 
 753 
 905 
 709 
 415 
 199 
 118 
 83 
 69 
 79 
 69 
 70 
 51 
 72 
 66 
 63 
 64 
 75 
 60 
 66 
 83 
 76 
 63 
 60 
 59 
 73 
 74 
 110 
 208 
 452 
 977 
 1496 
 2064 
 2252 
 1887 
 1267 
 728 
 347 
 155 
 98 
 65 
 64 
 75 
 64 
 81 
 106 
 126 
 139 
 138 
 141 
 141 
 155 
 143 
 146 
 125 
 132 
 97 
 89 
 88 
 95 
 58 
 64 
 75 
 60 
 46 
 59 
 73 
 54 
 63 
 66 
 71 
 79 
 87 
 86 
 102 
 139 
 262 
 619 
 1521 
 3897 
 8784 
 16802 
 27121 
 38255 
 47105 
 53044 
 55587 
 56928 
 56434 
 52169 
 42571 
 27742 
 13892 
 5608 
 1841 
 541 
 168 
 66 
 38 
 21 
 6 
 1 
 1 
 2 
 1 
 1 
 2 
 0 
 0 
 0 
 1 
 0 
 0 
 0 
 2 
 2 
 0 
 1 
 0 
 1 
 1 
 1 
 1 
 2 
 0 
 0 
 0 
 1 
 0 
 1 
 0 
 0 
 0 
 1 
 0 
 0 
 0 
 2 
 0 
 0 
 0 
 2 
 0 
 0 
 1 
 0 
 0 
 2 
 0 
 0 
 1 
 0 
 0 
 3 
 2 
 1 
 1 
 1 
 1 
 1 
 0 
 1 
 1 
 0 
 0 
 0 
 0 
 0 
 1 
 0 
