 984 
 934 
 888 
 948 
 961 
 904 
 857 
 882 
 874 
 919 
 877 
 850 
 867 
 875 
 884 
 835 
 824 
 831 
 830 
 875 
 813 
 867 
 822 
 785 
 833 
 815 
 779 
 801 
 808 
 756 
 731 
 756 
 782 
 773 
 719 
 808 
 815 
 748 
 770 
 817 
 796 
 805 
 814 
 890 
 798 
 817 
 908 
 843 
 857 
 791 
 853 
 870 
 862 
 886 
 888 
 833 
 919 
 871 
 850 
 901 
 855 
 843 
 849 
 904 
 862 
 906 
 870 
 874 
 883 
 892 
 919 
 910 
 883 
 883 
 907 
 874 
 882 
 916 
 939 
 871 
 899 
 933 
 927 
 918 
 846 
 897 
 900 
 893 
 953 
 851 
 918 
 933 
 963 
 1049 
 1048 
 1054 
 973 
 959 
 995 
 939 
 906 
 838 
 881 
 878 
 846 
 825 
 786 
 842 
 826 
 865 
 807 
 902 
 837 
 816 
 877 
 866 
 910 
 1056 
 1076 
 1104 
 1056 
 921 
 924 
 773 
 769 
 769 
 757 
 735 
 730 
 756 
 695 
 647 
 711 
 666 
 698 
 677 
 655 
 609 
 548 
 633 
 639 
 585 
 576 
 569 
 546 
 527 
 545 
 540 
 565 
 520 
 538 
 497 
 483 
 497 
 499 
 499 
 500 
 478 
 474 
 423 
 431 
 475 
 515 
 557 
 529 
 690 
 896 
 1126 
 1232 
 1165 
 1009 
 789 
 685 
 580 
 559 
 537 
 525 
 602 
 571 
 620 
 603 
 580 
 636 
 611 
 580 
 634 
 662 
 706 
 692 
 706 
 657 
 715 
 708 
 709 
 755 
 729 
 669 
 736 
 798 
 763 
 771 
 724 
 761 
 774 
 769 
 821 
 813 
 818 
 823 
 814 
 809 
 790 
 817 
 810 
 843 
 833 
 779 
 824 
 785 
 803 
 805 
 813 
 779 
 806 
 808 
 827 
 806 
 844 
 814 
 827 
 832 
 807 
 803 
 828 
 860 
 787 
 841 
 797 
 839 
 839 
 801 
 750 
 818 
 821 
 795 
 765 
 773 
 814 
 769 
 761 
 789 
 775 
 723 
 816 
 786 
 767 
 764 
 752 
 753 
 738 
 771 
 732 
 754 
 712 
 769 
 750 
 831 
 858 
 823 
 861 
 908 
 965 
 933 
 972 
 1019 
 1059 
 1067 
 1253 
 1430 
 1578 
 1677 
 1544 
 1287 
 1033 
 893 
 773 
 730 
 700 
 653 
 635 
 664 
 688 
 712 
 896 
 1221 
 1402 
 1632 
 1483 
 1163 
 901 
 766 
 696 
 794 
 1169 
 1485 
 1917 
 2229 
 1917 
 1512 
 1056 
 745 
 737 
 899 
 1645 
 2393 
 2294 
 1511 
 909 
 626 
 548 
 502 
 499 
 516 
 504 
 489 
 488 
 440 
 500 
 468 
 463 
 611 
 917 
 1706 
 3146 
 5152 
 6559 
 6639 
 5188 
 3264 
 1750 
 1051 
 892 
 1795 
 3503 
 4604 
 3369 
 1802 
 825 
 506 
 351 
 349 
 341 
 369 
 322 
 342 
 365 
 323 
 331 
 323 
 324 
 330 
 325 
 351 
 319 
 310 
 344 
 345 
 347 
 357 
 457 
 858 
 1867 
 3927 
 7334 
 10228 
 11232 
 9584 
 6225 
 3286 
 1554 
 693 
 400 
 334 
 334 
 366 
 425 
 413 
 476 
 483 
 590 
 568 
 614 
 695 
 709 
 698 
 644 
 604 
 571 
 548 
 476 
 393 
 359 
 344 
 317 
 300 
 278 
 297 
 275 
 258 
 280 
 317 
 327 
 333 
 354 
 360 
 438 
 483 
 716 
 1103 
 2246 
 6033 
 15927 
 37358 
 75566 
 127901 
 183830 
 229730 
 256835 
 270477 
 274064 
 272599 
 259484 
 213980 
 135821 
 63719 
 23006 
 6645 
 1654 
 455 
 219 
 117 
 46 
 23 
 5 
 3 
 3 
 4 
 1 
 5 
 5 
 3 
 2 
 3 
 5 
 3 
 3 
 3 
 2 
 2 
 3 
 2 
 2 
 5 
 6 
 0 
 1 
 3 
 1 
 3 
 2 
 0 
 1 
 2 
 0 
 3 
 3 
 2 
 1 
 5 
 2 
 3 
 3 
 2 
 2 
 1 
 0 
 5 
 2 
 4 
 1 
 2 
 6 
 5 
 2 
 3 
 2 
 1 
 2 
 3 
 4 
 2 
 2 
 1 
 0 
 1 
 1 
 2 
 3 
 4 
 1 
 0 
 2 
