9:15:28	1	0	0
9:15:29	2	0	0
9:15:30	3	0	0
9:15:31	4	0	0
9:15:32	5	0	0
9:15:33	6	0	0
9:15:34	7	0	0
9:15:35	8	0	0
9:15:36	9	0	0
9:15:37	10	0	0
9:15:38	11	0	0
9:15:39	12	0	0
9:15:40	13	0	0
9:15:41	14	0	0
9:15:42	15	0	0
9:15:43	16	0	0
9:15:44	17	0	0
9:15:45	18	0	0
9:15:46	19	0	0
9:15:47	20	0	0
9:15:48	21	0	0
9:15:49	22	0	0
9:15:50	23	0	0
9:15:51	24	0	0
9:15:52	25	0	0
9:15:53	26	0	0
9:15:54	27	0	0
9:15:55	28	0	0
9:15:56	29	0	0
9:15:57	30	0	0
9:15:58	31	0	0
9:15:59	32	0	0
9:16:00	33	0	0
9:16:01	34	0	0
9:16:02	35	0	0
9:16:03	36	0	0
9:16:04	37	0	0
9:16:05	38	0	0
9:16:06	39	0	0
9:16:07	40	0	0
9:16:08	41	0	0
9:16:09	42	0	0
9:16:10	43	0	0
9:16:11	44	0	0
9:16:12	45	0	0
9:16:13	46	0	0
9:16:14	47	0	0
9:16:15	48	0	0
9:16:16	49	0	0
9:16:17	50	0	0
9:16:18	51	0	0
9:16:19	52	0	0
9:16:20	53	0	0
9:16:21	54	0	0
9:16:22	55	0	0
9:16:23	56	0	0
9:16:24	57	0	0
9:16:25	58	0	0
9:16:26	59	0	0
9:16:27	60	0	0
9:16:28	61	0	0
9:16:29	62	0	0
9:16:30	63	0	0
9:16:31	64	0	0
9:16:32	65	0	0
9:16:33	66	0	0
9:16:34	67	0	0
9:16:35	68	0	0
9:16:36	69	0	0
9:16:37	70	0	0
9:16:38	71	0	0
9:16:39	72	0	0
9:16:40	73	0	0
9:16:41	74	0	0
9:16:42	75	0	0
9:16:43	76	0	0
9:16:44	77	0	0
9:16:45	78	0	0
9:16:46	79	0	0
9:16:47	80	0	0
9:16:48	81	0	0
9:16:49	82	0	0
9:16:50	83	0	0
9:16:51	84	0	0
9:16:52	85	0	0
9:16:53	86	0	0
9:16:54	87	0	0
9:16:55	88	0	0
9:16:56	89	0	0
9:16:57	90	0	0
9:16:58	91	0	0
9:16:59	92	0	0
9:17:00	93	0	0
9:17:01	94	0	0
9:17:02	95	0	0
9:17:03	96	0	0
9:17:04	97	0	0
9:17:05	98	0	0
9:17:06	99	0	0
9:17:07	100	0	0
9:17:08	101	0	0
9:17:09	102	0	0
9:17:10	103	0	0
9:17:11	104	0	0
9:17:12	105	0	0
9:17:13	106	0	0
9:17:14	107	0	0
9:17:15	108	0	0
9:17:16	109	0	0
9:17:17	110	0	0
9:17:18	111	0	0
9:17:19	112	0	0
9:17:20	113	0	0
9:17:21	114	0	0
9:17:22	115	0	0
9:17:23	116	0	0
9:17:24	117	0	0
9:17:25	118	0	0
9:17:26	119	0	0
9:17:27	120	0	0
9:17:28	121	0	0
9:17:29	122	0	0
9:17:30	123	0	0
9:17:31	124	0	0
9:17:32	125	0	0
9:17:33	126	0	0
9:17:34	127	0	0
9:17:35	128	0	0
9:17:36	129	0	0
9:17:37	130	0	0
9:17:38	131	0	0
9:17:39	132	0	0
9:17:40	133	0	0
9:17:41	134	0	0
9:17:42	135	0	0
9:17:43	136	0	0
9:17:44	137	0	0
9:17:45	138	0	0
9:17:46	139	0	0
9:17:47	140	0	0
9:17:48	141	0	0
9:17:49	142	0	0
9:17:50	143	0	0
9:17:51	144	0	0
9:17:52	145	0	0
9:17:53	146	0	0
9:17:54	147	0	0
9:17:55	148	0	0
9:17:56	149	0	0
9:17:57	150	0	0
9:17:58	151	0	0
9:17:59	152	0	0
9:18:00	153	0	0
9:18:01	154	0	0
9:18:02	155	0	0
9:18:03	156	0	0
9:18:04	157	0	0
9:18:05	158	0	0
9:18:06	159	0	0
9:18:07	160	0	0
9:18:08	161	0	0
9:18:09	162	0	0
9:18:10	163	0	0
9:18:11	164	0	0
9:18:12	165	0	0
9:18:13	166	0	0
9:18:14	167	0	0
9:18:15	168	0	0
9:18:16	169	0	0
9:18:17	170	0	0
9:18:18	171	0	0
9:18:19	172	0	0
9:18:20	173	0	0
9:18:21	174	0	0
9:18:22	175	0	0
9:18:23	176	0	0
9:18:24	177	0	0
9:18:25	178	0	0
9:18:26	179	0	0
9:18:27	180	0	0
9:18:28	181	0	0
9:18:29	182	0	0
9:18:30	183	0	0
9:18:31	184	0	0
9:18:32	185	0	0
9:18:33	186	0	0
9:18:34	187	0	0
9:18:35	188	0	0
9:18:36	189	0	0
9:18:37	190	0	0
9:18:38	191	0	0
9:18:39	192	0	0
9:18:40	193	0	0
9:18:41	194	0	0
9:18:42	195	0	0
9:18:43	196	0	0
9:18:44	197	0	0
9:18:45	198	0	0
9:18:46	199	0	0
9:18:47	200	0	0
9:18:48	201	0	0
9:18:49	202	0	0
9:18:50	203	0	0
9:18:51	204	0	0
9:18:52	205	0	0
9:18:53	206	0	0
9:18:54	207	0	0
9:18:55	208	0	0
9:18:56	209	0	0
9:18:57	210	0	0
9:18:58	211	0	0
9:18:59	212	0	0
9:19:00	213	0	0
9:19:01	214	0	0
9:19:02	215	0	0
9:19:03	216	0	0
9:19:04	217	0	0
9:19:05	218	0	0
9:19:06	219	0	0
9:19:07	220	0	0
9:19:08	221	0	0
9:19:09	222	0	0
9:19:10	223	0	0
9:19:11	224	0	0
9:19:12	225	0	0
9:19:13	226	0	0
9:19:14	227	0	0
9:19:15	228	0	0
9:19:16	229	0	0
9:19:17	230	0	0
9:19:18	231	0	0
9:19:19	232	0	0
9:19:20	233	0	0
9:19:21	234	0	0
9:19:22	235	0	0
9:19:23	236	0	0
9:19:24	237	0	0
9:19:25	238	0	0
9:19:26	239	0	0
9:19:27	240	0	0
9:19:28	241	0	0
9:19:29	242	0	0
9:19:30	243	0	0
9:19:31	244	0	0
9:19:32	245	0	0
9:19:33	246	0	0
9:19:34	247	0	0
9:19:35	248	0	0
9:19:36	249	0	0
9:19:37	250	0	0
9:19:38	251	0	0
9:19:39	252	0	0
9:19:40	253	0	0
9:19:41	254	0	0
9:19:42	255	0	0
9:19:43	256	0	0
9:19:44	257	0	0
9:19:45	258	0	0
9:19:46	259	0	0
9:19:47	260	0	0
9:19:48	261	0	0
9:19:49	262	0	0
9:19:50	263	0	0
9:19:51	264	0	0
9:19:52	265	0	0
9:19:53	266	0	0
9:19:54	267	0	0
9:19:55	268	0	0
9:19:56	269	0	0
9:19:57	270	0	0
9:19:58	271	0	0
9:19:59	272	0	0
9:20:00	273	0	0
9:20:01	274	0	0
9:20:02	275	0	0
9:20:03	276	0	0
9:20:04	277	0	0
9:20:05	278	0	0
9:20:06	279	0	0
9:20:07	280	0	0
9:20:08	281	0	0
9:20:09	282	0	0
9:20:10	283	0	0
9:20:11	284	0	0
9:20:12	285	0	0
9:20:13	286	0	0
9:20:14	287	0	0
9:20:15	288	0	0
9:20:16	289	0	0
9:20:17	290	0	0
9:20:18	291	0	0
9:20:19	292	0	0
9:20:20	293	0	0
9:20:21	294	0	0
9:20:22	295	0	0
9:20:23	296	0	0
9:20:24	297	0	0
9:20:25	298	0	0
9:20:26	299	0	0
9:20:27	300	0	0
9:20:28	301	0	0
9:20:29	302	0	0
9:20:30	303	0	0
9:20:31	304	0	0
9:20:32	305	0	0
9:20:33	306	0	0
9:20:34	307	0	0
9:20:35	308	0	0
9:20:36	309	0	0
9:20:37	310	0	0
9:20:38	311	0	0
9:20:39	312	0	0
9:20:40	313	0	0
9:20:41	314	0	0
9:20:42	315	0	0
9:20:43	316	0	0
9:20:44	317	0	0
9:20:45	318	0	0
9:20:46	319	0	0
9:20:47	320	0	0
9:20:48	321	0	0
9:20:49	322	0	0
9:20:50	323	0	0
9:20:51	324	0	0
9:20:52	325	0	0
9:20:53	326	0	0
9:20:54	327	0	0
9:20:55	328	0	0
9:20:56	329	0	0
9:20:57	330	0	0
9:20:58	331	0	0
9:20:59	332	0	0
9:21:00	333	0	0
9:21:01	334	0	0
9:21:02	335	0	0
9:21:03	336	0	0
9:21:04	337	0	0
9:21:05	338	0	0
9:21:06	339	0	0
9:21:07	340	0	0
9:21:08	341	0	0
9:21:09	342	0	0
9:21:10	343	0	0
9:21:11	344	0	0
9:21:12	345	0	0
9:21:13	346	0	0
9:21:14	347	0	0
9:21:15	348	0	0
9:21:16	349	0	0
9:21:17	350	0	0
9:21:18	351	0	0
9:21:19	352	0	0
9:21:20	353	0	0
9:21:21	354	0	0
9:21:22	355	0	0
9:21:23	356	0	0
9:21:24	357	0	0
9:21:25	358	0	0
9:21:26	359	0	0
9:21:27	360	0	0
9:21:28	361	0	0
9:21:29	362	0	0
9:21:30	363	0	0
9:21:31	364	0	0
9:21:32	365	0	0
9:21:33	366	0	0
9:21:34	367	0	0
9:21:35	368	0	0
9:21:36	369	0	0
9:21:37	370	0	0
9:21:38	371	0	0
9:21:39	372	0	0
9:21:40	373	0	0
9:21:41	374	0	0
9:21:42	375	0	0
9:21:43	376	0	0
9:21:44	377	0	0
9:21:45	378	0	0
9:21:46	379	0	0
9:21:47	380	0	0
9:21:48	381	0	0
9:21:49	382	0	0
9:21:50	383	0	0
9:21:51	384	0	0
9:21:52	385	0	0
9:21:53	386	0	0
9:21:54	387	0	0
9:21:55	388	0	0
9:21:56	389	0	0
9:21:57	390	0	0
9:21:58	391	0	0
9:21:59	392	0	0
9:22:00	393	0	0
9:22:01	394	0	0
9:22:02	395	0	0
9:22:03	396	0	0
9:22:04	397	0	0
9:22:05	398	0	0
9:22:06	399	0	0
9:22:07	400	0	0
9:22:08	401	0	0
9:22:09	402	0	0
9:22:10	403	0	0
9:22:11	404	0	0
9:22:12	405	0	0
9:22:13	406	0	0
9:22:14	407	0	0
9:22:15	408	0	0
9:22:16	409	0	0
9:22:17	410	0	0
9:22:18	411	0	0
9:22:19	412	0	0
9:22:20	413	0	0
9:22:21	414	0	0
9:22:22	415	0	0
9:22:23	416	0	0
9:22:24	417	0	0
9:22:25	418	0	0
9:22:26	419	0	0
9:22:27	420	0	0
9:22:28	421	0	0
9:22:29	422	0	0
9:22:30	423	0	0
9:22:31	424	0	0
9:22:32	425	0	0
9:22:33	426	0	0
9:22:34	427	0	0
9:22:35	428	0	0
9:22:36	429	0	0
9:22:37	430	0	0
9:22:38	431	0	0
9:22:39	432	0	0
9:22:40	433	0	0
9:22:41	434	0	0
9:22:42	435	0	0
9:22:43	436	0	0
9:22:44	437	0	0
9:22:45	438	0	0
9:22:46	439	0	0
9:22:47	440	0	0
9:22:48	441	0	0
9:22:49	442	0	0
9:22:50	443	0	0
9:22:51	444	0	0
9:22:52	445	0	0
9:22:53	446	0	0
9:22:54	447	0	0
9:22:55	448	0	0
9:22:56	449	0	0
9:22:57	450	0	0
9:22:58	451	0	0
9:22:59	452	0	0
9:23:00	453	0	0
9:23:01	454	0	0
9:23:02	455	0	0
9:23:03	456	0	0
9:23:04	457	0	0
9:23:05	458	0	0
9:23:06	459	0	0
9:23:07	460	0	0
9:23:08	461	0	0
9:23:09	462	0	0
9:23:10	463	0	0
9:23:11	464	0	0
9:23:12	465	0	0
9:23:13	466	0	0
9:23:14	467	0	0
9:23:15	468	0	0
9:23:16	469	0	0
9:23:17	470	0	0
9:23:18	471	0	0
9:23:19	472	0	0
9:23:20	473	3	3
9:23:21	474	5	8
9:23:22	475	5	13
9:23:23	476	5	18
9:23:24	477	4	22
9:23:25	478	5	27
9:23:26	479	5	32
9:23:27	480	5	37
9:23:28	481	5	42
9:23:29	482	4	46
9:23:30	483	5	51
9:23:31	484	5	56
9:23:32	485	5	61
9:23:33	486	5	66
9:23:34	487	5	71
9:23:35	488	5	76
9:23:36	489	4	80
9:23:37	490	5	85
9:23:38	491	5	90
9:23:39	492	5	95
9:23:40	493	5	100
9:23:41	494	5	105
9:23:42	495	5	110
9:23:43	496	5	115
9:23:44	497	5	120
9:23:45	498	5	125
9:23:46	499	5	130
9:23:47	500	5	135
9:23:48	501	4	139
9:23:49	502	0	139
9:23:50	503	0	139
9:23:51	504	0	139
9:23:52	505	0	139
9:23:53	506	0	139
9:23:54	507	0	139
9:23:55	508	0	139
9:23:56	509	0	139
9:23:57	510	0	139
9:23:58	511	0	139
9:23:59	512	0	139
9:24:00	513	0	139
9:24:01	514	0	139
9:24:02	515	0	139
9:24:03	516	0	139
9:24:04	517	0	139
9:24:05	518	0	139
9:24:06	519	0	139
9:24:07	520	0	139
9:24:08	521	0	139
9:24:09	522	0	139
9:24:10	523	0	139
9:24:11	524	0	139
9:24:12	525	0	139
9:24:13	526	0	139
9:24:14	527	0	139
9:24:15	528	0	139
9:24:16	529	0	139
9:24:17	530	0	139
9:24:18	531	0	139
9:24:19	532	0	139
9:24:20	533	0	139
9:24:21	534	0	139
9:24:22	535	0	139
9:24:23	536	0	139
9:24:24	537	0	139
9:24:25	538	0	139
9:24:26	539	0	139
9:24:27	540	0	139
9:24:28	541	0	139
9:24:29	542	0	139
9:24:30	543	0	139
9:24:31	544	0	139
9:24:32	545	0	139
9:24:33	546	0	139
9:24:34	547	0	139
9:24:35	548	0	139
9:24:36	549	0	139
9:24:37	550	0	139
9:24:38	551	0	139
9:24:39	552	0	139
9:24:40	553	0	139
9:24:41	554	0	139
9:24:42	555	0	139
9:24:43	556	0	139
9:24:44	557	0	139
9:24:45	558	0	139
9:24:46	559	0	139
9:24:47	560	0	139
9:24:48	561	0	139
9:24:49	562	0	139
9:24:50	563	0	139
9:24:51	564	0	139
9:24:52	565	0	139
9:24:53	566	0	139
9:24:54	567	0	139
9:24:55	568	0	139
9:24:56	569	0	139
9:24:57	570	0	139
9:24:58	571	0	139
9:24:59	572	0	139
9:25:00	573	0	139
9:25:01	574	0	139
9:25:02	575	0	139
9:25:03	576	0	139
9:25:04	577	0	139
9:25:05	578	0	139
9:25:06	579	0	139
9:25:07	580	0	139
9:25:08	581	0	139
9:25:09	582	0	139
9:25:10	583	0	139
9:25:11	584	0	139
9:25:12	585	0	139
9:25:13	586	0	139
9:25:14	587	2	141
9:25:15	588	5	146
9:25:16	589	5	151
9:25:17	590	5	156
9:25:18	591	5	161
9:25:19	592	5	166
9:25:20	593	5	171
9:25:21	594	5	176
9:25:22	595	5	181
9:25:23	596	5	186
9:25:24	597	5	191
9:25:25	598	5	196
9:25:26	599	5	201
9:25:27	600	5	206
9:25:28	601	5	211
9:25:29	602	5	216
9:25:30	603	5	221
9:25:31	604	5	226
9:25:32	605	5	231
9:25:33	606	5	236
9:25:34	607	5	241
9:25:35	608	0	241
9:25:36	609	0	241
9:25:37	610	0	241
9:25:38	611	0	241
9:25:39	612	0	241
9:25:40	613	0	241
9:25:41	614	0	241
9:25:42	615	0	241
9:25:43	616	0	241
9:25:44	617	0	241
9:25:45	618	0	241
9:25:46	619	0	241
9:25:47	620	0	241
9:25:48	621	0	241
9:25:49	622	0	241
9:25:50	623	0	241
9:25:51	624	0	241
9:25:52	625	0	241
9:25:53	626	0	241
9:25:54	627	0	241
9:25:55	628	0	241
9:25:56	629	0	241
9:25:57	630	0	241
9:25:58	631	0	241
9:25:59	632	0	241
9:26:00	633	0	241
9:26:01	634	0	241
9:26:02	635	0	241
9:26:03	636	0	241
9:26:04	637	0	241
9:26:05	638	0	241
9:26:06	639	0	241
9:26:07	640	0	241
9:26:08	641	0	241
9:26:09	642	0	241
9:26:10	643	0	241
9:26:11	644	0	241
9:26:12	645	0	241
9:26:13	646	0	241
9:26:14	647	0	241
9:26:15	648	0	241
9:26:16	649	0	241
9:26:17	650	0	241
9:26:18	651	0	241
9:26:19	652	0	241
9:26:20	653	0	241
9:26:21	654	0	241
9:26:22	655	0	241
9:26:23	656	0	241
9:26:24	657	0	241
9:26:25	658	0	241
9:26:26	659	0	241
9:26:27	660	0	241
9:26:28	661	0	241
9:26:29	662	0	241
9:26:30	663	0	241
9:26:31	664	0	241
9:26:32	665	0	241
9:26:33	666	0	241
9:26:34	667	0	241
9:26:35	668	0	241
9:26:36	669	0	241
9:26:37	670	0	241
9:26:38	671	0	241
9:26:39	672	0	241
9:26:40	673	0	241
9:26:41	674	0	241
9:26:42	675	0	241
9:26:43	676	0	241
9:26:44	677	0	241
9:26:45	678	0	241
9:26:46	679	0	241
9:26:47	680	0	241
9:26:48	681	0	241
9:26:49	682	0	241
9:26:50	683	0	241
9:26:51	684	0	241
9:26:52	685	0	241
9:26:53	686	0	241
9:26:54	687	0	241
9:26:55	688	0	241
9:26:56	689	0	241
9:26:57	690	0	241
9:26:58	691	0	241
9:26:59	692	0	241
9:27:00	693	0	241
9:27:01	694	0	241
9:27:02	695	0	241
9:27:03	696	0	241
9:27:04	697	19	260
9:27:05	698	23	283
9:27:06	699	22	305
9:27:07	700	23	328
9:27:08	701	21	349
9:27:09	702	23	372
9:27:10	703	22	394
9:27:11	704	23	417
9:27:12	705	20	437
9:27:13	706	24	461
9:27:14	707	22	483
9:27:15	708	22	505
9:27:16	709	23	528
9:27:17	710	21	549
9:27:18	711	24	573
9:27:19	712	21	594
9:27:20	713	24	618
9:27:21	714	7	625
9:27:22	715	0	625
9:27:23	716	0	625
9:27:24	717	0	625
9:27:25	718	0	625
9:27:26	719	0	625
9:27:27	720	0	625
9:27:28	721	0	625
9:27:29	722	0	625
9:27:30	723	0	625
9:27:31	724	0	625
9:27:32	725	0	625
9:27:33	726	0	625
9:27:34	727	0	625
9:27:35	728	0	625
9:27:36	729	0	625
9:27:37	730	0	625
9:27:38	731	0	625
9:27:39	732	0	625
9:27:40	733	0	625
9:27:41	734	0	625
9:27:42	735	0	625
9:27:43	736	0	625
9:27:44	737	0	625
9:27:45	738	0	625
9:27:46	739	0	625
9:27:47	740	0	625
9:27:48	741	0	625
9:27:49	742	0	625
9:27:50	743	0	625
9:27:51	744	0	625
9:27:52	745	0	625
9:27:53	746	0	625
9:27:54	747	0	625
9:27:55	748	0	625
9:27:56	749	0	625
9:27:57	750	0	625
9:27:58	751	0	625
9:27:59	752	0	625
9:28:00	753	0	625
9:28:01	754	18	643
9:28:02	755	24	667
9:28:03	756	22	689
9:28:04	757	25	714
9:28:05	758	21	735
9:28:06	759	23	758
9:28:07	760	24	782
9:28:08	761	22	804
9:28:09	762	24	828
9:28:10	763	23	851
9:28:11	764	22	873
9:28:12	765	24	897
9:28:13	766	23	920
9:28:14	767	23	943
9:28:15	768	23	966
9:28:16	769	23	989
9:28:17	770	24	1013
9:28:18	771	22	1035
9:28:19	772	24	1059
9:28:20	773	23	1082
9:28:21	774	24	1106
9:28:22	775	23	1129
9:28:23	776	23	1152
9:28:24	777	23	1175
9:28:25	778	24	1199
9:28:26	779	24	1223
9:28:27	780	22	1245
9:28:28	781	11	1256
9:28:29	782	4	1260
9:28:30	783	6	1266
9:28:31	784	17	1283
9:28:32	785	16	1299
9:28:33	786	1	1300
9:28:34	787	0	1300
9:28:35	788	0	1300
9:28:36	789	0	1300
9:28:37	790	0	1300
9:28:38	791	0	1300
9:28:39	792	0	1300
9:28:40	793	0	1300
9:28:41	794	0	1300
9:28:42	795	0	1300
9:28:43	796	5	1305
9:28:44	797	19	1324
9:28:45	798	25	1349
9:28:46	799	24	1373
9:28:47	800	24	1397
9:28:48	801	20	1417
9:28:49	802	23	1440
9:28:50	803	25	1465
9:28:51	804	26	1491
9:28:52	805	24	1515
9:28:53	806	26	1541
9:28:54	807	25	1566
9:28:55	808	21	1587
9:28:56	809	16	1603
9:28:57	810	19	1622
9:28:58	811	23	1645
9:28:59	812	24	1669
9:29:00	813	23	1692
9:29:01	814	24	1716
9:29:02	815	24	1740
9:29:03	816	23	1763
9:29:04	817	24	1787
9:29:05	818	23	1810
9:29:06	819	22	1832
9:29:07	820	23	1855
9:29:08	821	24	1879
9:29:09	822	25	1904
9:29:10	823	23	1927
9:29:11	824	23	1950
9:29:12	825	23	1973
9:29:13	826	23	1996
9:29:14	827	24	2020
9:29:15	828	23	2043
9:29:16	829	24	2067
9:29:17	830	24	2091
9:29:18	831	24	2115
9:29:19	832	23	2138
9:29:20	833	23	2161
9:29:21	834	23	2184
9:29:22	835	25	2209
9:29:23	836	24	2233
9:29:24	837	24	2257
9:29:25	838	23	2280
9:29:26	839	26	2306
9:29:27	840	23	2329
9:29:28	841	23	2352
9:29:29	842	21	2373
9:29:30	843	20	2393
9:29:31	844	19	2412
9:29:32	845	18	2430
9:29:33	846	20	2450
9:29:34	847	26	2476
9:29:35	848	24	2500
9:29:36	849	25	2525
9:29:37	850	24	2549
9:29:38	851	25	2574
9:29:39	852	25	2599
9:29:40	853	25	2624
9:29:41	854	24	2648
9:29:42	855	25	2673
9:29:43	856	25	2698
9:29:44	857	24	2722
9:29:45	858	26	2748
9:29:46	859	24	2772
9:29:47	860	24	2796
9:29:48	861	21	2817
9:29:49	862	14	2831
9:29:50	863	16	2847
9:29:51	864	12	2859
9:29:52	865	12	2871
9:29:53	866	18	2889
9:29:54	867	24	2913
9:29:55	868	17	2930
9:29:56	869	6	2936
9:29:57	870	0	2936
9:29:58	871	0	2936
9:29:59	872	6	2942
9:30:00	873	13	2955
9:30:01	874	24	2979
9:30:02	875	18	2997
9:30:03	876	16	3013
9:30:04	877	11	3024
9:30:05	878	23	3047
9:30:06	879	25	3072
9:30:07	880	26	3098
9:30:08	881	26	3124
9:30:09	882	24	3148
9:30:10	883	25	3173
9:30:11	884	25	3198
9:30:12	885	25	3223
9:30:13	886	25	3248
9:30:14	887	25	3273
9:30:15	888	25	3298
9:30:16	889	25	3323
9:30:17	890	25	3348
9:30:18	891	25	3373
9:30:19	892	24	3397
9:30:20	893	26	3423
9:30:21	894	26	3449
9:30:22	895	25	3474
9:30:23	896	26	3500
9:30:24	897	26	3526
9:30:25	898	26	3552
9:30:26	899	24	3576
9:30:27	900	23	3599
9:30:28	901	23	3622
9:30:29	902	20	3642
9:30:30	903	18	3660
9:30:31	904	18	3678
9:30:32	905	21	3699
9:30:33	906	23	3722
9:30:34	907	25	3747
9:30:35	908	26	3773
9:30:36	909	26	3799
9:30:37	910	25	3824
9:30:38	911	24	3848
9:30:39	912	22	3870
9:30:40	913	21	3891
9:30:41	914	22	3913
9:30:42	915	26	3939
9:30:43	916	25	3964
9:30:44	917	25	3989
9:30:45	918	27	4016
9:30:46	919	25	4041
9:30:47	920	25	4066
9:30:48	921	27	4093
9:30:49	922	25	4118
9:30:50	923	27	4145
9:30:51	924	27	4172
9:30:52	925	26	4198
9:30:53	926	26	4224
9:30:54	927	25	4249
9:30:55	928	26	4275
9:30:56	929	26	4301
9:30:57	930	26	4327
9:30:58	931	25	4352
9:30:59	932	28	4380
9:31:00	933	25	4405
9:31:01	934	27	4432
9:31:02	935	26	4458
9:31:03	936	28	4486
9:31:04	937	26	4512
9:31:05	938	25	4537
9:31:06	939	26	4563
9:31:07	940	27	4590
9:31:08	941	26	4616
9:31:09	942	27	4643
9:31:10	943	27	4670
9:31:11	944	28	4698
9:31:12	945	28	4726
9:31:13	946	27	4753
9:31:14	947	27	4780
9:31:15	948	27	4807
9:31:16	949	28	4835
9:31:17	950	27	4862
9:31:18	951	28	4890
9:31:19	952	27	4917
9:31:20	953	28	4945
9:31:21	954	29	4974
9:31:22	955	26	5000
9:31:23	956	27	5027
9:31:24	957	27	5054
9:31:25	958	25	5079
9:31:26	959	27	5106
9:31:27	960	25	5131
9:31:28	961	26	5157
9:31:29	962	28	5185
9:31:30	963	28	5213
9:31:31	964	28	5241
9:31:32	965	29	5270
9:31:33	966	29	5299
9:31:34	967	29	5328
9:31:35	968	31	5359
9:31:36	969	29	5388
9:31:37	970	29	5417
9:31:38	971	30	5447
9:31:39	972	31	5478
9:31:40	973	31	5509
9:31:41	974	30	5539
9:31:42	975	31	5570
9:31:43	976	30	5600
9:31:44	977	31	5631
9:31:45	978	31	5662
9:31:46	979	31	5693
9:31:47	980	30	5723
9:31:48	981	30	5753
9:31:49	982	31	5784
9:31:50	983	32	5816
9:31:51	984	32	5848
9:31:52	985	31	5879
9:31:53	986	32	5911
9:31:54	987	30	5941
9:31:55	988	32	5973
9:31:56	989	31	6004
9:31:57	990	30	6034
9:31:58	991	30	6064
9:31:59	992	30	6094
9:32:00	993	30	6124
9:32:01	994	32	6156
9:32:02	995	30	6186
9:32:03	996	33	6219
9:32:04	997	30	6249
9:32:05	998	32	6281
9:32:06	999	31	6312
9:32:07	1000	33	6345
9:32:08	1001	29	6374
9:32:09	1002	32	6406
9:32:10	1003	32	6438
9:32:11	1004	31	6469
9:32:12	1005	33	6502
9:32:13	1006	31	6533
9:32:14	1007	32	6565
9:32:15	1008	32	6597
9:32:16	1009	32	6629
9:32:17	1010	32	6661
9:32:18	1011	32	6693
9:32:19	1012	33	6726
9:32:20	1013	31	6757
9:32:21	1014	31	6788
9:32:22	1015	32	6820
9:32:23	1016	33	6853
9:32:24	1017	32	6885
9:32:25	1018	33	6918
9:32:26	1019	32	6950
9:32:27	1020	32	6982
9:32:28	1021	32	7014
9:32:29	1022	33	7047
9:32:30	1023	33	7080
9:32:31	1024	35	7115
9:32:32	1025	34	7149
9:32:33	1026	33	7182
9:32:34	1027	33	7215
9:32:35	1028	34	7249
9:32:36	1029	33	7282
9:32:37	1030	34	7316
9:32:38	1031	33	7349
9:32:39	1032	33	7382
9:32:40	1033	31	7413
9:32:41	1034	29	7442
9:32:42	1035	28	7470
9:32:43	1036	29	7499
9:32:44	1037	34	7533
9:32:45	1038	33	7566
9:32:46	1039	35	7601
9:32:47	1040	35	7636
9:32:48	1041	34	7670
9:32:49	1042	33	7703
9:32:50	1043	35	7738
9:32:51	1044	33	7771
9:32:52	1045	35	7806
9:32:53	1046	34	7840
9:32:54	1047	35	7875
9:32:55	1048	35	7910
9:32:56	1049	35	7945
9:32:57	1050	33	7978
9:32:58	1051	34	8012
9:32:59	1052	36	8048
9:33:00	1053	34	8082
9:33:01	1054	36	8118
9:33:02	1055	34	8152
9:33:03	1056	34	8186
9:33:04	1057	35	8221
9:33:05	1058	36	8257
9:33:06	1059	35	8292
9:33:07	1060	34	8326
9:33:08	1061	36	8362
9:33:09	1062	35	8397
9:33:10	1063	34	8431
9:33:11	1064	35	8466
9:33:12	1065	35	8501
9:33:13	1066	36	8537
9:33:14	1067	36	8573
9:33:15	1068	34	8607
9:33:16	1069	34	8641
9:33:17	1070	36	8677
9:33:18	1071	36	8713
9:33:19	1072	35	8748
9:33:20	1073	33	8781
9:33:21	1074	33	8814
9:33:22	1075	33	8847
9:33:23	1076	36	8883
9:33:24	1077	34	8917
9:33:25	1078	36	8953
9:33:26	1079	35	8988
9:33:27	1080	35	9023
9:33:28	1081	36	9059
9:33:29	1082	36	9095
9:33:30	1083	33	9128
9:33:31	1084	30	9158
9:33:32	1085	33	9191
9:33:33	1086	36	9227
9:33:34	1087	37	9264
9:33:35	1088	36	9300
9:33:36	1089	37	9337
9:33:37	1090	36	9373
9:33:38	1091	36	9409
9:33:39	1092	34	9443
9:33:40	1093	35	9478
9:33:41	1094	37	9515
9:33:42	1095	36	9551
9:33:43	1096	37	9588
9:33:44	1097	37	9625
9:33:45	1098	36	9661
9:33:46	1099	37	9698
9:33:47	1100	38	9736
9:33:48	1101	37	9773
9:33:49	1102	38	9811
9:33:50	1103	38	9849
9:33:51	1104	37	9886
9:33:52	1105	37	9923
9:33:53	1106	37	9960
9:33:54	1107	38	9998
9:33:55	1108	35	10033
9:33:56	1109	33	10066
9:33:57	1110	28	10094
9:33:58	1111	30	10124
9:33:59	1112	34	10158
9:34:00	1113	36	10194
9:34:01	1114	39	10233
9:34:02	1115	40	10273
9:34:03	1116	41	10314
9:34:04	1117	41	10355
9:34:05	1118	40	10395
9:34:06	1119	41	10436
9:34:07	1120	39	10475
9:34:08	1121	40	10515
9:34:09	1122	39	10554
9:34:10	1123	41	10595
9:34:11	1124	39	10634
9:34:12	1125	38	10672
9:34:13	1126	36	10708
9:34:14	1127	37	10745
9:34:15	1128	38	10783
9:34:16	1129	40	10823
9:34:17	1130	40	10863
9:34:18	1131	42	10905
9:34:19	1132	41	10946
9:34:20	1133	41	10987
9:34:21	1134	42	11029
9:34:22	1135	41	11070
9:34:23	1136	41	11111
9:34:24	1137	40	11151
9:34:25	1138	42	11193
9:34:26	1139	42	11235
9:34:27	1140	42	11277
9:34:28	1141	41	11318
9:34:29	1142	41	11359
9:34:30	1143	42	11401
9:34:31	1144	40	11441
9:34:32	1145	41	11482
9:34:33	1146	40	11522
9:34:34	1147	42	11564
9:34:35	1148	41	11605
9:34:36	1149	42	11647
9:34:37	1150	42	11689
9:34:38	1151	40	11729
9:34:39	1152	39	11768
9:34:40	1153	32	11800
9:34:41	1154	28	11828
9:34:42	1155	33	11861
9:34:43	1156	34	11895
9:34:44	1157	38	11933
9:34:45	1158	42	11975
9:34:46	1159	43	12018
9:34:47	1160	44	12062
9:34:48	1161	44	12106
9:34:49	1162	44	12150
9:34:50	1163	45	12195
9:34:51	1164	44	12239
9:34:52	1165	42	12281
9:34:53	1166	42	12323
9:34:54	1167	41	12364
9:34:55	1168	41	12405
9:34:56	1169	42	12447
9:34:57	1170	44	12491
9:34:58	1171	43	12534
9:34:59	1172	45	12579
9:35:00	1173	45	12624
9:35:01	1174	45	12669
9:35:02	1175	46	12715
9:35:03	1176	45	12760
9:35:04	1177	44	12804
9:35:05	1178	46	12850
9:35:06	1179	44	12894
9:35:07	1180	43	12937
9:35:08	1181	43	12980
9:35:09	1182	44	13024
9:35:10	1183	41	13065
9:35:11	1184	38	13103
9:35:12	1185	40	13143
9:35:13	1186	43	13186
9:35:14	1187	45	13231
9:35:15	1188	45	13276
9:35:16	1189	44	13320
9:35:17	1190	45	13365
9:35:18	1191	47	13412
9:35:19	1192	46	13458
9:35:20	1193	46	13504
9:35:21	1194	46	13550
9:35:22	1195	46	13596
9:35:23	1196	46	13642
9:35:24	1197	47	13689
9:35:25	1198	43	13732
9:35:26	1199	41	13773
9:35:27	1200	42	13815
9:35:28	1201	41	13856
9:35:29	1202	45	13901
9:35:30	1203	46	13947
9:35:31	1204	47	13994
9:35:32	1205	47	14041
9:35:33	1206	47	14088
9:35:34	1207	47	14135
9:35:35	1208	47	14182
9:35:36	1209	48	14230
9:35:37	1210	47	14277
9:35:38	1211	47	14324
9:35:39	1212	48	14372
9:35:40	1213	47	14419
9:35:41	1214	48	14467
9:35:42	1215	47	14514
9:35:43	1216	47	14561
9:35:44	1217	49	14610
9:35:45	1218	48	14658
9:35:46	1219	47	14705
9:35:47	1220	49	14754
9:35:48	1221	48	14802
9:35:49	1222	48	14850
9:35:50	1223	48	14898
9:35:51	1224	48	14946
9:35:52	1225	49	14995
9:35:53	1226	47	15042
9:35:54	1227	48	15090
9:35:55	1228	49	15139
9:35:56	1229	47	15186
9:35:57	1230	48	15234
9:35:58	1231	48	15282
9:35:59	1232	47	15329
9:36:00	1233	47	15376
9:36:01	1234	48	15424
9:36:02	1235	48	15472
9:36:03	1236	49	15521
9:36:04	1237	48	15569
9:36:05	1238	49	15618
9:36:06	1239	48	15666
9:36:07	1240	50	15716
9:36:08	1241	47	15763
9:36:09	1242	45	15808
9:36:10	1243	45	15853
9:36:11	1244	45	15898
9:36:12	1245	44	15942
9:36:13	1246	47	15989
9:36:14	1247	49	16038
9:36:15	1248	50	16088
9:36:16	1249	49	16137
9:36:17	1250	50	16187
9:36:18	1251	51	16238
9:36:19	1252	49	16287
9:36:20	1253	50	16337
9:36:21	1254	49	16386
9:36:22	1255	49	16435
9:36:23	1256	51	16486
9:36:24	1257	50	16536
9:36:25	1258	50	16586
9:36:26	1259	50	16636
9:36:27	1260	49	16685
9:36:28	1261	46	16731
9:36:29	1262	45	16776
9:36:30	1263	49	16825
9:36:31	1264	50	16875
9:36:32	1265	50	16925
9:36:33	1266	50	16975
9:36:34	1267	50	17025
9:36:35	1268	48	17073
9:36:36	1269	46	17119
9:36:37	1270	45	17164
9:36:38	1271	50	17214
9:36:39	1272	49	17263
9:36:40	1273	50	17313
9:36:41	1274	49	17362
9:36:42	1275	51	17413
9:36:43	1276	50	17463
9:36:44	1277	52	17515
9:36:45	1278	50	17565
9:36:46	1279	51	17616
9:36:47	1280	51	17667
9:36:48	1281	52	17719
9:36:49	1282	50	17769
9:36:50	1283	51	17820
9:36:51	1284	51	17871
9:36:52	1285	52	17923
9:36:53	1286	51	17974
9:36:54	1287	51	18025
9:36:55	1288	51	18076
9:36:56	1289	50	18126
9:36:57	1290	53	18179
9:36:58	1291	52	18231
9:36:59	1292	52	18283
9:37:00	1293	51	18334
9:37:01	1294	52	18386
9:37:02	1295	52	18438
9:37:03	1296	53	18491
9:37:04	1297	51	18542
9:37:05	1298	51	18593
9:37:06	1299	53	18646
9:37:07	1300	51	18697
9:37:08	1301	53	18750
9:37:09	1302	53	18803
9:37:10	1303	52	18855
9:37:11	1304	49	18904
9:37:12	1305	53	18957
9:37:13	1306	52	19009
9:37:14	1307	52	19061
9:37:15	1308	54	19115
9:37:16	1309	52	19167
9:37:17	1310	53	19220
9:37:18	1311	52	19272
9:37:19	1312	52	19324
9:37:20	1313	51	19375
9:37:21	1314	53	19428
9:37:22	1315	51	19479
9:37:23	1316	55	19534
9:37:24	1317	51	19585
9:37:25	1318	47	19632
9:37:26	1319	47	19679
9:37:27	1320	45	19724
9:37:28	1321	46	19770
9:37:29	1322	44	19814
9:37:30	1323	47	19861
9:37:31	1324	46	19907
9:37:32	1325	46	19953
9:37:33	1326	47	20000
9:37:34	1327	47	20047
9:37:35	1328	48	20095
9:37:36	1329	47	20142
9:37:37	1330	50	20192
9:37:38	1331	49	20241
9:37:39	1332	47	20288
9:37:40	1333	46	20334
9:37:41	1334	46	20380
9:37:42	1335	47	20427
9:37:43	1336	47	20474
9:37:44	1337	46	20520
9:37:45	1338	48	20568
9:37:46	1339	48	20616
9:37:47	1340	48	20664
9:37:48	1341	49	20713
9:37:49	1342	51	20764
9:37:50	1343	50	20814
9:37:51	1344	53	20867
9:37:52	1345	51	20918
9:37:53	1346	51	20969
9:37:54	1347	51	21020
9:37:55	1348	52	21072
9:37:56	1349	51	21123
9:37:57	1350	53	21176
9:37:58	1351	52	21228
9:37:59	1352	53	21281
9:38:00	1353	53	21334
9:38:01	1354	56	21390
9:38:02	1355	53	21443
9:38:03	1356	52	21495
9:38:04	1357	54	21549
9:38:05	1358	53	21602
9:38:06	1359	54	21656
9:38:07	1360	54	21710
9:38:08	1361	53	21763
9:38:09	1362	54	21817
9:38:10	1363	55	21872
9:38:11	1364	51	21923
9:38:12	1365	54	21977
9:38:13	1366	54	22031
9:38:14	1367	54	22085
9:38:15	1368	53	22138
9:38:16	1369	52	22190
9:38:17	1370	54	22244
9:38:18	1371	55	22299
9:38:19	1372	54	22353
9:38:20	1373	55	22408
9:38:21	1374	53	22461
9:38:22	1375	55	22516
9:38:23	1376	55	22571
9:38:24	1377	55	22626
9:38:25	1378	52	22678
9:38:26	1379	55	22733
9:38:27	1380	54	22787
9:38:28	1381	54	22841
9:38:29	1382	55	22896
9:38:30	1383	56	22952
9:38:31	1384	54	23006
9:38:32	1385	56	23062
9:38:33	1386	54	23116
9:38:34	1387	56	23172
9:38:35	1388	57	23229
9:38:36	1389	53	23282
9:38:37	1390	57	23339
9:38:38	1391	56	23395
9:38:39	1392	56	23451
9:38:40	1393	55	23506
9:38:41	1394	53	23559
9:38:42	1395	55	23614
9:38:43	1396	55	23669
9:38:44	1397	58	23727
9:38:45	1398	53	23780
9:38:46	1399	55	23835
9:38:47	1400	54	23889
9:38:48	1401	55	23944
9:38:49	1402	54	23998
9:38:50	1403	56	24054
9:38:51	1404	55	24109
9:38:52	1405	54	24163
9:38:53	1406	57	24220
9:38:54	1407	54	24274
9:38:55	1408	55	24329
9:38:56	1409	54	24383
9:38:57	1410	56	24439
9:38:58	1411	56	24495
9:38:59	1412	53	24548
9:39:00	1413	56	24604
9:39:01	1414	53	24657
9:39:02	1415	58	24715
9:39:03	1416	56	24771
9:39:04	1417	53	24824
9:39:05	1418	58	24882
9:39:06	1419	59	24941
9:39:07	1420	56	24997
9:39:08	1421	56	25053
9:39:09	1422	57	25110
9:39:10	1423	56	25166
9:39:11	1424	57	25223
9:39:12	1425	58	25281
9:39:13	1426	57	25338
9:39:14	1427	56	25394
9:39:15	1428	58	25452
9:39:16	1429	56	25508
9:39:17	1430	59	25567
9:39:18	1431	61	25628
9:39:19	1432	58	25686
9:39:20	1433	57	25743
9:39:21	1434	61	25804
9:39:22	1435	57	25861
9:39:23	1436	56	25917
9:39:24	1437	56	25973
9:39:25	1438	58	26031
9:39:26	1439	57	26088
9:39:27	1440	57	26145
9:39:28	1441	60	26205
9:39:29	1442	56	26261
9:39:30	1443	60	26321
9:39:31	1444	57	26378
9:39:32	1445	58	26436
9:39:33	1446	58	26494
9:39:34	1447	60	26554
9:39:35	1448	58	26612
9:39:36	1449	59	26671
9:39:37	1450	58	26729
9:39:38	1451	60	26789
9:39:39	1452	57	26846
9:39:40	1453	58	26904
9:39:41	1454	55	26959
9:39:42	1455	60	27019
9:39:43	1456	59	27078
9:39:44	1457	59	27137
9:39:45	1458	60	27197
9:39:46	1459	61	27258
9:39:47	1460	60	27318
9:39:48	1461	60	27378
9:39:49	1462	60	27438
9:39:50	1463	61	27499
9:39:51	1464	59	27558
9:39:52	1465	59	27617
9:39:53	1466	59	27676
9:39:54	1467	62	27738
9:39:55	1468	58	27796
9:39:56	1469	60	27856
9:39:57	1470	60	27916
9:39:58	1471	62	27978
9:39:59	1472	59	28037
9:40:00	1473	61	28098
9:40:01	1474	63	28161
9:40:02	1475	62	28223
9:40:03	1476	61	28284
9:40:04	1477	62	28346
9:40:05	1478	65	28411
9:40:06	1479	63	28474
9:40:07	1480	65	28539
9:40:08	1481	61	28600
9:40:09	1482	67	28667
9:40:10	1483	61	28728
9:40:11	1484	60	28788
9:40:12	1485	55	28843
9:40:13	1486	57	28900
9:40:14	1487	54	28954
9:40:15	1488	56	29010
9:40:16	1489	61	29071
9:40:17	1490	62	29133
9:40:18	1491	64	29197
9:40:19	1492	61	29258
9:40:20	1493	63	29321
9:40:21	1494	62	29383
9:40:22	1495	64	29447
9:40:23	1496	61	29508
9:40:24	1497	65	29573
9:40:25	1498	60	29633
9:40:26	1499	61	29694
9:40:27	1500	60	29754
9:40:28	1501	58	29812
9:40:29	1502	63	29875
9:40:30	1503	60	29935
9:40:31	1504	66	30001
9:40:32	1505	60	30061
9:40:33	1506	62	30123
9:40:34	1507	64	30187
9:40:35	1508	64	30251
9:40:36	1509	67	30318
9:40:37	1510	66	30384
9:40:38	1511	70	30454
9:40:39	1512	66	30520
9:40:40	1513	66	30586
9:40:41	1514	68	30654
9:40:42	1515	66	30720
9:40:43	1516	66	30786
9:40:44	1517	66	30852
9:40:45	1518	68	30920
9:40:46	1519	65	30985
9:40:47	1520	64	31049
9:40:48	1521	68	31117
9:40:49	1522	67	31184
9:40:50	1523	67	31251
9:40:51	1524	67	31318
9:40:52	1525	68	31386
9:40:53	1526	67	31453
9:40:54	1527	64	31517
9:40:55	1528	64	31581
9:40:56	1529	66	31647
9:40:57	1530	65	31712
9:40:58	1531	68	31780
9:40:59	1532	67	31847
9:41:00	1533	69	31916
9:41:01	1534	65	31981
9:41:02	1535	65	32046
9:41:03	1536	64	32110
9:41:04	1537	65	32175
9:41:05	1538	68	32243
9:41:06	1539	68	32311
9:41:07	1540	68	32379
9:41:08	1541	71	32450
9:41:09	1542	66	32516
9:41:10	1543	67	32583
9:41:11	1544	66	32649
9:41:12	1545	65	32714
9:41:13	1546	65	32779
9:41:14	1547	66	32845
9:41:15	1548	61	32906
9:41:16	1549	61	32967
9:41:17	1550	61	33028
9:41:18	1551	61	33089
9:41:19	1552	66	33155
9:41:20	1553	64	33219
9:41:21	1554	65	33284
9:41:22	1555	63	33347
9:41:23	1556	61	33408
9:41:24	1557	65	33473
9:41:25	1558	64	33537
9:41:26	1559	64	33601
9:41:27	1560	66	33667
9:41:28	1561	63	33730
9:41:29	1562	58	33788
9:41:30	1563	67	33855
9:41:31	1564	68	33923
9:41:32	1565	66	33989
9:41:33	1566	67	34056
9:41:34	1567	64	34120
9:41:35	1568	60	34180
9:41:36	1569	67	34247
9:41:37	1570	62	34309
9:41:38	1571	67	34376
9:41:39	1572	61	34437
9:41:40	1573	51	34488
9:41:41	1574	40	34528
9:41:42	1575	47	34575
9:41:43	1576	58	34633
9:41:44	1577	65	34698
9:41:45	1578	66	34764
9:41:46	1579	66	34830
9:41:47	1580	61	34891
9:41:48	1581	47	34938
9:41:49	1582	38	34976
9:41:50	1583	67	35043
9:41:51	1584	65	35108
9:41:52	1585	66	35174
9:41:53	1586	64	35238
9:41:54	1587	65	35303
9:41:55	1588	66	35369
9:41:56	1589	66	35435
9:41:57	1590	64	35499
9:41:58	1591	68	35567
9:41:59	1592	68	35635
9:42:00	1593	63	35698
9:42:01	1594	67	35765
9:42:02	1595	65	35830
9:42:03	1596	66	35896
9:42:04	1597	67	35963
9:42:05	1598	65	36028
9:42:06	1599	66	36094
9:42:07	1600	68	36162
9:42:08	1601	69	36231
9:42:09	1602	64	36295
9:42:10	1603	69	36364
9:42:11	1604	67	36431
9:42:12	1605	66	36497
9:42:13	1606	66	36563
9:42:14	1607	68	36631
9:42:15	1608	67	36698
9:42:16	1609	69	36767
9:42:17	1610	68	36835
9:42:18	1611	65	36900
9:42:19	1612	67	36967
9:42:20	1613	66	37033
9:42:21	1614	68	37101
9:42:22	1615	67	37168
9:42:23	1616	67	37235
9:42:24	1617	70	37305
9:42:25	1618	71	37376
9:42:26	1619	73	37449
9:42:27	1620	72	37521
9:42:28	1621	73	37594
9:42:29	1622	74	37668
9:42:30	1623	71	37739
9:42:31	1624	71	37810
9:42:32	1625	73	37883
9:42:33	1626	70	37953
9:42:34	1627	68	38021
9:42:35	1628	74	38095
9:42:36	1629	57	38152
9:42:37	1630	72	38224
9:42:38	1631	74	38298
9:42:39	1632	73	38371
9:42:40	1633	72	38443
9:42:41	1634	75	38518
9:42:42	1635	72	38590
9:42:43	1636	72	38662
9:42:44	1637	73	38735
9:42:45	1638	73	38808
9:42:46	1639	74	38882
9:42:47	1640	74	38956
9:42:48	1641	72	39028
9:42:49	1642	70	39098
9:42:50	1643	72	39170
9:42:51	1644	75	39245
9:42:52	1645	76	39321
9:42:53	1646	73	39394
9:42:54	1647	75	39469
9:42:55	1648	74	39543
9:42:56	1649	72	39615
9:42:57	1650	74	39689
9:42:58	1651	73	39762
9:42:59	1652	74	39836
9:43:00	1653	74	39910
9:43:01	1654	73	39983
9:43:02	1655	71	40054
9:43:03	1656	76	40130
9:43:04	1657	74	40204
9:43:05	1658	75	40279
9:43:06	1659	73	40352
9:43:07	1660	74	40426
9:43:08	1661	75	40501
9:43:09	1662	75	40576
9:43:10	1663	74	40650
9:43:11	1664	74	40724
9:43:12	1665	77	40801
9:43:13	1666	73	40874
9:43:14	1667	74	40948
9:43:15	1668	75	41023
9:43:16	1669	77	41100
9:43:17	1670	78	41178
9:43:18	1671	77	41255
9:43:19	1672	76	41331
9:43:20	1673	77	41408
9:43:21	1674	78	41486
9:43:22	1675	78	41564
9:43:23	1676	80	41644
9:43:24	1677	78	41722
9:43:25	1678	77	41799
9:43:26	1679	77	41876
9:43:27	1680	75	41951
9:43:28	1681	75	42026
9:43:29	1682	77	42103
9:43:30	1683	75	42178
9:43:31	1684	76	42254
9:43:32	1685	78	42332
9:43:33	1686	76	42408
9:43:34	1687	77	42485
9:43:35	1688	82	42567
9:43:36	1689	77	42644
9:43:37	1690	76	42720
9:43:38	1691	78	42798
9:43:39	1692	79	42877
9:43:40	1693	68	42945
9:43:41	1694	78	43023
9:43:42	1695	79	43102
9:43:43	1696	78	43180
9:43:44	1697	80	43260
9:43:45	1698	78	43338
9:43:46	1699	80	43418
9:43:47	1700	80	43498
9:43:48	1701	63	43561
9:43:49	1702	74	43635
9:43:50	1703	75	43710
9:43:51	1704	78	43788
9:43:52	1705	65	43853
9:43:53	1706	77	43930
9:43:54	1707	75	44005
9:43:55	1708	75	44080
9:43:56	1709	77	44157
9:43:57	1710	78	44235
9:43:58	1711	75	44310
9:43:59	1712	76	44386
9:44:00	1713	81	44467
9:44:01	1714	76	44543
9:44:02	1715	76	44619
9:44:03	1716	79	44698
9:44:04	1717	77	44775
9:44:05	1718	78	44853
9:44:06	1719	79	44932
9:44:07	1720	77	45009
9:44:08	1721	75	45084
9:44:09	1722	78	45162
9:44:10	1723	78	45240
9:44:11	1724	79	45319
9:44:12	1725	78	45397
9:44:13	1726	78	45475
9:44:14	1727	79	45554
9:44:15	1728	78	45632
9:44:16	1729	79	45711
9:44:17	1730	81	45792
9:44:18	1731	77	45869
9:44:19	1732	77	45946
9:44:20	1733	79	46025
9:44:21	1734	80	46105
9:44:22	1735	81	46186
9:44:23	1736	84	46270
9:44:24	1737	79	46349
9:44:25	1738	79	46428
9:44:26	1739	83	46511
9:44:27	1740	81	46592
9:44:28	1741	79	46671
9:44:29	1742	82	46753
9:44:30	1743	78	46831
9:44:31	1744	77	46908
9:44:32	1745	82	46990
9:44:33	1746	80	47070
9:44:34	1747	80	47150
9:44:35	1748	82	47232
9:44:36	1749	81	47313
9:44:37	1750	79	47392
9:44:38	1751	83	47475
9:44:39	1752	78	47553
9:44:40	1753	81	47634
9:44:41	1754	79	47713
9:44:42	1755	79	47792
9:44:43	1756	80	47872
9:44:44	1757	81	47953
9:44:45	1758	80	48033
9:44:46	1759	82	48115
9:44:47	1760	81	48196
9:44:48	1761	80	48276
9:44:49	1762	83	48359
9:44:50	1763	80	48439
9:44:51	1764	82	48521
9:44:52	1765	80	48601
9:44:53	1766	79	48680
9:44:54	1767	82	48762
9:44:55	1768	84	48846
9:44:56	1769	83	48929
9:44:57	1770	85	49014
9:44:58	1771	83	49097
9:44:59	1772	83	49180
9:45:00	1773	84	49264
9:45:01	1774	85	49349
9:45:02	1775	83	49432
9:45:03	1776	87	49519
9:45:04	1777	84	49603
9:45:05	1778	83	49686
9:45:06	1779	87	49773
9:45:07	1780	84	49857
9:45:08	1781	86	49943
9:45:09	1782	87	50030
9:45:10	1783	84	50114
9:45:11	1784	85	50199
9:45:12	1785	87	50286
9:45:13	1786	86	50372
9:45:14	1787	86	50458
9:45:15	1788	83	50541
9:45:16	1789	82	50623
9:45:17	1790	88	50711
9:45:18	1791	89	50800
9:45:19	1792	88	50888
9:45:20	1793	88	50976
9:45:21	1794	85	51061
9:45:22	1795	84	51145
9:45:23	1796	86	51231
9:45:24	1797	82	51313
9:45:25	1798	83	51396
9:45:26	1799	89	51485
9:45:27	1800	83	51568
9:45:28	1801	86	51654
9:45:29	1802	87	51741
9:45:30	1803	83	51824
9:45:31	1804	88	51912
9:45:32	1805	87	51999
9:45:33	1806	84	52083
9:45:34	1807	90	52173
9:45:35	1808	87	52260
9:45:36	1809	87	52347
9:45:37	1810	88	52435
9:45:38	1811	88	52523
9:45:39	1812	90	52613
9:45:40	1813	88	52701
9:45:41	1814	90	52791
9:45:42	1815	91	52882
9:45:43	1816	84	52966
9:45:44	1817	82	53048
9:45:45	1818	84	53132
9:45:46	1819	86	53218
9:45:47	1820	84	53302
9:45:48	1821	86	53388
9:45:49	1822	84	53472
9:45:50	1823	88	53560
9:45:51	1824	83	53643
9:45:52	1825	83	53726
9:45:53	1826	88	53814
9:45:54	1827	84	53898
9:45:55	1828	86	53984
9:45:56	1829	87	54071
9:45:57	1830	87	54158
9:45:58	1831	91	54249
9:45:59	1832	84	54333
9:46:00	1833	85	54418
9:46:01	1834	88	54506
9:46:02	1835	87	54593
9:46:03	1836	87	54680
9:46:04	1837	90	54770
9:46:05	1838	88	54858
9:46:06	1839	88	54946
9:46:07	1840	90	55036
9:46:08	1841	87	55123
9:46:09	1842	91	55214
9:46:10	1843	89	55303
9:46:11	1844	92	55395
9:46:12	1845	92	55487
9:46:13	1846	90	55577
9:46:14	1847	92	55669
9:46:15	1848	87	55756
9:46:16	1849	85	55841
9:46:17	1850	90	55931
9:46:18	1851	91	56022
9:46:19	1852	85	56107
9:46:20	1853	93	56200
9:46:21	1854	89	56289
9:46:22	1855	88	56377
9:46:23	1856	90	56467
9:46:24	1857	88	56555
9:46:25	1858	91	56646
9:46:26	1859	78	56724
9:46:27	1860	88	56812
9:46:28	1861	93	56905
9:46:29	1862	90	56995
9:46:30	1863	90	57085
9:46:31	1864	92	57177
9:46:32	1865	89	57266
9:46:33	1866	88	57354
9:46:34	1867	91	57445
9:46:35	1868	88	57533
9:46:36	1869	92	57625
9:46:37	1870	92	57717
9:46:38	1871	93	57810
9:46:39	1872	90	57900
9:46:40	1873	91	57991
9:46:41	1874	91	58082
9:46:42	1875	89	58171
9:46:43	1876	95	58266
9:46:44	1877	88	58354
9:46:45	1878	92	58446
9:46:46	1879	94	58540
9:46:47	1880	92	58632
9:46:48	1881	91	58723
9:46:49	1882	95	58818
9:46:50	1883	91	58909
9:46:51	1884	92	59001
9:46:52	1885	94	59095
9:46:53	1886	92	59187
9:46:54	1887	91	59278
9:46:55	1888	92	59370
9:46:56	1889	91	59461
9:46:57	1890	91	59552
9:46:58	1891	93	59645
9:46:59	1892	94	59739
9:47:00	1893	96	59835
9:47:01	1894	91	59926
9:47:02	1895	92	60018
9:47:03	1896	95	60113
9:47:04	1897	92	60205
9:47:05	1898	92	60297
9:47:06	1899	96	60393
9:47:07	1900	93	60486
9:47:08	1901	91	60577
9:47:09	1902	93	60670
9:47:10	1903	94	60764
9:47:11	1904	95	60859
9:47:12	1905	95	60954
9:47:13	1906	83	61037
9:47:14	1907	96	61133
9:47:15	1908	94	61227
9:47:16	1909	80	61307
9:47:17	1910	96	61403
9:47:18	1911	91	61494
9:47:19	1912	95	61589
9:47:20	1913	94	61683
9:47:21	1914	94	61777
9:47:22	1915	97	61874
9:47:23	1916	93	61967
9:47:24	1917	93	62060
9:47:25	1918	95	62155
9:47:26	1919	95	62250
9:47:27	1920	97	62347
9:47:28	1921	97	62444
9:47:29	1922	98	62542
9:47:30	1923	96	62638
9:47:31	1924	97	62735
9:47:32	1925	88	62823
9:47:33	1926	98	62921
9:47:34	1927	98	63019
9:47:35	1928	96	63115
9:47:36	1929	96	63211
9:47:37	1930	97	63308
9:47:38	1931	99	63407
9:47:39	1932	98	63505
9:47:40	1933	95	63600
9:47:41	1934	98	63698
9:47:42	1935	99	63797
9:47:43	1936	99	63896
9:47:44	1937	98	63994
9:47:45	1938	96	64090
9:47:46	1939	102	64192
9:47:47	1940	85	64277
9:47:48	1941	98	64375
9:47:49	1942	90	64465
9:47:50	1943	100	64565
9:47:51	1944	102	64667
9:47:52	1945	99	64766
9:47:53	1946	96	64862
9:47:54	1947	99	64961
9:47:55	1948	99	65060
9:47:56	1949	97	65157
9:47:57	1950	98	65255
9:47:58	1951	98	65353
9:47:59	1952	101	65454
9:48:00	1953	101	65555
9:48:01	1954	97	65652
9:48:02	1955	100	65752
9:48:03	1956	97	65849
9:48:04	1957	98	65947
9:48:05	1958	87	66034
9:48:06	1959	98	66132
9:48:07	1960	102	66234
9:48:08	1961	97	66331
9:48:09	1962	99	66430
9:48:10	1963	100	66530
9:48:11	1964	101	66631
9:48:12	1965	103	66734
9:48:13	1966	98	66832
9:48:14	1967	98	66930
9:48:15	1968	97	67027
9:48:16	1969	97	67124
9:48:17	1970	98	67222
9:48:18	1971	99	67321
9:48:19	1972	101	67422
9:48:20	1973	99	67521
9:48:21	1974	97	67618
9:48:22	1975	97	67715
9:48:23	1976	100	67815
9:48:24	1977	96	67911
9:48:25	1978	97	68008
9:48:26	1979	99	68107
9:48:27	1980	99	68206
9:48:28	1981	94	68300
9:48:29	1982	99	68399
9:48:30	1983	92	68491
9:48:31	1984	98	68589
9:48:32	1985	99	68688
9:48:33	1986	94	68782
9:48:34	1987	99	68881
9:48:35	1988	94	68975
9:48:36	1989	94	69069
9:48:37	1990	96	69165
9:48:38	1991	97	69262
9:48:39	1992	98	69360
9:48:40	1993	96	69456
9:48:41	1994	97	69553
9:48:42	1995	95	69648
9:48:43	1996	97	69745
9:48:44	1997	88	69833
9:48:45	1998	96	69929
9:48:46	1999	90	70019
9:48:47	2000	92	70111
9:48:48	2001	99	70210
9:48:49	2002	96	70306
9:48:50	2003	99	70405
9:48:51	2004	92	70497
9:48:52	2005	94	70591
9:48:53	2006	96	70687
9:48:54	2007	95	70782
9:48:55	2008	94	70876
9:48:56	2009	98	70974
9:48:57	2010	94	71068
9:48:58	2011	96	71164
9:48:59	2012	97	71261
9:49:00	2013	97	71358
9:49:01	2014	97	71455
9:49:02	2015	95	71550
9:49:03	2016	93	71643
9:49:04	2017	96	71739
9:49:05	2018	99	71838
9:49:06	2019	93	71931
9:49:07	2020	96	72027
9:49:08	2021	88	72115
9:49:09	2022	89	72204
9:49:10	2023	91	72295
9:49:11	2024	91	72386
9:49:12	2025	96	72482
9:49:13	2026	88	72570
9:49:14	2027	91	72661
9:49:15	2028	91	72752
9:49:16	2029	89	72841
9:49:17	2030	95	72936
9:49:18	2031	91	73027
9:49:19	2032	92	73119
9:49:20	2033	93	73212
9:49:21	2034	93	73305
9:49:22	2035	93	73398
9:49:23	2036	95	73493
9:49:24	2037	94	73587
9:49:25	2038	98	73685
9:49:26	2039	97	73782
9:49:27	2040	96	73878
9:49:28	2041	99	73977
9:49:29	2042	96	74073
9:49:30	2043	94	74167
9:49:31	2044	96	74263
9:49:32	2045	94	74357
9:49:33	2046	98	74455
9:49:34	2047	96	74551
9:49:35	2048	99	74650
9:49:36	2049	99	74749
9:49:37	2050	97	74846
9:49:38	2051	96	74942
9:49:39	2052	94	75036
9:49:40	2053	93	75129
9:49:41	2054	100	75229
9:49:42	2055	97	75326
9:49:43	2056	95	75421
9:49:44	2057	101	75522
9:49:45	2058	99	75621
9:49:46	2059	100	75721
9:49:47	2060	98	75819
9:49:48	2061	100	75919
9:49:49	2062	102	76021
9:49:50	2063	97	76118
9:49:51	2064	98	76216
9:49:52	2065	99	76315
9:49:53	2066	100	76415
9:49:54	2067	98	76513
9:49:55	2068	101	76614
9:49:56	2069	97	76711
9:49:57	2070	96	76807
9:49:58	2071	98	76905
9:49:59	2072	97	77002
9:50:00	2073	94	77096
9:50:01	2074	102	77198
9:50:02	2075	93	77291
9:50:03	2076	97	77388
9:50:04	2077	96	77484
9:50:05	2078	95	77579
9:50:06	2079	100	77679
9:50:07	2080	97	77776
9:50:08	2081	99	77875
9:50:09	2082	96	77971
9:50:10	2083	94	78065
9:50:11	2084	101	78166
9:50:12	2085	98	78264
9:50:13	2086	101	78365
9:50:14	2087	98	78463
9:50:15	2088	95	78558
9:50:16	2089	100	78658
9:50:17	2090	97	78755
9:50:18	2091	101	78856
9:50:19	2092	102	78958
9:50:20	2093	99	79057
9:50:21	2094	102	79159
9:50:22	2095	97	79256
9:50:23	2096	96	79352
9:50:24	2097	99	79451
9:50:25	2098	100	79551
9:50:26	2099	104	79655
9:50:27	2100	99	79754
9:50:28	2101	97	79851
9:50:29	2102	100	79951
9:50:30	2103	99	80050
9:50:31	2104	102	80152
9:50:32	2105	94	80246
9:50:33	2106	95	80341
9:50:34	2107	98	80439
9:50:35	2108	93	80532
9:50:36	2109	99	80631
9:50:37	2110	102	80733
9:50:38	2111	98	80831
9:50:39	2112	98	80929
9:50:40	2113	102	81031
9:50:41	2114	100	81131
9:50:42	2115	98	81229
9:50:43	2116	102	81331
9:50:44	2117	100	81431
9:50:45	2118	102	81533
9:50:46	2119	100	81633
9:50:47	2120	95	81728
9:50:48	2121	102	81830
9:50:49	2122	99	81929
9:50:50	2123	101	82030
9:50:51	2124	98	82128
9:50:52	2125	100	82228
9:50:53	2126	102	82330
9:50:54	2127	100	82430
9:50:55	2128	99	82529
9:50:56	2129	103	82632
9:50:57	2130	99	82731
9:50:58	2131	99	82830
9:50:59	2132	105	82935
9:51:00	2133	100	83035
9:51:01	2134	102	83137
9:51:02	2135	106	83243
9:51:03	2136	103	83346
9:51:04	2137	104	83450
9:51:05	2138	100	83550
9:51:06	2139	97	83647
9:51:07	2140	103	83750
9:51:08	2141	102	83852
9:51:09	2142	100	83952
9:51:10	2143	105	84057
9:51:11	2144	103	84160
9:51:12	2145	106	84266
9:51:13	2146	103	84369
9:51:14	2147	101	84470
9:51:15	2148	107	84577
9:51:16	2149	99	84676
9:51:17	2150	99	84775
9:51:18	2151	102	84877
9:51:19	2152	102	84979
9:51:20	2153	103	85082
9:51:21	2154	101	85183
9:51:22	2155	101	85284
9:51:23	2156	103	85387
9:51:24	2157	101	85488
9:51:25	2158	100	85588
9:51:26	2159	105	85693
9:51:27	2160	100	85793
9:51:28	2161	99	85892
9:51:29	2162	104	85996
9:51:30	2163	100	86096
9:51:31	2164	101	86197
9:51:32	2165	105	86302
9:51:33	2166	100	86402
9:51:34	2167	105	86507
9:51:35	2168	105	86612
9:51:36	2169	105	86717
9:51:37	2170	106	86823
9:51:38	2171	103	86926
9:51:39	2172	103	87029
9:51:40	2173	103	87132
9:51:41	2174	103	87235
9:51:42	2175	106	87341
9:51:43	2176	105	87446
9:51:44	2177	106	87552
9:51:45	2178	107	87659
9:51:46	2179	104	87763
9:51:47	2180	104	87867
9:51:48	2181	102	87969
9:51:49	2182	103	88072
9:51:50	2183	106	88178
9:51:51	2184	102	88280
9:51:52	2185	92	88372
9:51:53	2186	110	88482
9:51:54	2187	103	88585
9:51:55	2188	94	88679
9:51:56	2189	104	88783
9:51:57	2190	106	88889
9:51:58	2191	110	88999
9:51:59	2192	101	89100
9:52:00	2193	103	89203
9:52:01	2194	107	89310
9:52:02	2195	98	89408
9:52:03	2196	100	89508
9:52:04	2197	106	89614
9:52:05	2198	98	89712
9:52:06	2199	90	89802
9:52:07	2200	105	89907
9:52:08	2201	104	90011
9:52:09	2202	110	90121
9:52:10	2203	106	90227
9:52:11	2204	103	90330
9:52:12	2205	109	90439
9:52:13	2206	105	90544
9:52:14	2207	103	90647
9:52:15	2208	108	90755
9:52:16	2209	102	90857
9:52:17	2210	106	90963
9:52:18	2211	104	91067
9:52:19	2212	103	91170
9:52:20	2213	105	91275
9:52:21	2214	102	91377
9:52:22	2215	98	91475
9:52:23	2216	102	91577
9:52:24	2217	99	91676
9:52:25	2218	102	91778
9:52:26	2219	104	91882
9:52:27	2220	100	91982
9:52:28	2221	102	92084
9:52:29	2222	104	92188
9:52:30	2223	99	92287
9:52:31	2224	106	92393
9:52:32	2225	99	92492
9:52:33	2226	100	92592
9:52:34	2227	102	92694
9:52:35	2228	102	92796
9:52:36	2229	101	92897
9:52:37	2230	107	93004
9:52:38	2231	102	93106
9:52:39	2232	100	93206
9:52:40	2233	106	93312
9:52:41	2234	106	93418
9:52:42	2235	103	93521
9:52:43	2236	109	93630
9:52:44	2237	101	93731
9:52:45	2238	103	93834
9:52:46	2239	106	93940
9:52:47	2240	93	94033
9:52:48	2241	103	94136
9:52:49	2242	96	94232
9:52:50	2243	104	94336
9:52:51	2244	105	94441
9:52:52	2245	95	94536
9:52:53	2246	103	94639
9:52:54	2247	107	94746
9:52:55	2248	105	94851
9:52:56	2249	93	94944
9:52:57	2250	109	95053
9:52:58	2251	109	95162
9:52:59	2252	102	95264
9:53:00	2253	108	95372
9:53:01	2254	108	95480
9:53:02	2255	108	95588
9:53:03	2256	109	95697
9:53:04	2257	110	95807
9:53:05	2258	107	95914
9:53:06	2259	104	96018
9:53:07	2260	110	96128
9:53:08	2261	108	96236
9:53:09	2262	107	96343
9:53:10	2263	115	96458
9:53:11	2264	107	96565
9:53:12	2265	110	96675
9:53:13	2266	107	96782
9:53:14	2267	107	96889
9:53:15	2268	111	97000
9:53:16	2269	106	97106
9:53:17	2270	107	97213
9:53:18	2271	108	97321
9:53:19	2272	109	97430
9:53:20	2273	108	97538
9:53:21	2274	110	97648
9:53:22	2275	111	97759
9:53:23	2276	112	97871
9:53:24	2277	110	97981
9:53:25	2278	105	98086
9:53:26	2279	111	98197
9:53:27	2280	108	98305
9:53:28	2281	115	98420
9:53:29	2282	113	98533
9:53:30	2283	105	98638
9:53:31	2284	113	98751
9:53:32	2285	109	98860
9:53:33	2286	107	98967
9:53:34	2287	109	99076
9:53:35	2288	110	99186
9:53:36	2289	113	99299
9:53:37	2290	106	99405
9:53:38	2291	106	99511
9:53:39	2292	112	99623
9:53:40	2293	113	99736
9:53:41	2294	112	99848
9:53:42	2295	113	99961
9:53:43	2296	111	100072
9:53:44	2297	113	100185
9:53:45	2298	111	100296
9:53:46	2299	109	100405
9:53:47	2300	113	100518
9:53:48	2301	107	100625
9:53:49	2302	109	100734
9:53:50	2303	109	100843
9:53:51	2304	113	100956
9:53:52	2305	108	101064
9:53:53	2306	115	101179
9:53:54	2307	107	101286
9:53:55	2308	113	101399
9:53:56	2309	112	101511
9:53:57	2310	111	101622
9:53:58	2311	114	101736
9:53:59	2312	109	101845
9:54:00	2313	107	101952
9:54:01	2314	113	102065
9:54:02	2315	108	102173
9:54:03	2316	109	102282
9:54:04	2317	107	102389
9:54:05	2318	107	102496
9:54:06	2319	113	102609
9:54:07	2320	111	102720
9:54:08	2321	108	102828
9:54:09	2322	108	102936
9:54:10	2323	104	103040
9:54:11	2324	108	103148
9:54:12	2325	109	103257
9:54:13	2326	105	103362
9:54:14	2327	112	103474
9:54:15	2328	106	103580
9:54:16	2329	109	103689
9:54:17	2330	112	103801
9:54:18	2331	111	103912
9:54:19	2332	113	104025
9:54:20	2333	109	104134
9:54:21	2334	108	104242
9:54:22	2335	108	104350
9:54:23	2336	110	104460
9:54:24	2337	108	104568
9:54:25	2338	114	104682
9:54:26	2339	104	104786
9:54:27	2340	110	104896
9:54:28	2341	110	105006
9:54:29	2342	113	105119
9:54:30	2343	113	105232
9:54:31	2344	114	105346
9:54:32	2345	110	105456
9:54:33	2346	115	105571
9:54:34	2347	112	105683
9:54:35	2348	113	105796
9:54:36	2349	115	105911
9:54:37	2350	111	106022
9:54:38	2351	114	106136
9:54:39	2352	115	106251
9:54:40	2353	103	106354
9:54:41	2354	118	106472
9:54:42	2355	102	106574
9:54:43	2356	114	106688
9:54:44	2357	115	106803
9:54:45	2358	111	106914
9:54:46	2359	101	107015
9:54:47	2360	116	107131
9:54:48	2361	111	107242
9:54:49	2362	103	107345
9:54:50	2363	116	107461
9:54:51	2364	113	107574
9:54:52	2365	119	107693
9:54:53	2366	105	107798
9:54:54	2367	115	107913
9:54:55	2368	112	108025
9:54:56	2369	115	108140
9:54:57	2370	117	108257
9:54:58	2371	112	108369
9:54:59	2372	113	108482
9:55:00	2373	113	108595
9:55:01	2374	112	108707
9:55:02	2375	113	108820
9:55:03	2376	119	108939
9:55:04	2377	111	109050
9:55:05	2378	110	109160
9:55:06	2379	104	109264
9:55:07	2380	112	109376
9:55:08	2381	113	109489
9:55:09	2382	112	109601
9:55:10	2383	115	109716
9:55:11	2384	107	109823
9:55:12	2385	116	109939
9:55:13	2386	120	110059
9:55:14	2387	117	110176
9:55:15	2388	103	110279
9:55:16	2389	117	110396
9:55:17	2390	115	110511
9:55:18	2391	98	110609
9:55:19	2392	119	110728
9:55:20	2393	101	110829
9:55:21	2394	116	110945
9:55:22	2395	115	111060
9:55:23	2396	114	111174
9:55:24	2397	120	111294
9:55:25	2398	112	111406
9:55:26	2399	114	111520
9:55:27	2400	119	111639
9:55:28	2401	117	111756
9:55:29	2402	115	111871
9:55:30	2403	120	111991
9:55:31	2404	112	112103
9:55:32	2405	115	112218
9:55:33	2406	111	112329
9:55:34	2407	113	112442
9:55:35	2408	115	112557
9:55:36	2409	105	112662
9:55:37	2410	104	112766
9:55:38	2411	116	112882
9:55:39	2412	101	112983
9:55:40	2413	112	113095
9:55:41	2414	117	113212
9:55:42	2415	99	113311
9:55:43	2416	115	113426
9:55:44	2417	114	113540
9:55:45	2418	108	113648
9:55:46	2419	117	113765
9:55:47	2420	112	113877
9:55:48	2421	110	113987
9:55:49	2422	115	114102
9:55:50	2423	112	114214
9:55:51	2424	114	114328
9:55:52	2425	111	114439
9:55:53	2426	114	114553
9:55:54	2427	115	114668
9:55:55	2428	105	114773
9:55:56	2429	110	114883
9:55:57	2430	113	114996
9:55:58	2431	109	115105
9:55:59	2432	111	115216
9:56:00	2433	104	115320
9:56:01	2434	105	115425
9:56:02	2435	116	115541
9:56:03	2436	109	115650
9:56:04	2437	107	115757
9:56:05	2438	113	115870
9:56:06	2439	111	115981
9:56:07	2440	111	116092
9:56:08	2441	115	116207
9:56:09	2442	110	116317
9:56:10	2443	113	116430
9:56:11	2444	110	116540
9:56:12	2445	109	116649
9:56:13	2446	116	116765
9:56:14	2447	108	116873
9:56:15	2448	108	116981
9:56:16	2449	115	117096
9:56:17	2450	98	117194
9:56:18	2451	109	117303
9:56:19	2452	116	117419
9:56:20	2453	108	117527
9:56:21	2454	110	117637
9:56:22	2455	111	117748
9:56:23	2456	110	117858
9:56:24	2457	112	117970
9:56:25	2458	114	118084
9:56:26	2459	111	118195
9:56:27	2460	107	118302
9:56:28	2461	111	118413
9:56:29	2462	107	118520
9:56:30	2463	108	118628
9:56:31	2464	111	118739
9:56:32	2465	105	118844
9:56:33	2466	107	118951
9:56:34	2467	107	119058
9:56:35	2468	106	119164
9:56:36	2469	113	119277
9:56:37	2470	107	119384
9:56:38	2471	108	119492
9:56:39	2472	110	119602
9:56:40	2473	109	119711
9:56:41	2474	107	119818
9:56:42	2475	115	119933
9:56:43	2476	110	120043
9:56:44	2477	106	120149
9:56:45	2478	113	120262
9:56:46	2479	109	120371
9:56:47	2480	111	120482
9:56:48	2481	114	120596
9:56:49	2482	113	120709
9:56:50	2483	114	120823
9:56:51	2484	113	120936
9:56:52	2485	114	121050
9:56:53	2486	112	121162
9:56:54	2487	108	121270
9:56:55	2488	108	121378
9:56:56	2489	114	121492
9:56:57	2490	112	121604
9:56:58	2491	109	121713
9:56:59	2492	115	121828
9:57:00	2493	110	121938
9:57:01	2494	109	122047
9:57:02	2495	114	122161
9:57:03	2496	110	122271
9:57:04	2497	116	122387
9:57:05	2498	110	122497
9:57:06	2499	109	122606
9:57:07	2500	110	122716
9:57:08	2501	112	122828
9:57:09	2502	109	122937
9:57:10	2503	112	123049
9:57:11	2504	96	123145
9:57:12	2505	105	123250
9:57:13	2506	113	123363
9:57:14	2507	97	123460
9:57:15	2508	112	123572
9:57:16	2509	111	123683
9:57:17	2510	110	123793
9:57:18	2511	112	123905
9:57:19	2512	110	124015
9:57:20	2513	112	124127
9:57:21	2514	117	124244
9:57:22	2515	111	124355
9:57:23	2516	111	124466
9:57:24	2517	111	124577
9:57:25	2518	112	124689
9:57:26	2519	100	124789
9:57:27	2520	110	124899
9:57:28	2521	112	125011
9:57:29	2522	98	125109
9:57:30	2523	113	125222
9:57:31	2524	109	125331
9:57:32	2525	111	125442
9:57:33	2526	110	125552
9:57:34	2527	97	125649
9:57:35	2528	110	125759
9:57:36	2529	112	125871
9:57:37	2530	112	125983
9:57:38	2531	117	126100
9:57:39	2532	110	126210
9:57:40	2533	111	126321
9:57:41	2534	111	126432
9:57:42	2535	111	126543
9:57:43	2536	116	126659
9:57:44	2537	110	126769
9:57:45	2538	109	126878
9:57:46	2539	114	126992
9:57:47	2540	111	127103
9:57:48	2541	108	127211
9:57:49	2542	116	127327
9:57:50	2543	107	127434
9:57:51	2544	111	127545
9:57:52	2545	113	127658
9:57:53	2546	110	127768
9:57:54	2547	110	127878
9:57:55	2548	116	127994
9:57:56	2549	111	128105
9:57:57	2550	110	128215
9:57:58	2551	116	128331
9:57:59	2552	112	128443
9:58:00	2553	114	128557
9:58:01	2554	113	128670
9:58:02	2555	111	128781
9:58:03	2556	115	128896
9:58:04	2557	112	129008
9:58:05	2558	110	129118
9:58:06	2559	112	129230
9:58:07	2560	115	129345
9:58:08	2561	111	129456
9:58:09	2562	115	129571
9:58:10	2563	111	129682
9:58:11	2564	110	129792
9:58:12	2565	117	129909
9:58:13	2566	113	130022
9:58:14	2567	115	130137
9:58:15	2568	97	130234
9:58:16	2569	113	130347
9:58:17	2570	114	130461
9:58:18	2571	113	130574
9:58:19	2572	108	130682
9:58:20	2573	116	130798
9:58:21	2574	101	130899
9:58:22	2575	113	131012
9:58:23	2576	115	131127
9:58:24	2577	110	131237
9:58:25	2578	112	131349
9:58:26	2579	117	131466
9:58:27	2580	113	131579
9:58:28	2581	115	131694
9:58:29	2582	115	131809
9:58:30	2583	113	131922
9:58:31	2584	112	132034
9:58:32	2585	101	132135
9:58:33	2586	112	132247
9:58:34	2587	102	132349
9:58:35	2588	117	132466
9:58:36	2589	112	132578
9:58:37	2590	111	132689
9:58:38	2591	116	132805
9:58:39	2592	114	132919
9:58:40	2593	111	133030
9:58:41	2594	119	133149
9:58:42	2595	110	133259
9:58:43	2596	114	133373
9:58:44	2597	114	133487
9:58:45	2598	113	133600
9:58:46	2599	112	133712
9:58:47	2600	117	133829
9:58:48	2601	114	133943
9:58:49	2602	111	134054
9:58:50	2603	113	134167
9:58:51	2604	113	134280
9:58:52	2605	113	134393
9:58:53	2606	118	134511
9:58:54	2607	112	134623
9:58:55	2608	111	134734
9:58:56	2609	112	134846
9:58:57	2610	112	134958
9:58:58	2611	111	135069
9:58:59	2612	109	135178
9:59:00	2613	116	135294
9:59:01	2614	110	135404
9:59:02	2615	113	135517
9:59:03	2616	114	135631
9:59:04	2617	111	135742
9:59:05	2618	114	135856
9:59:06	2619	113	135969
9:59:07	2620	111	136080
9:59:08	2621	108	136188
9:59:09	2622	110	136298
9:59:10	2623	112	136410
9:59:11	2624	111	136521
9:59:12	2625	112	136633
9:59:13	2626	118	136751
9:59:14	2627	114	136865
9:59:15	2628	112	136977
9:59:16	2629	115	137092
9:59:17	2630	115	137207
9:59:18	2631	112	137319
9:59:19	2632	116	137435
9:59:20	2633	113	137548
9:59:21	2634	112	137660
9:59:22	2635	115	137775
9:59:23	2636	112	137887
9:59:24	2637	113	138000
9:59:25	2638	113	138113
9:59:26	2639	112	138225
9:59:27	2640	109	138334
9:59:28	2641	109	138443
9:59:29	2642	114	138557
9:59:30	2643	115	138672
9:59:31	2644	113	138785
9:59:32	2645	116	138901
9:59:33	2646	114	139015
9:59:34	2647	110	139125
9:59:35	2648	115	139240
9:59:36	2649	112	139352
9:59:37	2650	114	139466
9:59:38	2651	114	139580
9:59:39	2652	113	139693
9:59:40	2653	110	139803
9:59:41	2654	110	139913
9:59:42	2655	112	140025
9:59:43	2656	112	140137
9:59:44	2657	107	140244
9:59:45	2658	114	140358
9:59:46	2659	110	140468
9:59:47	2660	106	140574
9:59:48	2661	111	140685
9:59:49	2662	110	140795
9:59:50	2663	109	140904
9:59:51	2664	113	141017
9:59:52	2665	111	141128
9:59:53	2666	108	141236
9:59:54	2667	109	141345
9:59:55	2668	111	141456
9:59:56	2669	109	141565
9:59:57	2670	108	141673
9:59:58	2671	113	141786
9:59:59	2672	110	141896
10:00:00	2673	108	142004
10:00:01	2674	113	142117
10:00:02	2675	110	142227
10:00:03	2676	111	142338
10:00:04	2677	108	142446
10:00:05	2678	112	142558
10:00:06	2679	108	142666
10:00:07	2680	107	142773
10:00:08	2681	113	142886
10:00:09	2682	110	142996
10:00:10	2683	110	143106
10:00:11	2684	112	143218
10:00:12	2685	112	143330
10:00:13	2686	107	143437
10:00:14	2687	106	143543
10:00:15	2688	108	143651
10:00:16	2689	109	143760
10:00:17	2690	108	143868
10:00:18	2691	111	143979
10:00:19	2692	110	144089
10:00:20	2693	107	144196
10:00:21	2694	107	144303
10:00:22	2695	109	144412
10:00:23	2696	111	144523
10:00:24	2697	111	144634
10:00:25	2698	109	144743
10:00:26	2699	110	144853
10:00:27	2700	104	144957
10:00:28	2701	108	145065
10:00:29	2702	112	145177
10:00:30	2703	109	145286
10:00:31	2704	110	145396
10:00:32	2705	108	145504
10:00:33	2706	108	145612
10:00:34	2707	106	145718
10:00:35	2708	107	145825
10:00:36	2709	111	145936
10:00:37	2710	110	146046
10:00:38	2711	108	146154
10:00:39	2712	106	146260
10:00:40	2713	114	146374
10:00:41	2714	110	146484
10:00:42	2715	110	146594
10:00:43	2716	108	146702
10:00:44	2717	109	146811
10:00:45	2718	106	146917
10:00:46	2719	109	147026
10:00:47	2720	107	147133
10:00:48	2721	108	147241
10:00:49	2722	109	147350
10:00:50	2723	104	147454
10:00:51	2724	102	147556
10:00:52	2725	104	147660
10:00:53	2726	103	147763
10:00:54	2727	107	147870
10:00:55	2728	104	147974
10:00:56	2729	110	148084
10:00:57	2730	104	148188
10:00:58	2731	103	148291
10:00:59	2732	107	148398
10:01:00	2733	109	148507
10:01:01	2734	108	148615
10:01:02	2735	105	148720
10:01:03	2736	104	148824
10:01:04	2737	105	148929
10:01:05	2738	104	149033
10:01:06	2739	107	149140
10:01:07	2740	108	149248
10:01:08	2741	106	149354
10:01:09	2742	106	149460
10:01:10	2743	104	149564
10:01:11	2744	108	149672
10:01:12	2745	104	149776
10:01:13	2746	107	149883
10:01:14	2747	109	149992
10:01:15	2748	105	150097
10:01:16	2749	105	150202
10:01:17	2750	103	150305
10:01:18	2751	110	150415
10:01:19	2752	104	150519
10:01:20	2753	106	150625
10:01:21	2754	104	150729
10:01:22	2755	103	150832
10:01:23	2756	103	150935
10:01:24	2757	106	151041
10:01:25	2758	108	151149
10:01:26	2759	104	151253
10:01:27	2760	103	151356
10:01:28	2761	100	151456
10:01:29	2762	105	151561
10:01:30	2763	107	151668
10:01:31	2764	106	151774
10:01:32	2765	100	151874
10:01:33	2766	107	151981
10:01:34	2767	108	152089
10:01:35	2768	100	152189
10:01:36	2769	101	152290
10:01:37	2770	105	152395
10:01:38	2771	109	152504
10:01:39	2772	104	152608
10:01:40	2773	102	152710
10:01:41	2774	108	152818
10:01:42	2775	110	152928
10:01:43	2776	105	153033
10:01:44	2777	104	153137
10:01:45	2778	106	153243
10:01:46	2779	107	153350
10:01:47	2780	104	153454
10:01:48	2781	104	153558
10:01:49	2782	105	153663
10:01:50	2783	113	153776
10:01:51	2784	103	153879
10:01:52	2785	105	153984
10:01:53	2786	108	154092
10:01:54	2787	109	154201
10:01:55	2788	92	154293
10:01:56	2789	102	154395
10:01:57	2790	105	154500
10:01:58	2791	103	154603
10:01:59	2792	109	154712
10:02:00	2793	109	154821
10:02:01	2794	104	154925
10:02:02	2795	106	155031
10:02:03	2796	107	155138
10:02:04	2797	104	155242
10:02:05	2798	111	155353
10:02:06	2799	106	155459
10:02:07	2800	104	155563
10:02:08	2801	110	155673
10:02:09	2802	108	155781
10:02:10	2803	106	155887
10:02:11	2804	108	155995
10:02:12	2805	107	156102
10:02:13	2806	104	156206
10:02:14	2807	107	156313
10:02:15	2808	110	156423
10:02:16	2809	105	156528
10:02:17	2810	104	156632
10:02:18	2811	109	156741
10:02:19	2812	108	156849
10:02:20	2813	104	156953
10:02:21	2814	103	157056
10:02:22	2815	110	157166
10:02:23	2816	106	157272
10:02:24	2817	104	157376
10:02:25	2818	109	157485
10:02:26	2819	107	157592
10:02:27	2820	107	157699
10:02:28	2821	110	157809
10:02:29	2822	103	157912
10:02:30	2823	100	158012
10:02:31	2824	109	158121
10:02:32	2825	108	158229
10:02:33	2826	101	158330
10:02:34	2827	107	158437
10:02:35	2828	107	158544
10:02:36	2829	108	158652
10:02:37	2830	104	158756
10:02:38	2831	106	158862
10:02:39	2832	103	158965
10:02:40	2833	99	159064
10:02:41	2834	108	159172
10:02:42	2835	108	159280
10:02:43	2836	106	159386
10:02:44	2837	101	159487
10:02:45	2838	108	159595
10:02:46	2839	106	159701
10:02:47	2840	100	159801
10:02:48	2841	104	159905
10:02:49	2842	101	160006
10:02:50	2843	102	160108
10:02:51	2844	106	160214
10:02:52	2845	98	160312
10:02:53	2846	106	160418
10:02:54	2847	102	160520
10:02:55	2848	99	160619
10:02:56	2849	106	160725
10:02:57	2850	100	160825
10:02:58	2851	96	160921
10:02:59	2852	99	161020
10:03:00	2853	105	161125
10:03:01	2854	100	161225
10:03:02	2855	99	161324
10:03:03	2856	101	161425
10:03:04	2857	106	161531
10:03:05	2858	98	161629
10:03:06	2859	99	161728
10:03:07	2860	102	161830
10:03:08	2861	102	161932
10:03:09	2862	99	162031
10:03:10	2863	102	162133
10:03:11	2864	105	162238
10:03:12	2865	102	162340
10:03:13	2866	102	162442
10:03:14	2867	105	162547
10:03:15	2868	104	162651
10:03:16	2869	100	162751
10:03:17	2870	105	162856
10:03:18	2871	106	162962
10:03:19	2872	104	163066
10:03:20	2873	102	163168
10:03:21	2874	104	163272
10:03:22	2875	108	163380
10:03:23	2876	99	163479
10:03:24	2877	107	163586
10:03:25	2878	101	163687
10:03:26	2879	100	163787
10:03:27	2880	107	163894
10:03:28	2881	99	163993
10:03:29	2882	102	164095
10:03:30	2883	103	164198
10:03:31	2884	100	164298
10:03:32	2885	106	164404
10:03:33	2886	102	164506
10:03:34	2887	99	164605
10:03:35	2888	105	164710
10:03:36	2889	102	164812
10:03:37	2890	103	164915
10:03:38	2891	103	165018
10:03:39	2892	100	165118
10:03:40	2893	105	165223
10:03:41	2894	99	165322
10:03:42	2895	106	165428
10:03:43	2896	103	165531
10:03:44	2897	105	165636
10:03:45	2898	100	165736
10:03:46	2899	106	165842
10:03:47	2900	99	165941
10:03:48	2901	105	166046
10:03:49	2902	101	166147
10:03:50	2903	106	166253
10:03:51	2904	100	166353
10:03:52	2905	106	166459
10:03:53	2906	99	166558
10:03:54	2907	105	166663
10:03:55	2908	100	166763
10:03:56	2909	110	166873
10:03:57	2910	101	166974
10:03:58	2911	106	167080
10:03:59	2912	103	167183
10:04:00	2913	104	167287
10:04:01	2914	103	167390
10:04:02	2915	106	167496
10:04:03	2916	105	167601
10:04:04	2917	102	167703
10:04:05	2918	109	167812
10:04:06	2919	101	167913
10:04:07	2920	103	168016
10:04:08	2921	108	168124
10:04:09	2922	101	168225
10:04:10	2923	104	168329
10:04:11	2924	98	168427
10:04:12	2925	105	168532
10:04:13	2926	102	168634
10:04:14	2927	103	168737
10:04:15	2928	102	168839
10:04:16	2929	101	168940
10:04:17	2930	106	169046
10:04:18	2931	96	169142
10:04:19	2932	109	169251
10:04:20	2933	100	169351
10:04:21	2934	101	169452
10:04:22	2935	102	169554
10:04:23	2936	99	169653
10:04:24	2937	105	169758
10:04:25	2938	101	169859
10:04:26	2939	105	169964
10:04:27	2940	100	170064
10:04:28	2941	103	170167
10:04:29	2942	102	170269
10:04:30	2943	105	170374
10:04:31	2944	101	170475
10:04:32	2945	102	170577
10:04:33	2946	103	170680
10:04:34	2947	99	170779
10:04:35	2948	103	170882
10:04:36	2949	103	170985
10:04:37	2950	102	171087
10:04:38	2951	101	171188
10:04:39	2952	109	171297
10:04:40	2953	99	171396
10:04:41	2954	106	171502
10:04:42	2955	106	171608
10:04:43	2956	105	171713
10:04:44	2957	101	171814
10:04:45	2958	103	171917
10:04:46	2959	104	172021
10:04:47	2960	100	172121
10:04:48	2961	105	172226
10:04:49	2962	102	172328
10:04:50	2963	103	172431
10:04:51	2964	106	172537
10:04:52	2965	100	172637
10:04:53	2966	104	172741
10:04:54	2967	104	172845
10:04:55	2968	103	172948
10:04:56	2969	104	173052
10:04:57	2970	101	173153
10:04:58	2971	108	173261
10:04:59	2972	99	173360
10:05:00	2973	107	173467
10:05:01	2974	99	173566
10:05:02	2975	107	173673
10:05:03	2976	98	173771
10:05:04	2977	107	173878
10:05:05	2978	101	173979
10:05:06	2979	104	174083
10:05:07	2980	102	174185
10:05:08	2981	101	174286
10:05:09	2982	105	174391
10:05:10	2983	101	174492
10:05:11	2984	107	174599
10:05:12	2985	101	174700
10:05:13	2986	104	174804
10:05:14	2987	101	174905
10:05:15	2988	101	175006
10:05:16	2989	103	175109
10:05:17	2990	101	175210
10:05:18	2991	108	175318
10:05:19	2992	101	175419
10:05:20	2993	103	175522
10:05:21	2994	102	175624
10:05:22	2995	100	175724
10:05:23	2996	106	175830
10:05:24	2997	100	175930
10:05:25	2998	102	176032
10:05:26	2999	106	176138
10:05:27	3000	102	176240
10:05:28	3001	102	176342
10:05:29	3002	104	176446
10:05:30	3003	99	176545
10:05:31	3004	102	176647
10:05:32	3005	101	176748
10:05:33	3006	99	176847
10:05:34	3007	104	176951
10:05:35	3008	103	177054
10:05:36	3009	101	177155
10:05:37	3010	102	177257
10:05:38	3011	101	177358
10:05:39	3012	99	177457
10:05:40	3013	102	177559
10:05:41	3014	98	177657
10:05:42	3015	102	177759
10:05:43	3016	105	177864
10:05:44	3017	100	177964
10:05:45	3018	104	178068
10:05:46	3019	98	178166
10:05:47	3020	100	178266
10:05:48	3021	102	178368
10:05:49	3022	98	178466
10:05:50	3023	100	178566
10:05:51	3024	105	178671
10:05:52	3025	97	178768
10:05:53	3026	102	178870
10:05:54	3027	100	178970
10:05:55	3028	102	179072
10:05:56	3029	103	179175
10:05:57	3030	100	179275
10:05:58	3031	98	179373
10:05:59	3032	105	179478
10:06:00	3033	101	179579
10:06:01	3034	101	179680
10:06:02	3035	102	179782
10:06:03	3036	105	179887
10:06:04	3037	101	179988
10:06:05	3038	102	180090
10:06:06	3039	107	180197
10:06:07	3040	101	180298
10:06:08	3041	102	180400
10:06:09	3042	105	180505
10:06:10	3043	105	180610
10:06:11	3044	102	180712
10:06:12	3045	107	180819
10:06:13	3046	101	180920
10:06:14	3047	103	181023
10:06:15	3048	104	181127
10:06:16	3049	101	181228
10:06:17	3050	101	181329
10:06:18	3051	104	181433
10:06:19	3052	105	181538
10:06:20	3053	103	181641
10:06:21	3054	102	181743
10:06:22	3055	104	181847
10:06:23	3056	100	181947
10:06:24	3057	106	182053
10:06:25	3058	98	182151
10:06:26	3059	101	182252
10:06:27	3060	105	182357
10:06:28	3061	104	182461
10:06:29	3062	102	182563
10:06:30	3063	104	182667
10:06:31	3064	106	182773
10:06:32	3065	100	182873
10:06:33	3066	103	182976
10:06:34	3067	104	183080
10:06:35	3068	102	183182
10:06:36	3069	101	183283
10:06:37	3070	101	183384
10:06:38	3071	104	183488
10:06:39	3072	102	183590
10:06:40	3073	102	183692
10:06:41	3074	102	183794
10:06:42	3075	103	183897
10:06:43	3076	100	183997
10:06:44	3077	101	184098
10:06:45	3078	104	184202
10:06:46	3079	99	184301
10:06:47	3080	97	184398
10:06:48	3081	102	184500
10:06:49	3082	102	184602
10:06:50	3083	101	184703
10:06:51	3084	101	184804
10:06:52	3085	100	184904
10:06:53	3086	103	185007
10:06:54	3087	102	185109
10:06:55	3088	100	185209
10:06:56	3089	102	185311
10:06:57	3090	101	185412
10:06:58	3091	104	185516
10:06:59	3092	101	185617
10:07:00	3093	100	185717
10:07:01	3094	99	185816
10:07:02	3095	102	185918
10:07:03	3096	102	186020
10:07:04	3097	102	186122
10:07:05	3098	103	186225
10:07:06	3099	101	186326
10:07:07	3100	102	186428
10:07:08	3101	104	186532
10:07:09	3102	100	186632
10:07:10	3103	102	186734
10:07:11	3104	102	186836
10:07:12	3105	104	186940
10:07:13	3106	102	187042
10:07:14	3107	102	187144
10:07:15	3108	100	187244
10:07:16	3109	102	187346
10:07:17	3110	101	187447
10:07:18	3111	104	187551
10:07:19	3112	103	187654
10:07:20	3113	103	187757
10:07:21	3114	101	187858
10:07:22	3115	101	187959
10:07:23	3116	101	188060
10:07:24	3117	102	188162
10:07:25	3118	102	188264
10:07:26	3119	101	188365
10:07:27	3120	101	188466
10:07:28	3121	101	188567
10:07:29	3122	103	188670
10:07:30	3123	102	188772
10:07:31	3124	105	188877
10:07:32	3125	102	188979
10:07:33	3126	102	189081
10:07:34	3127	100	189181
10:07:35	3128	100	189281
10:07:36	3129	99	189380
10:07:37	3130	103	189483
10:07:38	3131	101	189584
10:07:39	3132	102	189686
10:07:40	3133	102	189788
10:07:41	3134	101	189889
10:07:42	3135	102	189991
10:07:43	3136	102	190093
10:07:44	3137	102	190195
10:07:45	3138	101	190296
10:07:46	3139	101	190397
10:07:47	3140	100	190497
10:07:48	3141	103	190600
10:07:49	3142	102	190702
10:07:50	3143	103	190805
10:07:51	3144	101	190906
10:07:52	3145	103	191009
10:07:53	3146	101	191110
10:07:54	3147	103	191213
10:07:55	3148	101	191314
10:07:56	3149	103	191417
10:07:57	3150	102	191519
10:07:58	3151	102	191621
10:07:59	3152	102	191723
10:08:00	3153	102	191825
10:08:01	3154	102	191927
10:08:02	3155	102	192029
10:08:03	3156	104	192133
10:08:04	3157	102	192235
10:08:05	3158	100	192335
10:08:06	3159	102	192437
10:08:07	3160	104	192541
10:08:08	3161	99	192640
10:08:09	3162	104	192744
10:08:10	3163	101	192845
10:08:11	3164	101	192946
10:08:12	3165	102	193048
10:08:13	3166	103	193151
10:08:14	3167	100	193251
10:08:15	3168	102	193353
10:08:16	3169	102	193455
10:08:17	3170	105	193560
10:08:18	3171	101	193661
10:08:19	3172	101	193762
10:08:20	3173	103	193865
10:08:21	3174	103	193968
10:08:22	3175	103	194071
10:08:23	3176	101	194172
10:08:24	3177	102	194274
10:08:25	3178	102	194376
10:08:26	3179	103	194479
10:08:27	3180	100	194579
10:08:28	3181	103	194682
10:08:29	3182	102	194784
10:08:30	3183	101	194885
10:08:31	3184	101	194986
10:08:32	3185	101	195087
10:08:33	3186	102	195189
10:08:34	3187	102	195291
10:08:35	3188	102	195393
10:08:36	3189	101	195494
10:08:37	3190	101	195595
10:08:38	3191	103	195698
10:08:39	3192	101	195799
10:08:40	3193	102	195901
10:08:41	3194	102	196003
10:08:42	3195	101	196104
10:08:43	3196	103	196207
10:08:44	3197	103	196310
10:08:45	3198	103	196413
10:08:46	3199	104	196517
10:08:47	3200	104	196621
10:08:48	3201	104	196725
10:08:49	3202	102	196827
10:08:50	3203	105	196932
10:08:51	3204	101	197033
10:08:52	3205	80	197113
10:08:53	3206	0	197113
10:08:54	3207	0	197113
10:08:55	3208	0	197113
10:08:56	3209	0	197113
10:08:57	3210	0	197113
10:08:58	3211	329	197442
10:08:59	3212	83	197525
10:09:01	3213	1836	199361
10:09:02	3214	1060	200421
10:09:03	3215	1020	201441
10:09:04	3216	995	202436
10:09:05	3217	955	203391
10:09:06	3218	928	204319
10:09:07	3219	910	205229
10:09:08	3220	905	206134
10:09:09	3221	890	207024
10:09:10	3222	871	207895
10:09:11	3223	868	208763
10:09:12	3224	854	209617
10:09:13	3225	856	210473
10:09:14	3226	839	211312
10:09:15	3227	831	212143
10:09:16	3228	827	212970
10:09:17	3229	824	213794
10:09:18	3230	820	214614
10:09:19	3231	810	215424
10:09:20	3232	814	216238
10:09:21	3233	808	217046
10:09:22	3234	804	217850
10:09:23	3235	794	218644
10:09:24	3236	796	219440
10:09:25	3237	782	220222
10:09:26	3238	784	221006
10:09:27	3239	774	221780
10:09:28	3240	786	222566
10:09:29	3241	773	223339
10:09:30	3242	767	224106
10:09:31	3243	784	224890
10:09:32	3244	776	225666
10:09:33	3245	776	226442
10:09:34	3246	781	227223
10:09:35	3247	775	227998
10:09:36	3248	783	228781
10:09:37	3249	779	229560
10:09:38	3250	766	230326
10:09:39	3251	778	231104
10:09:40	3252	775	231879
10:09:41	3253	772	232651
10:09:42	3254	785	233436
10:09:43	3255	765	234201
10:09:44	3256	770	234971
10:09:45	3257	763	235734
10:09:46	3258	769	236503
10:09:47	3259	759	237262
10:09:48	3260	763	238025
10:09:49	3261	755	238780
10:09:50	3262	771	239551
10:09:51	3263	758	240309
10:09:52	3264	769	241078
10:09:53	3265	771	241849
10:09:54	3266	752	242601
10:09:55	3267	764	243365
10:09:56	3268	762	244127
10:09:57	3269	767	244894
10:09:58	3270	749	245643
10:09:59	3271	770	246413
10:10:00	3272	760	247173
10:10:01	3273	769	247942
10:10:02	3274	770	248712
10:10:03	3275	749	249461
10:10:04	3276	777	250238
10:10:05	3277	757	250995
10:10:06	3278	776	251771
10:10:07	3279	738	252509
10:10:08	3280	767	253276
10:10:09	3281	760	254036
10:10:10	3282	766	254802
10:10:11	3283	764	255566
10:10:12	3284	772	256338
10:10:13	3285	769	257107
10:10:14	3286	752	257859
10:10:15	3287	773	258632
10:10:16	3288	757	259389
10:10:17	3289	759	260148
10:10:18	3290	757	260905
10:10:19	3291	765	261670
10:10:20	3292	767	262437
10:10:21	3293	771	263208
10:10:22	3294	767	263975
10:10:23	3295	772	264747
10:10:24	3296	756	265503
10:10:25	3297	767	266270
10:10:26	3298	765	267035
10:10:27	3299	767	267802
10:10:28	3300	756	268558
10:10:29	3301	754	269312
10:10:30	3302	776	270088
10:10:31	3303	757	270845
10:10:32	3304	744	271589
10:10:33	3305	764	272353
10:10:34	3306	756	273109
10:10:35	3307	767	273876
10:10:36	3308	762	274638
10:10:37	3309	766	275404
10:10:38	3310	755	276159
10:10:39	3311	772	276931
10:10:40	3312	756	277687
10:10:41	3313	769	278456
10:10:42	3314	769	279225
10:10:43	3315	766	279991
10:10:44	3316	770	280761
10:10:45	3317	767	281528
10:10:46	3318	764	282292
10:10:47	3319	756	283048
10:10:48	3320	769	283817
10:10:49	3321	775	284592
10:10:50	3322	767	285359
10:10:51	3323	761	286120
10:10:52	3324	760	286880
10:10:53	3325	772	287652
10:10:54	3326	759	288411
10:10:55	3327	772	289183
10:10:56	3328	766	289949
10:10:57	3329	781	290730
10:10:58	3330	767	291497
10:10:59	3331	775	292272
10:11:00	3332	761	293033
10:11:01	3333	772	293805
10:11:02	3334	773	294578
10:11:03	3335	753	295331
10:11:04	3336	773	296104
10:11:05	3337	770	296874
10:11:06	3338	770	297644
10:11:07	3339	765	298409
10:11:08	3340	779	299188
10:11:09	3341	766	299954
10:11:10	3342	775	300729
10:11:11	3343	763	301492
10:11:12	3344	761	302253
10:11:13	3345	781	303034
10:11:14	3346	763	303797
10:11:15	3347	777	304574
10:11:16	3348	769	305343
10:11:17	3349	778	306121
10:11:18	3350	767	306888
10:11:19	3351	768	307656
10:11:20	3352	771	308427
10:11:21	3353	745	309172
10:11:22	3354	766	309938
10:11:23	3355	772	310710
10:11:24	3356	754	311464
10:11:25	3357	768	312232
10:11:26	3358	760	312992
10:11:27	3359	755	313747
10:11:28	3360	759	314506
10:11:29	3361	757	315263
10:11:30	3362	755	316018
10:11:31	3363	764	316782
10:11:32	3364	754	317536
10:11:33	3365	757	318293
10:11:34	3366	751	319044
10:11:35	3367	762	319806
10:11:36	3368	760	320566
10:11:37	3369	765	321331
10:11:38	3370	774	322105
10:11:39	3371	770	322875
10:11:40	3372	763	323638
10:11:41	3373	778	324416
10:11:42	3374	771	325187
10:11:43	3375	773	325960
10:11:44	3376	765	326725
10:11:45	3377	753	327478
10:11:46	3378	767	328245
10:11:47	3379	760	329005
10:11:48	3380	760	329765
10:11:49	3381	764	330529
10:11:50	3382	756	331285
10:11:51	3383	765	332050
10:11:52	3384	761	332811
10:11:53	3385	758	333569
10:11:54	3386	768	334337
10:11:55	3387	767	335104
10:11:56	3388	749	335853
10:11:57	3389	766	336619
10:11:58	3390	764	337383
10:11:59	3391	758	338141
10:12:00	3392	751	338892
10:12:01	3393	762	339654
10:12:02	3394	757	340411
10:12:03	3395	756	341167
10:12:04	3396	755	341922
10:12:05	3397	761	342683
10:12:06	3398	759	343442
10:12:07	3399	752	344194
10:12:08	3400	760	344954
10:12:09	3401	755	345709
10:12:10	3402	749	346458
10:12:11	3403	761	347219
10:12:12	3404	759	347978
10:12:13	3405	743	348721
10:12:14	3406	751	349472
10:12:15	3407	715	350187
10:12:16	3408	712	350899
10:12:17	3409	712	351611
10:12:18	3410	704	352315
10:12:19	3411	707	353022
10:12:20	3412	720	353742
10:12:21	3413	713	354455
10:12:22	3414	706	355161
10:12:23	3415	707	355868
10:12:24	3416	709	356577
10:12:25	3417	707	357284
10:12:26	3418	705	357989
10:12:27	3419	710	358699
10:12:28	3420	728	359427
10:12:29	3421	708	360135
10:12:30	3422	749	360884
10:12:31	3423	750	361634
10:12:32	3424	751	362385
10:12:33	3425	754	363139
10:12:34	3426	748	363887
10:12:35	3427	755	364642
10:12:36	3428	761	365403
10:12:37	3429	759	366162
10:12:38	3430	756	366918
10:12:39	3431	753	367671
10:12:40	3432	756	368427
10:12:41	3433	758	369185
10:12:42	3434	757	369942
10:12:43	3435	761	370703
10:12:44	3436	764	371467
10:12:45	3437	764	372231
10:12:46	3438	753	372984
10:12:47	3439	748	373732
10:12:48	3440	757	374489
10:12:49	3441	747	375236
10:12:50	3442	752	375988
10:12:51	3443	757	376745
10:12:52	3444	750	377495
10:12:53	3445	754	378249
10:12:54	3446	751	379000
10:12:55	3447	751	379751
10:12:56	3448	749	380500
10:12:57	3449	742	381242
10:12:58	3450	761	382003
10:12:59	3451	748	382751
10:13:00	3452	757	383508
10:13:01	3453	746	384254
10:13:02	3454	757	385011
10:13:03	3455	761	385772
10:13:04	3456	751	386523
10:13:05	3457	751	387274
10:13:06	3458	755	388029
10:13:07	3459	756	388785
10:13:08	3460	760	389545
10:13:09	3461	753	390298
10:13:10	3462	757	391055
10:13:11	3463	760	391815
10:13:12	3464	751	392566
10:13:13	3465	766	393332
10:13:14	3466	739	394071
10:13:15	3467	762	394833
10:13:16	3468	752	395585
10:13:17	3469	750	396335
10:13:18	3470	765	397100
10:13:19	3471	749	397849
10:13:20	3472	750	398599
10:13:21	3473	753	399352
10:13:22	3474	762	400114
10:13:23	3475	739	400853
10:13:24	3476	753	401606
10:13:25	3477	748	402354
10:13:26	3478	760	403114
10:13:27	3479	749	403863
10:13:28	3480	761	404624
10:13:29	3481	746	405370
10:13:30	3482	764	406134
10:13:31	3483	757	406891
10:13:32	3484	756	407647
10:13:33	3485	761	408408
10:13:34	3486	756	409164
10:13:35	3487	754	409918
10:13:36	3488	754	410672
10:13:37	3489	729	411401
10:13:38	3490	715	412116
10:13:39	3491	748	412864
10:13:40	3492	774	413638
10:13:41	3493	768	414406
10:13:42	3494	781	415187
10:13:43	3495	774	415961
10:13:44	3496	780	416741
10:13:45	3497	768	417509
10:13:46	3498	772	418281
10:13:47	3499	772	419053
10:13:48	3500	769	419822
10:13:49	3501	755	420577
10:13:50	3502	751	421328
10:13:51	3503	749	422077
10:13:52	3504	747	422824
10:13:53	3505	744	423568
10:13:54	3506	753	424321
10:13:55	3507	746	425067
10:13:56	3508	743	425810
10:13:57	3509	753	426563
10:13:58	3510	738	427301
10:13:59	3511	744	428045
10:14:00	3512	744	428789
10:14:01	3513	742	429531
10:14:02	3514	745	430276
10:14:03	3515	749	431025
10:14:04	3516	747	431772
10:14:05	3517	751	432523
10:14:06	3518	748	433271
10:14:07	3519	658	433929
10:14:08	3520	26	433955
10:14:09	3521	5	433960
10:14:10	3522	0	433960
10:14:11	3523	0	433960
10:14:12	3524	0	433960
10:14:13	3525	0	433960
10:14:14	3526	0	433960
10:14:15	3527	0	433960
10:14:16	3528	296	434256
10:14:17	3529	111	434367
10:14:18	3530	118	434485
10:14:19	3531	116	434601
10:14:20	3532	117	434718
10:14:21	3533	112	434830
10:14:22	3534	106	434936
10:14:23	3535	104	435040
10:14:24	3536	102	435142
10:14:25	3537	108	435250
10:14:26	3538	107	435357
10:14:27	3539	102	435459
10:14:28	3540	102	435561
10:14:29	3541	104	435665
10:14:30	3542	103	435768
10:14:31	3543	104	435872
10:14:32	3544	99	435971
10:14:33	3545	100	436071
10:14:34	3546	101	436172
10:14:35	3547	102	436274
10:14:36	3548	104	436378
10:14:37	3549	103	436481
10:14:38	3550	103	436584
10:14:39	3551	100	436684
10:14:40	3552	101	436785
10:14:41	3553	103	436888
10:14:42	3554	101	436989
10:14:44	3555	102	437091
10:14:45	3556	98	437189
10:14:46	3557	103	437292
10:14:47	3558	99	437391
10:14:48	3559	101	437492
10:14:49	3560	103	437595
10:14:50	3561	102	437697
10:14:51	3562	103	437800
10:14:52	3563	98	437898
10:14:53	3564	103	438001
10:14:54	3565	103	438104
10:14:55	3566	101	438205
10:14:56	3567	101	438306
10:14:57	3568	105	438411
10:14:58	3569	102	438513
10:14:59	3570	100	438613
10:15:00	3571	104	438717
10:15:01	3572	101	438818
10:15:02	3573	103	438921
10:15:03	3574	103	439024
10:15:04	3575	105	439129
10:15:05	3576	101	439230
10:15:06	3577	103	439333
10:15:07	3578	102	439435
10:15:08	3579	101	439536
10:15:09	3580	106	439642
10:15:10	3581	105	439747
10:15:11	3582	97	439844
10:15:12	3583	104	439948
10:15:13	3584	102	440050
10:15:14	3585	101	440151
10:15:15	3586	105	440256
10:15:16	3587	105	440361
10:15:17	3588	99	440460
10:15:18	3589	104	440564
10:15:19	3590	103	440667
10:15:20	3591	100	440767
10:15:21	3592	106	440873
10:15:22	3593	103	440976
10:15:23	3594	101	441077
10:15:24	3595	104	441181
10:15:25	3596	102	441283
10:15:26	3597	100	441383
10:15:27	3598	102	441485
10:15:28	3599	105	441590
10:15:29	3600	100	441690
10:15:30	3601	104	441794
10:15:31	3602	104	441898
10:15:32	3603	101	441999
10:15:33	3604	105	442104
10:15:34	3605	102	442206
10:15:35	3606	102	442308
10:15:36	3607	101	442409
10:15:37	3608	103	442512
10:15:38	3609	103	442615
10:15:39	3610	103	442718
10:15:40	3611	101	442819
10:15:41	3612	105	442924
10:15:42	3613	101	443025
10:15:43	3614	101	443126
10:15:44	3615	103	443229
10:15:45	3616	103	443332
10:15:46	3617	105	443437
10:15:47	3618	104	443541
10:15:48	3619	102	443643
10:15:49	3620	107	443750
10:15:50	3621	106	443856
10:15:51	3622	99	443955
10:15:52	3623	108	444063
10:15:53	3624	105	444168
10:15:54	3625	102	444270
10:15:55	3626	107	444377
10:15:56	3627	102	444479
10:15:57	3628	106	444585
10:15:58	3629	104	444689
10:15:59	3630	100	444789
10:16:00	3631	103	444892
10:16:01	3632	99	444991
10:16:02	3633	105	445096
10:16:03	3634	102	445198
10:16:04	3635	101	445299
10:16:05	3636	102	445401
10:16:06	3637	99	445500
10:16:07	3638	105	445605
10:16:08	3639	102	445707
10:16:09	3640	101	445808
10:16:10	3641	103	445911
10:16:11	3642	99	446010
10:16:12	3643	104	446114
10:16:13	3644	102	446216
10:16:14	3645	101	446317
10:16:15	3646	106	446423
10:16:16	3647	100	446523
10:16:17	3648	104	446627
10:16:18	3649	101	446728
10:16:19	3650	106	446834
10:16:20	3651	105	446939
10:16:21	3652	102	447041
10:16:22	3653	103	447144
10:16:23	3654	103	447247
10:16:24	3655	106	447353
10:16:25	3656	102	447455
10:16:26	3657	105	447560
10:16:27	3658	104	447664
10:16:28	3659	102	447766
10:16:29	3660	108	447874
10:16:30	3661	100	447974
10:16:31	3662	104	448078
10:16:32	3663	103	448181
10:16:33	3664	103	448284
10:16:34	3665	107	448391
10:16:35	3666	101	448492
10:16:36	3667	104	448596
10:16:37	3668	103	448699
10:16:38	3669	104	448803
10:16:39	3670	106	448909
10:16:40	3671	99	449008
10:16:41	3672	101	449109
10:16:42	3673	100	449209
10:16:43	3674	105	449314
10:16:44	3675	105	449419
10:16:45	3676	101	449520
10:16:46	3677	103	449623
10:16:47	3678	104	449727
10:16:48	3679	103	449830
10:16:49	3680	99	449929
10:16:50	3681	105	450034
10:16:51	3682	101	450135
10:16:52	3683	101	450236
10:16:53	3684	102	450338
10:16:54	3685	100	450438
10:16:55	3686	103	450541
10:16:56	3687	100	450641
10:16:57	3688	105	450746
10:16:58	3689	103	450849
10:16:59	3690	99	450948
10:17:00	3691	103	451051
10:17:01	3692	101	451152
10:17:02	3693	105	451257
10:17:03	3694	102	451359
10:17:04	3695	102	451461
10:17:05	3696	103	451564
10:17:06	3697	102	451666
10:17:07	3698	106	451772
10:17:08	3699	98	451870
10:17:09	3700	103	451973
10:17:10	3701	103	452076
10:17:11	3702	102	452178
10:17:12	3703	103	452281
10:17:13	3704	101	452382
10:17:14	3705	101	452483
10:17:15	3706	101	452584
10:17:16	3707	105	452689
10:17:17	3708	100	452789
10:17:18	3709	88	452877
10:17:19	3710	0	452877
10:17:20	3711	0	452877
10:17:21	3712	0	452877
10:17:22	3713	0	452877
10:17:23	3714	0	452877
10:17:24	3715	0	452877
10:17:25	3716	0	452877
10:17:26	3717	0	452877
10:17:27	3718	0	452877
10:17:28	3719	0	452877
10:17:29	3720	0	452877
10:17:30	3721	0	452877
10:17:31	3722	0	452877
10:17:32	3723	0	452877
10:17:33	3724	0	452877
10:17:34	3725	0	452877
10:17:35	3726	0	452877
10:17:36	3727	0	452877
10:17:37	3728	0	452877
10:17:38	3729	0	452877
10:17:39	3730	0	452877
10:17:40	3731	0	452877
10:17:41	3732	0	452877
10:17:42	3733	0	452877
10:17:43	3734	0	452877
10:17:44	3735	0	452877
10:17:45	3736	0	452877
10:17:46	3737	0	452877
10:17:47	3738	0	452877
10:17:48	3739	0	452877
10:17:49	3740	0	452877
10:17:50	3741	0	452877
10:17:51	3742	0	452877
10:17:52	3743	0	452877
10:17:53	3744	0	452877
10:17:54	3745	0	452877
10:17:55	3746	0	452877
10:17:56	3747	0	452877
10:17:57	3748	0	452877
10:17:58	3749	0	452877
10:17:59	3750	0	452877
10:18:00	3751	0	452877
10:18:01	3752	0	452877
10:18:02	3753	0	452877
10:18:03	3754	0	452877
10:18:04	3755	0	452877
10:18:05	3756	0	452877
10:18:06	3757	0	452877
10:18:07	3758	0	452877
10:18:08	3759	0	452877
10:18:09	3760	0	452877
10:18:10	3761	0	452877
10:18:11	3762	0	452877
10:18:12	3763	0	452877
10:18:13	3764	0	452877
10:18:14	3765	0	452877
10:18:15	3766	0	452877
10:18:16	3767	0	452877
10:18:17	3768	0	452877
10:18:18	3769	0	452877
10:18:19	3770	0	452877
10:18:20	3771	0	452877
10:18:21	3772	0	452877
10:18:22	3773	0	452877
10:18:23	3774	0	452877
10:18:24	3775	0	452877
10:18:25	3776	0	452877
10:18:26	3777	0	452877
10:18:27	3778	0	452877
10:18:28	3779	0	452877
10:18:29	3780	0	452877
10:18:30	3781	0	452877
10:18:31	3782	0	452877
10:18:32	3783	0	452877
10:18:33	3784	0	452877
10:18:34	3785	0	452877
10:18:35	3786	0	452877
10:18:36	3787	0	452877
10:18:37	3788	0	452877
10:18:38	3789	0	452877
10:18:39	3790	0	452877
10:18:40	3791	0	452877
10:18:41	3792	0	452877
10:18:42	3793	0	452877
10:18:43	3794	0	452877
10:18:44	3795	0	452877
10:18:45	3796	0	452877
10:18:46	3797	0	452877
10:18:47	3798	0	452877
10:18:48	3799	0	452877
10:18:49	3800	0	452877
10:18:50	3801	0	452877
10:18:51	3802	0	452877
10:18:52	3803	0	452877
10:18:53	3804	0	452877
10:18:54	3805	0	452877
10:18:55	3806	0	452877
10:18:56	3807	0	452877
10:18:57	3808	0	452877
10:18:58	3809	0	452877
10:18:59	3810	0	452877
10:19:00	3811	0	452877
10:19:01	3812	0	452877
10:19:02	3813	0	452877
10:19:03	3814	0	452877
10:19:04	3815	0	452877
10:19:05	3816	0	452877
10:19:06	3817	0	452877
10:19:07	3818	0	452877
10:19:08	3819	0	452877
10:19:09	3820	0	452877
10:19:10	3821	0	452877
10:19:11	3822	0	452877
10:19:12	3823	0	452877
10:19:13	3824	0	452877
10:19:14	3825	0	452877
10:19:15	3826	0	452877
10:19:16	3827	0	452877
10:19:17	3828	0	452877
10:19:18	3829	0	452877
10:19:19	3830	0	452877
10:19:20	3831	0	452877
10:19:21	3832	0	452877
10:19:22	3833	0	452877
10:19:23	3834	0	452877
10:19:24	3835	85	452962
10:19:25	3836	101	453063
10:19:26	3837	103	453166
10:19:27	3838	98	453264
10:19:28	3839	104	453368
10:19:29	3840	104	453472
10:19:30	3841	102	453574
10:19:31	3842	101	453675
10:19:32	3843	103	453778
10:19:33	3844	104	453882
10:19:34	3845	100	453982
10:19:35	3846	103	454085
10:19:36	3847	99	454184
10:19:37	3848	101	454285
10:19:38	3849	95	454380
10:19:39	3850	98	454478
10:19:40	3851	104	454582
10:19:41	3852	101	454683
10:19:42	3853	102	454785
10:19:43	3854	102	454887
10:19:44	3855	103	454990
10:19:45	3856	101	455091
10:19:46	3857	103	455194
10:19:47	3858	105	455299
10:19:48	3859	100	455399
10:19:49	3860	103	455502
10:19:50	3861	104	455606
10:19:51	3862	99	455705
10:19:52	3863	103	455808
10:19:53	3864	102	455910
10:19:54	3865	104	456014
10:19:55	3866	98	456112
10:19:56	3867	97	456209
10:19:57	3868	98	456307
10:19:58	3869	98	456405
10:19:59	3870	100	456505
10:20:00	3871	98	456603
10:20:01	3872	101	456704
10:20:02	3873	98	456802
10:20:03	3874	99	456901
10:20:04	3875	100	457001
10:20:05	3876	98	457099
10:20:06	3877	100	457199
10:20:07	3878	101	457300
10:20:08	3879	103	457403
10:20:09	3880	100	457503
10:20:10	3881	99	457602
10:20:11	3882	104	457706
10:20:12	3883	100	457806
10:20:13	3884	100	457906
10:20:14	3885	102	458008
10:20:15	3886	98	458106
10:20:16	3887	103	458209
10:20:17	3888	102	458311
10:20:18	3889	105	458416
10:20:19	3890	99	458515
10:20:20	3891	99	458614
10:20:21	3892	102	458716
10:20:22	3893	97	458813
10:20:23	3894	100	458913
10:20:24	3895	99	459012
10:20:25	3896	97	459109
10:20:26	3897	101	459210
10:20:27	3898	99	459309
10:20:28	3899	100	459409
10:20:29	3900	99	459508
10:20:30	3901	100	459608
10:20:31	3902	103	459711
10:20:32	3903	97	459808
10:20:33	3904	96	459904
10:20:34	3905	103	460007
10:20:35	3906	98	460105
10:20:36	3907	99	460204
10:20:37	3908	100	460304
10:20:38	3909	99	460403
10:20:39	3910	101	460504
10:20:40	3911	100	460604
10:20:41	3912	105	460709
10:20:42	3913	101	460810
10:20:43	3914	103	460913
10:20:44	3915	107	461020
10:20:45	3916	100	461120
10:20:46	3917	102	461222
10:20:47	3918	105	461327
10:20:48	3919	102	461429
10:20:49	3920	103	461532
10:20:50	3921	101	461633
10:20:51	3922	100	461733
10:20:52	3923	105	461838
10:20:53	3924	103	461941
10:20:54	3925	100	462041
10:20:55	3926	103	462144
10:20:56	3927	103	462247
10:20:57	3928	106	462353
10:20:58	3929	100	462453
10:20:59	3930	101	462554
10:21:00	3931	104	462658
10:21:01	3932	100	462758
10:21:02	3933	101	462859
10:21:03	3934	107	462966
10:21:04	3935	99	463065
10:21:05	3936	100	463165
10:21:06	3937	102	463267
10:21:07	3938	99	463366
10:21:08	3939	99	463465
10:21:09	3940	103	463568
10:21:10	3941	100	463668
10:21:11	3942	100	463768
10:21:12	3943	106	463874
10:21:13	3944	100	463974
10:21:14	3945	100	464074
10:21:15	3946	106	464180
10:21:16	3947	100	464280
10:21:17	3948	101	464381
10:21:18	3949	105	464486
10:21:19	3950	100	464586
10:21:20	3951	100	464686
10:21:21	3952	107	464793
10:21:22	3953	102	464895
10:21:23	3954	100	464995
10:21:24	3955	102	465097
10:21:25	3956	100	465197
10:21:26	3957	103	465300
10:21:27	3958	102	465402
10:21:28	3959	101	465503
10:21:29	3960	103	465606
10:21:30	3961	103	465709
10:21:31	3962	99	465808
10:21:32	3963	102	465910
10:21:33	3964	103	466013
10:21:34	3965	96	466109
10:21:35	3966	103	466212
10:21:36	3967	102	466314
10:21:37	3968	99	466413
10:21:38	3969	102	466515
10:21:39	3970	102	466617
10:21:40	3971	101	466718
10:21:41	3972	103	466821
10:21:42	3973	99	466920
10:21:43	3974	101	467021
10:21:44	3975	101	467122
10:21:45	3976	101	467223
10:21:46	3977	101	467324
10:21:47	3978	103	467427
10:21:48	3979	102	467529
10:21:49	3980	100	467629
10:21:50	3981	102	467731
10:21:51	3982	103	467834
10:21:52	3983	100	467934
10:21:53	3984	103	468037
10:21:54	3985	102	468139
10:21:55	3986	99	468238
10:21:56	3987	103	468341
10:21:57	3988	104	468445
10:21:58	3989	99	468544
10:21:59	3990	102	468646
10:22:00	3991	107	468753
10:22:01	3992	101	468854
10:22:02	3993	103	468957
10:22:03	3994	106	469063
10:22:04	3995	100	469163
10:22:05	3996	101	469264
10:22:06	3997	106	469370
10:22:07	3998	99	469469
10:22:08	3999	103	469572
10:22:09	4000	104	469676
10:22:10	4001	102	469778
10:22:11	4002	103	469881
10:22:12	4003	101	469982
10:22:13	4004	105	470087
10:22:14	4005	100	470187
10:22:15	4006	0	470187
10:22:16	4007	0	470187
10:22:17	4008	0	470187
10:22:18	4009	0	470187
10:22:19	4010	0	470187
10:22:20	4011	0	470187
10:22:21	4012	0	470187
10:22:22	4013	0	470187
10:22:23	4014	0	470187
10:22:24	4015	0	470187
10:22:25	4016	0	470187
10:22:26	4017	0	470187
10:22:27	4018	0	470187
10:22:28	4019	0	470187
10:22:29	4020	0	470187
10:22:30	4021	0	470187
10:22:31	4022	0	470187
10:22:32	4023	0	470187
10:22:33	4024	0	470187
10:22:34	4025	0	470187
10:22:35	4026	0	470187
10:22:36	4027	0	470187
10:22:37	4028	0	470187
10:22:38	4029	0	470187
10:22:39	4030	0	470187
10:22:40	4031	0	470187
10:22:41	4032	0	470187
10:22:42	4033	0	470187
10:22:43	4034	0	470187
10:22:44	4035	0	470187
10:22:45	4036	0	470187
10:22:46	4037	0	470187
10:22:47	4038	0	470187
10:22:48	4039	0	470187
10:22:49	4040	0	470187
10:22:50	4041	0	470187
10:22:51	4042	0	470187
10:22:52	4043	0	470187
10:22:53	4044	0	470187
10:22:54	4045	0	470187
10:22:55	4046	0	470187
10:22:56	4047	0	470187
10:22:57	4048	0	470187
10:22:58	4049	0	470187
10:22:59	4050	0	470187
10:23:00	4051	0	470187
10:23:01	4052	0	470187
10:23:02	4053	0	470187
10:23:03	4054	0	470187
10:23:04	4055	0	470187
10:23:05	4056	0	470187
10:23:06	4057	0	470187
10:23:07	4058	0	470187
10:23:08	4059	0	470187
10:23:09	4060	0	470187
10:23:10	4061	0	470187
10:23:11	4062	0	470187
10:23:12	4063	0	470187
10:23:13	4064	0	470187
10:23:14	4065	0	470187
10:23:15	4066	0	470187
10:23:16	4067	0	470187
10:23:17	4068	0	470187
10:23:18	4069	0	470187
10:23:19	4070	0	470187
10:23:20	4071	0	470187
10:23:21	4072	0	470187
10:23:22	4073	0	470187
10:23:23	4074	0	470187
10:23:24	4075	0	470187
10:23:25	4076	0	470187
10:23:26	4077	0	470187
10:23:27	4078	0	470187
10:23:28	4079	0	470187
10:23:29	4080	0	470187
10:23:30	4081	0	470187
10:23:31	4082	0	470187
10:23:32	4083	0	470187
10:23:33	4084	0	470187
10:23:34	4085	0	470187
10:23:35	4086	0	470187
10:23:36	4087	0	470187
10:23:37	4088	0	470187
10:23:38	4089	0	470187
10:23:39	4090	0	470187
10:23:40	4091	0	470187
10:23:41	4092	0	470187
10:23:42	4093	0	470187
10:23:43	4094	0	470187
10:23:44	4095	0	470187
10:23:45	4096	0	470187
10:23:46	4097	0	470187
10:23:47	4098	0	470187
10:23:48	4099	0	470187
