
 0   484 
 1   460 
 2   452 
 3   455 
 4   472 
 5   465 
 6   460 
 7   403 
 8   403 
 9   415 
 10   416 
 11   397 
 12   392 
 13   356 
 14   383 
 15   372 
 16   405 
 17   371 
 18   342 
 19   353 
 20   386 
 21   388 
 22   380 
 23   366 
 24   392 
 25   338 
 26   367 
 27   291 
 28   347 
 29   335 
 30   302 
 31   355 
 32   328 
 33   351 
 34   345 
 35   331 
 36   329 
 37   354 
 38   332 
 39   356 
 40   342 
 41   381 
 42   349 
 43   351 
 44   345 
 45   383 
 46   341 
 47   376 
 48   396 
 49   368 
 50   393 
 51   380 
 52   370 
 53   386 
 54   391 
 55   376 
 56   390 
 57   381 
 58   369 
 59   414 
 60   410 
 61   385 
 62   384 
 63   395 
 64   376 
 65   398 
 66   380 
 67   408 
 68   432 
 69   375 
 70   371 
 71   401 
 72   447 
 73   395 
 74   398 
 75   394 
 76   408 
 77   399 
 78   401 
 79   414 
 80   404 
 81   418 
 82   421 
 83   402 
 84   405 
 85   369 
 86   416 
 87   404 
 88   406 
 89   435 
 90   407 
 91   396 
 92   392 
 93   383 
 94   388 
 95   407 
 96   419 
 97   426 
 98   442 
 99   420 
 100   421 
 101   433 
 102   398 
 103   429 
 104   426 
 105   384 
 106   433 
 107   426 
 108   430 
 109   403 
 110   447 
 111   392 
 112   402 
 113   412 
 114   401 
 115   415 
 116   406 
 117   425 
 118   456 
 119   500 
 120   636 
 121   601 
 122   715 
 123   648 
 124   563 
 125   509 
 126   471 
 127   385 
 128   355 
 129   377 
 130   364 
 131   326 
 132   305 
 133   340 
 134   320 
 135   320 
 136   338 
 137   306 
 138   307 
 139   310 
 140   357 
 141   372 
 142   445 
 143   659 
 144   775 
 145   919 
 146   878 
 147   732 
 148   535 
 149   368 
 150   336 
 151   265 
 152   249 
 153   264 
 154   269 
 155   261 
 156   246 
 157   279 
 158   258 
 159   251 
 160   236 
 161   271 
 162   279 
 163   263 
 164   222 
 165   307 
 166   291 
 167   311 
 168   290 
 169   286 
 170   283 
 171   295 
 172   298 
 173   304 
 174   303 
 175   296 
 176   320 
 177   320 
 178   362 
 179   372 
 180   347 
 181   359 
 182   353 
 183   344 
 184   398 
 185   365 
 186   382 
 187   355 
 188   400 
 189   466 
 190   580 
 191   778 
 192   1164 
 193   1612 
 194   1848 
 195   1838 
 196   1519 
 197   1085 
 198   722 
 199   583 
 200   446 
 201   492 
 202   462 
 203   427 
 204   490 
 205   442 
 206   429 
 207   456 
 208   454 
 209   443 
 210   428 
 211   492 
 212   455 
 213   467 
 214   487 
 215   494 
 216   521 
 217   496 
 218   455 
 219   466 
 220   461 
 221   521 
 222   469 
 223   501 
 224   453 
 225   496 
 226   461 
 227   471 
 228   474 
 229   526 
 230   469 
 231   453 
 232   476 
 233   498 
 234   431 
 235   517 
 236   494 
 237   482 
 238   509 
 239   501 
 240   505 
 241   471 
 242   484 
 243   465 
 244   498 
 245   488 
 246   511 
 247   506 
 248   464 
 249   469 
 250   502 
 251   517 
 252   457 
 253   506 
 254   509 
 255   502 
 256   493 
 257   519 
 258   501 
 259   493 
 260   512 
 261   466 
 262   510 
 263   503 
 264   504 
 265   507 
 266   496 
 267   453 
 268   526 
 269   507 
 270   548 
 271   431 
 272   496 
 273   482 
 274   506 
 275   492 
 276   477 
 277   481 
 278   516 
 279   523 
 280   532 
 281   510 
 282   563 
 283   547 
 284   557 
 285   595 
 286   582 
 287   617 
 288   707 
 289   762 
 290   819 
 291   854 
 292   1035 
 293   1094 
 294   1178 
 295   1180 
 296   1192 
 297   1252 
 298   1179 
 299   1203 
 300   1133 
 301   1094 
 302   1053 
 303   1235 
 304   1469 
 305   1793 
 306   1921 
 307   1697 
 308   1324 
 309   981 
 310   693 
 311   599 
 312   494 
 313   516 
 314   502 
 315   495 
 316   462 
 317   488 
 318   478 
 319   442 
 320   470 
 321   502 
 322   519 
 323   537 
 324   666 
 325   825 
 326   1021 
 327   1346 
 328   1366 
 329   1244 
 330   1030 
 331   725 
 332   521 
 333   540 
 334   682 
 335   917 
 336   1045 
 337   855 
 338   591 
 339   390 
 340   359 
 341   341 
 342   301 
 343   325 
 344   328 
 345   350 
 346   308 
 347   326 
 348   286 
 349   289 
 350   281 
 351   299 
 352   291 
 353   388 
 354   456 
 355   678 
 356   1282 
 357   2245 
 358   3403 
 359   4053 
 360   3703 
 361   2832 
 362   1815 
 363   1035 
 364   604 
 365   747 
 366   1537 
 367   2417 
 368   2554 
 369   1675 
 370   946 
 371   425 
 372   247 
 373   204 
 374   192 
 375   193 
 376   219 
 377   222 
 378   203 
 379   179 
 380   218 
 381   197 
 382   205 
 383   201 
 384   206 
 385   193 
 386   211 
 387   202 
 388   207 
 389   227 
 390   215 
 391   220 
 392   191 
 393   232 
 394   290 
 395   282 
 396   510 
 397   1196 
 398   3135 
 399   7086 
 400   12381 
 401   16289 
 402   16544 
 403   12552 
 404   7394 
 405   3611 
 406   1484 
 407   597 
 408   335 
 409   240 
 410   258 
 411   264 
 412   301 
 413   308 
 414   298 
 415   296 
 416   337 
 417   303 
 418   305 
 419   315 
 420   257 
 421   258 
 422   240 
 423   226 
 424   222 
 425   203 
 426   161 
 427   170 
 428   165 
 429   178 
 430   181 
 431   173 
 432   156 
 433   155 
 434   154 
 435   158 
 436   157 
 437   177 
 438   183 
 439   181 
 440   202 
 441   197 
 442   210 
 443   229 
 444   268 
 445   330 
 446   387 
 447   594 
 448   1221 
 449   2994 
 450   7775 
 451   18302 
 452   38545 
 453   68069 
 454   102482 
 455   134655 
 456   157178 
 457   168948 
 458   172947 
 459   172866 
 460   164917 
 461   140233 
 462   94777 
 463   50124 
 464   20470 
 465   6706 
 466   1864 
 467   491 
 468   199 
 469   114 
 470   43 
 471   21 
 472   4 
 473   1 
 474   2 
 475   0 
 476   1 
 477   2 
 478   1 
 479   0 
 480   2 
 481   1 
 482   1 
 483   0 
 484   0 
 485   1 
 486   2 
 487   1 
 488   1 
 489   0 
 490   0 
 491   3 
 492   1 
 493   1 
 494   0 
 495   3 
 496   0 
 497   0 
 498   0 
 499   1 
 500   0 
 501   2 
 502   3 
 503   0 
 504   1 
 505   2 
 506   1 
 507   0 
 508   0 
 509   2 
 510   1 
 511   1 
